112427
113219
113438
113597
116519
117320
118215
119084
119228
119324
120193
120782
121096
121411
121559
121784
123591
124123
124685
125593
125896
125945
127344
127971
128063
128117
129099
130495
130756
131001
131313
131596
131640
131737
131750
131856
131887
132367
132457
132656
132835
133143
133266
133745
133873
133998
134057
134264
134374
134849
135100
135159
135236
135872
136018
136212
136265
137765
137998
138025
138084
138158
138427
138607
138708
139123
139170
139237
139623
139669
140384
140495
140788
141457
142694
144243
144434
144639
146183
146386
146448
146455
146571
146821
146883
147012
150376
151570
153158
154176
154753
154822
155087
155124
155838
155947
157249
159353
162666
206148
206347
207071
207276
207619
208437
208705
209072
209167
210039
210098
210209
210247
210767
210770
210798
211199
211578
211654
212050
212594
212835
212856
213760
214853
215087
215452
215535
215608
216586
216867
217085
218388
218648
220941
222703
222905
225213
231112
231681
310729
310805
311035
311778
312197
312244
312247
312505
313354
313469
313932
314942
315641
315747
315918
316395
316541
316924
317919
317952
318427
318554
318636
318969
319296
319899
320036
320219
320391
320450
320468
321691
321891
322294
322362
323234
323556
324315
324515
324588
325415
325685
325920
326268
326568
326570
438146
439483
441135
442438
443088
443259
444913
445561
449235
450754
451374
453339
453744
453885
454007
454380
454620
454637
454828
455313
456030
456181
456466
456505
456647
457026
457229
457536
457799
457829
458360
458450
458502
458726
458876
459739
459858
460637
460680
460723
461575
461820
462243
462328
462947
463202
463244
463270
463787
464354
464464
464576
464618
464672
464936
465082
465608
465884
466147
466267
466519
466705
466764
467869
467880
469151
469572
470435
470635
471126
471150
471977
472315
472694
473760
474400
474605
475131
475224
475534
476905
478220
478292
478851
479706
480348
480967
481165
481562
481905
482489
484127
484200
484303
485464
495695
499785
500273
501103
501108
501122
501271
501417
501601
501617
501655
502396
502854
502974
503364
503374
503445
503606
503724
504229
504690
504962
505174
505322
505566
505613
505621
506565
507813
508126
508644
509273
509311
509437
509600
509626
510643
511004
511160
511770
511875
512837
514016
514127
514233
515935
516446
516676
517133
517263
517546
517583
518004
518952
555162
555612
555813
555923
555969
557019
557346
557360
557482
557594
558067
558446
558785
559101
559398
559478
559986
560071
560458
560533
560696
561040
561314
561647
561925
562206
562250
562815
562825
563329
563526
564831
564879
565042
565270
565293
565367
566044
566206
566346
566449
566851
566907
566955
567021
567039
567160
567585
567644
567753
567757
568022
569779
570489
572450
573936
575188
575482
576672
576936
577142
578388
579099
579966
580544
580925
582249
648948
649048
649118
649238
649292
649318
649809
649916
649920
651274
651635
651673
651711
651858
652598
653148
653565
653944
653983
654215
654880
655149
655329
655496
655505
655764
656632
656635
656673
656878
657340
657525
657631
657997
658457
658491
659338
813721
814791
814898
815221
815464
815813
816231
816324
816430
816446
817809
818613
819198
819462
819759
819983
820245
820268
820337
821107
821691
821842
821972
822172
822301
822551
822933
823032
823810
823866
823944
823954
824546
825498
825558
825613
825709
826600
826766
827046
827804
828123
828279
829110
829591
830080
830133
841370
842759
844500
845153
846685
846733
847289
848038
848194
848371
848446
848452
849136
849145
850091
850232
851384
852693
853467
854595
854619
855523
855940
856020
856447
856633
857420
858427
858768
859460
859631
859879
860209
860432
861057
861073
861405
862119
862515
862952
863406
863480
864481
864974
865768
865986
867545
869136
898348
898740
898969
899099
899168
899568
899886
899906
900383
900677
900710
900774
900862
900920
901037
901105
901121
901278
901859
902022
902388
902423
902687
903482
903649
903913
904410
904564
904778
905126
905261
905294
905346
905484
905565
905631
905695
905730
906013
906187
906405
906435
907090
907665
908048
908155
908250
908310
909225
909250
909526
909610
909970
910007
910455
910611
910882
911155
911259
911282
911464
911575
911766
911968
912034
912332
912495
912814
912900
912952
913659
913778
914037
914121
914155
914188
914298
914679
914776
914955
915151
1006330
1019280
1051922
1052282
1055390
1056395
1056440
1056563
1059128
1060081
1074485
1238266
1238311
1238341
1238650
1238792
1239202
1239932
1240103
1240390
1240423
1241340
1241406
1241876
1242113
1242167
1242371
1242492
1242773
1243271
1243631
1244567
1245049
1245183
1245447
1245641
1245641
1245762
1245932
1246388
1246570
1247237
1247267
1247400
1247569
1247615
1248313
1248367
1248542
1248625
1248816
1249079
1249099
1249248
1249892
1250879
1251195
1251631
1251889
1251981
1252103
1253854
1254735
1254802
1255387
1255511
1255623
1255707
1256590
1256972
1257005
1257251
1257344
1257355
1257582
1257972
1258051
1258657
1258999
1259029
1259399
1259429
1259475
1259943
1260071
1260585
1261015
1261144
1261313
1261391
1261542
1261848
1262120
1262389
1262696
1262924
1263105
1264938
1265550
1265789
1266694
1267214
1267216
1267257
1267408
1267502
1267955
1268192
1268244
1268353
1282614
1283080
1283191
1283322
1283940
1284011
1284483
1284686
1284801
1285424
1285912
1286695
1287040
1287891
1289149
1289482
1289687
1290107
1290363
1290625
1290893
1291582
1292838
1292848
1293029
1293126
1293647
1293836
1294418
1294756
1294832
1295342
1295475
1295711
1296080
1296368
1297225
1297283
1297766
1297880
1298990
1299218
1299703
1299893
1300640
1300647
1300838
1301088
1302306
1302664
1302847
1303048
1303874
1304833
1305048
1306043
1306091
1306214
1306938
1307265
1307444
1307510
1308004
1308289
1308345
1308398
1308682
1308928
1309011
1309117
1309308
1309591
1310234
1310834
1310993
1314348
1316411
1316570
1319727
1320020
1321843
1325507
1326042
1326647
1327512
1327621
1372565
1372634
1373320
1375519
1375659
1376318
1376526
1377401
1377540
1377781
1379277
1379945
1380468
1380880
1381838
1383074
1386250
1387153
1387949
1388571
1389056
1389485
1390700
1390907
1391798
1392579
1392634
1393952
1395303
1399214
1400851
1401029
1401946
1402140
1403992
1404405
1405312
1407070
1408464
1408877
1413790
1416628
1418405
1418497
1418599
1418744
1418800
1419998
1420476
1421068
1421220
1421239
1421269
1421617
1421826
1422063
1422308
1422374
1422583
1422923
1422924
1422928
1422933
1423027
1423084
1423279
1423687
1423815
1423894
1423914
1424179
1425061
1425157
1425712
1426050
1426286
1426300
1426375
1426416
1426494
1426549
1426635
1426672
1426690
1426758
1426875
1426979
1427159
1427350
1427473
1427477
1427584
1428103
1428170
1428543
1432515
1438570
1442011
1456706
1458278
1462495
1462600
1463475
1464034
1464958
1466866
1467393
1468972
1468980
1469296
1469303
1469660
1469769
1471369
1471904
1472654
1472948
1473521
1474186
1474307
1474982
1476045
1476809
1476865
1477451
1478310
1479446
1479574
1479833
1479980
1480545
1480550
1481050
1481372
1481402
1482046
1482309
1482563
1483296
1483815
1483974
1484146
1484165
1484530
1485009
1486767
1487067
1487787
1488409
1488651
1489070
1489611
1489700
1489751
1629922
1633261
1633826
1634947
1679227
1679227
1679998
1681431
1681708
1681851
1681873
1682135
1682991
1683125
1683438
1683664
1683867
1683897
1683926
1684045
1684948
1685035
1685057
1685142
1685277
1685877
1686878
1687049
1687658
1688065
1688207
1688333
1688461
1688639
1688754
1689371
1689564
1689854
1690365
1691228
1692385
1693220
1693649
1694220
1694225
1694545
1694575
1694942
1696537
1696901
1707181
1709024
1709237
1713494
1729215
1744260
1744487
1746525
1748560
1749152
1751571
1754398
1755707
1758234
1758449
1759024
1759328
1759341
1759737
1797765
1799429
1801790
1801884
1802301
1803443
1803797
1804394
1804560
1806463
1806880
1807894
1872550
1874414
1874714
1875356
1876117
1876814
1876995
1877196
1878093
1879138
1879576
1880184
1880648
1881484
1881824
1884794
1885822
1886263
1886341
1887270
1891138
1900476
1900568
1901152
1901503
1901817
1901993
1902191
1903576
1903822
1904182
1904229
1904557
1905261
1905991
1906264
1906702
1907177
1907374
1907554
1908669
1909787
1911431
1911513
1912143
1913054
1913868
1913930
1914546
1932818
1933223
1933359
1934318
1934968
1935243
1935682
1935947
1936253
1938530
1938672
1939314
1939603
1940462
1941661
1943752
1946911
1948632
1948765
1949901
1950003
1950469
1950550
1950868
1951135
1951520
1951874
1971920
1973567
1973897
1975002
1977185
1978781
1979209
1979425
1981317
1981987
1982937
1983552
1984143
1984550
1985084
1986963
2034361
2035472
2036201
2036225
2038549
2039577
2039888
2040507
2041137
2041244
2041717
2041749
2041820
2042768
2042878
2047238
2048013
2048015
2048114
2076208
2078169
2079461
2116414
2129532
2133589
2133602
2135143
2136256
2137051
2138565
2141791
2142773
2143159
2143404
2143462
2143531
2143689
2144078
2144561
2144640
2144751
2145073
2145697
2145730
2145981
2146041
2146072
2146628
2146869
2146986
2147268
2147424
2147434
2148143
2148233
2148798
2148871
2149344
2149394
2149473
2149607
2149784
2150270
2150841
2151136
2151167
2151304
2151952
2151956
2152438
2152494
2153134
2153718
2154078
2154152
2154920
2155385
2155390
2155911
2156718
2157010
2157227
2157365
2157414
2157535
2157548
2158265
2159042
2159119
2159345
2159712
2159854
2160805
2160927
2161066
2161792
2162007
2162739
2162769
2162867
2162922
2163449
2164114
2164713
2165378
2165775
2166532
2167338
2167958
2167981
2168157
2168613
2169390
2172527
2174348
2193330
2193382
2193734
2195199
2196684
2198168
2200515
2200615
2201834
2201862
2203053
2221666
2221684
2221979
2222070
2222087
2222528
2222624
2223151
2225085
2226492
2228603
2230102
2230185
2231774
2233708
2235500
2235622
2236568
2254260
2254736
2256822
2257946
2260538
2261705
2262793
2285223
2286959
2287338
2287601
2287693
2287695
2288174
2288249
2288443
2289254
2289532
2289674
2290012
2290376
2291348
2292052
2292145
2292232
2292246
2292378
2292415
2292763
2292892
2293083
2293883
2294123
2294238
2294582
2294724
2294915
2295044
2295050
2295190
2295232
2295447
2295759
2295980
2296170
2296410
2296869
2297028
2297247
2297343
2297703
2297830
2298415
2298481
2299010
2299216
2299269
2299316
2299354
2299903
2299929
2300168
2300353
2300592
2300603
2300711
2300885
2301103
2301404
2301424
2301573
2301650
2301665
2302743
2302977
2303102
2303864
2304042
2304244
2304411
2304754
2320664
2320971
2320974
2320984
2321173
2321267
2321630
2321708
2322148
2322412
2322904
2323071
2323390
2323477
2324188
2324265
2324440
2324534
2324760
2324834
2324855
2324928
2325986
2326228
2327383
2327518
2327808
2328376
2328453
2329136
2329484
2329516
2330284
2330508
2330548
2330602
2331064
2331108
2331169
2331210
2331609
2331632
2331830
2331931
2331967
2332434
2332509
2332883
2333028
2333165
2333203
2333307
2334191
2334219
2334314
2334513
2334552
2334670
2334963
2335393
2335611
2335851
2335976
2336028
2336146
2336496
2337307
2339192
2339306
2339434
2339480
2339580
2340218
2340370
2340455
2340572
2340921
2340941
2341091
2341452
2341702
2342350
2343476
2343669
2344391
2344929
2345156
2345817
2345829
2346176
2346187
2346287
2346609
2346852
2347119
2347505
2348195
2348348
2348538
2348834
2349044
2349180
2349197
2350245
2350276
2350671
2351020
2351374
2351384
2351390
2351420
2352039
2352368
2352690
2352864
2352900
2352914
2353013
2353383
2354003
2354198
2354232
2354986
2354992
2355005
2355256
2355485
2355650
2356163
2356699
2356773
2368488
2373333
2375905
2379005
2382200
2383921
2384316
2412290
2417974
2418278
2418484
2418732
2418932
2420091
2420426
2420470
2420612
2420963
2421214
2421423
2422238
2422465
2422768
2423048
2423395
2423712
2423846
2423869
2423962
2424275
2424470
2425246
2425444
2425713
2426448
2426579
2426698
2426832
2426977
2426995
2427136
2427302
2428014
2428179
2428299
2428396
2428531
2428611
2429168
2430075
2430171
2430180
2430272
2430744
2430787
2430850
2431275
2431975
2432092
2432382
2432653
2432897
2432911
2455338
2459243
2464877
2466810
2467876
2468289
2468725
2468926
2470945
2471739
2473255
2474039
2474460
2475986
2476438
2476464
2477238
2479236
2496446
2499049
2501230
2504662
2507498
2511442
2511797
2512361
2512949
2513119
2513346
2513578
2514785
2515585
2515621
2515691
2516674
2516757
2517128
2517400
2518164
2518953
2519789
2522364
2553323
2580901
2580990
2581207
2581213
2581309
2582167
2582335
2582709
2582839
2583145
2583221
2583668
2583789
2583897
2584338
2584339
2584464
2584645
2585237
2585435
2585590
2585660
2586143
2586887
2587009
2587151
2587358
2587468
2588219
2588745
2589330
2589500
2589538
2590080
2590667
2590685
2590824
2590865
2590910
2590955
2591076
2591971
2612760
2612808
2613390
2613414
2614332
2615190
2615283
2615879
2615956
2616167
2616199
2616272
2616327
2616962
2617166
2617212
2617353
2617483
2617533
2618321
2618531
2618562
2618656
2618991
2619012
2619515
2620048
2620833
2621066
2621445
2621811
2622211
2622478
2622843
2622859
2623277
2660368
2660923
2660979
2661236
2661327
2661587
2661815
2662352
2662451
2663299
2663335
2663482
2663515
2663933
2664162
2664799
2666203
2666384
2666447
2666569
2666814
2666838
2667006
2667038
2667099
2667156
2667209
2667757
2667974
2667979
2667988
2668277
2668462
2668490
2668620
2668775
2668857
2669224
2669938
2670117
2670212
2670227
2670411
2670597
2670996
2671406
2671524
2671710
2671804
2695093
2702412
2703747
2703775
2704068
2704270
2704624
2705020
2705026
2705145
2705351
2706083
2706143
2706216
2706271
2706486
2706836
2706909
2707110
2707302
2707486
2707897
2708349
2708511
2708586
2708801
2709079
2709552
2709686
2709739
2709802
2709857
2710225
2711081
2711163
2711186
2711420
2711887
2712852
2712975
2713199
2713219
2713411
2714232
2714258
2714464
2714843
2715234
2715342
2715352
2715412
2715925
2716125
2716473
2716824
2716884
2716969
2717380
2717464
2717528
2717537
2717726
2717808
2717985
2718240
2718633
2719039
2719425
2719489
2719573
2719860
2719963
2890853
2891289
2891360
2892137
2893609
2896026
2896271
2896293
2896983
2897395
2898082
2900182
2900503
2916657
2917796
2917975
2921182
2921682
2921729
2927933
2928425
2928504
2931432
2934729
2936615
2936805
2936971
2937129
2937429
2937825
2939455
2939739
2940089
2940225
2940258
2940297
2940534
2941094
2941538
2941546
2941953
2943055
2943758
2943774
2944373
2944436
2944541
2946078
2946299
2946460
2946682
2946896
2947601
2948625
2948731
2948988
2949175
2949532
2949604
2951722
2951752
2951916
2952270
2952297
2952437
2953049
2953279
2953337
2953461
2953792
2953959
2954453
2955240
2955599
2956615
2956632
2956901
2957175
2957543
2958047
2958274
2959091
2959971
2960953
2961207
2961626
2961929
2962716
2962949
2963316
2963363
2963588
2964326
2965017
2965066
2965174
2965360
2965627
2965897
2965985
2966747
2966795
2967124
2967759
2968061
2968218
2969108
2970562
2970576
2970617
2970810
2971454
2971482
2971553
2971670
2971780
2972255
2972407
2973046
2974403
2974411
2974782
2975127
2975211
2975362
2975435
2975763
2975783
2975813
2975877
2976690
2976800
2977266
2977274
2977417
2977490
2977626
2977832
2978108
2978310
2978828
2978964
2979498
2979966
2980085
2980699
2981485
2981883
2982358
2982719
2982792
2983082
2983105
2983180
2983502
2983668
2983904
2984318
2985122
2985514
2985599
2985695
2986034
2986077
2986126
2986149
2986361
2986714
3018195
3018771
3019963
3020197
3020462
3020945
3021844
3021854
3023143
3023620
3023984
3024658
3024912
3024935
3025240
3025715
3026199
3027725
3028331
3028573
3029288
3029332
3029601
3031360
3031639
3032427
3032752
3032798
3033769
3074914
3093676
3095284
3096490
3098698
3101379
3104399
3107882
3109774
3111617
3138237
3138392
3145261
3146676
3146797
3148297
3152599
3155099
3192203
3195056
3195419
3196692
3200127
3202495
3203401
3203933
3204802
3205218
3205745
3208652
3210898
3211923
3212825
3215026
3217466
3219579
3284266
3285722
3287009
3287156
3288610
3289473
3289660
3289732
3292168
3292833
3293836
3294126
3294159
3294264
3295232
3295389
3295567
3295662
3296288
3296317
3297473
3298308
3298446
3299454
3361337
3361434
3361449
3361762
3362051
3362485
3362719
3363064
3363551
3363595
3363672
3364154
3364369
3364426
3364454
3364985
3365316
3365581
3365945
3365946
3366244
3366527
3366837
3367061
3367068
3367193
3367226
3367350
3367936
3368188
3368697
3368728
3368756
3368811
3369000
3369724
3369733
3370441
3370446
3370833
3371266
3371400
3371480
3371769
3372073
3372742
3372816
3405749
3406431
3406463
3406659
3406791
3408627
3409123
3410962
3448165
3448793
3449216
3449723
3450213
3450277
3450296
3450377
3450921
3451024
3451223
3452494
3452780
3452914
3452974
3453080
3453241
3453298
3453938
3453985
3455424
3455977
3456815
3457347
3457859
3457874
3458453
3458520
3458542
3458973
3459133
3459644
3459707
3459871
3459879
3657781
3667365
3667820
3726443
3726571
3726602
3726735
3726946
3726983
3727124
3727188
3727585
3727724
3727748
3727771
3727990
3728054
3728169
3728370
3728558
3728593
3728681
3728775
3728854
3729010
3729145
3729464
3729573
3729630
3729919
3731173
3731240
3731473
3731617
3731929
3732040
3732267
3733037
3733080
3733361
3733787
3733846
3734057
3734109
3734141
3734190
3735011
3735132
3735248
3736265
3736324
3736596
3736728
3736858
3736899
3737287
3737422
3737799
3738233
3738381
3738424
3738776
3738777
3738864
3738965
3739543
3739571
3739596
3739895
3739958
3739984
3740054
3740077
3740078
3740121
3740353
3740464
3740757
3740793
3741496
3741535
3742009
3742583
3742757
3743576
3743653
3744064
3744505
3744591
3797661
3826998
3827126
3828013
3828397
3828440
3828479
3828516
3828647
3829616
3829919
3830369
3830755
3831274
3831286
3831627
3832255
3832646
3832756
3833478
3835239
3835675
3835909
3836348
3836664
3836994
3837093
3837500
3838803
3852464
3853172
3853960
3854167
3854297
3854437
3854477
3854974
3855663
3855910
3856115
3856510
3856576
3856599
3857186
3857800
3857843
3858446
3859449
3859484
3859879
3860757
3860883
3860948
3861224
3861412
3861720
3862551
3863689
3863807
3863829
3863960
3864373
3864679
3864737
3864744
3864745
3865005
3865046
3865094
3865734
3865953
3865957
3866260
3866329
3866413
3866582
3867706
3868065
3868093
3868102
3868233
3868761
3869165
3869283
3869513
3869516
3869912
3869949
3870576
3870674
3871067
3871238
3890089
3890241
3890343
3890345
3890418
3890584
3890694
3891072
3892072
3892250
3892470
3892517
3892557
3892562
3892646
3892871
3893637
3893981
3894780
3894819
3895092
3895460
3895866
3896060
3896140
3896695
3896761
3897389
3897460
3897621
3897859
3897967
3898400
3898408
3898727
3898895
3899210
3899523
3899728
3899849
3899982
3900001
3900115
3900253
3900457
3900748
3901141
3901248
3901312
3901753
3902047
3902525
3902744
3902753
3902876
3903493
3903659
3903830
3904660
3904933
3924994
3925050
3925662
3925789
3925917
3926422
3926774
3927744
3927769
3927807
3927849
3927868
3929245
3929606
3929633
3929907
3930287
3930525
3930828
3931222
3931913
3932863
3933616
3933744
3934280
3935839
3935895
3936444
3936627
3937032
3937297
3937306
3937315
3937325
3937402
3937871
3937878
3937949
3938555
3938826
3939577
3940880
3946081
3946675
3946959
3952231
3952308
3952890
3953849
3954262
3954862
3970366
3970681
3970741
3971127
3971615
3972228
3972338
3972548
3972708
3972730
3973080
3973126
3974003
3974255
3974375
3974517
3974955
3975058
3975249
3975340
3975454
3975974
3976207
3976215
3976616
3977065
3977529
3977588
3977719
3978065
3978236
3978706
3978891
3979121
3979155
3979363
3979432
3979520
3979836
3979883
3979890
3980023
3980034
3980118
3980272
3980854
3981254
3981260
3981969
3981990
3982573
3983055
3983334
3983460
3983572
3983584
3983617
3984130
3984236
3984264
3984514
3984655
3984742
3984767
3985061
3985110
3985295
3985437
3985572
4016281
4021028
4041515
4041738
4041793
4042305
4042574
4043260
4044086
4044278
4045369
4046006
4046596
4046944
4046994
4047072
4047287
4047572
4047949
4048060
4048383
4049847
4051269
4051930
4052815
4052947
4053104
4053299
4053323
4053973
4054910
4055370
4055607
4055766
4056997
4057708
4057897
4057985
4058140
4059602
4059633
4060293
4073630
4073653
4074769
4075047
4075172
4075219
4075697
4076213
4076485
4076893
4076962
4077643
4078376
4078691
4080438
4080787
4081266
4082173
4082314
4082952
4082968
4083074
4084016
4084474
4084592
4200590
4200711
4200846
4201133
4201773
4202444
4202530
4202615
4202711
4202811
4203047
4203186
4203552
4203695
4204397
4204673
4205213
4205265
4205276
4206379
4206844
4207309
4207322
4207918
4208008
4208072
4208456
4208462
4208572
4209221
4209365
4210099
4210313
4210699
4211175
4211272
4211474
4211573
4211602
4211654
4211933
4211966
4212053
4212105
4212326
4213919
4214798
4214893
4214904
4215180
4215241
4215391
4215672
4216063
4216136
4216381
4216426
4255780
4258889
4261676
4262046
4275312
4275644
4276331
4276337
4276507
4276878
4277052
4277294
4277509
4277745
4279265
4279666
4280295
4280442
4281354
4281366
4281798
4282148
4282213
4282568
4282718
4282984
4283720
4284326
4284987
4285348
4285411
4285421
4286273
4286742
4287353
4288040
4288349
4288494
4288553
4289022
4289297
4289434
4290279
4291514
4291726
4292049
4293021
4311867
4312024
4312664
4312874
4313020
4313912
4314008
4314020
4314171
4314224
4314339
4314832
4315103
4315126
4315382
4315474
4315504
4315823
4316256
4316307
4316421
4316586
4316627
4317242
4317619
4317752
4317961
4318952
4319135
4319331
4320015
4320079
4320415
4320733
4320831
4320914
4321243
4321290
4321398
4321830
4321878
4322259
4322307
4322435
4322505
4322843
4322966
4323112
4358244
4358558
4358796
4358908
4358937
4359101
4359491
4359539
4359800
4359851
4359857
4360410
4360546
4360945
4360986
4361175
4361208
4361807
4362339
4362748
4362911
4362954
4363263
4363668
4363961
4364760
4364987
4365839
4366308
4366475
4366499
4366572
4367427
4367617
4367704
4367898
4386663
4386750
4386885
4387344
4387451
4387552
4388663
4388732
4388774
4388965
4389629
4389661
4390233
4390296
4390513
4390888
4390935
4390984
4391015
4391407
4391595
4391925
4392056
4392080
4392299
4392333
4392831
4392913
4392974
4393359
4393384
4393415
4393741
4394031
4394075
4394418
4394463
4394716
4394884
4395577
4395689
4395785
4395864
4395937
4396157
4396345
4397105
4397584
4397939
4397995
4403296
4406558
4444421
4444797
4446233
4446671
4447875
4448228
4448290
4448612
4448668
4449564
4449835
4450002
4450038
4450187
4450192
4450490
4450755
4450781
4450899
4451075
4451094
4451162
4451369
4451778
4452218
4452670
4452831
4452896
4453230
4453255
4453555
4453593
4453971
4454234
4454294
4454470
4455221
4460715
4461744
4467155
4468286
4469343
4473998
4474005
4474326
4477532
4477788
4480966
4484479
4484480
4485234
4485293
4486403
4487739
4488649
4489493
4489751
4489778
4489799
4490304
4490408
4490438
4490535
4491236
4491355
4492186
4492338
4492577
4493623
4493641
4495190
4495845
4495955
4496013
4550275
4709394
4712436
4717483
4724491
4724834
4726331
4733658
4733703
4734285
4734508
4734642
4734898
4735017
4735532
4735857
4735899
4736599
4736647
4736733
4736955
4737600
4737823
4737979
4738569
4738580
4738792
4739013
4739321
4739761
4739863
4740278
4740493
4740556
4740607
4740631
4740745
4740951
4741294
4742056
4742217
4742734
4742803
4742917
4743126
4743669
4743705
4743767
4743845
4744056
4744821
4744943
4745052
4745084
4745317
4745512
4745707
4745806
4745836
4745842
4746104
4746564
4748168
4748240
4748399
4748945
4748954
4748975
4749706
4750311
4750485
4750835
4784764
4792644
4852315
4990156
4990999
4991259
4991489
4992593
4995443
4999153
4999746
5000617
5004899
5007318
5010051
5010705
5041101
5041214
5041463
5045367
5045991
5046509
5047169
5047188
5048197
5049008
5049133
5049435
5050202
5050910
5051023
5051234
5051410
5055494
5055499
5055518
5055556
5056674
5057677
5057899
5059745
5070283
5070632
5070729
5075246
5082406
5085326
5086052
5087189
5088328
5088587
5088779
5090103
5090264
5090300
5091070
5091706
5091832
5091938
5095646
5095733
5161300
5164446
5172777
5173020
5173974
5173977
5174265
5174543
5174706
5175799
5176350
5176890
5178021
5178791
5178875
5179649
5180161
5180824
5180872
5180924
5180993
5181485
5181948
5182013
5182228
5182529
5182684
5183641
5183832
5184830
5185418
5185516
5185667
5186755
5235964
5236345
5236377
5236557
5236650
5236659
5236737
5236742
5236833
5237270
5237327
5237800
5237803
5238144
5238560
5238664
5238876
5239892
5240083
5240262
5240923
5241582
5241747
5242244
5242330
5242584
5242673
5242678
5242720
5242855
5242937
5243585
5244032
5244100
5244631
5244887
5244951
5244970
5245255
5245684
5245784
5245822
5245964
5246130
5246224
5246455
5246581
5246695
5246841
5247036
5247093
5247243
5247504
5247690
5247726
5247730
5247743
5247888
5247988
5248085
5248141
5248238
5248565
5248584
5248646
5249313
5249570
5249921
5249926
5249965
5250134
5250589
5250652
5251839
5251976
5252765
5253143
5253232
5253233
5253475
5253653
5293919
5294519
5296564
5297264
5297734
5298661
5300419
5300526
5301645
5304598
5306420
5307504
5389331
5389453
5389464
5389535
5389903
5389922
5390129
5390182
5390484
5390765
5391648
5391991
5392152
5392366
5392854
5392960
5393600
5393687
5393808
5393927
5394314
5394412
5394526
5395576
5395990
5396569
5396612
5397850
5398142
5398297
5398490
5398577
5398845
5399063
5399499
5399689
5457859
5467268
5500199
5500546
5501358
5501884
5502424
5502699
5504160
5504187
5504572
5504785
5504960
5504998
5505076
5505279
5506042
5506081
5506288
5506826
5507651
5507835
5508508
5509504
5579316
5584631
5587680
5587779
5589748
5592760
5593051
5593299
5593359
5593739
5593839
5594519
5595103
5595554
5596534
5596664
5596703
5596715
5596778
5597239
5597462
5597539
5597848
5598175
5598733
5598806
5599125
5599859
5600694
5600973
5601140
5601168
5601218
5601714
5601870
5601918
5602080
5602417
5602810
5603255
5603325
5603373
5603502
5605013
5605731
5607301
5609000
5609337
5610763
5611593
5612751
5639404
5640108
5643435
5645802
5646428
5646471
5646551
5647169
5647266
5647473
5647517
5647675
5647801
5647888
5648625
5649830
5650013
5650163
5650794
5809955
5809975
5810392
5810688
5811009
5811170
5811279
5811540
5811980
5812105
5812214
5812626
5812719
5812761
5813073
5813144
5814189
5814226
5814671
5815190
5815642
5815768
5815778
5815833
5815961
5816707
5817081
5817320
5817812
5818223
5818329
5818613
5819091
5819274
5819307
5819381
5819627
5820101
5820474
5820559
5820638
5821559
5821587
5821612
5821975
5822118
5823246
5823386
5823444
5824172
5824617
5825322
5826893
5827085
5828112
5829001
5833677
5834354
5834848
5840735
5841748
5927853
5928615
5929014
5931697
5933053
5934470
5936200
5937017
5938079
5939394
5953110
5953521
5959426
5961032
5961908
5963941
5965389
5965889
5965968
5966041
5966148
5966253
5966996
5967409
5967447
5967574
5968107
5968249
5968637
5968706
5968813
5969455
5969473
5969565
5969830
5970247
5970706
5970756
5971556
5971732
5971909
5971984
5972059
5972613
5972795
5973070
5973192
5973333
5973884
5974654
5975040
5975610
5975700
5976220
5976262
5976293
5976343
5976472
5977070
5977698
5978169
5978426
6009559
6009592
6009597
6010689
6010878
6010943
6011436
6011550
6011975
6012304
6012520
6012522
6014057
6014420
6014754
6016368
6016673
6017075
6017464
6017727
6018433
6018702
6018819
6019444
6019593
6019697
6020286
6020425
6020608
6020794
6021637
6022239
6022453
6023047
6023185
6023533
6023775
6023842
6024008
6025071
6025528
6026568
6026907
6029277
6031262
6031657
6032928
6034346
6034566
6035509
6035553
6036548
6037746
6040740
6041386
6041502
6042774
6043205
6043433
6044869
6045054
6045869
6047241
6048471
6049420
6052810
6053855
6054344
6054726
6054973
6058953
6132605
6132674
6133304
6133346
6134149
6134778
6134802
6135535
6135620
6136614
6136669
6136741
6136770
6137434
6137445
6137719
6137739
6138189
6138411
6138463
6138478
6139141
6139220
6139446
6139779
6141003
6141736
6141881
6142693
6142970
6143015
6143367
6143375
6199235
6199450
6200017
6200029
6200352
6201316
6201503
6201955
6202188
6202563
6203749
6204196
6204281
6204509
6205065
6205355
6205792
6206087
6206647
6206705
6206814
6207985
6208973
6209024
6209122
6209298
6209562
6210070
6210133
6211115
6211684
6212089
6212362
6212674
6213008
6213186
6213220
6213520
6214155
6214171
6214685
6214829
6215206
6215258
6215304
6215470
6215761
6216014
6216094
6216432
6216832
6217035
6217835
6218849
6219187
6219482
6219972
6220208
6220411
6220435
6220547
6221467
6222392
6222407
6222866
6223299
6223658
6224593
6225116
6225314
6225551
6225558
6225880
6226038
6226130
6226549
6226913
6229357
6230957
6232101
6232376
6232428
6232806
6249975
6250091
6250538
6250655
6251286
6252299
6252455
6252510
6252768
6252824
6253335
6253593
6253908
6254431
6254897
6255294
6255344
6255788
6255906
6256149
6256181
6256366
6256440
6257615
6257753
6257792
6258029
6258153
6258385
6258703
6259985
6260058
6260149
6260180
6260840
6261149
6261506
6261568
6262806
6262872
6263115
6263196
6263267
6263366
6263576
6263859
6264197
6264781
6264914
6265514
6265541
6265777
6266344
6266607
6266718
6266845
6266910
6267146
6267479
6267583
6267653
6268435
6268568
6268712
6268927
6268972
6268980
6269181
6270056
6270067
6270082
6270175
6270271
6270881
6271238
6271431
6271657
6271810
6271825
6271890
6272004
6272561
6272868
6272907
6273010
6273015
6273358
6273584
6273651
6273989
6274006
6274038
6275312
6275364
6275367
6275406
6275884
6276134
6276229
6276265
6276676
6277935
6278026
6278210
6278397
6278756
6278930
6279002
6279428
6279613
6279633
6279678
6319902
6321297
6321905
6322263
6322407
6322571
6322786
6323266
6324052
6324400
6324626
6325155
6325247
6325364
6326788
6327358
6327666
6328740
6329216
6329344
6330512
6378367
6446251
6451169
6454290
6470275
6471083
6472240
6472495
6472647
6473117
6473698
6473847
6473979
6474423
6474504
6475382
6476287
6476778
6478171
6479248
6479291
6479363
6479369
6479505
6479800
6479953
6480828
6544907
6549599
6552312
6554277
6556694
6556738
6557948
6560040
6560155
6560269
6560514
6561562
6562714
6562767
6563801
6564229
6564459
6564990
6567359
6568259
6568533
6568605
6568762
6625354
6625575
6626086
6626146
6626316
6626744
6627765
6627897
6628178
6628573
6629926
6630802
6631330
6632439
6632930
6633036
6633415
6633831
6633868
6634320
6634658
6635668
6635801
6635820
6636792
6636822
6636896
6637382
6637735
6637944
6637973
6638999
6639000
6639077
6639415
6639465
6639876
6640209
6640235
6640279
6701050
6701182
6701296
6701694
6701979
6702113
6702690
6704252
6704358
6704379
6705003
6705308
6705356
6706183
6707086
6707240
6707594
6708423
6708466
6708958
6709055
6709683
6709912
6710232
6710266
6710544
6710660
6710743
6711084
6711143
6711502
6711780
6711968
6712079
6712083
6712199
6712678
6712924
6713102
6713964
6714658
6714760
6715149
6715272
6715438
6716070
6717030
6717078
6717300
6717317
6717376
6717522
6718261
6718750
6719388
6719448
6719883
6719927
6720287
6721276
6721591
6721699
6721709
6722008
6722276
6722633
6722858
6723307
6723380
6723437
6723662
6724405
6724760
6724994
6725055
6725333
6725356
6725648
6725887
6726895
6727668
6727702
6742485
6742497
6742986
6743240
6743517
6743662
6744042
6744430
6744456
6744989
6745088
6745212
6745284
6746030
6746261
6746644
6746725
6746917
6746959
6746965
6747189
6747199
6747335
6747384
6747388
6747539
6747735
6747825
6747899
6748239
6748578
6748730
6748803
6749235
6749332
6749678
6750151
6750169
6750198
6750979
6751034
6751342
6751556
6751668
6751729
6751943
6751975
6752185
6752472
6752647
6753368
6753566
6753977
6754240
6754784
6754869
6755077
6755548
6755771
6755970
6756064
6756773
6756825
6757125
6757625
6775381
6895412
6897172
6899204
6899425
6899588
6900011
6900108
6903218
6905161
6906138
6923477
6924799
6924811
6925163
6925379
6925410
6925628
6925649
6926298
6926523
6926776
6927031
6927369
6927797
6928991
6929336
6929352
6929700
6929730
6929836
6930005
6930013
6930633
6930721
6931737
6931783
6931798
6932368
6932521
6932568
6932596
6932826
6932894
6933052
6933111
6933138
6933269
6933468
6933758
6934068
6934197
6934280
6934597
6935077
6935141
6935413
6935524
6935710
6936270
6936681
7142295
7142347
7142669
7142725
7142753
7142932
7143197
7143211
7143268
7143277
7143413
7143472
7143531
7144513
7144560
7144964
7145183
7145236
7145314
7145609
7145622
7145772
7146131
7146487
7147272
7147405
7147606
7148358
7149915
7149949
7149997
7150015
7150582
7150824
7150921
7151231
7151299
7151374
7152052
7152162
7152361
7152383
7152486
7152762
7152863
7153022
7153036
7153333
7153519
7153549
7153735
7153736
7154292
7155537
7155756
7155811
7171469
7171720
7172699
7173023
7175536
7175671
7175918
7176304
7176655
7177250
7177690
7177851
7177865
7178252
7179582
7180033
7180223
7180834
7180977
7181386
7181565
7181601
7182064
7182144
7182197
7182255
7182265
7183136
7183496
7184500
7184707
7184942
7274377
7277338
7277605
7291322
7292963
7293234
7293673
7293696
7293781
7293837
7294988
7295031
7295872
7297357
7297831
7297887
7298663
7299914
7300987
7301139
7303041
7303734
7303752
7304007
7304081
7304247
7306446
7306595
7306683
7307618
7307823
7308198
7308235
7308429
7308726
7308810
7308912
7309110
7309168
7309258
7309388
7309514
7309591
7310097
7310233
7310358
7310890
7311122
7311486
7311692
7311716
7311894
7312453
7312926
7313694
7313884
7314745
7315156
7315178
7315386
7316358
7316614
7316906
7316996
7317862
7318083
7318194
7318598
7319104
7320144
7320474
7320505
7321409
7321563
7321728
7321786
7322374
7322426
7322659
7323072
7335479
7336668
7336825
7337736
7339643
7340628
7343190
7344722
7345635
7345860
7347264
7348089
7348476
7348765
7351153
7371063
7371274
7373736
7376540
7376741
7377116
7378188
7381284
7381470
7381477
7386158
7387993
7388492
7388924
7389322
7389558
7389661
7389678
7391416
7391500
7391592
7393647
7394689
7396347
7396467
7397223
7433810
7434180
7434570
7434957
7435387
7436249
7436743
7436877
7437253
7437655
7437714
7438625
7438667
7439076
7439402
7440366
7441268
7441456
7441542
7441729
7442190
7442191
7442382
7442801
7443185
7443208
7443288
7443873
7443993
7444297
7444897
7444907
7444966
7445234
7445766
7446491
7446514
7446528
7446580
7446640
7446948
7447090
7447116
7447407
7447560
7447880
7448268
7448943
7449087
7449284
7449373
7462210
7462563
7462577
7466518
7466921
7468298
7468323
7470128
7470523
7471675
7472368
7476644
7477238
7504834
7513508
7615801
7615967
7616315
7616760
7616791
7616901
7616933
7617254
7617460
7617501
7617942
7618139
7618205
7618833
7618911
7618958
7619076
7619668
7619689
7620560
7620794
7621029
7621504
7622017
7622085
7622916
7623427
7623518
7623538
7623751
7624018
7624060
7624198
7624201
7624656
7625847
7649904
7652892
7653632
7654687
7656676
7657377
7657833
7744007
7744232
7744760
7744845
7745083
7745127
7745149
7746795
7747196
7747662
7748143
7748173
7748354
7748568
7748730
7749001
7751153
7751194
7751471
7752542
7752619
7753366
7753371
7754434
7754612
7754988
7756211
7757661
7758136
7758229
7758740
7759293
7759761
7759799
7761274
7817374
7818397
7818564
7818620
7819072
7819495
7819619
7819648
7819798
7820009
7820165
7820368
7820374
7821331
7821445
7821996
7822112
7822231
7822554
7822644
7823036
7823190
7823438
7823454
7823629
7823656
7823706
7823744
7825039
7825171
7825392
7825862
7826095
7826179
7826390
7826481
7826836
7826861
7827068
7827322
7827330
7827413
7827478
7828423
7829073
7829206
7829456
7829980
7830083
7830476
7830726
7830830
7830859
7905261
7905269
7905322
7905637
7906158
7906498
7906533
7906758
7907940
7908246
7908363
7908453
7908603
7908722
7908745
7909612
7909893
7909921
7909940
7910709
7910798
7910869
7911035
7911119
7911127
7911316
7911812
7912180
7912293
7912501
7912785
7912906
7913060
7913403
7914201
7914364
7914378
7914402
7915188
7932133
7933306
7936207
7990797
7995454
8002498
8008528
8018639
8018833
8021484
8022735
8023955
8025674
8026438
8027214
8027928
8028714
8028907
8029235
8030061
8030075
8030090
8030623
8032652
8032787
8034671
8034672
8034960
8152602
8211691
8214566
8220208
8222921
8224386
8224507
8224649
8224848
8225472
8225555
8225968
8226102
8226350
8226555
8227027
8227137
8227713
8227743
8227956
8227987
8228046
8228349
8228427
8228732
8229290
8229377
8229417
8229494
8229649
8229855
8229881
8229902
8230148
8230286
8230488
8231053
8231846
8232210
8232372
8232458
8232536
8232971
8233167
8233796
8234328
8234331
8235293
8235349
8235369
8235836
8236163
8236227
8236404
8236943
8237814
8237905
8238104
8238817
8239120
8239413
8239499
8239645
8239878
8240136
8240180
8240432
8240687
8241610
8241748
8242089
8242587
8242679
8242701
8243096
8243617
8244324
8244813
8244937
8245095
8245301
8245457
8245553
8245953
8246042
8247754
8248456
8248965
8249132
8249337
8277876
8277876
8278253
8280608
8281115
8281487
8281849
8283780
8284532
8285487
8285879
8397670
8399484
8399534
8401413
8402459
8403858
8404550
8407087
8480647
8481029
8481090
8481590
8481672
8481697
8481898
8482012
8482676
8483688
8483929
8484094
8484700
8484983
8485185
8485225
8486107
8486642
8486768
8486785
8486836
8487150
8487565
8488138
8488297
8488462
8488543
8489169
8489245
8489583
8489635
8489757
8490515
8490561
8490974
8491764
8491785
8491878
8492097
8492265
8492277
8494693
8494772
8494833
8495058
8495136
8495264
8495285
8495423
8495430
8495630
8495793
8496204
8496320
8496595
8497023
8497144
8497437
8497609
8497646
8497724
8498070
8498794
8498809
8499011
8499084
8499153
8499400
8499640
8500348
8500568
8500573
8500948
8500960
8501024
8501344
8501583
8501793
8502323
8502395
8502530
8502830
8502926
8502938
8502980
8503324
8503626
8503689
8504117
8504149
8504437
8504867
8504907
8504991
8505453
8506021
8506120
8506355
8506359
8507059
8507235
8507271
8507312
8507462
8507678
8508121
8508447
8508454
8509152
8510703
8511242
8511332
8511349
8511430
8511485
8511727
8512336
8512526
8512818
8513353
8513695
8513769
8513770
8514067
8514139
8514533
8514550
8514591
8514632
8514887
8514913
8515126
8515405
8515994
8516288
8516325
8516347
8564826
8564957
8565207
8565329
8565586
8565595
8566940
8567127
8567503
8567825
8568689
8569026
8569267
8569277
8569324
8569332
8569675
8569748
8569762
8569976
8570242
8570870
8571006
8571849
8571914
8571958
8572032
8572621
8572831
8573580
8574653
8574775
8575431
8575735
8576883
8576889
8576911
8577238
8577702
8578025
8578551
8579041
8579668
8579781
8580584
8581239
8581496
8582334
8582565
8582745
8582833
8582971
8583291
8583504
8583697
8583778
8583869
8623565
8624028
8625541
8626041
8626675
8627003
8628172
8629669
8630596
8632442
8632532
8633873
8634873
8635182
8635225
8637070
8638692
8639349
8641111
8641462
8641959
8642299
8642748
8642928
8642933
8643399
8643681
8644439
8644490
8645015
8645393
8645537
8645781
8646295
8646565
8646626
8646878
8646906
8647024
8647213
8647667
8647894
8648179
8648319
8648321
8648352
8648742
8648950
8649040
8650585
8650638
8650803
8650872
8650964
8651506
8651527
8651923
8652286
8652516
8653001
8653019
8653255
8653544
8653875
8653924
8654034
8654205
8654454
8654704
8654838
8655132
8655553
8655625
8657055
8657357
8657690
8657704
8674673
8676477
8677524
8794715
8794810
8794831
8795108
8795925
8796921
8796997
8797363
8797488
8798230
8798238
8798466
8798945
8799368
8799791
8801075
8801420
8801641
8802914
8803609
8803735
8837746
8838658
8838733
8838823
8839173
8839389
8839609
8840280
8841197
8841684
8841962
8843230
8843475
8844150
8844564
8845145
8845519
8845770
8846386
8846655
8847158
8848311
8849275
8884921
8887763
8946702
8947285
8947461
8948254
8948362
8948531
8949222
8949687
8950248
8952389
8953061
8953861
8955077
8955116
8955367
8956143
8957304
8957336
8957507
8957889
8959808
8960223
8960275
8960321
8960490
8960547
8960814
8960951
8961300
8961380
8961475
8963208
8963260
8963657
8964015
8964103
8964223
8964370
9004349
9005774
9006893
9007310
9007319
9007663
9007837
9008728
9010100
9010168
9010469
9011642
9011765
9011858
9012204
9012365
9012720
9013322
9013948
9014099
9014115
9014610
9015188
9016250
9016533
9016672
9016794
9018139
9018188
9018466
9018585
9018633
9019127
9019275
9019285
9019795
9020442
9020521
9020533
9020896
9021767
9022088
9022782
9022932
9023430
9023514
9023750
9024006
9024232
9024400
9024505
9024661
9024783
9025472
9025874
9026244
9026322
9026429
9026712
9027286
9027648
9027769
9028337
9028474
9028842
9029148
9029471
9029971
9030234
9030344
9030413
9030542
9030567
9031668
9032223
9032660
9032710
9032989
9033069
9033205
9033318
9126163
9126296
9126353
9126452
9126799
9127148
9127168
9127644
9128014
9128480
9128722
9128965
9129480
9129622
9129962
9130148
9130324
9130388
9130474
9130517
9130551
9131032
9131239
9131460
9131670
9131672
9132094
9132276
9132301
9132610
9132848
9132923
9132971
9133088
9133910
9134777
9134890
9134910
9136098
9136291
9136409
9137130
9140794
9141593
9143191
9143279
9146756
9147098
9148287
9150484
9212464
9213279
9213721
9214353
9216883
9217584
9219397
9220302
9220937
9221993
9222005
9222309
9222353
9223305
9224435
9224722
9224756
9329176
9329544
9329680
9330347
9330499
9330634
9331264
9331427
9331456
9331534
9331578
9332404
9332467
9332622
9332697
9332739
9332773
9333023
9333500
9333903
9333968
9334418
9334559
9334732
9334819
9335026
9336593
9337326
9337334
9338265
9338927
9339083
9339109
9339163
9339340
9339349
9340188
9340848
9341438
9341856
9341893
9342351
9342430
9342797
9343173
9343455
9344252
9344446
9344561
9344702
9344837
9344977
9344979
9345473
9346601
9347294
9347428
9347752
9348081
9348347
9348880
9349105
9349796
9349974
9351046
9351906
9353874
9359145
9373534
9386000
9491527
9536102
9536202
9536265
9536297
9536489
9536947
9537319
9537481
9537537
9537578
9538715
9538773
9539051
9539496
9539531
9539780
9539913
9540143
9540336
9540482
9540793
9540822
9540927
9540977
9541113
9541222
9541612
9542034
9542058
9542782
9543054
9543616
9544028
9544340
9544348
9544444
9544772
9544875
9544936
9544991
9545634
9546949
9547112
9578535
9581534
9587970
9625984
9626118
9626147
9626367
9632141
9827362
9827381
9827535
9828104
9828214
9828517
9829130
9829253
9829318
9829350
9829661
9829735
9829823
9830369
9830479
9830711
9830764
9830773
9830890
9831033
9831092
9831149
9831460
9831862
9832835
9833028
9834496
9834641
9834913
9835034
9835111
9835392
9835459
9836293
9836381
9836629
9836766
9837028
9837057
9837329
9837554
9838069
9838145
9838610
9838689
9838802
9838861
9918468
9918503
9918566
9918914
9919035
9919197
9919674
9919749
9920237
9920741
9920775
9921625
9921649
9921924
9922190
9922279
9922347
9922839
9923289
9923362
9923404
9923642
9923805
9924207
9924261
9924335
9925139
9925538
9925553
9925610
9925716
9925818
9926120
9926486
9927014
9927389
9927473
9927649
9927724
9928302
9928325
9928346
9928452
9928464
9928711
9928788
9929278
9929635
9929646
9930086
9930550
9930747
9930806
9931038
9931257
9931308
9931446
10039988
10040838
10041157
10041287
10041562
10043511
10043598
10044797
10044877
10047587
10049309
10049444
10049516
10049923
10050754
10051542
10052568
10053242
10120161
10120215
10120266
10120347
10121473
10121773
10121841
10121900
10122036
10122137
10122429
10122785
10123196
10123261
10123424
10124534
10125105
10125193
10125544
10125818
10125887
10126300
10126483
10126594
10127014
10127282
10127643
10128300
10128628
10128630
10128961
10129034
10129506
10129755
10130169
10130231
10130331
10130872
10131126
10131234
10131435
10131779
10131864
10132016
10132017
10132062
10133066
10133414
10134104
10134108
10135155
10135249
10135298
10135473
10135830
10136060
10136183
10136506
10137280
10138661
10139181
10139218
10140653
10141057
10141216
10142144
10142245
10142515
10142660
10142880
10143190
10143355
10144588
10145242
10145733
10145966
10146141
10146529
10146865
10147118
10147257
10148551
10148677
10149279
10149596
10149727
10149899
10149941
10176679
10178636
10182688
10186775
10187139
10236835
10243038
10244360
10246296
10287200
10288282
10288491
10288862
10289469
10289594
10289777
10290083
10290193
10290679
10290756
10291117
10291380
10291965
10292197
10292574
10292826
10292905
10293075
10293196
10293251
10293452
10294370
10294441
10294519
10294644
10294905
10295284
10295480
10295636
10295735
10296045
10296525
10297067
10297404
10327206
10327289
10327584
10328058
10328206
10328231
10329336
10330324
10330587
10330790
10331626
10331908
10332329
10332671
10332682
10332751
10332783
10332907
10333277
10333619
10333700
10334267
10334897
10335218
10335595
10336183
10336682
10336774
10337002
10337304
10337812
10337914
10337985
10338008
10338207
10339365
10339786
10339935
10342154
10342367
10343139
10366502
10366914
10366961
10367360
10367815
10367898
10368075
10368415
10370289
10370404
10370586
10370613
10370827
10371200
10371535
10372645
10372944
10373060
10373568
10373680
10373935
10374641
10374824
10375308
10375449
10375492
10375645
10375847
10376207
10376464
10376559
10376654
10377567
10377787
10377884
10377902
10377952
10378008
10378021
10378748
10378914
10431970
10431978
10432297
10433782
10434223
10434411
10434690
10435792
10436015
10436075
10436309
10436427
10436598
10436668
10437060
10437207
10438053
10438271
10438412
10438974
10439050
10439134
10439173
10439222
10439350
10439608
10439776
10440070
10440788
10440805
10441458
10441901
10441912
10442327
10443406
10443710
10444876
10444898
10486960
10487062
10520788
10520888
10521406
10521587
10522793
10522812
10523009
10523285
10523413
10523784
10523802
10523934
10525066
10525276
10525425
10526091
10526115
10526487
10527126
10527797
10529194
10529305
10529458
10529521
10529659
10530703
10530793
10531844
10531880
10532115
10532737
10533207
10533521
10533992
10534366
10534685
10535051
10536178
10540945
10668412
10669436
10669866
10670954
10673252
10673425
10676600
10726747
10733074
10782777
10784884
10785298
10785726
10790134
10791921
10792284
10792740
10794582
10797653
10798730
10865648
10866185
10866552
10867965
10871600
10871876
10873938
10878766
10902280
10902335
10905201
10940498
10940656
10941012
10941277
10942361
10943219
10943499
10944021
10945772
10948353
10949881
10950819
10951706
10952680
10953471
11016023
11016136
11016192
11016256
11016365
11017530
11017695
11017828
11017916
11019001
11019641
11020092
11020103
11020736
11020765
11021250
11022189
11023303
11023420
11024201
11024276
11024288
11024564
11024630
11024685
11024851
11025314
11025947
11026690
11027193
11027410
11027560
11027705
11027940
11027951
11028380
11028407
11028535
11028755
11029066
11030016
11030158
11030258
11030422
11030664
11031066
11031073
11031150
11031412
11032062
11032092
11083050
11264987
11264988
11265799
11265883
11265981
11266179
11267177
11268390
11270460
11270859
11270959
11271115
11271859
11272336
11273235
11273509
11273542
11273557
11274169
11274600
11274677
11274911
11275005
11275441
11290209
11293361
11297270
11373437
11373507
11373529
11373607
11374269
11374311
11374384
11375504
11376366
11377052
11377582
11378330
11379246
11379763
11380419
11380517
11380542
11380889
11380947
11381138
11381434
11381659
11381678
11381801
11381854
11381969
11382002
11382576
11383129
11383132
11383256
11383625
11384384
11384643
11384655
11385558
11385698
11385960
11386373
11388011
11388620
11388660
11388705
11389213
11389306
11390259
11390720
11391520
11392907
11394057
11395609
11397710
11397950
11399422
11399442
11401570
11404473
11407146
11409922
11415011
11415708
11415928
11421107
11421188
11423520
11459344
11459810
11459974
11460111
11461469
11461807
11462440
11462862
11462983
11463121
11463734
11464622
11465119
11465274
11465384
11466230
11466300
11466359
11466631
11467156
11467238
11468376
11468596
11468817
11468968
11469214
11469497
11469573
11470459
11470562
11470658
11470724
11471072
11471378
11471745
11471798
11472137
11472388
11473794
11489233
11493062
11494110
11495584
11497595
11498006
11498675
11498872
11500850
11502968
11504035
11504493
11619682
11619829
11619950
11619960
11620058
11620860
11621168
11621754
11622622
11623312
11623723
11624959
11625287
11625476
11625839
11626293
11626622
11627750
11628061
11628073
11628221
11628314
11628529
11628829
11629421
11629718
11629871
11630455
11630717
11631160
11631723
11631908
11632052
11632134
11632167
11632363
11632766
11633246
11633640
11634091
11665177
11666427
11667175
11667657
11668847
11670342
11671458
11738136
11738169
11738374
11738492
11738498
11739428
11739526
11740351
11740771
11740909
11741452
11741556
11741570
11741579
11741880
11741928
11742105
11742877
11743160
11743428
11744082
11744160
11744299
11744546
11744654
11744879
11745390
11745692
11745779
11745810
11745833
11745876
11746356
11746400
11746658
11747219
11747494
11747849
11748159
11748405
11748422
11748585
11749255
11749413
11749451
11750163
11750164
11750240
11750345
11750653
11750789
11751001
11751082
11797446
11797840
11798789
11798858
11799822
11801672
11802105
11802498
11804163
11804811
11805096
11805253
11806568
11806738
11806837
11878348
11878570
11878582
11878595
11879255
11879951
11880703
11880780
11880915
11880957
11881095
11881150
11882212
11883006
11884170
11884479
11884503
11884905
11885104
11885479
11885498
11885666
11886023
11886308
11886560
11887266
11887885
11888050
11888052
11888187
11888396
11888477
11888755
11888840
11889627
11890114
11890459
11890811
11890902
11891300
11891323
11891983
11892089
11892181
11892427
11892477
11892508
11892652
11892685
11892999
11893331
11893394
11893621
11893828
11894088
11894319
11894701
11895390
11895739
11896156
11896170
11896347
11896373
11896672
11896720
11897059
11897325
11897728
11897966
11898055
11898157
11898389
11898400
11898510
11898624
11898685
11898974
11899133
11899249
11899260
11899284
11899731
11899877
11900078
11900563
11900831
11901267
11901312
11901432
11901524
11901578
11901636
11901683
11902233
11902687
11903011
11903037
11903328
11903638
11904134
11904311
11932683
11938213
12024875
12025248
12025712
12026104
12026189
12026309
12026544
12026607
12026825
12026835
12027898
12028087
12028249
12028253
12028306
12028364
12028590
12028872
12028968
12029540
12030689
12030797
12030840
12030967
12031091
12031103
12031159
12031167
12031565
12031733
12031916
12032106
12032236
12032514
12032658
12032817
12032965
12033397
12034109
12034667
12034670
12035330
12035792
12035885
12036326
12036682
12036766
12036914
12037218
12037956
12038106
12038125
12038958
12039166
12039449
12039810
12040075
12040307
12040694
12041362
12041643
12041880
12042698
12042924
12043231
12043280
12043800
12044483
12045086
12045456
12045989
12046156
12046336
12046913
12047436
12049003
12049214
12049605
12050464
12050749
12050757
12050871
12052077
12052089
12052251
12052256
12054440
12054899
12083123
12084006
12085674
12086331
12086352
12086872
12087816
12088702
12089636
12089802
12091508
12091785
12092215
12110036
12110105
12110131
12111052
12114072
12114349
12116687
12117716
12117752
12119890
12120511
12124787
12126315
12169170
12169180
12169613
12169714
12169895
12170436
12170508
12170752
12171643
12171776
12172213
12172276
12172860
12172892
12173223
12173878
12173941
12174058
12174564
12175049
12175183
12175431
12175854
12175942
12176031
12176122
12176207
12176327
12176457
12176631
12176965
12177362
12177407
12177727
12178351
12178739
12178752
12178829
12178997
12179616
12179834
12179982
12181583
12181903
12181950
12181974
12182218
12182297
12182356
12182510
12182626
12182840
12182893
12184116
12184207
12205924
12206426
12208973
12213040
12215460
12287661
12287784
12288002
12288438
12288481
12288764
12289077
12289528
12289560
12289715
12289863
12289943
12290147
12290387
12290493
12290505
12290532
12290888
12291689
12292097
12292468
12292619
12293203
12293396
12293601
12293615
12293704
12294103
12294393
12294447
12294896
12295149
12295487
12296134
12296369
12296502
12297004
12303824
12304399
12304831
12305156
12305636
12306939
12307267
12308052
12308788
12343831
12343925
12344067
12344305
12344368
12344383
12344518
12344635
12345163
12345291
12345668
12345999
12346136
12346358
12346486
12346700
12346815
12346867
12346872
12347279
12347402
12347524
12347932
12347961
12348413
12349237
12350271
12350668
12350775
12350926
12350941
12350987
12351808
12351930
12351946
12352510
12352663
12352778
12353007
12353027
12353174
12353620
12353773
12354015
12359161
12359878
12360692
12362563
12369295
12370539
12370687
12371826
12402425
12402503
12402505
12402550
12403113
12403692
12404124
12404132
12404200
12404279
12405492
12405750
12405812
12405885
12405992
12406555
12406930
12407139
12407281
12407502
12407904
12408045
12408533
12408542
12408591
12408889
12409789
12409793
12409888
12410048
12410075
12410534
12411415
12411514
12411684
12411703
12412059
12412378
12412842
12412978
12413036
12413045
12413086
12413489
12413707
12414147
12414427
12414517
12415291
12415545
12415852
12415879
12416319
12416351
12416357
12416581
12416672
12416795
12521014
12521161
12521524
12521536
12522631
12522919
12523798
12524521
12524627
12524957
12525339
12525843
12526463
12526804
12526862
12527445
12527553
12527690
12528190
12528544
12528647
12529867
12530504
12530830
12531672
12532076
12532566
12533506
12533674
12533853
12534144
12534361
12534739
12535177
12535318
12535856
12536590
12536897
12536937
12537332
12537455
12537769
12538105
12538434
12539730
12540007
12540092
12540346
12540635
12540842
12541209
12541499
12541557
12541720
12541928
12542354
12542595
12542689
12542734
12542820
12542948
12543238
12543823
12544297
12544729
12544907
12545103
12545196
12545248
12545286
12545348
12545584
12546031
12546369
12546764
12546801
12547559
12547770
12547921
12548821
12549171
12549287
12549515
12550329
12550532
12550705
12550985
12551253
12551569
12551778
12552145
12552216
12552257
12552263
12552458
12552677
12552760
12552812
12552872
12552934
12553099
12553303
12553368
12553488
12640863
12642657
12644558
12644877
12645091
12645508
12645672
12645677
12646881
12647206
12647782
12649110
12649601
12649750
12650489
12650729
12651392
12651765
12652130
12652817
12653453
12653596
12654188
12654754
12655393
12655525
12656279
12656331
12656475
12656513
12657624
12658339
12658680
12658961
12660418
12660558
12660594
12736373
12736389
12736483
12738705
12738883
12740354
12740823
12741320
12741675
12741970
12742757
12744033
12744373
12745202
12745292
12745307
12746642
12747266
12748042
12748167
12749546
12751462
12752719
12793690
12793850
12794167
12795023
12795131
12795334
12795650
12796912
12797370
12797727
12797783
12797840
12797879
12798474
12798477
12798521
12799459
12799757
12800050
12800277
12800362
12800724
12801060
12801504
12801740
12801775
12802261
12802438
12803426
12803528
12803707
12803878
12803879
12805285
12805371
12805816
12805879
12806879
12809708
12811626
12812895
12817798
12818988
12820180
12821980
12822197
12822889
12823913
12824354
12824738
12824759
12824995
12826024
12826531
12826978
12827243
12828181
12828752
12829018
12830120
12830647
12831739
12833213
12833302
12833837
12835861
12836424
12836702
12836954
12850549
12855686
12855741
12903324
12903757
12904119
12904227
12904240
12904952
12905455
12905535
12906070
12906102
12906428
12906802
12907055
12907695
12907852
12907928
12907962
12908240
12908674
12908740
12908751
12909102
12909474
12909787
12909965
12910586
12910896
12910939
12911065
12911405
12911501
12911697
12912340
12913031
12913046
12913409
12913619
12914095
12914166
12914272
12914608
12914621
12914896
12915076
12915304
12915671
12915703
12915884
12916056
12916359
12916460
12916679
12916834
12916847
12917270
12917592
12917763
12917842
12917927
12918149
12929662
12930085
12930624
12930862
12930938
12932269
12932928
12933809
12935373
12935423
12936121
12936562
12936574
12937071
12937615
12938807
12938851
12938951
12939039
12939999
12940535
12940737
12941828
12942048
12942302
12942477
12942636
12943586
12990506
12991729
12992117
12992188
12992838
12993242
12994250
12995533
12996959
12997472
12997539
12998208
12999469
13000054
13000054
13000333
13001277
13003095
13003807
13004445
13005452
13006280
13006411
13006949
13007981
13008007
13042193
13062384
13062553
13063329
13063416
13063710
13064289
13064610
13064642
13064660
13064942
13066628
13067061
13067127
13067183
13067250
13067716
13067825
13068184
13068572
13068616
13068993
13069404
13069563
13070666
13071351
13071453
13071492
13071676
13072086
13072120
13072290
13072325
13072921
13073434
13073734
13073807
13073923
13074484
13074496
13074578
13074608
13074850
13075000
13075550
13075597
13075740
13076214
13076339
13076635
13076849
13077518
13077979
13078422
13078676
13078968
13079203
13080558
13080614
13080700
13081486
13081831
13081981
13082511
13082524
13083017
13083112
13083177
13084525
13084958
13085100
13086302
13087424
13087672
13087679
13087781
13088696
13088857
13088979
13089120
13089146
13089299
13090071
13090578
13090633
13090763
13091518
13092082
13092902
13093163
13093255
13093568
13093701
13093840
13093855
13093864
13094240
13094525
13094627
13094748
13094815
13094930
13094977
13095239
13095376
13095583
13095862
13096980
13097503
13098249
13098779
13099405
13099879
13099971
13100069
13102293
13103148
13103643
13103911
13103955
13104345
13105029
13105954
13106683
13108317
13109067
13109961
13110212
13110228
13110883
13111094
13111744
13114296
13114903
13115244
13193362
13193685
13194047
13194412
13194839
13195288
13195438
13195557
13195573
13195975
13196289
13196383
13196917
13196946
13197450
13197521
13197816
13198008
13198439
13198519
13199755
13200728
13200919
13201519
13202578
13202799
13203090
13203093
13203662
13204382
13204484
13204782
13204835
13205180
13206008
13206539
13207595
13207634
13207871
13207989
13208118
13208276
13209064
13209488
13209832
13210032
13210155
13210386
13210565
13210644
13210926
13211010
13211084
13211486
13211676
13211697
13309803
13310023
13311203
13311206
13312186
13312338
13312351
13312599
13312757
13312991
13313033
13313526
13313593
13313998
13314248
13314403
13315195
13315389
13316289
13316867
13316989
13317169
13318279
13318382
13318509
13318640
13319101
13319265
13319635
13319811
13320076
13346105
13346153
13346356
13346425
13346544
13346997
13347392
13347414
13347591
13348086
13348206
13348497
13348583
13348909
13349056
13349213
13349506
13349781
13350401
13350689
13350780
13351045
13351246
13351342
13352018
13352194
13352835
13352838
13353048
13353433
13353530
13353748
13353768
13354262
13354387
13354697
13354909
13355022
13355135
13355296
13355395
13415569
13436024
13436200
13436414
13436714
13436897
13436963
13437694
13437799
13437914
13438092
13438285
13438328
13438823
13439283
13439383
13439436
13439483
13439674
13439845
13440324
13440540
13440879
13442163
13443327
13443338
13443361
13444089
13444256
13445024
13445466
13445589
13445663
13446215
13446662
13446662
13446776
13447955
13448131
13448186
13448498
13448583
13448707
13448855
13448937
13449146
13449651
13450004
13450249
13450771
13451058
13451137
13451900
13452707
13452752
13452948
13453183
13453275
13453395
13454013
13493390
13494964
13495031
13495379
13495556
13495619
13495635
13497048
13497299
13497824
13498083
13498192
13498461
13498993
13499909
13500223
13500396
13500569
13501155
13501286
13501333
13501596
13502008
13502302
13502818
13502874
13503451
13504061
13504136
13504748
13505068
13506275
13513515
13532250
13532663
13533616
13533726
13533963
13534595
13535079
13535192
13536284
13536646
13536953
13537791
13538130
13538152
13538834
13538951
13539035
13539802
13539813
13539970
13540410
13542187
13544601
13544606
13545202
13546435
13546732
13547779
13547927
13548177
13560971
13561303
13563928
13594608
13594661
13595463
13595530
13595761
13595769
13595993
13596737
13596771
13597019
13597455
13598355
13598603
13598612
13598793
13599033
13599795
13600750
13601000
13601884
13601937
13602237
13602272
13602337
13602807
13602932
13603163
13603304
13603339
13603385
13603388
13603982
13604174
13604620
13604697
13604784
13605697
13605882
13606216
13607155
13607950
13608383
13608661
13609693
13611126
13612115
13613431
13614535
13614788
13616519
13617650
13618338
13619632
13621921
13623587
13624242
13644775
13645487
13646014
13646182
13646516
13646802
13649222
13649225
13650572
13650679
13650907
13651551
13652462
13652586
13652904
13653311
13653499
13824530
13824951
13825658
13829761
13833657
13834586
13834742
13835450
13836397
13838833
13868194
13871562
13871939
13874887
13875680
13877126
13879166
13880538
13909328
13911642
13912024
13912150
13912826
13913222
13914360
13914549
13915275
13915471
13915696
13917276
13917360
13917914
13918966
13919245
13962097
13962794
13962834
13962863
13964750
13966456
13966801
13967174
13968076
13968251
13968445
13969028
13969167
13969291
13970021
13971043
13972235
13973005
13974690
13975344
13975422
13975990
13976430
13976816
13978072
13978511
13982212
13987224
13988557
13991776
13992094
13992261
13992343
13992355
13992443
13992470
13992544
13992699
13992870
13992920
13993317
13993652
13993739
13993860
13994383
13994460
13994735
13995953
13996030
13996234
13996966
13997138
13997314
13997598
13997799
13997907
13998141
13998603
13998655
13998689
13998769
13999522
13999616
13999674
13999686
13999768
13999839
13999889
13999985
14000235
14000536
14001013
14001223
14001863
14002006
14002233
14002542
14002775
14002799
14003540
14003622
14003709
14003757
14003877
14004020
14004109
14004268
14004648
14005453
14005517
14005614
14005942
14006267
14006586
14006613
14006890
14006904
14007056
14007239
14007454
14007636
14012142
14016129
14017378
14020951
14025009
14030804
14031437
14034386
14034396
14034955
14035082
14035124
14035140
14035190
14035591
14035710
14036023
14036183
14036594
14036602
14037136
14037555
14037644
14038281
14038323
14038443
14039018
14040013
14040059
14040359
14041001
14041279
14041457
14042302
14042947
14043576
14043627
14043804
14043873
14044031
14044039
14044159
14044168
14044839
14116943
14118182
14118323
14118635
14119665
14119756
14119907
14119986
14120527
14120697
14120868
14121249
14121753
14121841
14122194
14122432
14122495
14122787
14123441
14123701
14124143
14124686
14124836
14126052
14126164
14126432
14126647
14126684
14126771
14127232
14127545
14127991
14128155
14128488
14128823
14129225
14129294
14129641
14130404
14130727
14130819
14131148
14131482
14131932
14132288
14132525
14132646
14132874
14133178
14133286
14133317
14133595
14133642
14133712
14134648
14134745
14134818
14134844
14135330
14135565
14145345
14200421
14200484
14203944
14204890
14205887
14206983
14208429
14210633
14212805
14213607
14215078
14215109
14216471
14241990
14242336
14242410
14242523
14242669
14242691
14242774
14243580
14244091
14244158
14245005
14245244
14246976
14247250
14247625
14247649
14247949
14249336
14249753
14249937
14250206
14250278
14250471
14250578
14251102
14251638
14251698
14252569
14252811
14252838
14253550
14253658
14253694
14254039
14254697
14255002
14255050
14255066
14255104
14255371
14255814
14255846
14255935
14255942
14256208
14257072
14257227
14257304
14257858
14257885
14258188
14258232
14258238
14258295
14258562
14259023
14259027
14259069
14284243
14284353
14284751
14284826
14285072
14285250
14285291
14285420
14285449
14285696
14285916
14286083
14286243
14286369
14286489
14286803
14287092
14287167
14287333
14287487
14288197
14288364
14288785
14289164
14289248
14289266
14289589
14289732
14289759
14290007
14290418
14290471
14290999
14291069
14291417
14291487
14291537
14291827
14291914
14292063
14292082
14292226
14292264
14292393
14292402
14292467
14292468
14292621
14292675
14292687
14293620
14293750
14293902
14294333
14294520
14294628
14294757
14295042
14295159
14295286
14316185
14316703
14316837
14319418
14319611
14320405
14341235
14414453
14420946
14424889
14441299
14475437
14482638
14491558
14492746
14493641
14494050
14548722
14548762
14549462
14551384
14552943
14553201
14553660
14554048
14555039
14555298
14555304
14555668
14557733
14596039
14596216
14596447
14596790
14596815
14597011
14597180
14598403
14598519
14598521
14598581
14598754
14598886
14598899
14599679
14599994
14600131
14600175
14600478
14601056
14601115
14601160
14601275
14601500
14601562
14601570
14601716
14602015
14602197
14602260
14602459
14602528
14602646
14602724
14602780
14603255
14603425
14603478
14604311
14604430
14604806
14605142
14605540
14605875
14606087
14606396
14606912
14607510
14608046
14608183
14608367
14608798
14608911
14609154
14609261
14609295
14610288
14610653
14610836
14610882
14611247
14611661
14611802
14611880
14612308
14612462
14612589
14612917
14613084
14613242
14613418
14613606
14614040
14615098
14626184
14626550
14627183
14627305
14627979
14629870
14630369
14630823
14631099
14631576
14631950
14632736
14633413
14633509
14633713
14634821
14680646
14680777
14680870
14681292
14681539
14681546
14681549
14682044
14682171
14682260
14682306
14682828
14682943
14682992
14683432
14683901
14684231
14684692
14684912
14684953
14685033
14685308
14685574
14685579
14685808
14685931
14686205
14686381
14686610
14686772
14686787
14687008
14687019
14687062
14687143
14687389
14687604
14687757
14687915
14688621
14688942
14688988
14689333
14689429
14689493
14689674
14689725
14690404
14691400
14691639
14691991
14692122
14692369
14693119
14693150
14693517
14693611
14694425
14694567
14694742
14694811
14695008
14695052
14695339
14714938
14717452
14725405
14726195
14728443
14731531
14732541
14733417
14752238
14753330
14753790
14754541
14755147
14755771
14756172
14757526
14758425
14759322
14761107
14761403
14761480
14761532
14762434
14762831
14763359
14764225
14764383
14764681
14764746
14764756
14764922
14766018
14766401
14766411
14766558
14766716
14766723
14767175
14767563
14767816
14768227
14768413
14768560
14769415
14769480
14769959
14770357
14770565
14770983
14771243
14771389
14772847
14772993
14773261
14773309
14774737
14774923
14775001
14775471
14775596
14775917
14776199
14776994
14777985
14779748
14780089
14780155
14781203
14781870
14782162
14782491
14782543
14782869
14784566
14785745
14785963
14786283
14876158
14879694
14888225
14889061
14889531
14890107
14890243
14890425
14890967
14890994
14891288
14891290
14891467
14892090
14892288
14892745
14893300
14893364
14894380
14895269
14895395
14895568
14895622
14895984
14896119
14896321
14896613
14896615
14896685
14896814
14897473
14898088
14898195
14898238
14898845
14899057
14899125
14899276
14900168
14900332
14901128
14901194
14901230
14901287
14901682
14902183
14902440
14902480
14902822
14902857
14903139
14903151
14903155
14903162
14903565
14904050
14904192
14905228
14905271
14905643
14905915
14906029
14907268
14907399
14907804
14908010
14908668
14908867
14908981
14909401
14909747
14909970
14909979
14910429
14910669
14910701
14911763
14911974
14911993
14912047
14912303
14912398
14912535
14912865
14913164
14913267
14913459
14913971
14913982
14914058
14914077
14914079
14914614
14915003
14915031
14915271
14915359
14915624
14915697
14915795
14915820
14916450
14916483
14916591
14916897
14916972
14917623
14918524
14920710
14920801
14921122
14921209
14921726
14922589
14923187
14923828
14924773
14924833
14925188
14925841
14926517
14926980
14927213
14927822
14927846
14928403
14928704
14929355
14929438
14929957
14931129
14950344
14950616
14950652
14950767
14951100
14951149
14951519
14951903
14952110
14953061
14954011
14954366
14954666
14954848
14954854
14954862
14954984
14955014
14955064
14955712
14956523
14957177
14957263
14957286
14957307
14957470
14957539
14957846
14958261
14958302
14958836
14958962
14959012
14959126
14959206
14960011
14961113
14961346
14961476
14961485
14961634
14961648
14961869
14961944
14962119
14962363
14962547
14962903
14962933
14963201
14963301
14964181
14964275
14964358
14964644
14965227
14965583
14965609
14965736
14966107
14966177
14966398
14966595
14966606
14966738
14967342
14967574
14967830
14967913
14967985
14976732
14978256
15007028
15010697
15080825
15081292
15081594
15082185
15082477
15084193
15086321
15087706
15087965
15088193
15090174
15090502
15090744
15090825
15091753
15091789
15091834
15092176
15092476
15092822
15093087
15093224
15093345
15093752
15093894
15094102
15094284
15094650
15094781
15095621
15095754
15096072
15096223
15096357
15096522
15096845
15097184
15097673
15098271
15098795
15099139
15099256
15099711
15100918
15100955
15101233
15101277
15101395
15102260
15102397
15102441
15102780
15102811
15103185
15103466
15103494
15103864
15103903
15103917
15104806
15104856
15158449
15175638
15175882
15176267
15176650
15176867
15177221
15177934
15178701
15178730
15178828
15179419
15180071
15180808
15180865
15180991
15181059
15181219
15181431
15181556
15181571
15181781
15182144
15182288
15182473
15182722
15183064
15183398
15183925
15184483
15184841
15185240
15185996
15186288
15186689
15186816
15187202
15187208
15187825
15188843
15188884
15188955
15189688
15190277
15191065
15191158
15209856
15210264
15210598
15211719
15212363
15214711
15214731
15214838
15215375
15216174
15216286
15219975
15221154
15221554
15222360
15222388
15223951
15225291
15286646
15289633
15293520
15294074
15295003
15313186
15316964
15317709
15318594
15319520
15319833
15320941
15321341
15323338
15388208
15395749
15395951
15397357
15397944
15398978
15402293
15402416
15402542
15403311
15403351
15403924
15404370
15405133
15406061
15406372
15407773
15407824
15408062
15408660
15409616
15409849
15410373
15411265
15411566
15412113
15412925
15413464
15413539
15414045
15419206
15424399
15430941
15430993
15431346
15431781
15432353
15433111
15433637
15434412
15434673
15434722
15434923
15436237
15436405
15437041
15437113
15437164
15437260
15437387
15437771
15439448
15440107
15441385
15441427
15441988
15442594
15443339
15443449
15443553
15443743
15443820
15444353
15444588
15497113
15497413
15501298
15501506
15501757
15502490
15504257
15505150
15505356
15509336
15510185
15510562
15564844
15565163
15565502
15565600
15565815
15566168
15566445
15567125
15567181
15567940
15568180
15568242
15568285
15568785
15569427
15569454
15569519
15569761
15569766
15570081
15570083
15570151
15571060
15571362
15571682
15571694
15571895
15572037
15572289
15572370
15573674
15574129
15574550
15574703
15574968
15575115
15575225
15575527
15576862
15577646
15577858
15578846
15579641
15579794
15580658
15581378
15583396
15583847
15587333
15639488
15639605
15639907
15640138
15641138
15641306
15641337
15641697
15642103
15642466
15642474
15642508
15642930
15642959
15643025
15643211
15644776
15645101
15645110
15645493
15645920
15645969
15647496
15648212
15649383
15649730
15650782
15651007
15651456
15651560
15651637
15651689
15652448
15652460
15652645
15652745
15652799
15653293
15653773
15654844
15655031
15655322
15655714
15655725
15655852
15656030
15656082
15656237
15656488
15656510
15656517
15656927
15656943
15656953
15657126
15657156
15657552
15657962
15658031
15658365
15658507
15658665
15659008
15659071
15659182
15659867
15660998
15661269
15662267
15662537
15662965
15663080
15663778
15663867
15663925
15664021
15664665
15684290
15686089
15686163
15687274
15688023
15692123
15692862
15693779
15693798
15696085
15732677
15733522
15733523
15734185
15734931
15735082
15736226
15736840
15737338
15738677
15739111
15739225
15739582
15741056
15745564
15747437
15749699
15750057
15750407
15838671
15838833
15839320
15839513
15840365
15840896
15841389
15841973
15842379
15842533
15842594
15842677
15843111
15843584
15844138
15844154
15844305
15844316
15845773
15846158
15846622
15846897
15846922
15847602
15847905
15892570
15893681
15895431
15917558
15929988
15930180
15930239
15930417
15930717
15930814
15930852
15931113
15931122
15931945
15931999
15932415
15933031
15933283
15933575
15933774
15933961
15934308
15935126
15936376
15936712
15937045
15937925
15938211
15938830
15939203
15939549
15939798
15939939
15940142
15940234
15941590
15941739
15942626
15942643
15942921
15943397
15943540
15943592
15944319
15944811
15945017
15945385
15946318
15946427
15946486
15998419
16034059
16034291
16034802
16035617
16035829
16036218
16036282
16036952
16037034
16037351
16037609
16037767
16037838
16038316
16038459
16039133
16039530
16039588
16039817
16040084
16040103
16041088
16041239
16041278
16041440
16041993
16042020
16042022
16042110
16042177
16042890
16043107
16043365
16043797
16043813
16044031
16044109
16044151
16044501
16044611
16044708
16044764
16045267
16045422
16045911
16046079
16046183
16046338
16046432
16046696
16046958
16046959
16047075
16047606
16047936
16048208
16048369
16048543
16048563
16134165
16202228
16202388
16202419
16203177
16203225
16203327
16203362
16203765
16203781
16203961
16203981
16204378
16204592
16204918
16204946
16205128
16205303
16205706
16205729
16205858
16206130
16206346
16207333
16207503
16207504
16207677
16207713
16207895
16208080
16208239
16208299
16208318
16208467
16209316
16209384
16209531
16209538
16209711
16210036
16210098
16210165
16210484
16210570
16210904
16211050
16211715
16213780
16215274
16215446
16215622
16215949
16216017
16216216
16216301
16216369
16216402
16224915
16290127
16291180
16291466
16291519
16291793
16292010
16292184
16292464
16292693
16292980
16293188
16293232
16293437
16293693
16293846
16294107
16294200
16294299
16294556
16294580
16295002
16295110
16295231
16295487
16296376
16297020
16297073
16297096
16297192
16297514
16297704
16297926
16298136
16298465
16298543
16298700
16298965
16299486
16299969
16300281
16300470
16300615
16300760
16300836
16301360
16302097
16318645
16323990
16324932
16324997
16325396
16325551
16325978
16326526
16328124
16328393
16328395
16328938
16329584
16376337
16376355
16378114
16383794
16384309
16386823
16387444
16387830
16388269
16388717
16388990
16389823
16390602
16390671
16391117
16391123
16392182
16392404
16392417
16392656
16392915
16393475
16393537
16393736
16393808
16394118
16394145
16394548
16394676
16394791
16395608
16397044
16397587
16397869
16398394
16398709
16398782
16398839
16398943
16399123
16399406
16399712
16399810
16435112
16435797
16438353
16441149
16443165
16458345
16459192
16459197
16459304
16460717
16460975
16462006
16462427
16462838
16462960
16463109
16464039
16464156
16464601
16464627
16464968
16465824
16466712
16468338
16562704
16564095
16564963
16566429
16567107
16569151
16569240
16570378
16570657
16571429
16571751
16572975
16573716
16573850
16574599
16576808
16579765
16581487
16583866
16593451
16596433
16599953
16631580
16631877
16632087
16632380
16633401
16633454
16633599
16633663
16634295
16634448
16634600
16634815
16635276
16635371
16635559
16636154
16636280
16636320
16636735
16636811
16636879
16637390
16637958
16638905
16639075
16639094
16639136
16639249
16639479
16639590
16639636
16640758
16641481
16642267
16642401
16642432
16642452
16642545
16642634
16642915
16642967
16643035
16643255
16643943
16643999
16644088
16644343
16644463
16644781
16644797
16645063
16645108
16645242
16645384
16645397
16645901
16646011
16646127
16646328
16646523
16646719
16646734
16646757
16646996
16647265
16647777
16647820
16647840
16647949
16648039
16648072
16648797
16648844
16649150
16649490
16650336
16650408
16650447
16650460
16650810
16651100
16651643
16651713
16651855
16652056
16652202
16652683
16653090
16654298
16654854
16654903
16655216
16655685
16656023
16656355
16656557
16656591
16656757
16656980
16658319
16658699
16658733
16658804
16675760
16767935
16899377
16900020
16900843
16900870
16900877
16901125
16901258
16901317
16901680
16901785
16901892
16902643
16902833
16903496
16903763
16904313
16904343
16904393
16904429
16904615
16905139
16905436
16905455
16905514
16905670
16905721
16905742
16906042
16906301
16906597
16906634
16906668
16906815
16907011
16907052
16907064
16907253
16907297
16907740
16908211
16908549
16909306
16909314
16909479
16909789
16910013
16910351
16910974
16911002
16911315
16911698
16911759
16977110
16977814
16977846
16977934
16977966
16978711
16979407
16979459
16979918
16980054
16980279
16981708
16982065
16982132
16982270
16982431
16982679
16982839
16983076
16983108
16983204
16983253
16983774
16983797
16984015
16984298
16984504
16984520
16985134
16985981
16986005
16986251
16987435
16987534
16987558
16987719
16988038
16988645
16988877
16989048
16989599
16989638
16989764
16990034
16990297
16990347
16990451
16990929
16991031
16991887
16992328
17005196
17012503
17159004
17160016
17165366
17171586
17172512
17195713
17200600
17202745
17204269
17263364
17266480
17273584
17330149
17330592
17330984
17331487
17331666
17331822
17332568
17332615
17333016
17333780
17333894
17334838
17334883
17335118
17335295
17335573
17335779
17337922
17338532
17339728
17340161
17341237
17341523
17341789
17341959
17379453
17379588
17379890
17380028
17380158
17380773
17382081
17382508
17382633
17382667
17382738
17382941
17383176
17383267
17384245
17384978
17385499
17385891
17386012
17386040
17386159
17386273
17386807
17387220
17387320
17387828
17387865
17387989
17388401
17388486
17388505
17388997
17389129
17389589
17390228
17390565
17391062
17391556
17392393
17392856
17392928
17393374
17393579
17393647
17393713
17393879
17394780
17395309
17395481
17395530
17396441
17396566
17397055
17397225
17397705
17397822
17398112
17398572
17398878
17399325
17400629
17400700
17400718
17401061
17401280
17401524
17401659
17401990
17402737
17402911
17403138
17403294
17403503
17403923
17403924
17403933
17404847
17405176
17405449
17405832
17405843
17405848
17406671
17406720
17407929
17408072
17409073
17409624
17409767
17409975
17410839
17410850
17411409
17411587
17412844
17413044
17413200
17413279
17413321
17415136
17416837
17417041
17417177
17419182
17420616
17421141
17422121
17423874
17425192
17425823
17426876
17432285
17432882
17436142
17436841
17439248
17440083
17440275
17440522
17467927
17468654
17469589
17469980
17470129
17470204
17470224
17470252
17470296
17470302
17470325
17470928
17471022
17471023
17471322
17471425
17471458
17471939
17471975
17472003
17472029
17472040
17472451
17472476
17472696
17473022
17473068
17473118
17473368
17473425
17473479
17473717
17473880
17473915
17474459
17474580
17474679
17474893
17474961
17475649
17475933
17476201
17476446
17476598
17477091
17477411
17477575
17478170
17478191
17478238
17478275
17478351
17478384
17478679
17478836
17478870
17479046
17479166
17480048
17480539
17480676
17480725
17622646
17624093
17630203
17630912
17633113
17633226
17633332
17633984
17634106
17634666
17634733
17635197
17635352
17635783
17635789
17636354
17636506
17637979
17638750
17638842
17639100
17639965
17640343
17640600
17641351
17641610
17642294
17642686
17643367
17643434
17643435
17643639
17644308
17644530
17644629
17644748
17645302
17645319
17647297
17647590
17647733
17649099
17649588
17649920
17650044
17650504
17650705
17650750
17682573
17683057
17683175
17683287
17683764
17683921
17684215
17684528
17685044
17685094
17685245
17685585
17685788
17685789
17686661
17686751
17687053
17687065
17687074
17687192
17687456
17687898
17687939
17688222
17688599
17688780
17688817
17688880
17689228
17690068
17690723
17691789
17691838
17691948
17692146
17692393
17692974
17693190
17693214
17693317
17693660
17693981
17694021
17694246
17694351
17694473
17694562
17694832
17694843
17694855
17694885
17694907
17694964
17695057
17695236
17751076
17751351
17752426
17754249
17755206
17755986
17756322
17756761
17757204
17757246
17757511
17757828
17757996
17759572
17760733
17760910
17761485
17761532
17774699
17774789
17774867
17775712
17775799
17775840
17776141
17776241
17776346
17776524
17776794
17777040
17777233
17777390
17778212
17778238
17778623
17778724
17778727
17778947
17779028
17779157
17779813
17779908
17779925
17780676
17780785
17781582
17781595
17782990
17783233
17784339
17784419
17784958
17785020
17785954
17786005
17786159
17786616
17786768
17787927
17788931
17789374
17789694
17790398
17790688
17790918
17793065
17793159
17793689
17794164
17795326
17795386
17796009
17796071
17796320
17798443
17798496
17799002
17799378
17799908
17800109
17801553
17801711
17803049
17803659
17803970
17804520
17804956
17805830
17806021
17807295
17807500
17808176
17808287
17808834
17808836
17808858
17808935
17809294
17809854
17811233
17811699
17812493
17812549
17812769
17812980
17813498
17813636
17813692
17813840
17814225
17814250
17814682
17815345
17815564
17815816
17815952
17815990
17816089
17816495
17816716
17816786
17816867
17817091
17817321
17817741
17817759
17819353
17819499
17819575
17819576
17819764
17820436
17820543
17820734
17820845
17821650
17822011
17822216
17822584
17822927
17823192
17823353
17823512
17823659
17825007
17825183
17825310
17827160
17827705
17827931
17828190
17828690
17829491
17829514
17830212
17830945
17831355
17831639
17831761
17832126
17832441
17832867
17833399
17833702
17834131
17834244
17834421
17834422
17834721
17834975
17835622
17836217
17838921
17840052
17841544
17842426
17852156
17852233
17857699
17861756
17861872
17867137
17868757
17871997
17872197
17872948
17876816
17880043
17880970
17881693
17882221
17882245
17892305
17901879
17902074
17902914
17903892
17904083
17904249
17904569
17904629
17905196
17905457
17905903
17907681
17908588
17908643
17908844
17908940
17909017
17909123
17909407
17909523
17909966
17910144
17911045
17911256
17911534
17911733
17912559
17912761
17912807
17913948
17914392
17915694
17916077
17916334
17916635
17918013
17919846
17920390
17920638
17921665
17922259
17922615
17922643
17922662
17922774
17923051
17923295
17923420
17923715
17924188
17924776
17926052
17926426
17926526
17926577
17927395
17927845
17927880
17927904
17927977
17928147
17928174
17928254
17928296
17928576
17928744
17929440
17930166
17930478
17930732
17931648
17931838
17932048
17932520
17932543
17932643
17933038
17933068
17933078
17934755
17934815
17935033
17935049
17935742
17935843
17935904
17936128
17937006
17937057
17937217
17937330
17938069
17938523
17938538
17938722
17938780
17939144
17940149
17940349
17940485
17940622
17959768
17960320
17960566
17960929
17961566
17962010
17962042
17962169
17962309
17962546
17962551
17962967
17963719
17963849
17964141
17964372
17964626
17964839
17964974
17965120
17965130
17965750
17965790
17966610
17966812
17966936
17967760
17967975
17968242
17968402
17968438
17969902
17970924
17971112
17971348
17972378
17972387
17972944
17973209
17974071
17974079
17974177
17974327
17974400
17974620
17974966
17975108
17975163
17976042
17976163
17976350
17976456
17976815
17976950
17978146
17979180
17979594
17979630
17980004
17980162
17981412
17981671
17982449
17982882
17983150
17983280
17984592
17986166
17986473
17988189
17988705
17991018
17993698
17993752
17994597
17994893
17995014
17995310
17995604
17995726
17996440
17996715
17996726
17996883
17996949
17997578
17997838
17997937
17998078
17998706
17998730
17998884
17998903
17998928
17998985
17999160
17999727
18000458
18000778
18001444
18001496
18001597
18001663
18001694
18001742
18002631
18002736
18002864
18002957
18003046
18003215
18003606
18003875
18004047
18004065
18004444
18005677
18006439
18006994
18007318
18007629
18007654
18008503
18008916
18009209
18009453
18009772
18010114
18010194
18010219
18010533
18011101
18015925
18016718
18018185
18022156
18022453
18034480
18067076
18071501
18072847
18075646
18077013
18078590
18110496
18119953
18120549
18121447
18122727
18125222
18127674
18129218
18130035
18131687
18135784
18136458
18136780
18136809
18136901
18136953
18137224
18137783
18138352
18138496
18138621
18138797
18138881
18138924
18139037
18139367
18139567
18139570
18140207
18140346
18140801
18140810
18141375
18141802
18141828
18142057
18142164
18142190
18142532
18143736
18143744
18143894
18144584
18145511
18146402
18146491
18146518
18146600
18146830
18147000
18147030
18147038
18147293
18147362
18147587
18147787
18147977
18149288
18149514
18149740
18150515
18150572
18151122
18151784
18152478
18152747
18152759
18152926
18152948
18153097
18153463
18154063
18154312
18154559
18154816
18184854
18185120
18185392
18185641
18185803
18185979
18186052
18186368
18186468
18186793
18187103
18187582
18187878
18187948
18188514
18188657
18189304
18189394
18189685
18189946
18190374
18190512
18190529
18191223
18191305
18192592
18192661
18192924
18194527
18194903
18194950
18195480
18196819
18197054
18197783
18197789
18197959
18198581
18198944
18199001
18199028
18199098
18199278
18199639
18199665
18199691
18201178
18201243
18201468
18201657
18276747
18281984
18292151
18312724
18312806
18313584
18314396
18314819
18315144
18315615
18316278
18316492
18317288
18317855
18317901
18318291
18319462
18319496
18320046
18320168
18320270
18321335
18322264
18323276
18323819
18324578
18324745
18379699
18380634
18383880
18385641
18386893
18388213
18408137
18408710
18408858
18409596
18412179
18413015
18413908
18414319
18415092
18415122
18417003
18418442
18419908
18420250
18549479
18552473
18554117
18555116
18556387
18556825
18558285
18559573
18560812
18565512
18566086
18566217
18567483
18567666
18567777
18568153
18568565
18568567
18568971
18570890
18571305
18571314
18571790
18572935
18573930
18574043
18574067
18574893
18575153
18575176
18575376
18576232
18576676
18577968
18578096
18578847
18579388
18579424
18579878
18580110
18580310
18580464
18581025
18581458
18581591
18581612
18582074
18582178
18582650
18582690
18583360
18583786
18584302
