108505
109297
109516
109675
112597
113398
114293
115162
115306
115402
116271
116860
117174
117489
117637
117862
119669
120201
120763
121671
121974
122023
123422
124049
124141
124195
125177
126573
126834
127079
127391
127674
127718
127815
127828
127934
127965
128445
128535
128734
128913
129221
129344
129823
129951
130076
130135
130342
130452
130927
131178
131237
131314
131950
132096
132290
132343
133843
134076
134103
134162
134236
134505
134685
134786
135201
135248
135315
135701
135747
136462
136573
136866
137535
138772
140321
140512
140717
142261
142464
142526
142533
142649
142899
142961
143090
146454
147648
149236
150254
150831
150900
151165
151202
151916
152025
153327
155431
158744
202226
202425
203149
203354
203697
204515
204783
205150
205245
206117
206176
206287
206325
206845
206848
206876
207277
207656
207732
208128
208672
208913
208934
209838
210931
211165
211530
211613
211686
212664
212945
213163
214466
214726
217019
218781
218983
221291
227190
227759
293204
296079
301721
304434
305607
305683
305913
306656
307075
307122
307125
307383
308232
308347
308810
309820
310519
310625
310796
311273
311419
311802
312797
312830
313305
313432
313514
313847
314174
314777
314914
315097
315269
315328
315346
316569
316769
317172
317240
318112
318434
319193
319393
319466
320293
320563
320798
321146
321446
321448
435858
437195
438847
440150
440800
440971
442625
443273
446947
448466
449086
451051
451456
451597
451719
452092
452332
452349
452540
453025
453742
453893
454178
454217
454359
454738
454941
455248
455511
455541
456072
456162
456214
456438
456588
457451
457570
458349
458392
458435
459287
459532
459955
460040
460659
460914
460956
460982
461499
462066
462176
462288
462330
462384
462648
462794
463320
463596
463859
463979
464231
464417
464476
465581
465592
466863
467284
468147
468347
468838
468862
469689
470027
470406
471472
472112
472317
472843
472936
473246
474617
475932
476004
476563
477418
478060
478679
478877
479274
479617
480201
481839
481912
482015
483176
493407
497497
497985
498815
498820
498834
498983
499129
499313
499329
499367
500108
500566
500686
501076
501086
501157
501318
501436
501941
502402
502674
502886
503034
503278
503325
503333
504277
505525
505838
506356
506985
507023
507149
507312
507338
508355
508716
508872
509482
509587
510549
511728
511839
511945
513647
514158
514388
514845
514975
515258
515295
515716
516664
552874
553324
553525
553635
553681
554731
555058
555072
555194
555306
555779
556158
556497
556813
557110
557190
557698
557783
558170
558245
558408
558752
559026
559359
559637
559918
559962
560527
560537
561041
561238
562543
562591
562754
562982
563005
563079
563756
563918
564058
564161
564563
564619
564667
564733
564751
564872
565297
565356
565465
565469
565734
567491
568201
570162
571648
572900
573194
574384
574648
574854
576100
576811
577678
578256
578637
579961
646660
646760
646830
646950
647004
647030
647521
647628
647632
648986
649347
649385
649423
649570
650310
650860
651277
651656
651695
651927
652592
652861
653041
653208
653217
653476
654344
654347
654385
654590
655052
655237
655343
655709
656169
656203
657050
811433
812503
812610
812933
813176
813525
813943
814036
814142
814158
815521
816325
816910
817174
817471
817695
817957
817980
818049
818819
819403
819554
819684
819884
820013
820263
820645
820744
821522
821578
821656
821666
822258
823210
823270
823325
823421
824312
824478
824758
825516
825835
825991
826822
827303
827792
827845
854596
854767
855015
855345
855568
856193
856209
856541
857255
857651
858088
858542
858616
859617
860110
860904
861122
862681
864272
893484
893876
894105
894235
894304
894704
895022
895042
895519
895813
895846
895910
895998
896056
896173
896241
896257
896414
896995
897158
897524
897559
897823
898618
898785
899049
899546
899700
899914
900262
900397
900430
900482
900620
900701
900767
900831
900866
901149
901323
901541
901571
902226
902801
903184
903291
903386
903446
904361
904386
904662
904746
905106
905143
905591
905747
906018
906291
906395
906418
906600
906711
906902
907104
907170
907468
907631
907950
908036
908088
908795
908914
909173
909257
909291
909324
909434
909815
909912
910091
910287
999895
1012845
1045487
1045847
1048955
1049960
1050005
1050128
1052693
1053646
1068050
1231831
1231876
1231906
1232215
1232357
1232767
1233497
1233668
1233955
1233988
1234905
1234971
1235441
1235678
1235732
1235936
1236057
1236338
1236836
1237196
1238132
1238614
1238748
1239012
1239206
1239206
1239327
1239497
1239953
1240135
1240802
1240832
1240965
1241134
1241180
1241878
1241932
1242107
1242190
1242381
1242644
1242664
1242813
1243457
1294211
1294269
1294752
1294866
1295976
1296204
1296689
1296879
1297626
1297633
1297824
1298074
1299292
1299650
1299833
1300034
1300860
1301819
1302034
1303029
1303077
1303200
1303924
1304251
1304430
1304496
1304990
1305275
1305331
1305384
1305668
1305914
1305997
1306103
1306294
1306577
1307220
1307820
1307979
1311334
1313397
1313556
1316713
1317006
1318829
1322493
1323028
1323633
1324498
1324607
1369551
1369620
1370306
1372505
1372645
1373304
1373512
1374387
1374526
1374767
1376263
1376931
1377454
1377866
1378824
1380060
1383236
1384139
1384935
1385557
1386042
1386471
1387686
1387893
1404741
1406499
1407893
1408306
1413219
1416057
1417834
1417926
1418028
1418173
1418229
1419427
1419905
1420497
1420649
1420668
1420698
1421046
1421255
1421492
1421737
1421803
1422012
1422352
1422353
1422357
1422362
1422456
1422513
1422708
1423116
1423244
1423323
1423343
1423608
1424490
1424586
1425141
1425479
1425715
1425729
1425804
1425845
1425923
1425978
1426064
1426101
1426119
1426187
1426304
1426408
1426588
1426779
1426902
1426906
1427013
1427532
1427599
1427972
1431944
1437999
1441440
1456135
1457707
1461924
1462029
1462904
1463463
1464387
1466295
1466822
1468401
1468409
1468725
1468732
1469089
1469198
1470798
1471333
1472083
1472377
1472950
1473615
1473736
1474411
1475474
1476238
1476294
1476880
1477739
1478875
1479003
1479262
1479409
1479974
1479979
1480479
1480801
1480831
1481475
1481738
1481992
1482725
1483244
1483403
1483575
1483594
1483959
1484438
1486196
1486496
1487216
1487838
1488080
1488499
1489040
1489129
1489180
1629351
1632690
1633255
1634376
1678656
1678656
1679427
1680860
1681137
1681280
1681302
1681564
1682420
1682554
1682867
1683093
1683296
1683326
1683355
1683474
1684377
1684464
1684486
1684571
1684706
1685306
1686307
1686478
1687087
1687494
1687636
1687762
1687890
1688068
1688183
1688800
1688993
1689283
1689794
1690657
1691814
1692649
1693078
1693649
1693654
1693974
1694004
1694371
1735947
1750992
1751219
1753257
1755292
1755884
1758303
1761130
1762439
1764966
1765181
1765756
1766060
1766073
1766469
1804497
1806161
1808522
1808616
1809033
1810175
1810529
1811126
1811292
1813195
1813612
1814626
1879717
1881581
1881881
1882523
1883284
1883981
1884162
1884363
1885260
1886305
1886743
1887351
1887815
1888651
1888991
1891961
1892989
1893430
1893508
1894437
1898305
1907643
1907735
1908319
1908670
1908984
1909160
1909358
1910743
1910989
1911349
1911396
1911724
1912428
1913158
1913431
1913869
1914344
1914541
1914721
1915836
1916954
1918598
1918680
1919310
1920221
1921035
1921097
1921713
1939985
1940390
1940526
1941485
1942135
1942410
1942849
1943114
1943420
1945697
1945839
1946481
1946770
1947629
1948828
1950919
1954078
1955799
1955932
1957068
1957170
1957636
1957717
1958035
1958302
1958687
1959041
1979087
1980734
1981064
1982169
1984352
1985948
1986376
1986592
1988484
1989154
1990104
1990719
1991310
1991717
1992251
1994130
2041528
2042639
2043368
2043392
2045716
2046744
2047055
2047674
2048304
2048411
2048884
2048916
2048987
2049935
2050045
2054405
2055180
2055182
2055281
2083375
2085336
2086628
2123581
2136699
2140756
2140769
2142310
2143423
2144218
2145732
2148958
2149940
2150326
2150571
2150629
2150698
2150856
2151245
2151728
2151807
2151918
2152240
2152864
2152897
2153148
2153208
2153239
2153795
2154036
2154153
2154435
2154591
2154601
2155310
2155400
2155965
2156038
2156511
2156561
2156640
2156774
2156951
2157437
2158008
2158303
2158334
2158471
2159119
2159123
2159605
2159661
2160301
2160885
2161245
2161319
2162087
2162552
2162557
2163078
2163885
2164177
2164394
2164532
2164581
2164702
2164715
2165432
2166209
2166286
2166512
2166879
2167021
2167972
2168094
2168233
2168959
2169174
2169906
2169936
2170034
2170089
2170616
2171281
2171880
2172545
2172942
2173699
2174505
2175125
2175148
2175324
2175780
2176557
2179694
2181515
2200497
2200549
2200901
2202366
2203851
2205335
2207682
2207782
2209001
2209029
2210220
2228833
2228851
2229146
2229237
2229254
2229695
2229791
2230318
2232252
2233659
2235770
2237269
2237352
2238941
2240875
2242667
2242789
2243735
2261427
2261903
2263989
2265113
2267705
2268872
2269960
2292390
2294126
2294505
2294768
2294860
2294862
2295341
2295416
2295610
2296421
2296699
2296841
2297179
2297543
2298515
2299219
2299312
2299399
2299413
2299545
2299582
2299930
2300059
2300250
2301050
2301290
2301405
2301749
2301891
2302082
2302211
2302217
2302357
2302399
2302614
2302926
2303147
2303337
2303577
2304036
2304195
2304414
2304510
2304870
2304997
2305582
2305648
2306177
2306383
2306436
2306483
2306521
2307070
2307096
2307335
2307520
2307759
2307770
2307878
2308052
2308270
2308571
2308591
2308740
2308817
2308832
2309910
2310144
2310269
2311031
2311209
2311411
2311578
2311921
2327831
2328138
2328141
2328151
2328340
2328434
2328797
2328875
2329315
2329579
2330071
2330238
2330557
2330644
2331355
2331432
2331607
2331701
2331927
2332001
2332022
2332095
2333153
2333395
2334550
2334685
2334975
2335543
2335620
2336303
2336651
2336683
2337451
2337675
2337715
2337769
2338231
2338275
2338336
2338377
2338776
2338799
2338997
2339098
2339134
2339601
2339676
2340050
2340195
2340332
2340370
2340474
2341358
2341386
2341481
2341680
2341719
2341837
2342130
2342560
2342778
2343018
2343143
2343195
2343313
2343663
2344474
2346359
2346473
2346601
2346647
2346747
2347385
2347537
2347622
2347739
2348088
2348108
2348258
2348619
2348869
2349517
2350643
2350836
2351558
2352096
2352323
2352984
2352996
2353343
2353354
2353454
2353776
2354019
2354286
2354672
2355362
2355515
2355705
2356001
2356211
2356347
2356364
2357412
2357443
2357838
2358187
2358541
2358551
2358557
2358587
2359206
2359535
2359857
2360031
2360067
2360081
2360180
2360550
2361170
2361365
2361399
2362153
2362159
2362172
2362423
2362652
2362817
2363330
2363866
2363940
2375655
2380500
2383072
2386172
2389367
2391088
2391483
2419457
2425141
2425445
2425651
2425899
2426099
2427258
2427593
2427637
2427779
2428130
2428381
2428590
2429405
2429632
2429935
2430215
2430562
2430879
2431013
2431036
2431129
2431442
2431637
2432413
2432611
2432880
2433615
2433746
2433865
2433999
2434144
2434162
2434303
2434469
2435181
2435346
2435466
2435563
2435698
2435778
2436335
2437242
2437338
2437347
2437439
2437911
2437954
2438017
2438442
2439142
2439259
2439549
2439820
2440064
2440078
2462505
2466410
2472044
2501904
2504507
2506688
2510120
2512956
2516900
2517255
2517819
2518407
2518577
2518804
2519036
2520243
2521043
2521079
2521149
2522132
2522215
2522586
2522858
2523622
2524411
2525247
2527822
2558781
2621428
2621476
2622058
2622082
2623000
2623858
2623951
2624547
2624624
2624835
2624867
2624940
2624995
2625630
2625834
2625880
2626021
2626151
2626201
2626989
2627199
2627230
2627324
2627659
2627680
2628183
2628716
2629501
2629734
2630113
2630479
2630879
2631146
2631511
2631527
2631945
2669036
2669591
2669647
2669904
2669995
2670255
2670483
2671020
2671119
2671967
2672003
2672150
2672183
2672601
2672830
2673467
2674871
2675052
2675115
2675237
2675482
2675506
2675674
2675706
2675767
2675824
2675877
2676425
2676642
2676647
2676656
2676945
2677130
2677158
2677288
2677443
2677525
2677892
2678606
2678785
2678880
2678895
2679079
2679265
2679664
2680074
2680192
2680378
2680472
2703761
2711080
2919431
2920570
2920749
2923956
2924456
2924503
2930707
2931199
2931278
2934206
2937503
2939389
2939579
2939745
2939903
2940203
2940599
2942229
2942513
2942863
2942999
2943032
2943071
2943308
2943868
2944312
2944320
2944727
2945829
2946532
2946548
2947147
2947210
2947315
2948852
2949073
2949234
2949456
2949670
2950375
2951399
2951505
2951762
2951949
2952306
2952378
2954496
2954526
2954690
2955044
2955071
2955211
2955823
2956053
2956111
2956235
2956566
2956733
2957227
2958014
2958373
2959389
2959406
2959675
2959949
2960317
2960821
2961048
2961865
2962745
2963727
2963981
2964400
2964703
2965490
2965723
2966090
2966137
2966362
2967100
2967791
2967840
2967948
2968134
2968401
2968671
2968759
2969521
2969569
2969898
2970533
2970835
2970992
2971882
2973336
2973350
2973391
2973584
2974228
2974256
2974327
2974444
2974554
2975029
2975181
2975820
2977177
2977185
2977556
2977901
2977985
2978136
2978209
2978537
2978557
2978587
2978651
2979464
2979574
2980040
2980048
2980191
2980264
2980400
2980606
2980882
2981084
2981602
2981738
2982272
2982740
2982859
2983473
2984259
2984657
2985132
2985493
2985566
2985856
2985879
2985954
2986276
2986442
2986678
2987092
2987896
2988288
2988373
2988469
2988808
2988851
2988900
2988923
2989135
2989488
3020969
3021545
3022737
3022971
3023236
3023719
3024618
3024628
3025917
3026394
3026758
3027432
3027686
3027709
3028014
3028489
3028973
3030499
3031105
3031347
3032062
3032106
3032375
3034134
3034413
3035201
3035526
3035572
3036543
3077688
3096450
3098058
3099264
3101472
3104153
3107173
3110656
3112548
3114391
3141011
3141166
3148035
3149450
3149571
3151071
3155373
3157873
3194977
3197830
3198193
3199466
3202901
3205269
3206175
3206707
3207576
3207992
3208519
3211426
3213672
3214697
3215599
3217800
3220240
3222353
3297900
3303430
3364759
3364856
3364871
3365184
3365473
3365907
3366141
3366486
3366973
3367017
3367094
3367576
3367791
3367848
3367876
3368407
3368738
3369003
3369367
3369368
3369666
3369949
3370259
3370483
3370490
3370615
3370648
3370772
3371358
3371610
3372119
3372150
3372178
3372233
3372422
3373146
3373155
3373863
3373868
3374255
3374688
3374822
3374902
3375191
3375495
3376164
3376238
3452368
3452996
3453419
3453926
3454416
3454480
3454499
3454580
3455124
3455227
3455426
3456697
3456983
3457117
3457177
3457283
3457444
3457501
3458141
3458188
3459627
3460180
3461018
3461550
3462062
3462077
3462656
3462723
3462745
3463176
3463336
3463847
3463910
3464074
3464082
3661984
3671568
3672023
3800458
3829795
3829923
3830810
3831194
3831237
3831276
3831313
3831444
3832413
3832716
3833166
3833552
3834071
3834083
3834424
3835052
3835443
3835553
3836275
3838036
3838472
3838706
3839145
3839461
3839791
3839890
3840297
3841600
3855261
3855969
3856757
3856964
3857094
3857234
3857274
3857771
3858460
3858707
3858912
3859307
3859373
3859396
3859983
3860597
3860640
3861243
3862246
3862281
3862676
3863554
3863680
3863745
3864021
3864209
3864517
3865348
3866486
3866604
3866626
3866757
3867170
3867476
3867534
3867541
3867542
3867802
3867843
3867891
3868531
3868750
3868754
3869057
3869126
3869210
3869379
3870503
3870862
3870890
3870899
3871030
3871558
3871962
3872080
3872310
3872313
3872709
3872746
3873373
3873471
3873864
3874035
3892886
3893038
3893140
3893142
3893215
3893381
3893491
3893869
3894869
3895047
3895267
3895314
3895354
3895359
3895443
3895668
3896434
3896778
3897577
3897616
3897889
3898257
3898663
3898857
3898937
3899492
3899558
3900186
3900257
3900418
3900656
3900764
3901197
3901205
3901524
3901692
3902007
3902320
3902525
3902646
3902779
3902798
3902912
3903050
3903254
3903545
3903938
3904045
3904109
3904550
3904844
3905322
3905541
3905550
3905673
3906290
3906456
3906627
3907457
3907730
3927791
3927847
3928459
3928586
3928714
3929219
3929571
3930541
3930566
3930604
3930646
3930665
3932042
3932403
3932430
3932704
3933084
3933322
3933625
3934019
3934710
3935660
3936413
3936541
3937077
3938636
3938692
3939241
3939424
3939829
3940094
3940103
3940112
3940122
3940199
3940668
3940675
3940746
3941352
3941623
3942374
3943677
3948878
3949472
3949756
3955028
3955105
3955687
3956646
3957059
3957659
3973163
3973478
3973538
3973924
3974412
3975025
3975135
3975345
3975505
3975527
3975877
3975923
3976800
3977052
3977172
3977314
3977752
3977855
3978046
3978137
3978251
3978771
3979004
3979012
3979413
3979862
3980326
3980385
3980516
3980862
3981033
3981503
3981688
3981918
3981952
3982160
3982229
3982317
3982633
3982680
3982687
3982820
3982831
3982915
3983069
3983651
3984051
3984057
3984766
3984787
3985370
3985852
3986131
3986257
3986369
3986381
3986414
3986927
3987033
3987061
3987311
3987452
3987539
3987564
3987858
3987907
3988092
3988234
3988369
4014748
4019495
4039982
4040205
4040260
4040772
4041041
4041727
4042553
4042745
4043836
4044473
4045063
4045411
4045461
4045539
4045754
4046039
4046416
4046527
4046850
4048314
4049736
4050397
4051282
4051414
4051571
4051766
4051790
4052440
4053377
4053837
4054074
4054233
4055464
4056175
4056364
4056452
4056607
4058069
4058100
4058760
4072097
4072120
4073236
4073514
4073639
4073686
4074164
4074680
4074952
4075360
4075429
4076110
4076843
4077158
4078905
4079254
4079733
4080640
4080781
4081419
4081435
4081541
4082483
4082941
4083059
4199057
4199178
4199313
4199600
4200240
4200911
4200997
4201082
4201178
4201278
4201514
4201653
4202019
4202162
4202864
4203140
4203680
4203732
4203743
4204846
4205311
4205776
4205789
4206385
4206475
4206539
4206923
4206929
4207039
4207688
4207832
4208566
4208780
4209166
4209642
4209739
4209941
4210040
4210069
4210121
4210400
4210433
4210520
4210572
4210793
4212386
4213265
4213360
4213371
4213647
4213708
4213858
4214139
4214530
4214603
4214848
4214893
4254247
4257356
4260143
4260513
4273779
4274111
4274798
4274804
4274974
4275345
4275519
4275761
4275976
4276212
4277732
4278133
4278762
4278909
4279821
4279833
4280265
4280615
4280680
4281035
4281185
4281451
4282187
4282793
4283454
4283815
4283878
4283888
4284740
4285209
4285820
4286507
4286816
4286961
4287020
4287489
4287764
4287901
4288746
4289981
4290193
4290516
4291488
4310334
4310491
4311131
4311341
4311487
4312379
4312475
4312487
4312638
4312691
4312806
4313299
4313570
4313593
4313849
4313941
4313971
4314290
4314723
4314774
4314888
4315053
4315094
4315709
4316086
4316219
4316428
4317419
4317602
4317798
4318482
4318546
4318882
4319200
4319298
4319381
4319710
4319757
4319865
4320297
4320345
4320726
4320774
4320902
4320972
4321310
4321433
4321579
4337664
4337980
4338416
4338674
4338766
4338888
4340639
4341520
4341587
4342172
4342296
4342408
4342492
4343375
4343757
4343790
4344036
4344129
4344140
4344367
4344757
4344836
4345442
4345784
4345814
4346184
4346214
4346260
4346728
4346856
4347370
4347800
4347929
4348098
4348176
4348327
4348633
4348905
4349174
4349481
4349709
4349890
4351723
4352335
4352574
4353479
4353999
4354001
4354042
4354193
4354287
4354740
4354977
4355029
4355138
4355729
4356043
4356281
4356393
4356422
4356586
4356976
4357024
4357285
4357336
4357342
4357895
4358031
4358430
4358471
4358660
4358693
4359292
4359824
4360233
4360396
4360439
4360748
4361153
4361446
4362245
4362472
4363324
4363793
4363960
4363984
4364057
4364912
4365102
4365189
4365383
4408784
4412046
4449909
4450285
4451721
4452159
4453363
4453716
4453778
4454100
4454156
4455052
4455323
4455490
4455526
4455675
4455680
4455978
4456243
4456269
4456387
4456563
4456582
4456650
4456857
4457266
4457706
4458158
4458319
4458384
4458718
4458743
4459043
4459081
4459459
4459722
4459782
4459958
4460709
4466203
4467232
4472643
4473774
4474831
4479486
4479493
4479814
4483020
4483276
4486454
4489967
4489968
4490722
4490781
4491891
4493227
4494137
4494981
4495239
4495266
4495287
4495792
4495896
4495926
4496023
4496724
4496843
4497674
4497826
4498065
4499111
4499129
4500678
4501333
4501443
4501501
4516402
4517084
4517116
4517312
4517444
4519280
4519776
4521615
4547464
4797504
4797583
4797656
4797763
4797868
4798611
4799024
4799062
4799189
4799722
4799864
4800252
4800321
4800428
4801070
4801088
4801180
4801445
4801862
4802321
4802371
4803171
4803347
4803524
4803599
4803674
4804228
4804410
4804685
4804807
4804948
4805499
4806269
4806655
4807225
4807315
4807835
4807877
4807908
4807958
4808087
4808685
4809313
4809784
4810041
4844418
4845180
4845579
4848262
4849618
4851035
4852765
4853582
4854644
4855959
4986288
4987131
4987391
4987621
4988725
4991575
4995285
4995878
4996749
4998184
4998204
4998621
4998917
4999238
4999399
4999508
4999769
5000209
5000334
5000443
5000855
5000948
5000990
5001302
5001373
5002418
5002455
5002900
5003419
5003871
5003997
5004007
5004062
5004190
5004936
5005310
5005549
5006041
5006452
5006558
5006842
5007320
5007503
5007536
5007610
5007856
5008330
5008703
5008788
5008867
5009788
5009816
5009841
5010204
5010347
5011475
5011615
5011673
5012401
5012846
5013551
5015122
5015314
5016341
5017230
5019027
5019745
5021315
5023014
5023351
5024777
5025607
5026765
5042119
5042322
5043122
5044136
5044474
5044769
5045259
5045495
5045698
5045722
5045834
5046754
5047679
5047694
5048153
5048586
5048945
5049880
5050403
5050601
5050838
5050845
5051167
5051325
5051417
5051836
5052200
5054644
5056244
5057388
5057663
5057715
5058093
5058684
5059031
5059843
5060369
5060909
5061184
5062645
5062672
5063057
5063270
5063445
5063483
5063561
5063764
5064527
5064566
5064773
5065311
5066136
5066320
5066993
5067989
5143384
5148699
5151748
5151847
5153816
5157102
5157828
5158965
5160104
5160363
5160555
5161879
5162040
5162076
5162846
5163482
5163608
5163714
5167422
5167509
5251501
5258661
5320639
5321050
5326955
5328561
5329437
5331470
5332918
5352537
5361946
5368942
5369542
5371587
5372287
5372757
5373684
5375442
5375549
5376668
5379621
5381443
5382527
5466529
5466562
5466567
5467659
5467848
5467913
5468406
5468520
5468945
5469274
5469490
5469492
5471027
5471390
5471724
5473338
5473643
5474045
5474434
5474697
5475403
5475672
5475789
5476414
5476563
5476667
5477256
5477395
5477578
5477764
5478607
5479209
5479423
5480017
5480155
5480503
5480745
5480812
5480978
5482041
5482498
5512598
5512947
5513044
5545877
5548296
5551029
5551683
5681664
5682045
5682077
5682257
5682350
5682359
5682437
5682442
5682533
5682970
5683027
5683500
5683503
5683844
5684260
5684364
5684576
5685592
5685783
5685962
5686623
5687282
5687447
5687944
5688030
5688284
5688373
5688378
5688420
5688555
5688637
5689285
5689732
5689800
5690331
5690587
5690651
5690670
5690955
5691384
5691484
5691522
5691664
5691830
5691924
5692155
5692281
5692395
5692541
5692736
5692793
5692943
5693204
5693390
5693426
5693430
5693443
5693588
5693688
5693785
5693841
5693938
5694265
5694284
5694346
5695013
5695270
5695621
5695626
5695665
5695834
5696289
5696352
5697539
5697676
5698465
5698843
5698932
5698933
5699175
5699353
5700551
5700620
5701250
5701292
5702095
5702724
5702748
5703481
5703566
5704560
5704615
5704687
5704716
5705380
5705391
5705665
5705685
5706135
5706357
5706409
5706424
5707087
5707166
5707392
5707725
5708949
5709682
5709827
5710639
5710916
5710961
5711313
5711321
5712571
5720451
5805790
5808832
5824232
5824354
5824365
5824436
5824804
5824823
5825030
5825083
5825385
5825666
5826549
5826892
5827053
5827267
5827755
5827861
5828501
5828588
5828709
5828828
5829215
5829313
5829427
5830477
5830891
5831470
5831513
5832751
5833043
5833198
5833391
5833478
5833746
5833964
5834400
5834590
5848808
5848921
5849170
5853074
5853698
5854216
5854876
5854895
5855904
5856715
5856840
5857142
5857909
5858617
5858730
5858941
5859117
5863201
5863206
5863225
5863263
5864381
5865384
5865606
5867452
5900747
5902321
5902388
5902736
5902913
5902976
5902992
5904405
5904656
5905181
5905440
5905549
5905818
5906350
5907266
5907580
5907753
5907926
5908512
5908643
5908690
5908953
5909365
5909659
5910175
5910231
5910808
5911418
5911493
5912105
5912425
5913004
5913708
5917035
5919402
5920028
5920071
5920151
5920769
5920866
5921073
5921117
5921275
5921401
5921488
5922225
5923430
5923613
5923763
5924394
5968230
6007094
6014102
6014445
6015942
6023269
6023314
6057037
6057280
6058234
6058237
6058525
6058803
6058966
6060059
6060610
6061150
6062281
6063051
6063135
6063909
6064421
6065084
6065132
6065184
6065253
6065745
6066208
6066273
6066488
6066789
6066944
6067901
6068092
6069090
6069678
6069776
6069927
6071015
6071375
6071666
6071914
6071974
6072354
6072454
6073134
6073718
6074169
6075149
6075279
6075318
6075330
6075393
6075854
6076077
6076154
6076463
6076790
6077348
6077421
6077740
6078474
6079309
6079588
6079755
6079783
6079833
6080329
6080485
6080533
6080695
6081032
6081425
6081870
6081940
6081988
6082117
6115684
6118830
6145802
6146141
6148511
6150496
6150891
6152162
6153580
6153800
6154743
6154787
6155782
6156980
6159974
6160620
6160736
6162008
6162439
6162667
6167176
6167853
6168347
6174234
6175247
6230453
6230676
6230810
6231066
6231185
6231700
6232025
6232067
6232767
6232815
6232901
6233123
6233768
6233991
6234147
6234737
6234748
6234960
6235181
6235489
6235929
6236031
6236446
6236661
6236724
6236775
6236799
6236913
6237119
6237462
6238224
6238385
6238902
6238971
6239085
6239294
6239837
6239873
6239935
6240013
6240224
6240989
6241111
6241220
6241252
6241485
6241680
6241875
6241974
6242004
6242010
6242272
6242732
6244336
6244408
6244567
6245113
6245122
6245143
6245874
6246479
6246653
6247003
6247614
6247730
6248177
6248294
6248925
6249938
6250094
6250149
6250407
6250463
6250974
6251232
6251547
6252070
6252536
6252933
6252983
6253427
6253545
6253788
6253820
6254005
6254079
6255254
6255392
6255431
6255668
6255792
6256024
6256342
6257624
6257697
6257788
6257819
6258479
6258788
6259145
6259207
6260445
6260511
6260754
6260835
6260906
6261005
6261215
6261498
6261836
6262420
6262553
6263153
6263180
6263416
6263983
6264246
6264357
6264484
6264549
6264785
6265118
6265222
6265292
6266074
6266207
6266351
6266566
6266611
6266619
6266820
6267695
6267706
6267721
6267814
6267910
6268520
6268877
6269070
6269296
6269449
6269464
6269529
6269643
6270200
6270507
6270546
6270649
6270654
6270997
6271223
6271290
6271628
6271645
6271677
6272951
6273003
6273006
6273045
6273523
6273773
6273868
6273904
6274315
6275574
6275665
6275849
6276036
6276395
6276569
6276641
6277067
6277252
6277272
6277317
6372880
6449953
6454871
6457992
6546683
6551375
6554088
6556053
6558470
6558514
6559724
6561816
6561931
6562045
6562290
6563338
6564490
6564543
6565577
6566005
6566235
6566766
6569135
6570035
6570309
6570381
6570538
6627130
6627351
6627862
6627922
6628092
6628520
6629541
6629673
6629954
6630349
6631702
6632578
6633106
6634215
6634706
6634812
6635191
6635607
6635644
6636096
6636434
6637444
6637577
6637596
6638568
6638598
6638672
6639158
6639511
6639720
6639749
6640775
6640776
6640853
6641191
6641241
6641652
6641985
6642011
6642055
6680497
6682291
6703382
6703514
6703628
6704026
6704311
6704445
6705022
6706584
6706690
6706711
6707335
6707640
6707688
6708515
6709418
6709572
6709926
6710755
6710798
6711290
6711387
6712015
6712244
6712564
6712598
6712876
6712992
6713075
6713416
6713475
6713834
6714112
6714300
6714411
6714415
6714531
6715010
6715256
6715434
6716296
6716990
6717092
6717481
6717604
6717770
6718402
6719362
6719410
6719632
6719649
6719708
6719854
6720593
6721082
6721720
6721780
6722215
6722259
6722619
6723608
6723923
6724031
6724041
6724340
6724608
6724965
6725190
6725639
6725712
6725769
6725994
6726737
6727092
6727326
6727387
6727665
6727688
6727980
6728219
6729227
6730000
6730034
6748429
6748931
6751478
6755545
6757965
6775185
6897084
6898844
6900876
6901097
6901260
6901683
6901780
6904890
6906833
6907810
6925149
6926471
6926483
6926835
6927051
6927082
6927300
6927321
6927970
6928195
6928448
6928703
6929041
6929469
6930663
6931008
6931024
6931372
6931402
6931508
6931677
6931685
6932305
6932393
6933409
6933455
6933470
6934040
6934193
6934240
6934268
6934498
6934566
6934724
6934783
6934810
6934941
6935140
6935430
6935740
6935869
6935952
6936269
6936749
6936813
6937085
6937196
6937382
6937942
6938353
7143967
7144019
7144341
7144397
7144425
7144604
7144869
7144883
7144940
7144949
7145085
7145144
7145203
7146185
7146232
7146636
7146855
7146908
7146986
7147281
7147294
7147444
7147803
7148159
7148944
7149077
7149278
7150030
7151587
7151621
7151669
7151687
7152254
7152496
7152593
7152903
7152971
7153046
7153724
7153834
7154033
7154055
7154158
7154434
7154535
7154694
7154708
7155005
7155191
7155221
7155407
7155408
7155964
7157209
7157428
7157483
7275693
7278654
7278921
7292638
7294279
7294550
7294989
7295012
7295097
7295153
7296304
7296347
7297188
7298673
7299147
7299203
7299979
7301230
7302303
7302455
7304357
7305050
7305068
7305323
7305397
7305563
7307762
7307911
7307999
7308934
7309139
7309514
7309551
7309745
7310042
7310126
7310228
7310426
7310484
7310574
7310704
7310830
7310907
7311413
7311549
7311674
7312206
7312438
7312802
7313008
7313032
7313210
7313769
7314242
7315010
7315200
7316061
7316472
7316494
7316702
7317674
7317930
7318222
7318312
7319178
7319399
7319510
7319914
7320420
7321460
7321790
7321821
7322725
7322879
7323044
7323102
7323690
7323742
7323975
7324388
7336795
7337984
7338141
7339052
7340959
7341944
7344506
7346038
7346951
7347176
7348580
7349405
7349792
7350081
7352469
7372379
7372590
7375052
7377856
7378057
7378432
7379504
7382600
7382786
7382793
7387474
7389309
7389808
7390240
7390638
7390874
7390977
7390994
7392732
7392816
7392908
7394963
7396005
7397663
7397783
7398539
7435126
7435496
7435886
7436273
7436703
7437565
7438059
7438193
7438569
7438971
7439030
7439941
7439983
7440392
7440718
7441682
7442584
7442772
7442858
7443045
7443506
7443507
7443698
7444117
7444501
7444524
7444604
7445189
7445309
7445613
7446213
7446223
7446282
7446550
7447082
7447807
7447830
7447844
7447896
7447956
7448264
7448406
7448432
7448723
7448876
7449196
7449584
7450259
7450403
7450600
7450689
7463526
7463879
7463893
7467834
7468237
7469614
7469639
7471444
7471839
7472991
7473684
7477960
7478554
7506150
7514824
7617117
7617283
7617631
7618076
7618107
7618217
7618249
7618570
7618776
7618817
7619258
7619455
7619521
7620149
7620227
7620274
7620392
7620984
7621005
7621876
7622110
7622345
7622820
7623333
7623401
7624232
7624743
7624834
7624854
7625067
7625334
7625376
7625514
7625517
7625972
7627163
7628535
7629316
7629371
7630689
7632040
7635951
7637588
7637766
7638683
7638877
7640729
7641142
7648777
7651765
7652505
7653560
7655549
7656250
7656706
7743487
7743712
7744240
7744325
7744563
7744607
7744629
7746275
7746676
7747142
7747623
7747653
7747834
7748048
7748210
7748481
7750633
7750674
7750951
7752022
7752099
7752846
7752851
7753914
7754092
7754468
7755691
7757141
7757616
7757709
7758220
7758773
7759241
7759279
7760754
7816854
7817877
7818044
7818100
7818552
7818975
7819099
7819128
7819278
7819489
7819645
7819848
7819854
7820811
7820925
7821476
7821592
7821711
7822034
7822124
7822516
7822670
7822918
7822934
7823109
7823136
7823186
7823224
7824519
7824651
7824872
7825342
7825575
7825659
7825870
7825961
7826316
7826341
7826548
7826802
7826810
7826893
7826958
7827903
7828553
7828686
7828936
7829460
7829563
7829956
7830206
7830310
7830339
7904741
7904749
7904802
7905117
7905638
7905978
7906013
7906238
7907420
7907726
7907843
7907933
7908083
7908202
7908225
7909092
7909373
7909401
7909420
7910189
7910278
7910349
7910515
7910599
7910607
7910796
7911292
7911660
7911773
7911981
7912265
7912386
7912540
7912883
7913681
7913844
7913858
7913882
7914668
7931613
7932786
7935687
7990277
7994934
8001978
8008008
8018119
8018313
8020964
8022215
8023435
8025154
8025918
8026694
8027408
8028194
8028387
8028715
8029541
8029555
8029570
8030103
8032132
8032267
8034151
8034152
8034440
8076767
8076854
8076989
8077448
8077555
8077656
8078767
8078836
8078878
8079069
8079733
8079765
8080337
8080400
8080617
8080992
8081039
8081088
8081119
8081511
8081699
8082029
8082160
8082184
8082403
8082437
8082935
8083017
8083078
8083463
8083488
8083519
8083845
8084135
8084179
8084522
8084567
8084820
8084988
8085681
8085793
8085889
8085968
8086041
8086261
8086449
8087209
8087688
8088043
8088099
8222467
8222588
8222730
8222929
8223553
8223636
8224049
8224183
8224431
8224636
8225108
8225218
8225794
8225824
8226037
8226068
8226127
8226430
8226508
8226813
8227371
8227458
8227498
8227575
8227730
8227936
8227962
8227983
8228229
8228367
8228569
8229134
8229927
8230291
8230453
8230539
8230617
8231052
8231248
8231877
8232409
8232412
8233374
8233430
8233450
8233917
8234244
8234308
8234485
8235024
8235895
8235986
8236185
8236898
8237201
8237494
8237580
8237726
8237959
8238217
8238261
8238513
8238768
8239691
8239829
8240170
8240668
8240760
8240782
8241177
8241698
8242405
8242894
8243018
8243176
8243382
8243538
8243634
8244034
8244123
8245835
8246537
8247046
8247213
8247418
8275957
8275957
8276334
8278689
8279196
8279568
8279930
8281861
8282613
8283568
8283960
8395751
8397565
8397615
8399494
8400540
8401939
8402631
8405168
8478728
8479110
8479171
8479671
8479753
8479778
8479979
8480093
8480757
8481769
8482010
8482175
8482781
8483064
8483266
8483306
8484188
8484723
8484849
8484866
8484917
8485231
8485646
8486219
8486378
8486543
8486624
8487250
8487326
8487664
8487716
8487838
8488596
8488642
8489055
8489845
8489866
8489959
8490178
8490346
8490358
8492774
8492853
8492914
8493139
8493217
8493345
8493366
8493504
8493511
8493711
8493874
8494285
8494401
8494676
8495104
8495225
8495518
8495690
8495727
8495805
8496151
8496875
8496890
8497092
8497165
8497234
8497481
8497721
8498429
8498649
8498654
8499029
8499041
8499105
8499425
8499664
8499874
8500404
8500476
8500611
8500911
8501007
8501019
8501061
8501405
8501707
8501770
8502198
8502230
8502518
8502948
8502988
8503072
8503534
8504102
8504201
8504436
8504440
8505140
8505316
8505352
8505393
8505543
8505759
8506202
8506528
8506535
8507233
8508784
8509323
8509413
8509430
8509511
8509566
8509808
8510417
8510607
8510899
8511434
8511776
8511850
8511851
8512148
8512220
8512614
8512631
8512672
8512713
8512968
8512994
8513207
8513486
8514075
8514369
8514406
8514428
8562907
8563038
8563288
8563410
8563667
8563676
8565021
8565208
8565584
8565906
8566770
8567107
8567348
8567358
8567405
8567413
8567756
8567829
8567843
8568057
8568323
8568951
8569087
8569930
8569995
8570039
8570113
8570702
8570912
8571661
8572734
8572856
8573512
8573816
8574964
8574970
8574992
8575319
8575783
8576106
8576632
8577122
8577749
8577862
8578665
8579320
8579577
8580415
8580646
8580826
8580914
8581052
8581372
8581585
8581778
8581859
8581950
8621646
8622109
8623622
8624122
8624756
8625084
8626253
8627750
8628677
8630523
8630613
8631954
8632954
8633263
8633306
8635151
8636773
8637430
8639192
8639543
8640040
8640380
8640829
8641009
8641014
8641480
8641762
8642520
8642571
8643096
8643474
8643618
8643862
8644376
8644646
8644707
8644959
8644987
8645105
8645294
8645748
8645975
8646260
8646400
8646402
8646433
8646823
8647031
8647121
8648666
8648719
8648884
8648953
8649045
8649587
8649608
8650004
8650367
8650597
8651082
8651100
8651336
8651625
8651956
8652005
8652115
8652286
8652535
8652785
8652919
8653213
8653634
8653706
8655136
8655438
8655771
8655785
8672754
8674558
8675605
8792796
8792891
8792912
8793189
8794006
8795002
8795078
8795444
8795569
8796311
8796319
8796547
8797026
8797449
8797872
8799156
8799501
8799722
8800995
8801690
8801816
8835827
8836739
8836814
8836904
8837254
8837470
8837690
8838361
8839278
8839765
8840043
8841311
8841556
8842231
8842645
8843226
8843600
8843851
8844467
8844736
8845239
8846392
8847356
8883002
8885844
8944783
8945366
8945542
8946335
8946443
8946612
8947303
8947768
8948329
8950470
8951142
8951942
8953158
8953197
8953448
8954224
8955385
8955417
8955588
8955970
8957889
8958304
8958356
8958402
8958571
8958628
8958895
8959032
8959381
8959461
8959556
8961289
8961341
8961738
8962096
8962184
8962304
8962451
9004617
9006042
9007161
9007578
9007587
9007931
9008105
9008996
9010368
9010436
9010737
9011910
9012033
9012126
9012472
9012633
9012988
9013590
9014216
9014367
9014383
9014878
9015456
9016518
9016801
9016940
9017062
9018407
9018456
9018734
9018853
9018901
9019395
9019543
9019553
9020063
9020710
9020789
9020801
9021164
9022035
9022356
9023050
9023200
9023698
9023782
9024018
9024274
9024500
9024668
9024773
9024929
9025051
9025740
9026142
9026512
9026590
9026697
9026980
9027554
9027916
9028037
9028605
9028742
9029110
9029416
9029739
9030239
9030502
9030612
9030681
9030810
9030835
9031936
9032491
9032928
9032978
9033257
9033337
9033473
9033586
9130353
9130486
9130543
9130642
9130989
9131338
9131358
9131834
9132204
9132670
9132912
9133155
9133670
9133812
9134152
9134338
9134514
9134578
9134664
9134707
9134741
9135222
9135429
9135650
9135860
9135862
9136284
9136466
9136491
9136800
9137038
9137113
9137161
9137278
9138100
9138967
9139080
9139100
9140288
9140481
9140599
9141320
9144984
9145783
9147381
9147469
9150946
9151288
9152477
9154674
9216654
9217469
9217911
9218543
9221073
9221774
9223587
9224492
9225127
9226183
9226195
9226499
9226543
9227495
9228625
9228912
9228946
9333366
9333734
9333870
9334537
9334689
9334824
9335454
9335617
9335646
9335724
9335768
9336594
9336657
9336812
9336887
9336929
9336963
9337213
9337690
9338093
9338158
9338608
9338749
9338922
9339009
9339216
9340783
9341516
9341524
9342455
9343117
9343273
9343299
9343353
9343530
9343539
9344378
9345038
9345628
9346046
9346083
9346541
9346620
9346987
9347363
9347645
9348442
9348636
9348751
9348892
9349027
9349167
9349169
9349663
9350791
9351484
9351618
9351942
9352271
9352537
9353070
9353295
9353986
9354164
9355236
9356096
9358064
9363335
9377724
9390190
9495717
9540292
9540392
9540455
9540487
9540679
9541137
9541509
9541671
9541727
9541768
9542905
9542963
9543241
9543686
9543721
9543970
9544103
9544333
9544526
9544672
9544983
9545012
9545117
9545167
9545303
9545412
9545802
9546224
9546248
9546972
9547244
9547806
9548218
9548530
9548538
9548634
9548962
9549065
9549126
9549181
9549824
9551139
9551302
9582725
9585724
9592160
9630174
9630308
9630337
9630557
9636331
9831552
9831571
9831725
9832294
9832404
9832707
9833320
9833443
9833508
9833540
9833851
9833925
9834013
9834559
9834669
9834901
9834954
9834963
9835080
9835223
9835282
9835339
9835650
9836052
9837025
9837218
9838686
9838831
9839103
9839224
9839301
9839582
9839649
9840483
9840571
9840819
9840956
9841218
9841247
9841519
9841744
9842259
9842335
9842800
9842879
9842992
9843051
9922658
9922693
9922756
9923104
9923225
9923387
9923864
9923939
9924427
9924931
9924965
9925815
9925839
9926114
9926380
9926469
9926537
9927029
9927479
9927552
9927594
9927832
9927995
9928397
9928451
9928525
9929329
9929728
9929743
9929800
9929906
9930008
9930310
9930676
9931204
9931579
9931663
9931839
9931914
9932492
9932515
9932536
9932642
9932654
9932901
9932978
9933468
9933825
9933836
9934276
9934740
9934937
9934996
9935228
9935447
9935498
9935636
10043747
10056541
10056873
10059498
10126290
10126344
10126395
10126476
10127602
10127902
10127970
10128029
10128165
10128266
10128558
10128914
10129325
10129390
10129553
10130663
10131234
10131322
10131673
10131947
10132016
10132429
10132612
10132723
10133143
10133411
10133772
10134429
10134757
10134759
10135090
10135163
10135635
10135884
10136298
10136360
10136460
10137001
10137255
10137363
10137564
10137908
10137993
10138145
10138146
10138191
10139195
10139543
10140233
10140237
10141284
10141378
10141427
10141602
10141959
10142189
10142312
10142635
10143409
10144790
10145310
10145347
10146782
10147186
10147345
10148273
10148374
10148644
10148789
10149009
10149319
10149484
10150717
10151371
10151862
10152095
10152270
10152658
10152994
10153247
10153386
10154680
10154806
10155408
10155725
10155856
10156028
10156070
10182808
10184765
10188817
10192904
10193268
10242964
10249167
10250489
10252425
10293329
10294411
10294620
10294991
10295598
10295723
10295906
10296212
10296322
10296808
10296885
10297246
10297509
10298094
10298326
10298703
10298955
10299034
10299204
10299325
10299380
10299581
10300499
10300570
10300648
10300773
10301034
10301413
10301609
10301765
10301864
10302174
10302654
10303196
10303533
10333335
10333418
10333713
10334187
10334335
10334360
10335465
10336453
10336716
10336919
10337755
10338037
10338458
10338800
10338811
10338880
10338912
10339036
10339406
10339748
10339829
10340396
10341026
10341347
10341724
10342312
10342811
10342903
10343131
10343433
10343941
10344043
10344114
10344137
10344336
10345494
10345915
10346064
10348283
10348496
10349268
10372631
10373043
10373090
10373489
10373944
10374027
10374204
10374544
10376418
10376533
10376715
10376742
10376956
10377329
10377664
10378774
10379073
10379189
10379697
10379809
10380064
10380770
10380953
10381437
10381578
10381621
10381774
10381976
10382336
10382593
10382688
10382783
10383696
10383916
10384013
10384031
10384081
10384137
10384150
10384877
10385043
10438099
10438107
10438426
10439911
10440352
10440540
10440819
10441921
10442144
10442204
10442438
10442556
10442727
10442797
10443189
10443336
10444182
10444400
10444541
10445103
10445179
10445263
10445302
10445351
10445479
10445737
10445905
10446199
10446917
10446934
10447587
10448030
10448041
10448456
10449535
10449839
10451005
10451027
10494882
10494984
10528710
10528810
10529328
10529509
10530715
10530734
10530931
10531207
10531335
10531706
10531724
10531856
10532988
10533198
10533347
10534013
10534037
10534409
10535048
10535719
10537116
10537227
10537380
10537443
10537581
10538625
10538715
10539766
10539802
10540037
10540659
10541129
10541443
10541914
10542288
10542607
10542973
10544100
10548867
10676334
10677358
10677788
10678876
10681174
10681347
10684522
10734669
10740996
10790699
10792806
10793220
10793648
10798056
10799843
10800206
10800662
10802504
10805575
10806652
10873570
10874107
10874474
10875887
10879522
10879798
10881860
10886688
10910202
10910257
10913123
10942931
10943712
10943870
10944226
10944491
10945575
10946433
10946713
10947235
10948986
10951567
10953095
10954033
10954920
10955894
10956685
11017050
11017163
11017219
11017283
11017392
11018557
11018722
11018855
11018943
11020028
11020668
11021119
11021130
11021763
11021792
11022277
11023216
11024330
11024447
11025228
11025303
11025315
11025591
11025657
11025712
11025878
11026341
11026974
11027717
11028220
11028437
11028587
11028732
11028967
11028978
11029407
11029434
11029562
11029782
11030093
11031043
11031185
11031285
11031449
11031691
11032093
11032100
11032177
11032439
11033089
11033119
11084077
11145171
11145422
11146401
11146725
11149238
11149373
11149620
11150006
11150357
11150952
11151392
11151553
11151567
11151954
11153284
11153735
11153925
11154536
11154679
11155088
11155267
11155303
11155766
11155846
11155899
11155957
11155967
11156838
11157198
11158202
11158409
11158644
11268714
11268715
11269526
11269610
11269708
11269906
11270904
11272117
11274187
11274586
11274686
11274842
11275586
11276063
11276962
11277236
11277269
11277284
11277896
11278327
11278404
11278638
11278732
11279168
11293936
11297088
11300997
11320217
11321606
11323347
11324000
11325532
11325580
11326136
11326885
11327041
11327218
11327293
11327299
11327983
11327992
11328938
11329079
11330231
11331540
11332314
11333442
11333466
11334370
11334787
11334867
11335294
11335480
11336267
11337274
11337615
11379740
11379810
11379832
11379910
11380572
11380614
11380687
11381807
11382669
11383355
11383885
11384633
11385549
11386066
11386722
11386820
11386845
11387192
11387250
11387441
11387737
11387962
11387981
11388104
11388157
11388272
11388305
11388879
11389432
11389435
11389559
11389928
11390687
11390946
11390958
11391861
11392001
11392263
11392676
11394314
11394923
11394963
11395008
11395516
11395609
11396562
11397023
11397823
11399210
11400360
11401912
11404013
11404253
11405725
11405745
11407873
11410776
11413449
11416225
11421314
11422011
11422231
11427410
11427491
11429823
11465647
11466113
11466277
11466414
11467772
11468110
11468743
11469165
11469286
11469424
11470037
11470925
11471422
11471577
11471687
11472533
11472603
11472662
11472934
11473459
11473541
11474679
11474899
11475120
11475271
11475517
11475800
11475876
11476762
11476865
11476961
11477027
11477375
11477681
11478048
11478101
11478440
11478691
11480097
11495536
11499365
11500413
11501887
11503898
11504309
11504978
11505175
11507153
11509271
11510338
11510796
11534028
11535423
11536031
11536389
11536533
11536697
11536912
11537392
11538178
11538526
11538752
11539281
11539373
11539490
11540914
11541484
11541792
11542866
11543342
11543470
11544638
11629111
11629258
11629379
11629389
11629487
11630289
11630597
11631183
11632051
11632741
11633152
11634388
11634716
11634905
11635268
11635722
11636051
11637179
11637490
11637502
11637650
11637743
11637958
11638258
11638850
11639147
11639300
11639884
11640146
11640589
11641152
11641337
11641481
11641563
11641596
11641792
11642195
11642675
11643069
11643520
11674606
11675856
11676604
11677086
11678276
11679771
11680887
11747565
11747598
11747803
11747921
11747927
11748857
11748955
11749780
11750200
11750338
11750881
11750985
11750999
11751008
11751309
11751357
11751534
11752306
11752589
11752857
11753511
11753589
11753728
11753975
11754083
11754308
11754819
11755121
11755208
11755239
11755262
11755305
11755785
11755829
11756087
11756648
11756923
11757278
11757588
11757834
11757851
11758014
11758684
11758842
11758880
11759592
11759593
11759669
11759774
11760082
11760218
11760430
11760511
11806875
11807269
11808218
11808287
11809251
11811101
11811534
11811927
11813592
11814240
11814525
11814682
11815997
11816167
11816266
11887777
11887999
11888011
11888024
11888684
11889380
11890132
11890209
11890344
11890386
11890524
11890579
11891641
11892435
11893599
11893908
11893932
11894334
11894533
11894908
11894927
11895095
11895452
11895737
11895989
11896695
11897314
11897479
11897481
11897616
11897825
11897906
11898184
11898269
11899056
11899543
11899888
11900240
11900331
11900729
11900752
11901412
11901518
11901610
11901856
11901906
11901937
11902081
11902114
11902428
11902760
11902823
11903050
11903257
11903517
11903748
11904130
11904819
11905168
11905585
11905599
11905776
11905802
11906101
11906149
11906488
11906754
11907157
11907395
11907484
11907586
11907818
11907829
11907939
11908053
11908114
11908403
11908562
11908678
11908689
11908713
11909160
11909306
11909507
11909992
11910260
11910696
11910741
11910861
11910953
11911007
11911065
11911112
11911662
11912116
11912440
11912466
11912757
11913067
11913563
11913740
11932823
11934279
11935566
11935713
11937167
11938030
11938217
11938289
11940725
11941390
11942393
11942683
11942716
11942821
11943789
11943946
11944124
11944219
11944845
11944874
11946030
11946865
11947003
11948011
11951177
11951985
11953142
11953397
11953549
11954019
11954600
11954749
11954881
11955325
11955406
11956284
11957189
11957680
11959073
11960150
11960193
11960265
11960271
11960407
11960702
11960855
11961730
12037153
12037526
12037990
12038382
12038467
12038587
12038822
12038885
12039103
12039113
12040176
12040365
12040527
12040531
12040584
12040642
12040868
12041150
12041246
12041818
12042967
12043075
12043118
12043245
12043369
12043381
12043437
12043445
12043843
12044011
12044194
12044384
12044514
12044792
12044936
12045095
12045243
12045675
12046387
12046945
12046948
12047608
12048070
12048163
12048604
12048960
12049044
12049192
12049496
12050234
12050384
12050403
12051236
12051444
12051727
12052088
12052353
12052585
12052972
12053640
12053921
12054158
12054976
12055202
12055509
12055558
12056078
12056761
12057364
12057734
12058267
12058434
12058614
12059191
12059714
12061281
12061492
12061883
12062742
12063027
12063035
12063149
12064355
12064367
12064529
12064534
12066718
12067177
12095401
12096284
12097952
12098609
12098630
12099150
12100094
12100980
12101914
12102080
12103786
12104063
12104493
12122314
12122383
12122409
12123330
12126350
12126627
12128965
12129994
12130030
12132168
12132789
12137065
12138593
12181448
12181458
12181891
12181992
12182173
12182714
12182786
12183030
12183921
12184054
12184491
12184554
12185138
12185170
12185501
12186156
12186219
12186336
12186842
12187327
12187461
12187709
12188132
12188220
12188309
12188400
12188485
12188605
12188735
12188909
12189243
12189640
12189685
12190005
12190629
12191017
12191030
12191107
12191275
12191894
12192112
12192260
12193861
12194181
12194228
12194252
12194496
12194575
12194634
12194788
12194904
12195118
12195171
12196394
12196485
12214590
12214602
12215091
12215345
12215622
12215767
12216147
12216535
12216561
12217094
12217193
12217317
12217389
12218135
12218366
12218749
12218830
12219022
12219064
12219070
12219294
12219304
12219440
12219489
12219493
12219644
12219840
12219930
12220004
12220344
12220683
12220835
12220908
12221340
12221437
12221783
12222256
12222274
12222303
12223084
12223139
12223447
12223661
12223773
12223834
12224048
12224080
12224290
12224577
12224752
12225473
12225671
12226082
12226345
12226889
12226974
12227182
12227653
12227876
12228075
12228169
12228878
12228930
12229230
12229730
12302467
12302590
12302808
12303244
12303287
12303570
12303883
12304334
12304366
12304521
12304669
12304749
12304953
12305193
12305299
12305311
12305338
12305694
12306495
12306903
12307274
12307425
12308009
12308202
12308407
12308421
12308510
12308909
12309199
12309253
12309702
12309955
12310293
12310940
12311175
12311308
12311810
12318630
12319205
12319637
12319962
12320442
12321745
12322073
12322858
12323594
12358637
12358731
12358873
12359111
12359174
12359189
12359324
12359441
12359969
12360097
12360474
12360805
12360942
12361164
12361292
12361506
12361621
12361673
12361678
12362085
12362208
12362330
12362738
12362767
12363219
12364043
12365077
12365474
12365581
12365732
12365747
12365793
12366614
12366736
12366752
12367316
12367469
12367584
12367813
12367833
12367980
12368426
12368579
12368821
12369215
12369231
12369325
12371547
12371725
12373196
12373665
12374162
12374517
12374812
12375599
12376875
12377215
12378044
12378134
12378149
12379484
12380108
12380884
12381009
12382388
12384304
12385561
12474680
12499047
12499513
12499624
12499755
12500373
12500444
12500916
12501119
12501234
12501857
12502345
12503128
12503473
12504324
12505582
12505915
12506120
12506540
12506796
12507058
12507326
12508015
12509271
12509281
12509462
12509559
12510080
12510269
12510851
12511189
12511265
12511775
12511908
12512144
12512513
12512801
12527768
12527937
12528713
12528800
12529094
12529673
12529994
12530026
12530044
12530326
12532012
12532445
12532511
12532567
12532634
12533100
12533209
12533568
12533956
12534000
12534377
12534788
12534947
12536050
12536735
12536837
12536876
12537060
12537470
12537504
12537674
12537709
12538305
12538818
12539118
12539191
12539307
12539868
12539880
12539962
12539992
12540234
12540384
12540934
12540981
12541124
12541598
12541723
12542019
12542233
12542902
12543363
12543806
12544060
12544352
12544587
12627513
12628579
12628992
12629428
12629629
12631648
12632442
12633958
12634742
12635163
12636689
12637141
12637167
12637941
12639939
12661396
12661556
12661873
12662729
12662837
12663040
12663356
12664618
12665076
12665433
12665489
12665546
12665585
12666180
12666183
12666227
12667165
12667463
12667756
12667983
12668068
12668430
12668766
12669210
12669446
12669481
12669967
12670144
12671132
12671234
12671413
12671584
12671585
12672991
12673077
12673522
12673585
12674979
12675027
12675230
12675299
12675418
12675871
12676266
12676288
12676465
12676960
12677080
12677371
12677457
12677783
12677930
12678087
12678380
12678655
12679275
12679563
12679654
12679919
12680120
12680216
12680892
12681068
12681709
12681712
12681922
12682307
12682404
12682622
12682642
12683136
12683261
12683571
12683783
12683896
12684009
12684170
12684269
12701282
12701458
12701672
12701972
12702155
12702221
12702952
12703057
12703172
12703350
12703543
12703586
12704081
12704541
12704641
12704694
12704741
12704932
12705103
12705582
12705798
12706137
12707421
12708585
12708596
12708619
12709347
12709514
12710282
12710724
12710847
12710921
12711473
12711920
12711920
12712034
12713213
12713389
12713444
12713756
12713841
12713965
12714113
12714195
12714404
12714909
12715262
12715507
12716029
12716316
12716395
12717158
12717965
12718010
12718206
12718441
12718533
12718653
12719271
12777191
12778041
12778360
12778490
12778765
12780714
12780801
12782000
12782080
12784790
12786512
12786647
12786719
12787126
12787957
12788745
12789771
12790445
12836044
12836358
12836694
12837023
12838319
12838596
12838681
12838935
12839224
12839431
12839798
12840088
12840146
12840309
12840517
12840943
12841184
12841278
12841323
12841409
12841537
12841827
12842412
12842886
12843318
12843496
12843692
12843785
12843837
12843875
12843937
12844173
12844620
12844958
12845353
12845390
12846148
12846359
12846510
12847410
12847760
12847876
12848104
12848918
12849121
12849294
12849574
12849842
12850158
12850367
12850734
12850805
12850846
12850852
12851047
12851266
12851349
12851401
12851461
12851523
12851688
12851892
12851957
12852077
12882881
12883204
12883566
12883931
12884358
12884807
12884957
12885076
12885092
12885494
12885808
12885902
12886436
12886465
12886969
12887040
12887335
12887527
12887958
12888038
12889274
12890247
12890438
12891038
12892097
12892318
12892609
12892612
12893181
12893901
12894003
12894301
12894354
12894699
12895527
12896058
12897114
12897153
12897390
12897508
12897637
12897795
12898583
12899007
12899351
12899551
12899674
12899905
12900084
12900163
12900445
12900529
12900603
12901005
12901195
12901216
12975486
12975633
12975996
12976008
12977103
12977391
12978270
12978993
12979099
12979429
12979811
12980315
12980935
12981276
12981334
12981917
12982025
12982162
12982662
12983016
12983119
12984339
12984976
12985302
12986144
12986548
12987038
12987978
12988146
12988325
12988616
12988833
12989211
12989649
12989790
12990328
12991062
12991369
12991409
12991804
13098629
13103766
13103821
13108800
13109020
13110200
13110203
13111183
13111335
13111348
13111596
13111754
13111988
13112030
13112523
13112590
13112995
13113245
13113400
13114192
13114386
13115286
13115864
13115986
13116166
13117276
13117379
13117506
13117637
13118098
13118262
13118632
13118808
13119073
13126879
13148300
13148664
13158944
13160787
13161000
13165257
13176348
13176667
13176881
13177298
13177462
13177467
13178671
13178996
13179572
13180900
13181391
13181540
13182279
13182519
13183182
13183555
13183920
13184607
13185243
13185386
13185978
13186544
13187183
13187315
13188069
13188121
13188265
13188303
13189414
13190129
13190470
13190751
13192208
13192348
13192384
13215826
13216621
13217054
13217332
13218364
13219797
13220786
13222102
13223206
13223459
13225190
13226321
13227009
13228303
13230592
13232258
13232913
13235904
13236427
13237173
13237703
13238329
13238803
13238895
13238993
13241217
13242072
13242567
13242835
13242879
13243269
13243953
13244878
13245607
13247241
13247991
13248885
13249136
13249152
13249807
13250018
13250668
13253220
13253827
13254168
13255110
13255325
13255892
13255904
13256227
13257191
13257378
13257830
13258063
13258438
13259624
13260071
13260156
13260384
13260940
13261230
13261667
13261962
13262522
13262580
13262689
13263860
13264848
13264899
13264997
13265173
13265437
13265945
13266008
13266990
13267559
13267964
13268237
13268549
13268883
13269061
13269095
13269395
13270030
13270046
13270560
13270704
13271081
13271133
13271179
13271345
13271636
13271889
13271969
13272307
13273772
13276601
13278519
13279788
13284691
13285881
13287073
13288873
13289090
13303843
13303921
13303923
13303968
13304531
13305110
13305542
13305550
13305618
13305697
13306910
13307168
13307230
13307303
13307410
13307973
13308348
13308557
13308699
13308920
13309322
13309463
13309951
13309960
13310009
13310307
13311207
13311211
13311306
13311466
13311493
13311952
13312833
13312932
13313102
13313121
13313477
13313796
13314260
13314396
13314454
13314463
13314504
13314907
13315125
13315565
13315845
13315935
13316709
13316963
13317270
13317297
13317737
13317769
13317775
13317999
13318090
13318213
13375618
13376051
13376413
13376521
13376534
13377246
13377749
13377829
13378364
13378396
13378722
13379096
13379349
13379989
13380146
13380222
13380256
13380534
13380968
13381034
13381045
13381396
13381768
13382081
13382259
13382880
13383190
13383233
13383359
13383699
13383795
13383991
13384634
13385325
13385340
13385703
13385913
13386389
13386460
13386566
13386902
13386915
13387190
13387370
13387598
13387965
13387997
13388178
13388350
13388653
13388754
13388973
13389128
13389141
13389564
13389886
13390057
13390136
13390221
13390443
13393313
13394025
13394552
13394720
13395054
13395340
13397760
13397763
13399110
13399217
13399445
13400089
13401000
13401124
13401442
13401849
13402037
13409050
13429973
13430386
13431339
13431449
13431686
13432318
13432802
13432915
13434007
13434369
13434676
13435514
13435853
13435875
13436557
13436674
13436758
13437525
13437536
13437693
13438133
13439910
13442324
13442329
13442925
13444158
13444455
13445502
13445650
13446364
13446417
13447219
13447286
13447517
13447525
13447749
13448493
13448527
13448775
13449211
13450111
13450359
13450368
13450549
13450789
13451551
13452506
13452756
13453640
13453693
13453993
13454028
13454093
13454563
13454688
13454919
13455060
13455095
13455141
13455144
13455738
13455930
13456376
13456453
13456540
13457453
13457638
13457972
13470585
13471006
13471713
13475816
13479712
13480641
13480797
13481505
13482452
13484888
13490310
13491027
13491841
13493712
13500444
13501688
13501836
13502975
13519728
13520951
13521339
13521410
13522060
13522464
13523472
13524755
13526181
13526694
13526761
13527430
13528691
13529276
13529276
13529555
13530499
13532317
13533029
13533667
13534674
13535502
13535633
13536171
13537203
13537229
13584907
13584963
13585049
13585835
13586180
13586330
13586860
13586873
13587366
13587461
13587526
13588874
13589307
13589449
13590651
13591773
13592021
13592028
13592130
13593045
13593206
13593328
13593469
13593495
13593648
13594420
13594927
13594982
13595112
13595867
13596431
13597251
13597512
13597604
13597917
13598050
13598189
13598204
13598213
13598589
13598874
13598976
13599097
13599164
13599279
13599326
13599588
13599725
13599932
13600211
13646347
13653587
13799402
13799825
13800364
13800602
13800678
13802009
13802668
13803549
13805113
13805163
13805861
13806302
13806314
13806811
13807355
13808547
13808591
13808691
13808779
13809739
13810275
13810477
13811568
13811788
13812042
13812217
13812376
13813326
13854053
13855077
13855518
13855902
13855923
13856159
13857188
13857695
13858142
13858407
13859345
13859916
13860182
13861284
13861811
13862903
13864377
13864466
13865001
13867025
13867588
13867866
13868118
13888399
13891767
13892144
13895092
13895885
13897331
13899371
13900743
13929533
13931847
13932229
13932355
13933031
13933427
13934565
13934754
13935480
13935676
13935901
13937481
13937565
13938119
13939171
13939450
13982302
13982999
13983039
13983068
13984955
13986661
13987006
13987379
13988281
13988456
13988650
13989233
13989372
13989496
13990226
13991248
13992440
13993210
13994895
13995549
13995627
13996195
13996635
13997021
13998277
13998716
14002417
14007429
14008762
14011981
14012299
14012466
14012548
14012560
14012648
14012675
14012749
14012904
14013075
14013125
14013522
14013857
14013944
14014065
14014588
14014665
14014940
14016158
14016235
14016439
14017171
14017343
14017519
14017803
14018004
14018112
14018346
14018808
14018860
14018894
14018974
14019727
14019821
14019879
14019891
14019973
14020044
14020094
14020190
14020440
14020741
14021218
14021428
14022068
14022211
14022438
14022747
14022980
14023004
14023745
14023827
14023914
14023962
14024082
14024225
14024314
14024473
14024853
14025658
14025722
14025819
14026147
14026472
14026791
14026818
14027095
14027109
14027261
14027444
14027659
14027841
14032347
14036334
14037583
14041156
14045214
14051009
14051642
14054591
14054601
14055160
14055287
14055329
14055345
14055395
14055796
14055915
14056228
14056388
14056799
14056807
14057341
14057760
14057849
14058486
14058528
14058648
14059223
14060218
14060264
14060564
14061206
14061484
14061662
14062507
14063152
14063781
14063832
14064009
14064078
14064236
14064244
14064364
14064373
14065044
14137148
14138387
14138528
14138840
14139870
14139961
14140112
14140191
14140732
14140902
14141073
14141454
14141958
14142046
14142399
14142637
14142700
14142992
14143646
14143906
14144348
14144891
14145041
14146257
14146369
14146637
14146852
14146889
14146976
14147437
14147750
14148196
14148360
14148693
14149028
14149430
14149499
14149846
14150609
14150932
14151024
14151353
14151687
14152137
14152493
14152730
14152851
14153079
14153383
14153491
14153522
14153800
14153847
14153917
14154853
14154950
14155023
14155049
14155535
14155770
14156527
14156616
14156833
14156839
14156935
14157793
14157961
14158335
14158465
14158771
14158847
14159294
14159415
14159523
14159964
14159965
14160090
14160271
14160863
14161061
14161216
14161286
14161769
14162513
14162635
14162777
14162984
14163094
14163845
14164371
14164956
14165126
14165164
14165706
14166293
14166311
14166450
14166491
14166536
14166581
14166702
14167597
14222124
14222187
14225647
14226593
14227590
14228686
14230132
14232336
14234508
14235310
14236781
14236812
14238174
14263693
14264039
14264113
14264226
14264372
14264394
14264477
14265283
14265794
14265861
14266708
14266947
14268679
14268953
14269328
14269352
14269652
14271039
14271456
14271640
14271909
14271981
14272174
14272281
14272805
14273341
14273401
14274272
14274514
14274541
14275253
14275361
14275397
14275742
14276400
14276705
14276753
14276769
14276807
14277074
14277517
14277549
14277638
14277645
14277911
14278775
14278930
14279007
14279561
14279588
14279891
14279935
14279941
14279998
14280265
14280726
14280730
14280772
14305946
14306056
14306454
14306529
14306775
14306953
14306994
14307123
14307152
14307399
14307619
14307786
14307946
14308072
14308192
14308506
14308795
14308870
14309036
14309190
14309900
14310067
14310488
14310867
14310951
14310969
14311292
14311435
14311462
14311710
14312121
14312174
14312702
14312772
14313120
14313190
14313240
14313530
14313617
14313766
14313785
14313929
14313967
14314096
14314105
14314170
14314171
14314324
14314378
14314390
14315323
14315453
14315605
14316036
14316223
14316331
14316460
14316745
14316862
14316989
14337888
14338406
14338540
14341121
14341314
14342108
14362938
14436156
14442649
14446592
14463002
14490691
14497892
14506812
14508000
14508895
14509304
14563976
14564016
14564716
14566638
14568197
14568455
14568914
14569302
14570293
14570552
14570558
14570922
14572987
14611293
14611470
14611701
14612044
14612069
14612265
14612434
14613657
14613773
14613775
14613835
14614008
14614140
14614153
14614933
14615248
14615385
14615429
14615732
14616310
14616369
14616414
14616529
14616754
14616816
14616824
14616970
14617269
14617451
14617514
14617713
14617782
14617900
14617978
14618034
14618509
14618679
14618732
14619565
14619684
14620060
14620396
14620794
14621129
14621341
14621650
14622166
14622764
14623300
14623437
14623621
14624052
14624165
14624408
14624515
14624549
14625542
14625907
14626090
14626136
14626501
14626915
14627056
14627134
14627562
14627716
14627843
14628171
14628338
14628496
14628672
14628860
14629294
14630352
14641438
14641804
14642437
14642559
14643233
14645124
14645623
14646077
14646353
14646830
14647204
14647990
14648667
14648763
14648967
14650075
14695900
14696031
14696124
14696546
14696793
14696800
14696803
14697298
14697425
14697514
14697560
14698082
14698197
14698246
14698686
14699155
14699485
14699946
14700166
14700207
14700287
14700562
14700828
14700833
14701062
14701185
14701459
14701635
14701864
14702026
14702041
14702262
14702273
14702316
14702397
14702643
14702858
14703011
14703169
14703875
14704196
14704242
14704587
14704683
14704747
14704928
14704979
14705658
14706654
14706893
14707245
14707376
14707623
14708373
14708404
14708771
14708865
14709679
14709821
14709996
14710065
14710262
14710306
14710593
14730192
14732706
14740659
14741449
14743697
14746785
14747795
14748671
14767492
14768584
14769044
14769795
14770401
14771025
14771426
14772780
14773679
14774576
14776361
14776657
14776734
14776786
14777688
14778085
14778613
14779479
14779637
14779935
14780000
14780010
14780176
14781272
14781655
14781665
14781812
14781970
14781977
14782429
14782817
14783070
14783481
14783667
14783814
14784669
14784734
14785213
14785611
14785819
14786237
14786497
14786643
14788101
14788247
14788515
14788563
14789991
14790177
14790255
14790725
14790850
14791171
14791453
14792248
14793239
14795002
14795343
14795409
14796457
14797124
14797416
14797745
14797797
14798123
14799820
14800999
14801217
14801537
14891412
14894948
14903479
14904315
14904785
14905361
14905497
14905679
14906221
14906248
14906542
14906544
14906721
14907344
14907542
14907999
14908554
14908618
14909634
14910523
14910649
14910822
14910876
14911238
14911373
14911575
14911867
14911869
14911939
14912068
14912727
14913342
14913449
14913492
14914099
14914311
14914379
14914530
14915422
14915586
14916382
14916448
14916484
14916541
14916936
14917437
14917694
14917734
14918076
14918111
14918393
14918405
14918409
14918416
14918819
14919304
14919446
14920482
14920525
14920897
14921169
14921283
14922522
14922653
14923058
14923264
14923922
14924121
14924235
14924655
14925001
14925224
14925233
14925683
14925923
14925955
14927017
14927228
14927247
14927301
14927557
14927652
14927789
14928119
14928418
14928521
14928713
14929225
14929236
14929312
14929331
14929333
14929868
14930257
14930285
14930525
14930613
14930878
14930951
14931049
14931074
14931704
14931737
14931845
14932151
14932226
14932877
14933778
14935964
14936055
14936376
14936463
14936980
14937843
14938441
14939082
14940027
14940087
14940442
14941095
14941771
14942234
14942467
14943076
14943100
14943657
14943958
14944609
14944692
14945211
14946383
14966529
14966801
14966837
14966952
14967285
14967334
14967704
14968088
14968295
14969246
14970196
14970551
14970851
14971033
14971039
14971047
14971169
14971199
14971249
14971897
14972708
14973362
14973448
14973471
14973492
14973655
14973724
14974031
14974446
14974487
14975021
14975147
14975197
14975311
14975391
14976196
14977298
14977531
14977661
14977670
14977819
14977833
14978054
14978129
14978304
14978548
14978732
14979088
14979118
14979386
14979486
14980366
14980460
14980543
14980829
14981412
14981768
14981794
14981921
14982292
14982362
14982583
14982780
14982791
14982923
14983527
14983759
14984015
14984098
14984170
14992917
14994441
15023213
15026882
15053964
15054560
15055458
15056738
15059233
15061685
15063229
15064046
15065698
15069795
15102710
15103177
15103479
15104070
15104362
15106078
15108206
15109591
15109850
15110078
15112059
15112387
15112629
15112710
15113638
15113674
15113719
15114061
15114361
15114707
15114972
15115109
15115230
15115637
15115779
15115987
15116169
15116535
15116666
15117506
15117639
15117957
15118108
15118242
15118407
15118730
15119069
15119558
15120156
15120680
15121024
15121141
15121596
15122803
15122840
15123118
15123162
15123280
15124145
15124282
15124326
15124665
15124696
15125070
15125351
15125379
15125749
15125788
15125802
15126691
15126741
15180334
15197523
15197767
15198152
15198535
15198752
15199106
15199819
15200586
15200615
15200713
15201304
15201956
15202693
15202750
15202876
15202944
15203104
15203316
15203441
15203456
15203666
15204029
15204173
15204358
15204607
15204949
15205283
15205810
15206368
15206726
15207125
15207881
15208173
15208574
15208701
15209087
15209093
15209710
15210728
15210769
15210840
15211573
15212162
15212950
15213043
15231741
15232149
15232483
15233604
15234248
15236596
15236616
15236723
15237260
15238059
15238171
15241860
15243039
15243439
15244245
15244273
15245836
15247176
15308531
15311518
15315405
15315959
15316888
15335071
15338849
15339594
15340479
15341405
15341718
15342826
15343226
15345223
15408300
15415841
15416043
15417449
15418036
15419070
15422385
15422508
15422634
15423403
15423443
15424016
15424462
15425225
15426153
15426464
15427865
15427916
15428154
15428752
15429708
15429941
15430465
15431357
15431658
15432205
15433017
15433556
15433631
15434137
15439298
15444491
15451033
15451085
15451438
15451873
15452445
15453203
15453729
15454504
15454765
15454814
15455015
15456329
15456497
15457133
15457205
15457256
15457352
15457479
15457863
15459540
15460199
15461477
15461519
15462080
15462686
15463431
15463541
15463645
15463835
15463912
15464445
15464680
15509557
15509857
15513742
15513950
15514201
15514934
15516701
15517594
15517800
15521780
15522629
15523006
15574401
15574720
15575059
15575157
15575372
15575725
15576002
15576682
15576738
15577497
15577737
15577799
15577842
15578342
15578984
15579011
15579076
15579318
15579323
15579638
15579640
15579708
15580617
15580919
15581239
15581251
15581452
15581594
15581846
15581927
15583231
15583686
15584107
15584260
15584525
15584672
15584782
15585084
15586419
15587203
15587415
15588403
15589198
15589351
15590215
15590935
15592953
15593404
15596890
15649045
15649162
15649464
15649695
15650695
15650863
15650894
15651254
15651660
15652023
15652031
15652065
15652487
15652516
15652582
15652768
15654333
15654658
15654667
15655050
15655477
15655526
15657053
15657769
15658940
15659287
15660339
15660564
15661013
15661117
15661194
15661246
15662005
15662017
15662202
15662302
15662356
15662850
15663330
15664401
15664588
15664879
15665271
15665282
15665409
15665587
15665639
15665794
15666045
15666067
15666074
15666484
15666500
15666510
15666683
15666713
15667109
15667519
15667588
15667922
15668064
15668222
15668565
15668628
15668739
15669424
15670555
15670826
15671824
15672094
15672522
15672637
15673335
15673424
15673482
15673578
15674222
15693847
15695646
15695720
15696831
15697580
15701680
15702419
15703336
15703355
15705642
15742234
15743079
15743080
15743742
15744488
15744639
15745783
15746397
15746895
15748234
15748668
15748782
15749139
15750613
15755121
15756994
15759256
15759614
15759964
15793537
15793665
15793696
15793829
15794040
15794077
15794218
15794282
15794679
15794818
15794842
15794865
15795084
15795148
15795263
15795464
15795652
15795687
15795775
15795869
15795948
15796104
15796239
15796558
15796667
15796724
15797013
15798267
15798334
15798567
15798711
15799023
15799134
15799361
15800131
15800174
15800455
15800881
15800940
15801151
15801203
15801235
15801284
15802105
15802226
15802342
15803359
15803418
15803690
15803822
15803952
15803993
15804381
15804516
15804893
15805327
15805475
15805518
15805870
15805871
15805958
15806059
15806637
15806665
15806690
15806989
15807052
15807078
15807148
15807171
15807172
15807215
15807447
15807558
15807851
15807887
15808590
15808629
15809103
15809677
15809851
15810670
15810747
15811158
15811599
15811685
15849634
15849796
15850283
15850476
15851328
15851859
15852352
15852936
15853342
15853496
15853557
15853640
15854074
15854547
15855101
15855117
15855268
15855279
15856736
15857121
15857585
15857860
15857885
15858565
15858868
15903533
15904644
15906394
15928521
15940951
15941143
15941202
15941380
15941680
15941777
15941815
15942076
15942085
15942908
15942962
15943378
15943994
15944246
15944538
15944737
15944924
15945271
15946089
15947339
15947675
15948008
15948888
15949174
15949793
15950166
15950512
15950761
15950902
15951105
15951197
15952553
15952702
15953589
15953606
15953884
15954360
15954503
15954555
15955282
15955774
15955980
15956348
15957281
15957390
15957449
16009382
16036601
16037037
16037108
16037885
16039357
16041774
16042019
16042041
16042731
16043143
16043830
16045930
16046251
16047254
16047486
16047997
16048812
16049024
16049413
16049477
16050147
16050229
16050546
16050804
16050962
16051033
16051511
16051654
16052328
16052725
16052783
16053012
16053279
16053298
16054283
16054434
16054473
16054635
16055188
16055215
16055217
16055305
16055372
16056085
16056302
16056560
16056992
16057008
16057226
16057304
16057346
16057696
16057806
16057903
16057959
16058462
16058617
16059106
16059274
16059378
16059533
16059627
16059891
16060153
16060154
16060270
16060801
16061131
16061403
16061564
16061738
16061758
16147360
16215423
16215583
16215614
16216372
16216420
16216522
16216557
16216960
16216976
16217156
16217176
16217573
16217787
16218113
16218141
16218323
16218498
16218901
16218924
16219053
16219325
16219541
16220528
16220698
16220699
16220872
16220908
16221090
16221275
16221434
16221494
16221513
16221662
16222511
16222579
16222726
16222733
16222906
16223231
16223293
16223360
16223679
16223765
16224099
16224245
16224910
16226975
16228469
16228641
16228817
16229144
16229212
16229411
16229496
16229564
16229597
16238110
16298742
16299795
16300081
16300134
16300408
16300625
16300799
16301079
16301308
16301595
16301803
16301847
16302052
16302308
16302461
16302722
16302815
16302914
16303171
16303195
16303617
16303725
16303846
16304102
16304991
16305635
16305688
16305711
16305807
16306129
16306319
16306541
16306751
16307080
16307158
16307315
16307580
16308101
16308584
16308896
16309085
16309230
16309375
16309451
16309975
16310712
16327260
16332605
16333547
16333612
16334011
16334166
16334593
16335141
16336739
16337008
16337010
16337553
16338199
16350730
16350758
16351051
16351253
16351607
16352003
16352009
16352128
16352334
16353066
16353126
16353199
16353254
16353469
16353819
16353892
16354093
16354285
16354469
16354880
16355332
16355494
16355569
16355784
16356062
16356535
16356669
16356722
16356785
16356840
16357208
16358064
16358146
16358169
16358403
16358870
16359835
16359958
16360182
16360202
16360394
16361215
16361241
16361447
16361826
16362217
16362325
16362335
16362395
16362908
16363108
16363456
16363807
16363867
16363952
16364363
16364447
16364511
16364520
16364709
16364791
16364968
16365223
16365616
16366022
16366408
16366472
16366556
16366843
16366946
16388614
16388632
16390391
16396071
16396586
16399100
16399721
16400107
16400546
16400994
16401267
16402100
16402879
16402948
16403394
16403400
16404459
16404681
16404694
16404933
16405192
16405752
16405814
16406013
16406085
16406395
16406422
16406825
16406953
16407068
16407885
16409321
16409864
16410146
16410671
16410986
16411059
16411116
16411220
16411400
16411683
16411989
16412087
16447389
16448074
16450630
16453426
16455442
16457114
16457299
16458114
16459486
16460716
16461665
16465055
16466100
16466589
16466971
16467218
16471198
16471298
16472145
16472150
16472257
16473670
16473928
16474959
16475380
16475791
16475913
16476062
16476992
16477109
16477554
16477580
16477921
16478777
16479665
16481291
16575657
16577048
16577916
16579382
16580060
16582104
16582193
16583331
16583610
16584382
16584704
16585928
16586669
16586803
16587552
16589761
16592718
16594440
16596819
16606404
16609386
16612906
16644533
16644830
16645040
16645333
16646354
16646407
16646552
16646616
16647248
16647401
16647553
16647768
16648229
16648324
16648512
16649107
16649233
16649273
16649688
16649764
16649832
16650343
16650911
16651858
16652028
16652047
16652089
16652202
16652432
16652543
16652589
16653711
16654434
16655220
16655354
16655385
16655405
16655498
16655587
16655868
16655920
16655988
16656208
16656896
16656952
16657041
16657296
16657416
16657734
16657750
16658016
16658061
16658195
16658337
16658350
16658854
16658964
16659080
16659281
16659476
16659672
16659687
16659710
16659949
16660218
16660730
16660773
16660793
16660902
16660992
16661025
16661750
16661797
16662103
16662443
16663289
16663361
16663400
16663413
16663763
16664053
16664596
16664666
16664808
16665009
16665155
16665636
16666043
16667251
16667807
16667856
16668169
16668638
16668976
16669308
16669510
16669544
16669710
16669933
16671272
16671652
16671686
16671757
16688713
16780888
16912103
16912746
16913569
16913596
16913603
16913851
16913984
16914043
16914406
16914511
16914618
16915369
16915559
16916222
16916489
16917039
16917069
16917119
16917155
16917341
16917865
16918162
16918181
16918240
16918396
16918447
16918468
16918768
16919027
16919323
16919360
16919394
16919541
16919737
16919778
16919790
16919979
16920023
16920466
16920937
16921275
16922032
16922040
16922205
16922515
16922739
16923077
16923700
16923728
16924041
16924424
16924485
16987492
16988196
16988228
16988316
16988348
16989093
16989789
16989841
16990300
16990436
16990661
16992090
16992447
16992514
16992652
16992813
16993061
16993221
16993458
16993490
16993586
16993635
16994156
16994179
16994397
16994680
16994886
16994902
16995516
16996363
16996387
16996633
16997817
16997916
16997940
16998101
16998420
16999027
16999259
16999430
16999981
17000020
17000146
17000416
17000679
17000729
17000833
17001311
17001413
17002269
17002710
17021592
17028899
17175400
17176412
17181762
17187982
17188908
17212109
17216996
17219141
17220665
17279760
17282876
17289980
17346545
17346988
17347380
17347883
17348062
17348218
17348964
17349011
17349412
17350176
17350290
17351234
17351279
17351514
17351691
17351969
17352175
17354318
17354928
17356124
17356557
17357633
17357919
17358185
17358355
17387047
17387182
17387484
17387622
17387752
17388367
17389675
17390102
17390227
17390261
17390332
17390535
17390770
17390861
17391839
17392572
17393093
17393485
17393606
17393634
17393753
17393867
17394401
17394814
17394914
17395422
17395459
17395583
17395995
17396080
17396099
17396591
17396723
17397183
17397822
17398159
17398656
17399150
17399987
17400450
17400522
17400968
17401173
17401241
17401307
17401473
17402374
17402903
17403075
17403124
17404035
17404160
17404649
17404819
17405299
17405416
17405706
17406166
17406472
17406919
17408223
17408294
17408312
17408655
17408874
17409118
17409253
17409584
17410331
17410505
17410732
17410888
17411097
17411517
17411518
17411527
17412441
17412770
17413043
17413426
17413437
17413442
17414265
17414314
17415523
17415666
17416667
17417218
17417361
17417569
17418433
17418444
17419003
17419181
17420438
17420638
17420794
17420873
17420915
17422730
17424431
17424635
17424771
17426776
17428210
17428735
17429715
17431468
17432786
17433417
17434470
17439879
17440476
17443736
17444435
17446842
17447677
17447869
17448116
17475521
17476248
17477183
17477574
17477723
17477798
17477818
17477846
17477890
17477896
17477919
17478522
17478616
17478617
17478916
17479019
17479052
17479533
17479569
17479597
17479623
17479634
17480045
17480070
17480290
17480616
17480662
17480712
17480962
17481019
17481073
17481311
17481474
17481509
17482053
17482174
17482273
17482487
17482555
17483243
17483527
17483795
17484040
17484192
17484685
17485005
17485169
17485764
17485785
17485832
17485869
17485945
17485978
17486273
17486430
17486464
17486640
17486760
17487642
17488133
17488270
17488319
17630240
17631687
17637797
17638506
17640707
17640820
17640926
17641578
17641700
17642260
17642327
17642791
17642946
17643377
17643383
17643948
17644100
17645573
17646344
17646436
17646694
17647559
17647937
17648194
17648945
17649204
17649888
17650280
17650961
17651028
17651029
17651233
17651902
17652124
17652223
17652342
17652896
17652913
17654891
17655184
17655327
17656693
17657182
17657514
17657638
17658098
17658299
17658344
17690167
17690651
17690769
17690881
17691358
17691515
17691809
17692122
17692638
17692688
17692839
17693179
17693382
17693383
17694255
17694345
17694647
17694659
17694668
17694786
17695050
17695492
17695533
17695816
17696193
17696374
17696411
17696474
17696822
17697662
17698317
17699383
17699432
17699542
17699740
17699987
17700568
17700784
17700808
17700911
17701254
17701575
17701615
17701840
17701945
17702067
17702156
17702426
17702437
17702449
17702479
17702501
17702558
17702651
17702830
17758670
17758945
17760020
17761843
17762800
17763580
17763916
17764355
17764798
17764840
17765105
17765422
17765590
17767166
17768327
17768504
17769079
17769126
17781686
17781776
17781854
17782699
17782786
17782827
17783128
17783228
17783333
17783511
17783781
17784027
17784220
17784377
17785199
17785225
17785610
17785711
17785714
17785934
17786015
17786144
17786800
17786895
17786912
17787663
17787772
17788569
17788582
17789977
17790220
17791326
17791406
17791945
17792007
17792941
17792992
17793146
17793603
17793755
17794914
17795918
17796361
17796681
17797385
17797675
17797905
17800052
17800146
17800676
17801151
17802313
17802373
17802996
17803058
17803307
17805430
17805483
17805989
17806365
17806895
17807096
17808540
17808698
17810036
17810646
17810957
17811507
17811943
17812817
17813008
17814282
17814487
17815163
17815274
17815821
17815823
17815845
17815922
17816281
17816841
17818220
17818686
17819480
17819536
17819756
17819967
17820485
17820623
17820679
17820827
17821212
17821237
17821669
17822332
17822551
17822803
17822939
17822977
17823076
17823482
17823703
17823773
17823854
17824078
17824308
17824728
17824746
17826340
17826486
17826562
17826563
17826751
17827423
17827530
17827721
17827832
17828637
17828998
17829203
17829571
17829914
17830179
17830340
17830499
17830646
17831994
17832170
17832297
17834147
17834692
17834918
17835177
17835677
17836478
17836501
17837199
17837932
17838342
17838626
17838748
17839113
17839428
17839854
17840386
17840689
17841118
17841231
17841408
17841409
17841708
17841962
17842609
17843204
17845908
17847039
17848531
17849413
17859143
17859220
17864686
17868743
17868859
17874124
17875744
17878984
17879184
17879935
17883803
17887030
17887957
17888680
17889208
17889232
17899292
17908866
17909061
17909901
17910879
17911070
17911236
17911556
17911616
17912183
17912444
17912890
17914668
17915575
17915630
17915831
17915927
17916004
17916110
17916394
17916510
17916953
17917131
17918032
17918243
17918521
17918720
17919546
17919748
17919794
17920935
17921379
17922681
17923064
17923321
17923622
17925000
17926833
17927377
17927625
17928652
17929246
17929602
17929630
17929649
17929761
17930038
17930282
17930407
17930702
17931175
17931763
17933039
17933413
17933513
17933564
17934382
17934832
17934867
17934891
17934964
17935134
17935161
17935241
17935283
17935563
17935731
17936427
17937153
17937465
17937719
17938635
17938825
17939035
17939507
17939530
17939630
17940025
17940055
17940065
17941742
17941802
17942020
17942036
17942729
17942830
17942891
17943115
17943993
17944044
17944204
17944317
17945056
17945510
17945525
17945709
17945767
17946131
17947136
17947336
17947472
17947609
17966755
17967307
17967553
17967916
17968553
17968997
17969029
17969156
17969296
17969533
17969538
17969954
17970706
17970836
17971128
17971359
17971613
17971826
17971961
17972107
17972117
17972737
17972777
17973597
17973799
17973923
17974747
17974962
17975229
17975389
17975425
17976889
17977911
17978099
17978335
17979365
17979374
17979931
17980196
17981058
17981066
17981164
17981314
17981387
17981607
17981953
17982095
17982150
17983029
17983150
17983337
17983443
17983802
17983937
17985133
17986167
17986581
17986617
17986991
17987149
17988399
17988658
17989436
17989869
17990137
17990267
17991579
17993153
17993460
17995176
17995692
17998005
18000685
18000739
18001584
18001880
18002001
18002297
18002591
18002713
18003427
18003702
18003713
18003870
18003936
18004565
18004825
18004924
18005065
18005693
18005717
18005871
18005890
18005915
18005972
18006147
18006714
18007445
18007765
18008431
18008483
18008584
18008650
18008681
18008729
18009618
18009723
18009851
18009944
18010033
18010202
18010593
18010862
18011034
18011052
18011431
18012664
18013426
18013981
18014305
18014616
18014641
18015490
18015903
18016196
18016440
18016759
18017101
18017181
18017206
18017520
18018088
18022912
18023705
18025172
18029143
18029440
18041467
18074063
18078488
18079834
18082633
18084000
18085577
18117483
18138326
18138648
18138677
18138769
18138821
18139092
18139651
18140220
18140364
18140489
18140665
18140749
18140792
18140905
18141235
18141435
18141438
18142075
18142214
18142669
18142678
18143243
18143670
18143696
18143925
18144032
18144058
18144400
18145604
18145612
18145762
18146452
18147379
18148270
18148359
18148386
18148468
18148698
18148868
18148898
18148906
18149161
18149230
18149455
18149655
18149845
18151156
18151382
18151608
18152383
18152440
18152990
18153652
18154346
18154615
18154627
18154794
18154816
18154965
18155331
18155931
18156180
18156427
18156684
18186722
18186988
18187260
18187509
18187671
18187847
18187920
18188236
18188336
18188661
18188971
18189450
18189746
18189816
18190382
18190525
18191172
18191262
18191553
18191814
18192242
18192380
18192397
18193091
18193173
18194460
18194529
18194792
18196395
18196771
18196818
18197348
18198687
18198922
18199651
18199657
18199827
18200449
18200812
18200869
18200896
18200966
18201146
18201507
18201533
18201559
18203046
18203111
18203336
18203525
18278615
18283852
18294019
18314592
18314674
18315452
18316264
18316687
18317012
18317483
18318146
18318360
18319156
18319723
18319769
18320159
18321330
18321364
18321914
18322036
18322138
18323203
18324132
18325144
18325687
18326446
18326613
18381567
18382502
18385748
18387509
18388761
18390081
18408137
18408710
18408858
18409596
18412179
18413015
18413908
18414319
18415092
18415122
18417003
18418442
18419908
18420250
18549479
18552473
18554117
18555116
18556387
18556825
18558285
18559573
18560812
18565512
18566086
18566217
18567483
18567666
18567777
18568153
18568565
18568567
18568971
18570890
18571305
18571314
18571790
18572935
18573930
18574043
18574067
18574893
18575153
18575176
18575376
18576232
18576676
18577968
18578096
18578847
18579388
18579424
18579878
18580110
18580310
18580464
18581025
18581458
18581591
18581612
18582074
18582178
18582650
18582690
18583360
18583786
18584302
