108505
109297
109516
109675
112597
113398
114293
115162
115306
115402
116271
116860
117174
117489
117637
117862
119669
120201
120763
121671
121974
122023
123422
124049
124141
124195
125177
126573
126834
127079
127391
127674
127718
127815
127828
127934
127965
128445
128535
128734
128913
129221
129344
129823
129951
130076
130135
130342
130452
130927
131178
131237
131314
131950
132096
132290
132343
133843
134076
134103
134162
134236
134505
134685
134786
135201
135248
135315
135701
135747
136462
136573
136866
137535
138772
140321
140512
140717
142261
142464
142526
142533
142649
142899
142961
143090
146454
147648
149236
150254
150831
150900
151165
151202
151916
152025
153327
155431
158744
202226
202425
203149
203354
203697
204515
204783
205150
205245
206117
206176
206287
206325
206845
206848
206876
207277
207656
207732
208128
208672
208913
208934
209838
210931
211165
211530
211613
211686
212664
212945
213163
214466
214726
217019
218781
218983
221291
227190
227759
293204
296079
301721
304434
305607
305683
305913
306656
307075
307122
307125
307383
308232
308347
308810
309820
310519
310625
310796
311273
311419
311802
312797
312830
313305
313432
313514
313847
314174
314777
314914
315097
315269
315328
315346
316569
316769
317172
317240
318112
318434
319193
319393
319466
320293
320563
320798
321146
321446
321448
433024
434361
436013
437316
437966
438137
439791
440439
444113
445632
446252
448217
448622
448763
448885
449258
449498
449515
449706
450191
450908
451059
451344
451383
451525
451904
452107
452414
452677
452707
453238
453328
453380
453604
453754
454617
454736
455515
455558
455601
456453
456698
457121
457206
457825
458080
458122
458148
458665
459232
459342
459454
459496
459550
459814
459960
460486
460762
461025
461145
461397
461583
461642
462747
462758
464029
464450
465313
465513
466004
466028
466855
467193
467572
468638
469278
469483
470009
470102
470412
471783
473098
473170
473729
474584
475226
475845
476043
476440
476783
477367
479005
479078
479181
480342
490573
494663
495151
495981
495986
496000
496149
496295
496479
496495
496533
497274
497732
497852
498242
498252
498323
498484
498602
499107
499568
499840
500052
500200
500444
500491
500499
501443
502691
503004
503522
504151
504189
504315
504478
504504
505521
505882
506038
506648
506753
507715
508894
509005
509111
510813
511324
511554
512011
512141
512424
512461
512882
513830
550040
550490
550691
550801
550847
551897
552224
552238
552360
552472
552945
553324
553663
553979
554276
554356
554864
554949
555336
555411
555574
555918
556192
556525
556803
557084
557128
557693
557703
558207
558404
559709
559757
559920
560148
560171
560245
560922
561084
561224
561327
561729
561785
561833
561899
561917
562038
562463
562522
562631
562635
562900
564657
565367
567328
568814
570066
570360
571550
571814
572020
573266
573977
574844
575422
575803
577127
643826
643926
643996
644116
644170
644196
644687
644794
644798
646152
646513
646551
646589
646736
647476
648026
648443
648822
648861
649093
649758
650027
650207
650374
650383
650642
651510
651513
651551
651756
652218
652403
652509
652875
653335
653369
654216
808599
809669
809776
810099
810342
810691
811109
811202
811308
811324
812687
813491
814076
814340
814637
814861
815123
815146
815215
815985
816569
816720
816850
817050
817179
817429
817811
817910
818688
818744
818822
818832
819424
820376
820436
820491
820587
821478
821644
821924
822682
823001
823157
823988
824469
824958
825011
836248
837637
839378
840031
841563
841611
842167
842916
843072
843249
843324
843330
844014
844023
844969
845110
846262
847571
848345
849473
849497
850401
850818
850898
851325
851511
852298
853305
853646
854338
854509
854757
855087
855310
855935
855951
856283
856997
857393
857830
858284
858358
859359
859852
860646
860864
862423
864014
893226
893618
893847
893977
894046
894446
894764
894784
895261
895555
895588
895652
895740
895798
895915
895983
895999
896156
896737
896900
897266
897301
897565
898360
898527
898791
899288
899442
899656
900004
900139
900172
900224
900362
900443
900509
900573
900608
900891
901065
901283
901313
901968
902543
902926
903033
903128
903188
904103
904128
904404
904488
904848
904885
905333
905489
905760
906033
906137
906160
906342
906453
906644
906846
906912
907210
907373
907692
907778
907830
908537
908656
908915
908999
909033
909066
909176
909557
909654
909833
910029
1001208
1014158
1046800
1047160
1050268
1051273
1051318
1051441
1054006
1054959
1069363
1233144
1233189
1233219
1233528
1233670
1234080
1234810
1234981
1235268
1235301
1236218
1236284
1236754
1236991
1237045
1237249
1237370
1237651
1238149
1238509
1239445
1239927
1240061
1240325
1240519
1240519
1240640
1240810
1241266
1241448
1242115
1242145
1242278
1242447
1242493
1243191
1243245
1243420
1243503
1243694
1243957
1243977
1244126
1244770
1245757
1246073
1246509
1246767
1246859
1246981
1248732
1249613
1249680
1250265
1250389
1250501
1250585
1251468
1251850
1251883
1252129
1252222
1252233
1252460
1252850
1252929
1253535
1253877
1253907
1254277
1254307
1254353
1254821
1254949
1255463
1255893
1256022
1256191
1256269
1256420
1256726
1256998
1257267
1257574
1257802
1257983
1259816
1260428
1260667
1261572
1262092
1262094
1262135
1262286
1262380
1262833
1263070
1263122
1263231
1277492
1277958
1278069
1278200
1278818
1278889
1279361
1279564
1279679
1280302
1280790
1281573
1281918
1282769
1284027
1284360
1284565
1284985
1285241
1285503
1285771
1286460
1287716
1287726
1287907
1288004
1288525
1288714
1289296
1289634
1289710
1290220
1290353
1290589
1290958
1291246
1292103
1292161
1292644
1292758
1293868
1294096
1294581
1294771
1295518
1295525
1295716
1295966
1297184
1297542
1297725
1297926
1298752
1299711
1299926
1300921
1300969
1301092
1301816
1302143
1302322
1302388
1302882
1303167
1303223
1303276
1303560
1303806
1303889
1303995
1304186
1304469
1305112
1305712
1305871
1309226
1311289
1311448
1314605
1314898
1316721
1320385
1320920
1321525
1322390
1322499
1367443
1367512
1368198
1370397
1370537
1371196
1371404
1372279
1372418
1372659
1374155
1374823
1375346
1375758
1376716
1377952
1381128
1382031
1382827
1383449
1383934
1384363
1385578
1385785
1386676
1387457
1387512
1388830
1390181
1394092
1395729
1395907
1396824
1397018
1398870
1399283
1400190
1401948
1403342
1403755
1408668
1411506
1413283
1413375
1413477
1413622
1413678
1414876
1415354
1415946
1416098
1416117
1416147
1416495
1416704
1416941
1417186
1417252
1417461
1417801
1417802
1417806
1417811
1417905
1417962
1418157
1418565
1418693
1418772
1418792
1419057
1419939
1420035
1420590
1420928
1421164
1421178
1421253
1421294
1421372
1421427
1421513
1421550
1421568
1421636
1421753
1421857
1422037
1422228
1422351
1422355
1422462
1422981
1423048
1423421
1427393
1433448
1436889
1451584
1453156
1457373
1457478
1458353
1458912
1459836
1461744
1462271
1463850
1463858
1464174
1464181
1464538
1464647
1466247
1466782
1467532
1467826
1468399
1469064
1469185
1469860
1470923
1471687
1471743
1472329
1473188
1474324
1474452
1474711
1474858
1475423
1475428
1475928
1476250
1476280
1476924
1477187
1477441
1478174
1478693
1478852
1479024
1479043
1479408
1479887
1481645
1481945
1482665
1483287
1483529
1483948
1484489
1484578
1484629
1624800
1628139
1628704
1629825
1674105
1674105
1674876
1676309
1676586
1676729
1676751
1677013
1677869
1678003
1678316
1678542
1678745
1678775
1678804
1678923
1679826
1679913
1679935
1680020
1680155
1680755
1681756
1681927
1682536
1682943
1683085
1683211
1683339
1683517
1683632
1684249
1684442
1684732
1685243
1686106
1687263
1688098
1688527
1689098
1689103
1689423
1689453
1689820
1731396
1746441
1746668
1748706
1750741
1751333
1753752
1756579
1757888
1760415
1760630
1761205
1761509
1761522
1761918
1799946
1801610
1803971
1804065
1804482
1805624
1805978
1806575
1806741
1808644
1809061
1810075
1875166
1877030
1877330
1877972
1878733
1879430
1879611
1879812
1880709
1881754
1882192
1882800
1883264
1884100
1884440
1887410
1888438
1888879
1888957
1889886
1893754
1903092
1903184
1903768
1904119
1904433
1904609
1904807
1906192
1906438
1906798
1906845
1907173
1907877
1908607
1908880
1909318
1909793
1909990
1910170
1911285
1912403
1914047
1914129
1914759
1915670
1916484
1916546
1917162
1935434
1935839
1935975
1936934
1937584
1937859
1938298
1938563
1938869
1941146
1941288
1941930
1942219
1943078
1944277
1946368
1949527
1951248
1951381
1952517
1952619
1953085
1953166
1953484
1953751
1954136
1954490
1974536
1976183
1976513
1977618
1979801
1981397
1981825
1982041
1983933
1984603
1985553
1986168
1986759
1987166
1987700
1989579
2036977
2038088
2038817
2038841
2041165
2042193
2042504
2043123
2043753
2043860
2044333
2044365
2044436
2045384
2045494
2049854
2050629
2050631
2050730
2078824
2080785
2082077
2119030
2132148
2136205
2136218
2137759
2138872
2139667
2141181
2144407
2145389
2145775
2146020
2146078
2146147
2146305
2146694
2147177
2147256
2147367
2147689
2148313
2148346
2148597
2148657
2148688
2149244
2149485
2149602
2149884
2150040
2150050
2150759
2150849
2151414
2151487
2151960
2152010
2152089
2152223
2152400
2152886
2153457
2153752
2153783
2153920
2154568
2154572
2155054
2155110
2155750
2156334
2156694
2156768
2157536
2158001
2158006
2158527
2159334
2159626
2159843
2159981
2160030
2160151
2160164
2160881
2161658
2161735
2161961
2162328
2162470
2163421
2163543
2163682
2164408
2164623
2165355
2165385
2165483
2165538
2166065
2166730
2167329
2167994
2168391
2169148
2169954
2170574
2170597
2170773
2171229
2172006
2175143
2176964
2195946
2195998
2196350
2197815
2199300
2200784
2203131
2203231
2204450
2204478
2205669
2224282
2224300
2224595
2224686
2224703
2225144
2225240
2225767
2227701
2229108
2231219
2232718
2232801
2234390
2236324
2238116
2238238
2239184
2256876
2257352
2259438
2260562
2263154
2264321
2265409
2287839
2289575
2289954
2290217
2290309
2290311
2290790
2290865
2291059
2291870
2292148
2292290
2292628
2292992
2293964
2294668
2294761
2294848
2294862
2294994
2295031
2295379
2295508
2295699
2296499
2296739
2296854
2297198
2297340
2297531
2297660
2297666
2297806
2297848
2298063
2298375
2298596
2298786
2299026
2299485
2299644
2299863
2299959
2300319
2300446
2301031
2301097
2301626
2301832
2301885
2301932
2301970
2302519
2302545
2302784
2302969
2303208
2303219
2303327
2303501
2303719
2304020
2304040
2304189
2304266
2304281
2305359
2305593
2305718
2306480
2306658
2306860
2307027
2307370
2323280
2323587
2323590
2323600
2323789
2323883
2324246
2324324
2324764
2325028
2325520
2325687
2326006
2326093
2326804
2326881
2327056
2327150
2327376
2327450
2327471
2327544
2328602
2328844
2329999
2330134
2330424
2330992
2331069
2331752
2332100
2332132
2332900
2333124
2333164
2333218
2333680
2333724
2333785
2333826
2334225
2334248
2334446
2334547
2334583
2335050
2335125
2335499
2335644
2335781
2335819
2335923
2336807
2336835
2336930
2337129
2337168
2337286
2337579
2338009
2338227
2338467
2338592
2338644
2338762
2339112
2339923
2341808
2341922
2342050
2342096
2342196
2342834
2342986
2343071
2343188
2343537
2343557
2343707
2344068
2344318
2344966
2346092
2346285
2347007
2347545
2347772
2348433
2348445
2348792
2348803
2348903
2349225
2349468
2349735
2350121
2350811
2350964
2351154
2351450
2351660
2351796
2351813
2352861
2352892
2353287
2353636
2353990
2354000
2354006
2354036
2354655
2354984
2355306
2355480
2355516
2355530
2355629
2355999
2356619
2356814
2356848
2357602
2357608
2357621
2357872
2358101
2358266
2358779
2359315
2359389
2371104
2375949
2378521
2381621
2384816
2386537
2386932
2414906
2420590
2420894
2421100
2421348
2421548
2422707
2423042
2423086
2423228
2423579
2423830
2424039
2424854
2425081
2425384
2425664
2426011
2426328
2426462
2426485
2426578
2426891
2427086
2427862
2428060
2428329
2429064
2429195
2429314
2429448
2429593
2429611
2429752
2429918
2430630
2430795
2430915
2431012
2431147
2431227
2431784
2432691
2432787
2432796
2432888
2433360
2433403
2433466
2433891
2434591
2434708
2434998
2435269
2435513
2435527
2457954
2461859
2467493
2497353
2499956
2502137
2505569
2508405
2512349
2512704
2513268
2513856
2514026
2514253
2514485
2515692
2516492
2516528
2516598
2517581
2517664
2518035
2518307
2519071
2519860
2520696
2523271
2554230
2581808
2581897
2582114
2582120
2582216
2583074
2583242
2583616
2583746
2584052
2584128
2584575
2584696
2584804
2585245
2585246
2585371
2585552
2586144
2586342
2586497
2586567
2587050
2587794
2587916
2588058
2588265
2588375
2589126
2589652
2590237
2590407
2590445
2590987
2591574
2591592
2591731
2591772
2591817
2591862
2591983
2592878
2613667
2613715
2614297
2614321
2615239
2616097
2616190
2616786
2616863
2617074
2617106
2617179
2617234
2617869
2618073
2618119
2618260
2618390
2618440
2619228
2619438
2619469
2619563
2619898
2619919
2620422
2620955
2621740
2621973
2622352
2622718
2623118
2623385
2623750
2623766
2624184
2661275
2661830
2661886
2662143
2662234
2662494
2662722
2663259
2663358
2664206
2664242
2664389
2664422
2664840
2665069
2665706
2667110
2667291
2667354
2667476
2667721
2667745
2667913
2667945
2668006
2668063
2668116
2668664
2668881
2668886
2668895
2669184
2669369
2669397
2669527
2669682
2669764
2670131
2670845
2671024
2671119
2671134
2671318
2671504
2671903
2672313
2672431
2672617
2672711
2696000
2703319
2704654
2704682
2704975
2705177
2705531
2705927
2705933
2706052
2706258
2706990
2707050
2707123
2707178
2707393
2707743
2707816
2708017
2708209
2708393
2708804
2709256
2709418
2709493
2709708
2709986
2710459
2710593
2710646
2710709
2710764
2711132
2711988
2712070
2712093
2712327
2712794
2713759
2713882
2714106
2714126
2714318
2715139
2715165
2715371
2715750
2716141
2716249
2716259
2716319
2716832
2717032
2717380
2717731
2717791
2717876
2718287
2718371
2718435
2718444
2718633
2718715
2718892
2719147
2719540
2719946
2720332
2720396
2720480
2720767
2720870
2891760
2892196
2892267
2893044
2894516
2896933
2897178
2897200
2897890
2898302
2898989
2901089
2901410
2917564
2918703
2918882
2922089
2922589
2922636
2928840
2929332
2929411
2932339
2935636
2937522
2937712
2937878
2938036
2938336
2938732
2940362
2940646
2940996
2941132
2941165
2941204
2941441
2942001
2942445
2942453
2942860
2943962
2944665
2944681
2945280
2945343
2945448
2946985
2947206
2947367
2947589
2947803
2948508
2949532
2949638
2949895
2950082
2950439
2950511
2952629
2952659
2952823
2953177
2953204
2953344
2953956
2954186
2954244
2954368
2954699
2954866
2955360
2956147
2956506
2957522
2957539
2957808
2958082
2958450
2958954
2959181
2959998
2960878
2961860
2962114
2962533
2962836
2963623
2963856
2964223
2964270
2964495
2965233
2965924
2965973
2966081
2966267
2966534
2966804
2966892
2967654
2967702
2968031
2968666
2968968
2969125
2970015
2971469
2971483
2971524
2971717
2972361
2972389
2972460
2972577
2972687
2973162
2973314
2973953
2975310
2975318
2975689
2976034
2976118
2976269
2976342
2976670
2976690
2976720
2976784
2977597
2977707
2978173
2978181
2978324
2978397
2978533
2978739
2979015
2979217
2979735
2979871
2980405
2980873
2980992
2981606
2982392
2982790
2983265
2983626
2983699
2983989
2984012
2984087
2984409
2984575
2984811
2985225
2986029
2986421
2986506
2986602
2986941
2986984
2987033
2987056
2987268
2987621
3019102
3019678
3020870
3021104
3021369
3021852
3022751
3022761
3024050
3024527
3024891
3025565
3025819
3025842
3026147
3026622
3027106
3028632
3029238
3029480
3030195
3030239
3030508
3032267
3032546
3033334
3033659
3033705
3034676
3075821
3094583
3096191
3097397
3099605
3102286
3105306
3108789
3110681
3112524
3139144
3139299
3146168
3147583
3147704
3149204
3153506
3156006
3193110
3195963
3196326
3197599
3201034
3203402
3204308
3204840
3205709
3206125
3206652
3209559
3211805
3212830
3213732
3215933
3218373
3220486
3285173
3286629
3287916
3288063
3289517
3290380
3290567
3290639
3293075
3293740
3294743
3295033
3295066
3295171
3296139
3296296
3296474
3296569
3297195
3297224
3298380
3299215
3299353
3300361
3362244
3362341
3362356
3362669
3362958
3363392
3363626
3363971
3364458
3364502
3364579
3365061
3365276
3365333
3365361
3365892
3366223
3366488
3366852
3366853
3367151
3367434
3367744
3367968
3367975
3368100
3368133
3368257
3368843
3369095
3369604
3369635
3369663
3369718
3369907
3370631
3370640
3371348
3371353
3371740
3372173
3372307
3372387
3372676
3372980
3373649
3373723
3406656
3407338
3407370
3407566
3407698
3409534
3410030
3411869
3449072
3449700
3450123
3450630
3451120
3451184
3451203
3451284
3451828
3451931
3452130
3453401
3453687
3453821
3453881
3453987
3454148
3454205
3454845
3454892
3456331
3456884
3457722
3458254
3458766
3458781
3459360
3459427
3459449
3459880
3460040
3460551
3460614
3460778
3460786
3658688
3668272
3668727
3727350
3727478
3727509
3727642
3727853
3727890
3728031
3728095
3728492
3728631
3728655
3728678
3728897
3728961
3729076
3729277
3729465
3729500
3729588
3729682
3729761
3729917
3730052
3730371
3730480
3730537
3730826
3732080
3732147
3732380
3732524
3732836
3732947
3733174
3733944
3733987
3734268
3734694
3734753
3734964
3735016
3735048
3735097
3735918
3736039
3736155
3737172
3737231
3737503
3737635
3737765
3737806
3738194
3738329
3738706
3739140
3739288
3739331
3739683
3739684
3739771
3739872
3740450
3740478
3740503
3740802
3740865
3740891
3740961
3740984
3740985
3741028
3741260
3741371
3741664
3741700
3742403
3742442
3742916
3743490
3743664
3744483
3744560
3744971
3745412
3745498
3798568
3827905
3828033
3828920
3829304
3829347
3829386
3829423
3829554
3830523
3830826
3831276
3831662
3832181
3832193
3832534
3833162
3833553
3833663
3834385
3836146
3836582
3836816
3837255
3837571
3837901
3838000
3838407
3839710
3853371
3854079
3854867
3855074
3855204
3855344
3855384
3855881
3856570
3856817
3857022
3857417
3857483
3857506
3858093
3858707
3858750
3859353
3860356
3860391
3860786
3861664
3861790
3861855
3862131
3862319
3862627
3863458
3864596
3864714
3864736
3864867
3865280
3865586
3865644
3865651
3865652
3865912
3865953
3866001
3866641
3866860
3866864
3867167
3867236
3867320
3867489
3868613
3868972
3869000
3869009
3869140
3869668
3870072
3870190
3870420
3870423
3870819
3870856
3871483
3871581
3871974
3872145
3890996
3891148
3891250
3891252
3891325
3891491
3891601
3891979
3892979
3893157
3893377
3893424
3893464
3893469
3893553
3893778
3894544
3894888
3895687
3895726
3895999
3896367
3896773
3896967
3897047
3897602
3897668
3898296
3898367
3898528
3898766
3898874
3899307
3899315
3899634
3899802
3900117
3900430
3900635
3900756
3900889
3900908
3901022
3901160
3901364
3901655
3902048
3902155
3902219
3902660
3902954
3903432
3903651
3903660
3903783
3904400
3904566
3904737
3905567
3905840
3925901
3925957
3926569
3926696
3926824
3927329
3927681
3928651
3928676
3928714
3928756
3928775
3930152
3930513
3930540
3930814
3931194
3931432
3931735
3932129
3932820
3933770
3934523
3934651
3935187
3936746
3936802
3937351
3937534
3937939
3938204
3938213
3938222
3938232
3938309
3938778
3938785
3938856
3939462
3939733
3940484
3941787
3946988
3947582
3947866
3953138
3953215
3953797
3954756
3955169
3955769
3971273
3971588
3971648
3972034
3972522
3973135
3973245
3973455
3973615
3973637
3973987
3974033
3974910
3975162
3975282
3975424
3975862
3975965
3976156
3976247
3976361
3976881
3977114
3977122
3977523
3977972
3978436
3978495
3978626
3978972
3979143
3979613
3979798
3980028
3980062
3980270
3980339
3980427
3980743
3980790
3980797
3980930
3980941
3981025
3981179
3981761
3982161
3982167
3982876
3982897
3983480
3983962
3984241
3984367
3984479
3984491
3984524
3985037
3985143
3985171
3985421
3985562
3985649
3985674
3985968
3986017
3986202
3986344
3986479
4012858
4017605
4038092
4038315
4038370
4038882
4039151
4039837
4040663
4040855
4041946
4042583
4043173
4043521
4043571
4043649
4043864
4044149
4044526
4044637
4044960
4046424
4047846
4048507
4049392
4049524
4049681
4049876
4049900
4050550
4051487
4051947
4052184
4052343
4053574
4054285
4054474
4054562
4054717
4056179
4056210
4056870
4070207
4070230
4071346
4071624
4071749
4071796
4072274
4072790
4073062
4073470
4073539
4074220
4074953
4075268
4077015
4077364
4077843
4078750
4078891
4079529
4079545
4079651
4080593
4081051
4081169
4197167
4197288
4197423
4197710
4198350
4199021
4199107
4199192
4199288
4199388
4199624
4199763
4200129
4200272
4200974
4201250
4201790
4201842
4201853
4202956
4203421
4203886
4203899
4204495
4204585
4204649
4205033
4205039
4205149
4205798
4205942
4206676
4206890
4207276
4207752
4207849
4208051
4208150
4208179
4208231
4208510
4208543
4208630
4208682
4208903
4210496
4211375
4211470
4211481
4211757
4211818
4211968
4212249
4212640
4212713
4212958
4213003
4252357
4255466
4258253
4258623
4271889
4272221
4272908
4272914
4273084
4273455
4273629
4273871
4274086
4274322
4275842
4276243
4276872
4277019
4277931
4277943
4278375
4278725
4278790
4279145
4279295
4279561
4280297
4280903
4281564
4281925
4281988
4281998
4282850
4283319
4283930
4284617
4284926
4285071
4285130
4285599
4285874
4286011
4286856
4288091
4288303
4288626
4289598
4308444
4308601
4309241
4309451
4309597
4310489
4310585
4310597
4310748
4310801
4310916
4311409
4311680
4311703
4311959
4312051
4312081
4312400
4312833
4312884
4312998
4313163
4313204
4313819
4314196
4314329
4314538
4315529
4315712
4315908
4316592
4316656
4316992
4317310
4317408
4317491
4317820
4317867
4317975
4318407
4318455
4318836
4318884
4319012
4319082
4319420
4319543
4319689
4352826
4353140
4353378
4353490
4353519
4353683
4354073
4354121
4354382
4354433
4354439
4354992
4355128
4355527
4355568
4355757
4355790
4356389
4356921
4357330
4357493
4357536
4357845
4358250
4358543
4359342
4359569
4360421
4360890
4361057
4361081
4361154
4362009
4362199
4362286
4362480
4381245
4381332
4381467
4381926
4382033
4382134
4383245
4383314
4383356
4383547
4384211
4384243
4384815
4384878
4385095
4385470
4385517
4385566
4385597
4385989
4386177
4386507
4386638
4386662
4386881
4386915
4387413
4387495
4387556
4387941
4387966
4387997
4388323
4388613
4388657
4389000
4389045
4389298
4389466
4390159
4390271
4390367
4390446
4390519
4390739
4390927
4391687
4392166
4392521
4392577
4397878
4401140
4439003
4439379
4440815
4441253
4442457
4442810
4442872
4443194
4443250
4444146
4444417
4444584
4444620
4444769
4444774
4445072
4445337
4445363
4445481
4445657
4445676
4445744
4445951
4446360
4446800
4447252
4447413
4447478
4447812
4447837
4448137
4448175
4448553
4448816
4448876
4449052
4449803
4455297
4456326
4461737
4462868
4463925
4468580
4468587
4468908
4472114
4472370
4475548
4479061
4479062
4479816
4479875
4480985
4482321
4483231
4484075
4484333
4484360
4484381
4484886
4484990
4485020
4485117
4485818
4485937
4486768
4486920
4487159
4488205
4488223
4489772
4490427
4490537
4490595
4544857
4703976
4707018
4712065
4719073
4719416
4720913
4728240
4728285
4728867
4729090
4729224
4729480
4729599
4730114
4730439
4730481
4731181
4731229
4731315
4731537
4732182
4732405
4732561
4733151
4733162
4733374
4733595
4733903
4734343
4734445
4734860
4735075
4735138
4735189
4735213
4735327
4735533
4735876
4736638
4736799
4737316
4737385
4737499
4737708
4738251
4738287
4738349
4738427
4738638
4739403
4739525
4739634
4739666
4739899
4740094
4740289
4740388
4740418
4740424
4740686
4741146
4742750
4742822
4742981
4743527
4743536
4743557
4744288
4744893
4745067
4745417
4779346
4787226
4846897
4989318
4990161
4990421
4990651
4991755
4994605
4998315
4998908
4999779
5004061
5006480
5009213
5009867
5040263
5040376
5040625
5044529
5045153
5045671
5046331
5046350
5047359
5048170
5048295
5048597
5049364
5050072
5050185
5050396
5050572
5054656
5054661
5054680
5054718
5055836
5056839
5057061
5058907
5069445
5069794
5069891
5074408
5081568
5084488
5085214
5086351
5087490
5087749
5087941
5089265
5089426
5089462
5090232
5090868
5090994
5091100
5094808
5094895
5160462
5163608
5171939
5172182
5173136
5173139
5173427
5173705
5173868
5174961
5175512
5176052
5177183
5177953
5178037
5178811
5179323
5179986
5180034
5180086
5180155
5180647
5181110
5181175
5181390
5181691
5181846
5182803
5182994
5183992
5184580
5184678
5184829
5185917
5235126
5235507
5235539
5235719
5235812
5235821
5235899
5235904
5235995
5236432
5236489
5236962
5236965
5237306
5237722
5237826
5238038
5239054
5239245
5239424
5240085
5240744
5240909
5241406
5241492
5241746
5241835
5241840
5241882
5242017
5242099
5242747
5243194
5243262
5243793
5244049
5244113
5244132
5244417
5244846
5244946
5244984
5245126
5245292
5245386
5245617
5245743
5245857
5246003
5246198
5246255
5246405
5246666
5246852
5246888
5246892
5246905
5247050
5247150
5247247
5247303
5247400
5247727
5247746
5247808
5248475
5248732
5249083
5249088
5249127
5249296
5249751
5249814
5251001
5251138
5251927
5252305
5252394
5252395
5252637
5252815
5293081
5293681
5295726
5296426
5296896
5297823
5299581
5299688
5300807
5303760
5305582
5306666
5388493
5388615
5388626
5388697
5389065
5389084
5389291
5389344
5389646
5389927
5390810
5391153
5391314
5391528
5392016
5392122
5392762
5392849
5392970
5393089
5393476
5393574
5393688
5394738
5395152
5395731
5395774
5397012
5397304
5397459
5397652
5397739
5398007
5398225
5398661
5398851
5457623
5467032
5499963
5500310
5501122
5501648
5502188
5502463
5503924
5503951
5504336
5504549
5504724
5504762
5504840
5505043
5505806
5505845
5506052
5506590
5507415
5507599
5508272
5509268
5579080
5584395
5587444
5587543
5589512
5592524
5592815
5593063
5593123
5593503
5593603
5594283
5594867
5595318
5596298
5596428
5596467
5596479
5596542
5597003
5597226
5597303
5597612
5597939
5598497
5598570
5598889
5599623
5600458
5600737
5600904
5600932
5600982
5601478
5601634
5601682
5601844
5602181
5602574
5603019
5603089
5603137
5603266
5604777
5605495
5607065
5608764
5609101
5610527
5611357
5612515
5639168
5639872
5643199
5645566
5646192
5646235
5646315
5646933
5647030
5647237
5647281
5647439
5647565
5647652
5648389
5649594
5649777
5649927
5650558
5809719
5809739
5810156
5810452
5810773
5810934
5811043
5811304
5811744
5811869
5811978
5812390
5812483
5812525
5812837
5812908
5813953
5813990
5814435
5814954
5815406
5815532
5815542
5815597
5815725
5816471
5816845
5817084
5817576
5817987
5818093
5818377
5818855
5819038
5819071
5819145
5819391
5819865
5820238
5820323
5820402
5821323
5821351
5821376
5821739
5821882
5823010
5823150
5823208
5823936
5824381
5825086
5826657
5826849
5827876
5828765
5833441
5834118
5834612
5840499
5841512
5929612
5930374
5930773
5933456
5934812
5936229
5937959
5938776
5939838
5941153
5954869
5955280
5961185
5962791
5963667
5965700
5967148
5967648
5967727
5967800
5967907
5968012
5968755
5969168
5969206
5969333
5969866
5970008
5970396
5970465
5970572
5971214
5971232
5971324
5971589
5972006
5972465
5972515
5973315
5973491
5973668
5973743
5973818
5974372
5974554
5974829
5974951
5975092
5975643
5976413
5976799
5977369
5977459
5977979
5978021
5978052
5978102
5978231
5978829
5979457
5979928
5980185
6011318
6011351
6011356
6012448
6012637
6012702
6013195
6013309
6013734
6014063
6014279
6014281
6015816
6016179
6016513
6018127
6018432
6018834
6019223
6019486
6020192
6020461
6020578
6021203
6021352
6021456
6022045
6022184
6022367
6022553
6023396
6023998
6024212
6024806
6024944
6025292
6025534
6025601
6025767
6026830
6027287
6028327
6028666
6031036
6033021
6033416
6034687
6036105
6036325
6037268
6037312
6038307
6039505
6042499
6043145
6043261
6044533
6044964
6045192
6133688
6133757
6134387
6134429
6135232
6135861
6135885
6136618
6136703
6137697
6137752
6137824
6137853
6138517
6138528
6138802
6138822
6139272
6139494
6139546
6139561
6140224
6140303
6140529
6140862
6142086
6142819
6142964
6143776
6144053
6144098
6144450
6144458
6200318
6200533
6201100
6201112
6201435
6202399
6202586
6203038
6203271
6203646
6204832
6205279
6205364
6205592
6206148
6206438
6206875
6207170
6207730
6207788
6207897
6209068
6210056
6210107
6210205
6210381
6210645
6211153
6211216
6212198
6212767
6213172
6213445
6213757
6214091
6214269
6214303
6214603
6215238
6215254
6215768
6215912
6216289
6216341
6216387
6216553
6216844
6217097
6217177
6217515
6217915
6218118
6218918
6219932
6220270
6220565
6221055
6221291
6221494
6221518
6221630
6222550
6223475
6223490
6223949
6224382
6224741
6225676
6226199
6226397
6226634
6226641
6226963
6227121
6227213
6227632
6227996
6230440
6232040
6233184
6233459
6233511
6233889
6251058
6251174
6251621
6251738
6252369
6253382
6253538
6253593
6253851
6253907
6254418
6254676
6254991
6255514
6255980
6256377
6256427
6256871
6256989
6257232
6257264
6257449
6257523
6258698
6258836
6258875
6259112
6259236
6259468
6259786
6261068
6261141
6261232
6261263
6261923
6262232
6262589
6262651
6263889
6263955
6264198
6264279
6264350
6264449
6264659
6264942
6265280
6265864
6265997
6266597
6266624
6266860
6267427
6267690
6267801
6267928
6267993
6268229
6268562
6268666
6268736
6269518
6269651
6269795
6270010
6270055
6270063
6270264
6271139
6271150
6271165
6271258
6271354
6271964
6272321
6272514
6272740
6272893
6272908
6272973
6273087
6273644
6273951
6273990
6274093
6274098
6274441
6274667
6274734
6275072
6275089
6275121
6276395
6276447
6276450
6276489
6276967
6277217
6277312
6277348
6277759
6279018
6279109
6279293
6279480
6279839
6280013
6280085
6280511
6280696
6280716
6280761
6320985
6322380
6322988
6323346
6323490
6323654
6323869
6324349
6325135
6325483
6325709
6326238
6326330
6326447
6327871
6328441
6328749
6329823
6330299
6330427
6331595
6379450
6447334
6452252
6455373
6471358
6472166
6473323
6473578
6473730
6474200
6474781
6474930
6475062
6475506
6475587
6476465
6477370
6477861
6479254
6480331
6480374
6480446
6480452
6480588
6480883
6481036
6481911
6545990
6550682
6553395
6555360
6557777
6557821
6559031
6561123
6561238
6561352
6561597
6562645
6563797
6563850
6564884
6565312
6565542
6566073
6568442
6569342
6569616
6569688
6569845
6626437
6626658
6627169
6627229
6627399
6627827
6628848
6628980
6629261
6629656
6631009
6631885
6632413
6633522
6634013
6634119
6634498
6634914
6634951
6635403
6635741
6636751
6636884
6636903
6637875
6637905
6637979
6638465
6638818
6639027
6639056
6640082
6640083
6640160
6640498
6640548
6640959
6641292
6641318
6641362
6706463
6706595
6706709
6707107
6707392
6707526
6708103
6709665
6709771
6709792
6710416
6710721
6710769
6711596
6712499
6712653
6713007
6713836
6713879
6714371
6714468
6715096
6715325
6715645
6715679
6715957
6716073
6716156
6716497
6716556
6716915
6717193
6717381
6717492
6717496
6717612
6718091
6718337
6718515
6719377
6720071
6720173
6720562
6720685
6720851
6721483
6722443
6722491
6722713
6722730
6722789
6722935
6723674
6724163
6724801
6724861
6725296
6725340
6725700
6726689
6727004
6727112
6727122
6727421
6727689
6728046
6728271
6728720
6728793
6728850
6729075
6729818
6730173
6730407
6730468
6730746
6730769
6731061
6731300
6732308
6733081
6733115
6747898
6747910
6748399
6748653
6748930
6749075
6749455
6749843
6749869
6750402
6750501
6750625
6750697
6751443
6751674
6752057
6752138
6752330
6752372
6752378
6752602
6752612
6752748
6752797
6752801
6752952
6753148
6753238
6753312
6753652
6753991
6754143
6754216
6754648
6754745
6755091
6755564
6755582
6755611
6756392
6756447
6756755
6756969
6757081
6757142
6757356
6757388
6757598
6757885
6758060
6758781
6758979
6759390
6759653
6760197
6760282
6760490
6760961
6761184
6761383
6761477
6762186
6762238
6762538
6763038
6780794
6900825
6902585
6904617
6904838
6905001
6905424
6905521
6908631
6910574
6911551
6928890
6930212
6930224
6930576
6930792
6930823
6931041
6931062
6931711
6931936
6932189
6932444
6932782
6933210
6934404
6934749
6934765
6935113
6935143
6935249
6935418
6935426
6936046
6936134
6937150
6937196
6937211
6937781
6937934
6937981
6938009
6938239
6938307
6938465
6938524
6938551
6938682
6938881
6939171
6939481
6939610
6939693
6940010
6940490
6940554
6940826
6940937
6941123
6941683
6942094
7147708
7147760
7148082
7148138
7148166
7148345
7148610
7148624
7148681
7148690
7148826
7148885
7148944
7149926
7149973
7150377
7150596
7150649
7150727
7151022
7151035
7151185
7151544
7151900
7152685
7152818
7153019
7153771
7155328
7155362
7155410
7155428
7155995
7156237
7156334
7156644
7156712
7156787
7157465
7157575
7157774
7157796
7157899
7158175
7158276
7158435
7158449
7158746
7158932
7158962
7159148
7159149
7159705
7160950
7161169
7161224
7176882
7177133
7178112
7178436
7180949
7181084
7181331
7181717
7182068
7182663
7183103
7183264
7183278
7183665
7184995
7185446
7185636
7186247
7186390
7186799
7186978
7187014
7187477
7187557
7187610
7187668
7187678
7188549
7188909
7189913
7190120
7190355
7282134
7285095
7285362
7299079
7300720
7300991
7301430
7301453
7301538
7301594
7302745
7302788
7303629
7305114
7305588
7305644
7306420
7307671
7308744
7308896
7310798
7311491
7311509
7311764
7311838
7312004
7314203
7314352
7314440
7315375
7315580
7315955
7315992
7316186
7316483
7316567
7316669
7316867
7316925
7317015
7317145
7317271
7317348
7317854
7317990
7318115
7318647
7318879
7319243
7319449
7319473
7319651
7320210
7320683
7321451
7321641
7322502
7322913
7322935
7323143
7324115
7324371
7324663
7324753
7325619
7325840
7325951
7326355
7326861
7327901
7328231
7328262
7329166
7329320
7329485
7329543
7330131
7330183
7330416
7330829
7343236
7344425
7344582
7345493
7347400
7348385
7350947
7352479
7353392
7353617
7355021
7355846
7356233
7356522
7358910
7378820
7379031
7381493
7384297
7384498
7384873
7385945
7389041
7389227
7389234
7393915
7395750
7396249
7396681
7397079
7397315
7397418
7397435
7399173
7399257
7399349
7401404
7402446
7404104
7404224
7404980
7441567
7441937
7442327
7442714
7443144
7444006
7444500
7444634
7445010
7445412
7445471
7446382
7446424
7446833
7447159
7448123
7449025
7449213
7449299
7449486
7449947
7449948
7450139
7450558
7450942
7450965
7451045
7451630
7451750
7452054
7452654
7452664
7452723
7452991
7453523
7454248
7454271
7454285
7454337
7454397
7454705
7454847
7454873
7455164
7455317
7455637
7456025
7456700
7456844
7457041
7457130
7469967
7470320
7470334
7474275
7474678
7476055
7476080
7477885
7478280
7479432
7480125
7484401
7484995
7512591
7521265
7623558
7623724
7624072
7624517
7624548
7624658
7624690
7625011
7625217
7625258
7625699
7625896
7625962
7626590
7626668
7626715
7626833
7627425
7627446
7628317
7628551
7628786
7629261
7629774
7629842
7630673
7631184
7631275
7631295
7631508
7631775
7631817
7631955
7631958
7632413
7633604
7657661
7660649
7661389
7662444
7664433
7665134
7665590
7752371
7752596
7753124
7753209
7753447
7753491
7753513
7755159
7755560
7756026
7756507
7756537
7756718
7756932
7757094
7757365
7759517
7759558
7759835
7760906
7760983
7761730
7761735
7762798
7762976
7763352
7764575
7766025
7766500
7766593
7767104
7767657
7768125
7768163
7769638
7825738
7826761
7826928
7826984
7827436
7827859
7827983
7828012
7828162
7828373
7828529
7828732
7828738
7829695
7829809
7830360
7830476
7830595
7830918
7831008
7831400
7831554
7831802
7831818
7831993
7832020
7832070
7832108
7833403
7833535
7833756
7834226
7834459
7834543
7834754
7834845
7835200
7835225
7835432
7835686
7835694
7835777
7835842
7836787
7837437
7837570
7837820
7838344
7838447
7838840
7839090
7839194
7839223
7913625
7913633
7913686
7914001
7914522
7914862
7914897
7915122
7916304
7916610
7916727
7916817
7916967
7917086
7917109
7917976
7918257
7918285
7918304
7919073
7919162
7919233
7919399
7919483
7919491
7919680
7920176
7920544
7920657
7920865
7921149
7921270
7921424
7921767
7922565
7922728
7922742
7922766
7923552
7940497
7941670
7944571
7999161
8003818
8010862
8016892
8027003
8027197
8029848
8031099
8032319
8034038
8034802
8035578
8036292
8037078
8037271
8037599
8038425
8038439
8038454
8038987
8041016
8041151
8043035
8043036
8043324
8239354
8239475
8239617
8239816
8240440
8240523
8240936
8241070
8241318
8241523
8241995
8242105
8242681
8242711
8242924
8242955
8243014
8243317
8243395
8243700
8244258
8244345
8244385
8244462
8244617
8244823
8244849
8244870
8245116
8245254
8245456
8246021
8246814
8247178
8247340
8247426
8247504
8247939
8248135
8248764
8249296
8249299
8250261
8250317
8250337
8250804
8251131
8251195
8251372
8251911
8252782
8252873
8253072
8253785
8254088
8254381
8254467
8254613
8254846
8255104
8255148
8255400
8255655
8256578
8256716
8257057
8257555
8257647
8257669
8258064
8258585
8259292
8259781
8259905
8260063
8260269
8260425
8260521
8260921
8261010
8262722
8263424
8263933
8264100
8264305
8292844
8292844
8293221
8295576
8296083
8296455
8296817
8298748
8299500
8300455
8300847
8412638
8414452
8414502
8416381
8417427
8418826
8419518
8422055
8495615
8495997
8496058
8496558
8496640
8496665
8496866
8496980
8497644
8498656
8498897
8499062
8499668
8499951
8500153
8500193
8501075
8501610
8501736
8501753
8501804
8502118
8502533
8503106
8503265
8503430
8503511
8504137
8504213
8504551
8504603
8504725
8505483
8505529
8505942
8506732
8506753
8506846
8507065
8507233
8507245
8509661
8509740
8509801
8510026
8510104
8510232
8510253
8510391
8510398
8510598
8510761
8511172
8511288
8511563
8511991
8512112
8512405
8512577
8512614
8512692
8513038
8513762
8513777
8513979
8514052
8514121
8514368
8514608
8515316
8515536
8515541
8515916
8515928
8515992
8516312
8516551
8516761
8517291
8517363
8517498
8517798
8517894
8517906
8517948
8518292
8518594
8518657
8519085
8519117
8519405
8519835
8519875
8519959
8520421
8520989
8521088
8521323
8521327
8522027
8522203
8522239
8522280
8522430
8522646
8523089
8523415
8523422
8524120
8525671
8526210
8526300
8526317
8526398
8526453
8526695
8527304
8527494
8527786
8528321
8528663
8528737
8528738
8529035
8529107
8529501
8529518
8529559
8529600
8529855
8529881
8530094
8530373
8530962
8531256
8531293
8531315
8579794
8579925
8580175
8580297
8580554
8580563
8581908
8582095
8582471
8582793
8583657
8583994
8584235
8584245
8584292
8584300
8584643
8584716
8584730
8584944
8585210
8585838
8585974
8586817
8586882
8586926
8587000
8587589
8587799
8588548
8589621
8589743
8590399
8590703
8591851
8591857
8591879
8592206
8592670
8592993
8593519
8594009
8594636
8594749
8595552
8596207
8596464
8597302
8597533
8597713
8597801
8597939
8598259
8598472
8598665
8598746
8598837
8638533
8638996
8640509
8641009
8641643
8641971
8643140
8644637
8645564
8647410
8647500
8648841
8649841
8650150
8650193
8652038
8653660
8654317
8656079
8656430
8656927
8657267
8657716
8657896
8657901
8658367
8658649
8659407
8659458
8659983
8660361
8660505
8660749
8661263
8661533
8661594
8661846
8661874
8661992
8662181
8662635
8662862
8663147
8663287
8663289
8663320
8663710
8663918
8664008
8665553
8665606
8665771
8665840
8665932
8666474
8666495
8666891
8667254
8667484
8667969
8667987
8668223
8668512
8668843
8668892
8669002
8669173
8669422
8669672
8669806
8670100
8670521
8670593
8672023
8672325
8672658
8672672
8689641
8691445
8692492
8809683
8809778
8809799
8810076
8810893
8811889
8811965
8812331
8812456
8813198
8813206
8813434
8813913
8814336
8814759
8816043
8816388
8816609
8817882
8818577
8818703
8852714
8853626
8853701
8853791
8854141
8854357
8854577
8855248
8856165
8856652
8856930
8858198
8858443
8859118
8859532
8860113
8860487
8860738
8861354
8861623
8862126
8863279
8864243
8899889
8902731
8961670
8962253
8962429
8963222
8963330
8963499
8964190
8964655
8965216
8967357
8968029
8968829
8970045
8970084
8970335
8971111
8972272
8972304
8972475
8972857
8974776
8975191
8975243
8975289
8975458
8975515
8975782
8975919
8976268
8976348
8976443
8978176
8978228
8978625
8978983
8979071
8979191
8979338
9021504
9022929
9024048
9024465
9024474
9024818
9024992
9025883
9027255
9027323
9027624
9028797
9028920
9029013
9029359
9029520
9029875
9030477
9031103
9031254
9031270
9031765
9032343
9033405
9033688
9033827
9033949
9035294
9035343
9035621
9035740
9035788
9036282
9036430
9036440
9036950
9037597
9037676
9037688
9038051
9038922
9039243
9039937
9040087
9040585
9040669
9040905
9041161
9041387
9041555
9041660
9041816
9041938
9042627
9043029
9043399
9043477
9043584
9043867
9044441
9044803
9044924
9045492
9045629
9045997
9046303
9046626
9047126
9047389
9047499
9047568
9047697
9047722
9048823
9049378
9049815
9049865
9050144
9050224
9050360
9050473
9147240
9147373
9147430
9147529
9147876
9148225
9148245
9148721
9149091
9149557
9149799
9150042
9150557
9150699
9151039
9151225
9151401
9151465
9151551
9151594
9151628
9152109
9152316
9152537
9152747
9152749
9153171
9153353
9153378
9153687
9153925
9154000
9154048
9154165
9154987
9155854
9155967
9155987
9157175
9157368
9157486
9158207
9161871
9162670
9164268
9164356
9167833
9168175
9169364
9171561
9233541
9234356
9234798
9235430
9237960
9238661
9240474
9241379
9242014
9243070
9243082
9243386
9243430
9244382
9245512
9245799
9245833
9350253
9350621
9350757
9351424
9351576
9351711
9352341
9352504
9352533
9352611
9352655
9353481
9353544
9353699
9353774
9353816
9353850
9354100
9354577
9354980
9355045
9355495
9355636
9355809
9355896
9356103
9357670
9358403
9358411
9359342
9360004
9360160
9360186
9360240
9360417
9360426
9361265
9361925
9362515
9362933
9362970
9363428
9363507
9363874
9364250
9364532
9365329
9365523
9365638
9365779
9365914
9366054
9366056
9366550
9367678
9368371
9368505
9368829
9369158
9369424
9369957
9370182
9370873
9371051
9372123
9372983
9374951
9380222
9394611
9407077
9512604
9557179
9557279
9557342
9557374
9557566
9558024
9558396
9558558
9558614
9558655
9559792
9559850
9560128
9560573
9560608
9560857
9560990
9561220
9561413
9561559
9561870
9561899
9562004
9562054
9562190
9562299
9562689
9563111
9563135
9563859
9564131
9564693
9565105
9565417
9565425
9565521
9565849
9565952
9566013
9566068
9566711
9568026
9568189
9599612
9602611
9609047
9647061
9647195
9647224
9647444
9653218
9848439
9848458
9848612
9849181
9849291
9849594
9850207
9850330
9850395
9850427
9850738
9850812
9850900
9851446
9851556
9851788
9851841
9851850
9851967
9852110
9852169
9852226
9852537
9852939
9853912
9854105
9855573
9855718
9855990
9856111
9856188
9856469
9856536
9857370
9857458
9857706
9857843
9858105
9858134
9858406
9858631
9859146
9859222
9859687
9859766
9859879
9859938
9939545
9939580
9939643
9939991
9940112
9940274
9940751
9940826
9941314
9941818
9941852
9942702
9942726
9943001
9943267
9943356
9943424
9943916
9944366
9944439
9944481
9944719
9944882
9945284
9945338
9945412
9946216
9946615
9946630
9946687
9946793
9946895
9947197
9947563
9948091
9948466
9948550
9948726
9948801
9949379
9949402
9949423
9949529
9949541
9949788
9949865
9950355
9950712
9950723
9951163
9951627
9951824
9951883
9952115
9952334
9952385
9952523
10060634
10073428
10073760
10076385
10143177
10143231
10143282
10143363
10144489
10144789
10144857
10144916
10145052
10145153
10145445
10145801
10146212
10146277
10146440
10147550
10148121
10148209
10148560
10148834
10148903
10149316
10149499
10149610
10150030
10150298
10150659
10151316
10151644
10151646
10151977
10152050
10152522
10152771
10153185
10153247
10153347
10153888
10154142
10154250
10154451
10154795
10154880
10155032
10155033
10155078
10156082
10156430
10157120
10157124
10158171
10158265
10158314
10158489
10158846
10159076
10159199
10159522
10160296
10161677
10162197
10162234
10163669
10164073
10164232
10165160
10165261
10165531
10165676
10165896
10166206
10166371
10167604
10168258
10168749
10168982
10169157
10169545
10169881
10170134
10170273
10171567
10171693
10172295
10172612
10172743
10172915
10172957
10199695
10201652
10205704
10209791
10210155
10259851
10266054
10267376
10269312
10310216
10311298
10311507
10311878
10312485
10312610
10312793
10313099
10313209
10313695
10313772
10314133
10314396
10314981
10315213
10315590
10315842
10315921
10316091
10316212
10316267
10316468
10317386
10317457
10317535
10317660
10317921
10318300
10318496
10318652
10318751
10319061
10319541
10320083
10320420
10350222
10350305
10350600
10351074
10351222
10351247
10352352
10353340
10353603
10353806
10354642
10354924
10355345
10355687
10355698
10355767
10355799
10355923
10356293
10356635
10356716
10357283
10357913
10358234
10358611
10359199
10359698
10359790
10360018
10360320
10360828
10360930
10361001
10361024
10361223
10362381
10362802
10362951
10365170
10365383
10366155
10389518
10389930
10389977
10390376
10390831
10390914
10391091
10391431
10393305
10393420
10393602
10393629
10393843
10394216
10394551
10395661
10395960
10396076
10396584
10396696
10396951
10397657
10397840
10398324
10398465
10398508
10398661
10398863
10399223
10399480
10399575
10399670
10400583
10400803
10400900
10400918
10400968
10401024
10401037
10401764
10401930
10454986
10454994
10455313
10456798
10457239
10457427
10457706
10458808
10459031
10459091
10459325
10459443
10459614
10459684
10460076
10460223
10461069
10461287
10461428
10461990
10462066
10462150
10462189
10462238
10462366
10462624
10462792
10463086
10463804
10463821
10464474
10464917
10464928
10465343
10466422
10466726
10467892
10467914
10511769
10511871
10545597
10545697
10546215
10546396
10547602
10547621
10547818
10548094
10548222
10548593
10548611
10548743
10549875
10550085
10550234
10550900
10550924
10551296
10551935
10552606
10554003
10554114
10554267
10554330
10554468
10555512
10555602
10556653
10556689
10556924
10557546
10558016
10558330
10558801
10559175
10559494
10559860
10560987
10565754
10693221
10694245
10694675
10695763
10698061
10698234
10701409
10751556
10757883
10807586
10809693
10810107
10810535
10814943
10816730
10817093
10817549
10819391
10822462
10823539
10890457
10890994
10891361
10892774
10896409
10896685
10898747
10903575
10927089
10927144
10930010
10959818
10960599
10960757
10961113
10961378
10962462
10963320
10963600
10964122
10965873
10968454
10969982
10970920
10971807
10972781
10973572
11033937
11034050
11034106
11034170
11034279
11035444
11035609
11035742
11035830
11036915
11037555
11038006
11038017
11038650
11038679
11039164
11040103
11041217
11041334
11042115
11042190
11042202
11042478
11042544
11042599
11042765
11043228
11043861
11044604
11045107
11045324
11045474
11045619
11045854
11045865
11046294
11046321
11046449
11046669
11046980
11047930
11048072
11048172
11048336
11048578
11048980
11048987
11049064
11049326
11049976
11050006
11100964
11282901
11282902
11283713
11283797
11283895
11284093
11285091
11286304
11288374
11288773
11288873
11289029
11289773
11290250
11291149
11291423
11291456
11291471
11292083
11292514
11292591
11292825
11292919
11293355
11308123
11311275
11315184
11391351
11391421
11391443
11391521
11392183
11392225
11392298
11393418
11394280
11394966
11395496
11396244
11397160
11397677
11398333
11398431
11398456
11398803
11398861
11399052
11399348
11399573
11399592
11399715
11399768
11399883
11399916
11400490
11401043
11401046
11401170
11401539
11402298
11402557
11402569
11403472
11403612
11403874
11404287
11405925
11406534
11406574
11406619
11407127
11407220
11408173
11408634
11409434
11410821
11411971
11413523
11415624
11415864
11417336
11417356
11419484
11422387
11425060
11427836
11432925
11433622
11433842
11439021
11439102
11441434
11477258
11477724
11477888
11478025
11479383
11479721
11480354
11480776
11480897
11481035
11481648
11482536
11483033
11483188
11483298
11484144
11484214
11484273
11484545
11485070
11485152
11486290
11486510
11486731
11486882
11487128
11487411
11487487
11488373
11488476
11488572
11488638
11488986
11489292
11489659
11489712
11490051
11490302
11491708
11507147
11510976
11512024
11513498
11515509
11515920
11516589
11516786
11518764
11520882
11521949
11522407
11637596
11637743
11637864
11637874
11637972
11638774
11639082
11639668
11640536
11641226
11641637
11642873
11643201
11643390
11643753
11644207
11644536
11645664
11645975
11645987
11646135
11646228
11646443
11646743
11647335
11647632
11647785
11648369
11648631
11649074
11649637
11649822
11649966
11650048
11650081
11650277
11650680
11651160
11651554
11652005
11683091
11684341
11685089
11685571
11686761
11688256
11689372
11756050
11756083
11756288
11756406
11756412
11757342
11757440
11758265
11758685
11758823
11759366
11759470
11759484
11759493
11759794
11759842
11760019
11760791
11761074
11761342
11761996
11762074
11762213
11762460
11762568
11762793
11763304
11763606
11763693
11763724
11763747
11763790
11764270
11764314
11764572
11765133
11765408
11765763
11766073
11766319
11766336
11766499
11767169
11767327
11767365
11768077
11768078
11768154
11768259
11768567
11768703
11768915
11768996
11815360
11815754
11816703
11816772
11817736
11819586
11820019
11820412
11822077
11822725
11823010
11823167
11824482
11824652
11824751
11896262
11896484
11896496
11896509
11897169
11897865
11898617
11898694
11898829
11898871
11899009
11899064
11900126
11900920
11902084
11902393
11902417
11902819
11903018
11903393
11903412
11903580
11903937
11904222
11904474
11905180
11905799
11905964
11905966
11906101
11906310
11906391
11906669
11906754
11907541
11908028
11908373
11908725
11908816
11909214
11909237
11909897
11910003
11910095
11910341
11910391
11910422
11910566
11910599
11910913
11911245
11911308
11911535
11911742
11912002
11912233
11912615
11913304
11913653
11914070
11914084
11914261
11914287
11914586
11914634
11914973
11915239
11915642
11915880
11915969
11916071
11916303
11916314
11916424
11916538
11916599
11916888
11917047
11917163
11917174
11917198
11917645
11917791
11917992
11918477
11918745
11919181
11919226
11919346
11919438
11919492
11919550
11919597
11920147
11920601
11920925
11920951
11921242
11921552
11922048
11922225
11950597
11956127
12042789
12043162
12043626
12044018
12044103
12044223
12044458
12044521
12044739
12044749
12045812
12046001
12046163
12046167
12046220
12046278
12046504
12046786
12046882
12047454
12048603
12048711
12048754
12048881
12049005
12049017
12049073
12049081
12049479
12049647
12049830
12050020
12050150
12050428
12050572
12050731
12050879
12051311
12052023
12052581
12052584
12053244
12053706
12053799
12054240
12054596
12054680
12054828
12055132
12055870
12056020
12056039
12056872
12057080
12057363
12057724
12057989
12058221
12058608
12059276
12059557
12059794
12060612
12060838
12061145
12061194
12061714
12062397
12063000
12063370
12063903
12064070
12064250
12064827
12065350
12066917
12067128
12067519
12068378
12068663
12068671
12068785
12069991
12070003
12070165
12070170
12072354
12072813
12101037
12101920
12103588
12104245
12104266
12104786
12105730
12106616
12107550
12107716
12109422
12109699
12110129
12127950
12128019
12128045
12128966
12131986
12132263
12134601
12135630
12135666
12137804
12138425
12142701
12144229
12187084
12187094
12187527
12187628
12187809
12188350
12188422
12188666
12189557
12189690
12190127
12190190
12190774
12190806
12191137
12191792
12191855
12191972
12192478
12192963
12193097
12193345
12193768
12193856
12193945
12194036
12194121
12194241
12194371
12194545
12194879
12195276
12195321
12195641
12196265
12196653
12196666
12196743
12196911
12197530
12197748
12197896
12199497
12199817
12199864
12199888
12200132
12200211
12200270
12200424
12200540
12200754
12200807
12202030
12202121
12223838
12224340
12226887
12230954
12233374
12305575
12305698
12305916
12306352
12306395
12306678
12306991
12307442
12307474
12307629
12307777
12307857
12308061
12308301
12308407
12308419
12308446
12308802
12309603
12310011
12310382
12310533
12311117
12311310
12311515
12311529
12311618
12312017
12312307
12312361
12312810
12313063
12313401
12314048
12314283
12314416
12314918
12321738
12322313
12322745
12323070
12323550
12324853
12325181
12325966
12326702
12361745
12361839
12361981
12362219
12362282
12362297
12362432
12362549
12363077
12363205
12363582
12363913
12364050
12364272
12364400
12364614
12364729
12364781
12364786
12365193
12365316
12365438
12365846
12365875
12366327
12367151
12368185
12368582
12368689
12368840
12368855
12368901
12369722
12369844
12369860
12370424
12370577
12370692
12370921
12370941
12371088
12371534
12371687
12371929
12372323
12372339
12372433
12374655
12374833
12376304
12376773
12377270
12377625
12377920
12378707
12379983
12380323
12381152
12381242
12381257
12382592
12383216
12383992
12384117
12385496
12387412
12388669
12477788
12532423
12532592
12533368
12533455
12533749
12534328
12534649
12534681
12534699
12534981
12536667
12537100
12537166
12537222
12537289
12537755
12537864
12538223
12538611
12538655
12539032
12539443
12539602
12540705
12541390
12541492
12541531
12541715
12542125
12542159
12542329
12542364
12542960
12543473
12543773
12543846
12543962
12544523
12544535
12544617
12544647
12544889
12545039
12545589
12545636
12545779
12546253
12546378
12546674
12546888
12547557
12548018
12548461
12548715
12549007
12549242
12632168
12633234
12633647
12634083
12634284
12636303
12637097
12638613
12639397
12639818
12641344
12641796
12641822
12642596
12644594
12666051
12666211
12666528
12667384
12667492
12667695
12668011
12669273
12669731
12670088
12670144
12670201
12670240
12670835
12670838
12670882
12671820
12672118
12672411
12672638
12672723
12673085
12673421
12673865
12674101
12674136
12674622
12674799
12675787
12675889
12676068
12676239
12676240
12677646
12677732
12678177
12678240
12679634
12679682
12679885
12679954
12680073
12680526
12680921
12680943
12681120
12681615
12681735
12682026
12682112
12682438
12682585
12682742
12683035
12683310
12683930
12684218
12684309
12684574
12684775
12684871
12685547
12685723
12686364
12686367
12686577
12686962
12687059
12687277
12687297
12687791
12687916
12688226
12688438
12688551
12688664
12688825
12688924
12705937
12706113
12706327
12706627
12706810
12706876
12707607
12707712
12707827
12708005
12708198
12708241
12708736
12709196
12709296
12709349
12709396
12709587
12709758
12710237
12710453
12710792
12712076
12713240
12713251
12713274
12714002
12714169
12714937
12715379
12715502
12715576
12716128
12716575
12716575
12716689
12717868
12718044
12718099
12718411
12718496
12718620
12718768
12718850
12719059
12719564
12719917
12720162
12720684
12720971
12721050
12721813
12722620
12722665
12722861
12723096
12723188
12723308
12723926
12781846
12782696
12783015
12783145
12783420
12785369
12785456
12786655
12786735
12789445
12791167
12791302
12791374
12791781
12792612
12793400
12794426
12795100
12840699
12841013
12841349
12841678
12842974
12843251
12843336
12843590
12843879
12844086
12844453
12844743
12844801
12844964
12845172
12845598
12845839
12845933
12845978
12846064
12846192
12846482
12847067
12847541
12847973
12848151
12848347
12848440
12848492
12848530
12848592
12848828
12849275
12849613
12850008
12850045
12850803
12851014
12851165
12852065
12852415
12852531
12852759
12853573
12853776
12853949
12854229
12854497
12854813
12855022
12855389
12855460
12855501
12855507
12855702
12855921
12856004
12856056
12856116
12856178
12856343
12856547
12856612
12856732
12887536
12887859
12888221
12888586
12889013
12889462
12889612
12889731
12889747
12890149
12890463
12890557
12891091
12891120
12891624
12891695
12891990
12892182
12892613
12892693
12893929
12894902
12895093
12895693
12896752
12896973
12897264
12897267
12897836
12898556
12898658
12898956
12899009
12899354
12900182
12900713
12901769
12901808
12902045
12902163
12902292
12902450
12903238
12903662
12904006
12904206
12904329
12904560
12904739
12904818
12905100
12905184
12905258
12905660
12905850
12905871
12980141
12980288
12980651
12980663
12981758
12982046
12982925
12983648
12983754
12984084
12984466
12984970
12985590
12985931
12985989
12986572
12986680
12986817
12987317
12987671
12987774
12988994
12989631
12989957
12990799
12991203
12991693
12992633
12992801
12992980
12993271
12993488
12993866
12994304
12994445
12994983
12995717
12996024
12996064
12996459
13103284
13108421
13108476
13113455
13113675
13114855
13114858
13115838
13115990
13116003
13116251
13116409
13116643
13116685
13117178
13117245
13117650
13117900
13118055
13118847
13119041
13119941
13120519
13120641
13120821
13121931
13122034
13122161
13122292
13122753
13122917
13123287
13123463
13123728
13131534
13152955
13153319
13163599
13165442
13165655
13169912
13181003
13181322
13181536
13181953
13182117
13182122
13183326
13183651
13184227
13185555
13186046
13186195
13186934
13187174
13187837
13188210
13188575
13189262
13189898
13190041
13190633
13191199
13191838
13191970
13192724
13192776
13192920
13192958
13194069
13194784
13195125
13195406
13196863
13197003
13197039
13220481
13221276
13221709
13221987
13223019
13224452
13225441
13226757
13227861
13228114
13229845
13230976
13231664
13232958
13235247
13236913
13237568
13240559
13241082
13241828
13242358
13242984
13243458
13243550
13243648
13245872
13246727
13247222
13247490
13247534
13247924
13248608
13249533
13250262
13251896
13252646
13253540
13253791
13253807
13254462
13254673
13255323
13257875
13258482
13258823
13259226
13260800
13260867
13261215
13261392
13261455
13261471
13262884
13263135
13263660
13263919
13264028
13264297
13264829
13265745
13266059
13266232
13266405
13266991
13267122
13267169
13267432
13267844
13268138
13268654
13268710
13269287
13269897
13269972
13270584
13270904
13272376
13275205
13277123
13278392
13283295
13284485
13285677
13287477
13287694
13302447
13302525
13302527
13302572
13303135
13303714
13304146
13304154
13304222
13304301
13305514
13305772
13305834
13305907
13306014
13306577
13306952
13307161
13307303
13307524
13307926
13308067
13308555
13308564
13308613
13308911
13309811
13309815
13309910
13310070
13310097
13310556
13311437
13311536
13311706
13311725
13312081
13312400
13312864
13313000
13313058
13313067
13313108
13313511
13313729
13314169
13314449
13314539
13315313
13315567
13315874
13315901
13316341
13316373
13316379
13316603
13316694
13316817
13326498
13328292
13370448
13370881
13371243
13371351
13371364
13372076
13372579
13372659
13373194
13373226
13373552
13373926
13374179
13374819
13374976
13375052
13375086
13375364
13375798
13375864
13375875
13376226
13376598
13376911
13377089
13377710
13378020
13378063
13378189
13378529
13378625
13378821
13379464
13380155
13380170
13380533
13380743
13381219
13381290
13381396
13381732
13381745
13382020
13382200
13382428
13382795
13382827
13383008
13383180
13383483
13383584
13383803
13383958
13383971
13384394
13384716
13384887
13384966
13385051
13385273
13388143
13388855
13389382
13389550
13389884
13390170
13392590
13392593
13393940
13394047
13394275
13394919
13395830
13395954
13396272
13396679
13396867
13403880
13428568
13428981
13429934
13430044
13430281
13430913
13431397
13431510
13432602
13432964
13433271
13434109
13434448
13434470
13435152
13435269
13435353
13436120
13436131
13436288
13436728
13438505
13440919
13440924
13441520
13442753
13443050
13444097
13444245
13444959
13445012
13445814
13445881
13446112
13446120
13446344
13447088
13447122
13447370
13447806
13448706
13448954
13448963
13449144
13449384
13450146
13451101
13451351
13452235
13452288
13452588
13452623
13452688
13453158
13453283
13453514
13453655
13453690
13453736
13453739
13454333
13454525
13454971
13455048
13455135
13456048
13456233
13456567
13469180
13469601
13470308
13474411
13478307
13479236
13479392
13480100
13481047
13483483
13488905
13489622
13490436
13492307
13499039
13500283
13500431
13501570
13518323
13519546
13519934
13520005
13520655
13521059
13522067
13523350
13524776
13525289
13525356
13526025
13527286
13527871
13527871
13528150
13529094
13530912
13531624
13532262
13533269
13534097
13534228
13534766
13535798
13535824
13575984
13576040
13576126
13576912
13577257
13577407
13577937
13577950
13578443
13578538
13578603
13579951
13580384
13580526
13581728
13582850
13583098
13583105
13583207
13584122
13584283
13584405
13584546
13584572
13584725
13585497
13586004
13586059
13586189
13586944
13587508
13588328
13588589
13588681
13588994
13589127
13589266
13589281
13589290
13589666
13589951
13590053
13590174
13590241
13590356
13590403
13590665
13590802
13591009
13591288
13637424
13644664
13799668
13800091
13800630
13800868
13800944
13802275
13802934
13803815
13805379
13805429
13806127
13806568
13806580
13807077
13807621
13808813
13808857
13808957
13809045
13810005
13810541
13810743
13811834
13812054
13812308
13812483
13812642
13813592
13854319
13855343
13855784
13856168
13856189
13856425
13857454
13857961
13858408
13858673
13859611
13860182
13860448
13861550
13862077
13863169
13864643
13864732
13865267
13867291
13867854
13868132
13868384
13888665
13892033
13892410
13895358
13896151
13897597
13899637
13901009
13929799
13932113
13932495
13932621
13933297
13933693
13934831
13935020
13935746
13935942
13936167
13937747
13937831
13938385
13939437
13939716
13982568
13983265
13983305
13983334
13985221
13986927
13987272
13987645
13988547
13988722
13988916
13989499
13989638
13989762
13990492
13991514
13992706
13993476
13995161
13995815
13995893
13996461
13996901
13997287
13998543
13998982
14002683
14007695
14009028
14012247
14012565
14012732
14012814
14012826
14012914
14012941
14013015
14013170
14013341
14013391
14013788
14014123
14014210
14014331
14014854
14014931
14015206
14016424
14016501
14016705
14017437
14017609
14017785
14018069
14018270
14018378
14018612
14019074
14019126
14019160
14019240
14019993
14020087
14020145
14020157
14020239
14020310
14020360
14020456
14020706
14021007
14021484
14021694
14022334
14022477
14022704
14023013
14023246
14023270
14024011
14024093
14024180
14024228
14024348
14024491
14024580
14024739
14025119
14025924
14025988
14026085
14026413
14026738
14027057
14027084
14027361
14027375
14027527
14027710
14027925
14028107
14032613
14036600
14037849
14041422
14045480
14051275
14051908
14054857
14054867
14055426
14055553
14055595
14055611
14055661
14056062
14056181
14056494
14056654
14057065
14057073
14057607
14058026
14058115
14058752
14058794
14058914
14059489
14060484
14060530
14060830
14061472
14061750
14061928
14062773
14063418
14064047
14064098
14064275
14064344
14064502
14064510
14064630
14064639
14065310
14137414
14138653
14138794
14139106
14140136
14140227
14140378
14140457
14140998
14141168
14141339
14141720
14142224
14142312
14142665
14142903
14142966
14143258
14143912
14144172
14144614
14145157
14145307
14146523
14146635
14146903
14147118
14147155
14147242
14147703
14148016
14148462
14148626
14148959
14149294
14149696
14149765
14150112
14150875
14151198
14151290
14151619
14151953
14152403
14152759
14152996
14153117
14153345
14153649
14153757
14153788
14154066
14154113
14154183
14155119
14155216
14155289
14155315
14155801
14156036
14225600
14225663
14229123
14230069
14231066
14232162
14233608
14235812
14237984
14238786
14240257
14240288
14241650
14267169
14267515
14267589
14267702
14267848
14267870
14267953
14268759
14269270
14269337
14270184
14270423
14272155
14272429
14272804
14272828
14273128
14274515
14274932
14275116
14275385
14275457
14275650
14275757
14276281
14276817
14276877
14277748
14277990
14278017
14278729
14278837
14278873
14279218
14279876
14280181
14280229
14280245
14280283
14280550
14280993
14281025
14281114
14281121
14281387
14282251
14282406
14282483
14283037
14283064
14283367
14283411
14283417
14283474
14283741
14284202
14284206
14284248
14309422
14309532
14309930
14310005
14310251
14310429
14310470
14310599
14310628
14310875
14311095
14311262
14311422
14311548
14311668
14311982
14312271
14312346
14312512
14312666
14313376
14313543
14313964
14314343
14314427
14314445
14314768
14314911
14314938
14315186
14315597
14315650
14316178
14316248
14316596
14316666
14316716
14317006
14317093
14317242
14317261
14317405
14317443
14317572
14317581
14317646
14317647
14317800
14317854
14317866
14318799
14318929
14319081
14319512
14319699
14319807
14319936
14320221
14320338
14320465
14341364
14341882
14342016
14344597
14344790
14345584
14366414
14439632
14446125
14450068
14466478
14500616
14507817
14516737
14517925
14518820
14519229
14573901
14573941
14574641
14576563
14578122
14578380
14578839
14579227
14580218
14580477
14580483
14580847
14582912
14621218
14621395
14621626
14621969
14621994
14622190
14622359
14623582
14623698
14623700
14623760
14623933
14624065
14624078
14624858
14625173
14625310
14625354
14625657
14626235
14626294
14626339
14626454
14626679
14626741
14626749
14626895
14627194
14627376
14627439
14627638
14627707
14627825
14627903
14627959
14628434
14628604
14628657
14629490
14629609
14629985
14630321
14630719
14631054
14631266
14631575
14632091
14632689
14633225
14633362
14633546
14633977
14634090
14634333
14634440
14634474
14635467
14635832
14636015
14636061
14636426
14636840
14636981
14637059
14637487
14637641
14637768
14638096
14638263
14638421
14638597
14638785
14639219
14640277
14651363
14651729
14652362
14652484
14653158
14655049
14655548
14656002
14656278
14656755
14657129
14657915
14658592
14658688
14658892
14660000
14705825
14705956
14706049
14706471
14706718
14706725
14706728
14707223
14707350
14707439
14707485
14708007
14708122
14708171
14708611
14709080
14709410
14709871
14710091
14710132
14710212
14710487
14710753
14710758
14710987
14711110
14711384
14711560
14711789
14711951
14711966
14712187
14712198
14712241
14712322
14712568
14712783
14712936
14713094
14713800
14714121
14714167
14714512
14714608
14714672
14714853
14714904
14715583
14716579
14716818
14717170
14717301
14717548
14718298
14718329
14718696
14718790
14719604
14719746
14719921
14719990
14720187
14720231
14720518
14740117
14742631
14750584
14751374
14753622
14756710
14757720
14758596
14777417
14778509
14778969
14779720
14780326
14780950
14781351
14782705
14783604
14784501
14786286
14786582
14786659
14786711
14787613
14788010
14788538
14789404
14789562
14789860
14789925
14789935
14790101
14791197
14791580
14791590
14791737
14791895
14791902
14792354
14792742
14792995
14793406
14793592
14793739
14794594
14794659
14795138
14795536
14795744
14796162
14796422
14796568
14798026
14798172
14798440
14798488
14799916
14800102
14800180
14800650
14800775
14801096
14801378
14802173
14803164
14804927
14805268
14805334
14806382
14807049
14807341
14807670
14807722
14808048
14809745
14810924
14811142
14811462
14901337
14904873
14913404
14914240
14914710
14915286
14915422
14915604
14916146
14916173
14916467
14916469
14916646
14917269
14917467
14917924
14918479
14918543
14919559
14920448
14920574
14920747
14920801
14921163
14921298
14921500
14921792
14921794
14921864
14921993
14922652
14923267
14923374
14923417
14924024
14924236
14924304
14924455
14925347
14925511
14926307
14926373
14926409
14926466
14926861
14927362
14927619
14927659
14928001
14928036
14928318
14928330
14928334
14928341
14928744
14929229
14929371
14930407
14930450
14930822
14931094
14931208
14932447
14932578
14932983
14933189
14933847
14934046
14934160
14934580
14934926
14935149
14935158
14935608
14935848
14935880
14936942
14937153
14937172
14937226
14937482
14937577
14937714
14938044
14938343
14938446
14938638
14939150
14939161
14939237
14939256
14939258
14939793
14940182
14940210
14940450
14940538
14940803
14940876
14940974
14940999
14941629
14941662
14941770
14942076
14942151
14942802
14943703
14945889
14945980
14946301
14946388
14946905
14947768
14948366
14949007
14949952
14950012
14950367
14951020
14951696
14952159
14952392
14953001
14953025
14953582
14953883
14954534
14954617
14955136
14956308
14975523
14975795
14975831
14975946
14976279
14976328
14976698
14977082
14977289
14978240
14979190
14979545
14979845
14980027
14980033
14980041
14980163
14980193
14980243
14980891
14981702
14982356
14982442
14982465
14982486
14982649
14982718
14983025
14983440
14983481
14984015
14984141
14984191
14984305
14984385
14985190
14986292
14986525
14986655
14986664
14986813
14986827
14987048
14987123
14987298
14987542
14987726
14988082
14988112
14988380
14988480
14989360
14989454
14989537
14989823
14990406
14990762
14990788
14990915
14991286
14991356
14991577
14991774
14991785
14991917
14992521
14992753
14993009
14993092
14993164
15001911
15003435
15032207
15035876
15106585
15107052
15107354
15107945
15108237
15109953
15112081
15113466
15113725
15113953
15115934
15116262
15116504
15116585
15117513
15117549
15117594
15117936
15118236
15118582
15118847
15118984
15119105
15119512
15119654
15119862
15120044
15120410
15120541
15121381
15121514
15121832
15121983
15122117
15122282
15122605
15122944
15123433
15124031
15124555
15124899
15125016
15125471
15126678
15126715
15126993
15127037
15127155
15128020
15128157
15128201
15128540
15128571
15128945
15129226
15129254
15129624
15129663
15129677
15130566
15130616
15184209
15201398
15201642
15202027
15202410
15202627
15202981
15203694
15204461
15204490
15204588
15205179
15205831
15206568
15206625
15206751
15206819
15206979
15207191
15207316
15207331
15207541
15207904
15208048
15208233
15208482
15208824
15209158
15209685
15210243
15210601
15211000
15211756
15212048
15212449
15212576
15212962
15212968
15213585
15214603
15214644
15214715
15215448
15216037
15216825
15216918
15235616
15236024
15236358
15237479
15238123
15240471
15240491
15240598
15241135
15241934
15242046
15245735
15246914
15247314
15248120
15248148
15249711
15251051
15312406
15315393
15319280
15319834
15320763
15338946
15342724
15343469
15344354
15345280
15345593
15346701
15347101
15349098
15412175
15419716
15419918
15421324
15421911
15422945
15426260
15426383
15426509
15427278
15427318
15427891
15428337
15429100
15430028
15430339
15431740
15431791
15432029
15432627
15433583
15433816
15434340
15435232
15435533
15436080
15436892
15437431
15437506
15438012
15443173
15448366
15454908
15454960
15455313
15455748
15456320
15457078
15457604
15458379
15458640
15458689
15458890
15460204
15460372
15461008
15461080
15461131
15461227
15461354
15461738
15463415
15464074
15465352
15465394
15465955
15466561
15467306
15467416
15467520
15467710
15467787
15468320
15468555
15513432
15513732
15517617
15517825
15518076
15518809
15520576
15521469
15521675
15525655
15526504
15526881
15581163
15581482
15581821
15581919
15582134
15582487
15582764
15583444
15583500
15584259
15584499
15584561
15584604
15585104
15585746
15585773
15585838
15586080
15586085
15586400
15586402
15586470
15587379
15587681
15588001
15588013
15588214
15588356
15588608
15588689
15589993
15590448
15590869
15591022
15591287
15591434
15591544
15591846
15593181
15593965
15594177
15595165
15595960
15596113
15596977
15597697
15599715
15600166
15603652
15655807
15655924
15656226
15656457
15657457
15657625
15657656
15658016
15658422
15658785
15658793
15658827
15659249
15659278
15659344
15659530
15661095
15661420
15661429
15661812
15662239
15662288
15663815
15664531
15665702
15666049
15667101
15667326
15667775
15667879
15667956
15668008
15668767
15668779
15668964
15669064
15669118
15669612
15670092
15671163
15671350
15671641
15672033
15672044
15672171
15672349
15672401
15672556
15672807
15672829
15672836
15673246
15673262
15673272
15673445
15673475
15673871
15674281
15674350
15674684
15674826
15674984
15675327
15675390
15675501
15676186
15677317
15677588
15678586
15678856
15679284
15679399
15680097
15680186
15680244
15680340
15680984
15700609
15702408
15702482
15703593
15704342
15708442
15709181
15710098
15710117
15712404
15748996
15749841
15749842
15750504
15751250
15751401
15752545
15753159
15753657
15754996
15755430
15755544
15755901
15757375
15761883
15763756
15766018
15766376
15766726
15854990
15855152
15855639
15855832
15856684
15857215
15857708
15858292
15858698
15858852
15858913
15858996
15859430
15859903
15860457
15860473
15860624
15860635
15862092
15862477
15862941
15863216
15863241
15863921
15864224
15908889
15910000
15911750
15933877
15946307
15946499
15946558
15946736
15947036
15947133
15947171
15947432
15947441
15948264
15948318
15948734
15949350
15949602
15949894
15950093
15950280
15950627
15951445
15952695
15953031
15953364
15954244
15954530
15955149
15955522
15955868
15956117
15956258
15956461
15956553
15957909
15958058
15958945
15958962
15959240
15959716
15959859
15959911
15960638
15961130
15961336
15961704
15962637
15962746
15962805
16014738
16050378
16050610
16051121
16051936
16052148
16052537
16052601
16053271
16053353
16053670
16053928
16054086
16054157
16054635
16054778
16055452
16055849
16055907
16056136
16056403
16056422
16057407
16057558
16057597
16057759
16058312
16058339
16058341
16058429
16058496
16059209
16059426
16059684
16060116
16060132
16060350
16060428
16060470
16060820
16060930
16061027
16061083
16061586
16061741
16062230
16062398
16062502
16062657
16062751
16063015
16063277
16063278
16063394
16063925
16064255
16064527
16064688
16064862
16064882
16150484
16218547
16218707
16218738
16219496
16219544
16219646
16219681
16220084
16220100
16220280
16220300
16220697
16220911
16221237
16221265
16221447
16221622
16222025
16222048
16222177
16222449
16222665
16223652
16223822
16223823
16223996
16224032
16224214
16224399
16224558
16224618
16224637
16224786
16225635
16225703
16225850
16225857
16226030
16226355
16226417
16226484
16226803
16226889
16227223
16227369
16228034
16230099
16231593
16231765
16231941
16232268
16232336
16232535
16232620
16232688
16232721
16241234
16301866
16302919
16303205
16303258
16303532
16303749
16303923
16304203
16304432
16304719
16304927
16304971
16305176
16305432
16305585
16305846
16305939
16306038
16306295
16306319
16306741
16306849
16306970
16307226
16308115
16308759
16308812
16308835
16308931
16309253
16309443
16309665
16309875
16310204
16310282
16310439
16310704
16311225
16311708
16312020
16312209
16312354
16312499
16312575
16313099
16313836
16330384
16335729
16336671
16336736
16337135
16337290
16337717
16338265
16339863
16340132
16340134
16340677
16341323
16388076
16388094
16389853
16395533
16396048
16398562
16399183
16399569
16400008
16400456
16400729
16401562
16402341
16402410
16402856
16402862
16403921
16404143
16404156
16404395
16404654
16405214
16405276
16405475
16405547
16405857
16405884
16406287
16406415
16406530
16407347
16408783
16409326
16409608
16410133
16410448
16410521
16410578
16410682
16410862
16411145
16411451
16411549
16446851
16447536
16450092
16452888
16454904
16456576
16456761
16457576
16458948
16460178
16461127
16464517
16465562
16466051
16466433
16466680
16470660
16470760
16471607
16471612
16471719
16473132
16473390
16474421
16474842
16475253
16475375
16475524
16476454
16476571
16477016
16477042
16477383
16478239
16479127
16480753
16575119
16576510
16577378
16578844
16579522
16581566
16581655
16582793
16583072
16583844
16584166
16585390
16586131
16586265
16587014
16589223
16592180
16593902
16596281
16605866
16608848
16612368
16643995
16644292
16644502
16644795
16645816
16645869
16646014
16646078
16646710
16646863
16647015
16647230
16647691
16647786
16647974
16648569
16648695
16648735
16649150
16649226
16649294
16649805
16650373
16651320
16651490
16651509
16651551
16651664
16651894
16652005
16652051
16653173
16653896
16654682
16654816
16654847
16654867
16654960
16655049
16655330
16655382
16655450
16655670
16656358
16656414
16656503
16656758
16656878
16657196
16657212
16657478
16657523
16657657
16657799
16657812
16658316
16658426
16658542
16658743
16658938
16659134
16659149
16659172
16659411
16659680
16660192
16660235
16660255
16660364
16660454
16660487
16661212
16661259
16661565
16661905
16662751
16662823
16662862
16662875
16663225
16663515
16664058
16664128
16664270
16664471
16664617
16665098
16665505
16666713
16667269
16667318
16667631
16668100
16668438
16668770
16668972
16669006
16669172
16669395
16670734
16671114
16671148
16671219
16688175
16780350
16911565
16912208
16913031
16913058
16913065
16913313
16913446
16913505
16913868
16913973
16914080
16914831
16915021
16915684
16915951
16916501
16916531
16916581
16916617
16916803
16917327
16917624
16917643
16917702
16917858
16917909
16917930
16918230
16918489
16918785
16918822
16918856
16919003
16919199
16919240
16919252
16919441
16919485
16919928
16920399
16920737
16921494
16921502
16921667
16921977
16922201
16922539
16923162
16923190
16923503
16923886
16923947
16986954
16987658
16987690
16987778
16987810
16988555
16989251
16989303
16989762
16989898
16990123
16991552
16991909
16991976
16992114
16992275
16992523
16992683
16992920
16992952
16993048
16993097
16993618
16993641
16993859
16994142
16994348
16994364
16994978
16995825
16995849
16996095
16997279
16997378
16997402
16997563
16997882
16998489
16998721
16998892
16999443
16999482
16999608
16999878
17000141
17000191
17000295
17000773
17000875
17001731
17002172
17014605
17021912
17168413
17169425
17174775
17180995
17181921
17205122
17210009
17212154
17213678
17272773
17275889
17282993
17339558
17340001
17340393
17340896
17341075
17341231
17341977
17342024
17342425
17343189
17343303
17344247
17344292
17344527
17344704
17344982
17345188
17347331
17347941
17349137
17349570
17350646
17350932
17351198
17351368
17380060
17380195
17380497
17380635
17380765
17381380
17382688
17383115
17383240
17383274
17383345
17383548
17383783
17383874
17384852
17385585
17386106
17386498
17386619
17386647
17386766
17386880
17387414
17387827
17387927
17388435
17388472
17388596
17389008
17389093
17389112
17389604
17389736
17390196
17390835
17391172
17391669
17392163
17393000
17393463
17393535
17393981
17394186
17394254
17394320
17394486
17395387
17395916
17396088
17396137
17397048
17397173
17397662
17397832
17398312
17398429
17398719
17399179
17399485
17399932
17401236
17401307
17401325
17401668
17401887
17402131
17402266
17402597
17403344
17403518
17403745
17403901
17404110
17404530
17404531
17404540
17405454
17405783
17406056
17406439
17406450
17406455
17407278
17407327
17408536
17408679
17409680
17410231
17410374
17410582
17411446
17411457
17412016
17412194
17413451
17413651
17413807
17413886
17413928
17415743
17417444
17417648
17417784
17419789
17421223
17421748
17422728
17424481
17425799
17426430
17427483
17432892
17433489
17436749
17437448
17439855
17440690
17440882
17441129
17468534
17469261
17470196
17470587
17470736
17470811
17470831
17470859
17470903
17470909
17470932
17471535
17471629
17471630
17471929
17472032
17472065
17472546
17472582
17472610
17472636
17472647
17473058
17473083
17473303
17473629
17473675
17473725
17473975
17474032
17474086
17474324
17474487
17474522
17475066
17475187
17475286
17475500
17475568
17476256
17476540
17476808
17477053
17477205
17477698
17478018
17478182
17478777
17478798
17478845
17478882
17478958
17478991
17479286
17479443
17479477
17479653
17479773
17480655
17481146
17481283
17481332
17623253
17624700
17630810
17631519
17633720
17633833
17633939
17634591
17634713
17635273
17635340
17635804
17635959
17636390
17636396
17636961
17637113
17638586
17639357
17639449
17639707
17640572
17640950
17641207
17641958
17642217
17642901
17643293
17643974
17644041
17644042
17644246
17644915
17645137
17645236
17645355
17645909
17645926
17647904
17648197
17648340
17649706
17650195
17650527
17650651
17651111
17651312
17651357
17683180
17683664
17683782
17683894
17684371
17684528
17684822
17685135
17685651
17685701
17685852
17686192
17686395
17686396
17687268
17687358
17687660
17687672
17687681
17687799
17688063
17688505
17688546
17688829
17689206
17689387
17689424
17689487
17689835
17690675
17691330
17692396
17692445
17692555
17692753
17693000
17693581
17693797
17693821
17693924
17694267
17694588
17694628
17694853
17694958
17695080
17695169
17695439
17695450
17695462
17695492
17695514
17695571
17695664
17695843
17751683
17751958
17753033
17754856
17755813
17756593
17756929
17757368
17757811
17757853
17758118
17758435
17758603
17760179
17761340
17761517
17762092
17762139
17774699
17774789
17774867
17775712
17775799
17775840
17776141
17776241
17776346
17776524
17776794
17777040
17777233
17777390
17778212
17778238
17778623
17778724
17778727
17778947
17779028
17779157
17779813
17779908
17779925
17780676
17780785
17781582
17781595
17782990
17783233
17784339
17784419
17784958
17785020
17785954
17786005
17786159
17786616
17786768
17787927
17788931
17789374
17789694
17790398
17790688
17790918
17793065
17793159
17793689
17794164
17795326
17795386
17796009
17796071
17796320
17798443
17798496
17799002
17799378
17799908
17800109
17801553
17801711
17803049
17803659
17803970
17804520
17804956
17805830
17806021
17807295
17807500
17808176
17808287
17808834
17808836
17808858
17808935
17809294
17809854
17811233
17811699
17812493
17812549
17812769
17812980
17813498
17813636
17813692
17813840
17814225
17814250
17814682
17815345
17815564
17815816
17815952
17815990
17816089
17816495
17816716
17816786
17816867
17817091
17817321
17817741
17817759
17819353
17819499
17819575
17819576
17819764
17820436
17820543
17820734
17820845
17821650
17822011
17822216
17822584
17822927
17823192
17823353
17823512
17823659
17825007
17825183
17825310
17827160
17827705
17827931
17828190
17828690
17829491
17829514
17830212
17830945
17831355
17831639
17831761
17832126
17832441
17832867
17833399
17833702
17834131
17834244
17834421
17834422
17834721
17834975
17835622
17836217
17838921
17840052
17841544
17842426
17852156
17852233
17857699
17861756
17861872
17867137
17868757
17871997
17872197
17872948
17876816
17880043
17880970
17881693
17882221
17882245
17892305
17901879
17902074
17902914
17903892
17904083
17904249
17904569
17904629
17905196
17905457
17905903
17907681
17908588
17908643
17908844
17908940
17909017
17909123
17909407
17909523
17909966
17910144
17911045
17911256
17911534
17911733
17912559
17912761
17912807
17913948
17914392
17915694
17916077
17916334
17916635
17918013
17919846
17920390
17920638
17921665
17922259
17922615
17922643
17922662
17922774
17923051
17923295
17923420
17923715
17924188
17924776
17926052
17926426
17926526
17926577
17927395
17927845
17927880
17927904
17927977
17928147
17928174
17928254
17928296
17928576
17928744
17929440
17930166
17930478
17930732
17931648
17931838
17932048
17932520
17932543
17932643
17933038
17933068
17933078
17934755
17934815
17935033
17935049
17935742
17935843
17935904
17936128
17937006
17937057
17937217
17937330
17938069
17938523
17938538
17938722
17938780
17939144
17940149
17940349
17940485
17940622
17959768
17960320
17960566
17960929
17961566
17962010
17962042
17962169
17962309
17962546
17962551
17962967
17963719
17963849
17964141
17964372
17964626
17964839
17964974
17965120
17965130
17965750
17965790
17966610
17966812
17966936
17967760
17967975
17968242
17968402
17968438
17969902
17970924
17971112
17971348
17972378
17972387
17972944
17973209
17974071
17974079
17974177
17974327
17974400
17974620
17974966
17975108
17975163
17976042
17976163
17976350
17976456
17976815
17976950
17978146
17979180
17979594
17979630
17980004
17980162
17981412
17981671
17982449
17982882
17983150
17983280
17984592
17986166
17986473
17988189
17988705
17991018
17993698
17993752
17994597
17994893
17995014
17995310
17995604
17995726
17996440
17996715
17996726
17996883
17996949
17997578
17997838
17997937
17998078
17998706
17998730
17998884
17998903
17998928
17998985
17999160
17999727
18000458
18000778
18001444
18001496
18001597
18001663
18001694
18001742
18002631
18002736
18002864
18002957
18003046
18003215
18003606
18003875
18004047
18004065
18004444
18005677
18006439
18006994
18007318
18007629
18007654
18008503
18008916
18009209
18009453
18009772
18010114
18010194
18010219
18010533
18011101
18015925
18016718
18018185
18022156
18022453
18034480
18067076
18071501
18072847
18075646
18077013
18078590
18110496
18119953
18120549
18121447
18122727
18125222
18127674
18129218
18130035
18131687
18135784
18136458
18136780
18136809
18136901
18136953
18137224
18137783
18138352
18138496
18138621
18138797
18138881
18138924
18139037
18139367
18139567
18139570
18140207
18140346
18140801
18140810
18141375
18141802
18141828
18142057
18142164
18142190
18142532
18143736
18143744
18143894
18144584
18145511
18146402
18146491
18146518
18146600
18146830
18147000
18147030
18147038
18147293
18147362
18147587
18147787
18147977
18149288
18149514
18149740
18150515
18150572
18151122
18151784
18152478
18152747
18152759
18152926
18152948
18153097
18153463
18154063
18154312
18154559
18154816
18184854
18185120
18185392
18185641
18185803
18185979
18186052
18186368
18186468
18186793
18187103
18187582
18187878
18187948
18188514
18188657
18189304
18189394
18189685
18189946
18190374
18190512
18190529
18191223
18191305
18192592
18192661
18192924
18194527
18194903
18194950
18195480
18196819
18197054
18197783
18197789
18197959
18198581
18198944
18199001
18199028
18199098
18199278
18199639
18199665
18199691
18201178
18201243
18201468
18201657
18276747
18281984
18292151
18312724
18312806
18313584
18314396
18314819
18315144
18315615
18316278
18316492
18317288
18317855
18317901
18318291
18319462
18319496
18320046
18320168
18320270
18321335
18322264
18323276
18323819
18324578
18324745
18379699
18380634
18383880
18385641
18386893
18388213
18408137
18408710
18408858
18409596
18412179
18413015
18413908
18414319
18415092
18415122
18417003
18418442
18419908
18420250
18549479
18552473
18554117
18555116
18556387
18556825
18558285
18559573
18560812
18565512
18566086
18566217
18567483
18567666
18567777
18568153
18568565
18568567
18568971
18570890
18571305
18571314
18571790
18572935
18573930
18574043
18574067
18574893
18575153
18575176
18575376
18576232
18576676
18577968
18578096
18578847
18579388
18579424
18579878
18580110
18580310
18580464
18581025
18581458
18581591
18581612
18582074
18582178
18582650
18582690
18583360
18583786
18584302
