60697
60918
61429
61489
61659
62087
63108
63240
63521
63916
65269
66145
66673
67782
68273
68379
68758
69174
69211
69663
70001
71011
71144
71163
72135
72165
72239
72725
73078
73287
73316
74342
74343
74420
74758
74808
75219
75552
75578
75622
77018
77901
79569
80226
80247
80767
81711
82597
83531
83697
85403
85680
86110
117301
117617
118053
118311
118403
118525
120276
121157
121224
121809
121933
122045
122129
123012
123394
123427
123673
123766
123777
124004
124394
124473
125079
125421
125451
125821
125851
125897
126365
126493
127007
127437
127566
127735
127813
127964
128270
128542
128811
129118
129346
129527
131360
131972
132211
133116
133636
133638
133679
133830
133924
134377
134614
134666
134775
140130
140847
141661
143532
150264
151508
151656
152795
185914
207815
208596
208651
209969
211320
215231
216868
217046
217963
218157
220009
220422
252492
252639
253002
253014
254109
254397
255276
255999
256105
256435
256817
257321
257941
258282
258340
258923
259031
259168
259668
260022
260125
261345
261982
262308
263150
263554
264044
264984
265152
265331
265622
265839
266217
266655
266796
267334
268068
268375
268415
268810
284347
288125
288870
289755
290681
290994
292102
292502
294499
306335
306389
306440
306521
307647
307947
308015
308074
308210
308311
308603
308959
309370
309435
309598
310708
311279
311367
311718
311992
312061
312474
312657
312768
313188
313456
313817
314474
314802
314804
315135
315208
315680
315929
316343
316405
316505
317046
317300
317408
317609
317953
318038
318190
318191
318236
319240
319588
320278
320282
321329
321423
321472
321647
322004
322234
322357
322680
323205
323381
323595
323895
324078
324144
324875
324980
325095
325273
325466
325509
326004
326464
326564
326617
326664
326855
327026
327505
327721
328060
329344
330508
330519
330542
331270
331437
332205
332647
332770
332844
333396
333843
333843
333957
335136
335312
335367
335679
335764
335888
336036
336118
336327
336832
337185
337430
337952
338239
338318
339081
339888
339933
340129
340364
340456
340576
341194
433043
440382
440884
443431
447498
449918
450018
450070
450422
451887
453372
454856
457203
457303
458522
458550
459741
479519
480692
483593
512399
571152
576345
619106
619159
619961
620028
620259
620267
620491
621235
621269
621517
621953
622853
623101
623110
623291
623531
624293
625248
625498
626382
626435
626735
626770
626835
627305
627430
627661
627802
627837
627883
627886
628480
628672
629118
629195
629282
630195
630380
630714
648516
649089
649237
649975
652558
653394
654287
654698
655471
655501
657382
658821
660287
660629
702452
814666
814824
815180
815445
816529
817387
817667
818189
819940
822521
824049
824987
825874
826848
827639
857698
857860
858347
858540
859392
859923
860416
861000
861406
861560
861621
861704
862138
862611
863165
863181
863332
863343
864800
865185
865649
865924
865949
866629
866932
897207
897283
897513
898256
898675
898722
898725
898983
899832
899947
900410
901420
902119
902225
902396
902873
903019
903402
904397
904430
904905
905032
905114
905447
905774
906377
906514
906697
906869
906928
906946
908169
908369
908772
908840
909712
910034
910793
910993
911066
911893
912163
912398
912746
913046
913048
915290
917397
917811
918239
922647
924434
924797
925253
927095
930166
931243
1022617
1023412
1023845
1024123
1025155
1026588
1027577
1028893
1029997
1030250
1031981
1033112
1033800
1035094
1037383
1039049
1039704
1127735
1129072
1130724
1132027
1132677
1132848
1134502
1135150
1138824
1140343
1140963
1230663
1231679
1231696
1231965
1232239
1232607
1233111
1233338
1234155
1235035
1236017
1236271
1236690
1236993
1237780
1238013
1238380
1238427
1238652
1239390
1240081
1240130
1240238
1240424
1240691
1240961
1241049
1241811
1241859
1242188
1242823
1243125
1243282
1244172
1245626
1245640
1245681
1245874
1246518
1246546
1246617
1246734
1246844
1247319
1247471
1248110
1249418
1249737
1250076
1250174
1250389
1250742
1251019
1251699
1251755
1252514
1252754
1252816
1252859
1253359
1254001
1254028
1254093
1254335
1254340
1254655
1254657
1254725
1255634
1255936
1256256
1256268
1256469
1256611
1256863
1256944
1258248
1258703
1259124
1259277
1259922
1259930
1260301
1260646
1260730
1260881
1260954
1261282
1261302
1261332
1261396
1262209
1262319
1262785
1262793
1262936
1263009
1263145
1263351
1263627
1263829
1264347
1264483
1265017
1265485
1265604
1266218
1267004
1267402
1267877
1268238
1268311
1268601
1268624
1268699
1269021
1269187
1269423
1269837
1270641
1271033
1271118
1271214
1271553
1271596
1271645
1271668
1271880
1272233
1272541
1273730
1273887
1274798
1276705
1277690
1280252
1281784
1282697
1282922
1284326
1285151
1285538
1285827
1288215
1320714
1322528
1322578
1324457
1325503
1326902
1327594
1330131
1351437
1397862
1397895
1397900
1398992
1399181
1399246
1399739
1399853
1400278
1400607
1400823
1400825
1402360
1402723
1403057
1404671
1404976
1405378
1405767
1406030
1406736
1407005
1407122
1407747
1407896
1408000
1408589
1408728
1408911
1409097
1409940
1410542
1410756
1411350
1411488
1411836
1412078
1412145
1412311
1413374
1413831
1415865
1416332
1416634
1417225
1417517
1419233
1421361
1422746
1423005
1423233
1456564
1463724
1497247
1497361
1497489
1497535
1497635
1498273
1498425
1498510
1498627
1498976
1498996
1499146
1499507
1499757
1500405
1501531
1501724
1502446
1502984
1503211
1503872
1503884
1504231
1504242
1504342
1504664
1504907
1505174
1505560
1506250
1506403
1506593
1506889
1507099
1507235
1507252
1508300
1508331
1508726
1509075
1509429
1509439
1509445
1509475
1510094
1510423
1510745
1510919
1510955
1510969
1511068
1511438
1512058
1512253
1512287
1513041
1513047
1513060
1513311
1513540
1513705
1514218
1514754
1514828
1514939
1515389
1515590
1515700
1515746
1516796
1517123
1517137
1517259
1517371
1517844
1518223
1518562
1518878
1519175
1519255
1519763
1519848
1520235
1520310
1520473
1520817
1521091
1521424
1521702
1521983
1522027
1522592
1522602
1523106
1523303
1524608
1524656
1524819
1525047
1525070
1525144
1525821
1525983
1526123
1526226
1526628
1526684
1526732
1526798
1526816
1526937
1527362
1527421
1527530
1527534
1569639
1569883
1570268
1570651
1570868
1571222
1571935
1572702
1572731
1572829
1573420
1574072
1574809
1574866
1574992
1575060
1575220
1575432
1575557
1575572
1575782
1576145
1576289
1576474
1576723
1577065
1577399
1577926
1578484
1578842
1579241
1579997
1580289
1580690
1580817
1581203
1581209
1581826
1582844
1582885
1582956
1583689
1584278
1585066
1585159
1645993
1655577
1656032
1672835
1672927
1673029
1673174
1673230
1674428
1674906
1675498
1675650
1675669
1675699
1676047
1676256
1676493
1676738
1676804
1677013
1677353
1677354
1677358
1677363
1677457
1677514
1677709
1678117
1678245
1678324
1678344
1678609
1679491
1679587
1680142
1680480
1680716
1680730
1680805
1680846
1680924
1680979
1681065
1681102
1681120
1681188
1681305
1681409
1681589
1681780
1681903
1681907
1682014
1682533
1682600
1682973
1701269
1701363
1701505
1701743
1701806
1701821
1701956
1702073
1702601
1702729
1703106
1703437
1703574
1703796
1703924
1704138
1704253
1704305
1704310
1704717
1704840
1704962
1705370
1705399
1705851
1706675
1707709
1708106
1708213
1708364
1708379
1708425
1709246
1709368
1709384
1709948
1710101
1710216
1710445
1710465
1710612
1711058
1711211
1711453
1727485
1728049
1728637
1728807
1729034
1729266
1730473
1731273
1731309
1731379
1732362
1732445
1732816
1733088
1733852
1734641
1735477
1738052
1790120
1807985
1808156
1808404
1808734
1808957
1809582
1809598
1809930
1810644
1811040
1811477
1811931
1812005
1813006
1813499
1814293
1814511
1816070
1817661
1830818
1832121
1837322
1837916
1838200
1843472
1843549
1844131
1845090
1845503
1846103
1961606
1961763
1962403
1962613
1962759
1963651
1963747
1963759
1963910
1963963
1964078
1964571
1964842
1964865
1965121
1965213
1965243
1965562
1965995
1966046
1966160
1966325
1966366
1966981
1967358
1967491
1967700
1968691
1968874
1969070
1969754
1969818
1970154
1970472
1970570
1970653
1970982
1971029
1971137
1971569
1971617
1971998
1972046
1972174
1972244
1972582
1972705
1972851
1975192
1984777
1987759
2009423
2009741
2009908
2009990
2010002
2010090
2010117
2010191
2010346
2010517
2010567
2010964
2011299
2011386
2011507
2012030
2012107
2012382
2013600
2013677
2013881
2014613
2014785
2014961
2015245
2015446
2015554
2015788
2016250
2016302
2016336
2016416
2017169
2017263
2017321
2017333
2017415
2017486
2017536
2017632
2017882
2018183
2018660
2018870
2019510
2019653
2019880
2020189
2020422
2020446
2021187
2021269
2021356
2021404
2021524
2021667
2021756
2021915
2022295
2023100
2023164
2023261
2023589
2023914
2024233
2024260
2024537
2024551
2024703
2024886
2025101
2025283
2027154
2030522
2030899
2033847
2034640
2036086
2038126
2039498
2051936
2056683
2088749
2090357
2091563
2093771
2096452
2099472
2102955
2104847
2106690
2114067
2114642
2115074
2115399
2115879
2117182
2117510
2118295
2119031
2127748
2130894
2154365
2155615
2156363
2156845
2158035
2159530
2160646
2165820
2165915
2165936
2166213
2167030
2168026
2168102
2168468
2168593
2169335
2169343
2169571
2170050
2170473
2170896
2172180
2172525
2172746
2174019
2174714
2174840
2232125
2233989
2234289
2234931
2235692
2236389
2236570
2236771
2237668
2238713
2239151
2239759
2240223
2241059
2241399
2244369
2245397
2245838
2245916
2306833
2307299
2307410
2307541
2308159
2308230
2308702
2308905
2309020
2309643
2310131
2310914
2311259
2312110
2313368
2313701
2313906
2314326
2314582
2314844
2315112
2315801
2317057
2317067
2317248
2317345
2317866
2318055
2318637
2318975
2319051
2319561
2319694
2319930
2320299
2320587
2392197
2392313
2392760
2392877
2393508
2394521
2394677
2394732
2394990
2395046
2395557
2395815
2396130
2396653
2397119
2397516
2397566
2398010
2398128
2398371
2398403
2398588
2398662
2399837
2399975
2400014
2400251
2400375
2400607
2400925
2402207
2402280
2402371
2402402
2403062
2403371
2403728
2403790
2405028
2405094
2405337
2405418
2405489
2405588
2405798
2406081
2406419
2407003
2407136
2407736
2407763
2407999
2408566
2408829
2408940
2409067
2409132
2409368
2409701
2409805
2409875
2410657
2410790
2410934
2411149
2411194
2411202
2412070
2413201
2414258
2418913
2418920
2419241
2422447
2422703
2425881
2429394
2429395
2455059
2467853
2468185
2470810
2482798
2485013
2486654
2486925
2487364
2487387
2487472
2487528
2488679
2488722
2489563
2491048
2491522
2491578
2492354
2493605
2494678
2494830
2496732
2516336
2516459
2516677
2517113
2517156
2517439
2517752
2518203
2518235
2518390
2518538
2518618
2518822
2519062
2519168
2519180
2519207
2519563
2520364
2520772
2521143
2521294
2521878
2522071
2522276
2522290
2522379
2522778
2523068
2523122
2523571
2523824
2524162
2524809
2525044
2525177
2525679
2552806
2553741
2556987
2558748
2560000
2561320
2564736
2567589
2567952
2569225
2572660
2575028
2575934
2576466
2577335
2577751
2578499
2595492
2595684
2595743
2595921
2596221
2596318
2596356
2596617
2596626
2597449
2597503
2597919
2598535
2598787
2599079
2599278
2599465
2599812
2600630
2601880
2602216
2602549
2603429
2603715
2604334
2604707
2605053
2605302
2605443
2605646
2605738
2607094
2607243
2608130
2608147
2608425
2608901
2609044
2609096
2609823
2610315
2610521
2610889
2611822
2611931
2611990
2612732
2615731
2622167
2625117
2630354
2640521
2674853
2675574
2679238
2680037
2681635
2681723
2685200
2685542
2686731
2688928
2692986
2693049
2693276
2693483
2693743
2693974
2694356
2695045
2695394
2695811
2695825
2696002
2696028
2696327
2696375
2696714
2696980
2697383
2697621
2697710
2697812
2698044
2698055
2698165
2698279
2698340
2698629
2698788
2698904
2698915
2698939
2699386
2699532
2699733
2700218
2700486
2700922
2700967
2701087
2701179
2701233
2701291
2701338
2701888
2702342
2702666
2702692
2702983
2703293
2703789
2703966
2835407
2837824
2837868
2839078
2841170
2841285
2841399
2841644
2842692
2843844
2843897
2844931
2845359
2845589
2846120
2848489
2849389
2849663
2849735
2849892
2882968
2882969
2883780
2883864
2883962
2884160
2885158
2886371
2888441
2888840
2888940
2889096
2889840
2890317
2891216
2891490
2891523
2891538
2892150
2892581
2892658
2892892
2892986
2893422
2910038
2910161
2910287
2911056
2911096
2911669
2912115
2912878
2913806
2914117
2915518
2915569
2915807
2916405
2917361
2917594
2918118
2919010
2919311
2919858
2920670
2921209
2921284
2921790
2939564
2939604
2940304
2942226
2943785
2944043
2944502
2944890
2945881
2946140
2946146
2946510
2948575
2953199
2953199
2953576
2955931
2956438
2956810
2957172
2959103
2959855
2960810
2961202
2981361
3141614
3144723
3147510
3147880
3150453
3150512
3151622
3152958
3153868
3154712
3154970
3154997
3155018
3155523
3155627
3155657
3155754
3156455
3156574
3157405
3157557
3157796
3158842
3158860
3160409
3161064
3161174
3161232
3161361
3163118
3163828
3165789
3167275
3168527
3168821
3170011
3170275
3170481
3171727
3172438
3173305
3173883
3174264
3175588
3175942
3176650
3177438
3177645
3177775
3177915
3177955
3178452
3179141
3179388
3179593
3179988
3180054
3180077
3180664
3181278
3181321
3181924
3182927
3182962
3183357
3184235
3184361
3184426
3184702
3184890
3185198
3186029
3187167
3187285
3187307
3187438
3187851
3188157
3188215
3188222
3188223
3188483
3188524
3188572
3189212
3189431
3189435
3189738
3189807
3189891
3190060
3191184
3191543
3191571
3191580
3191711
3192239
3192643
3192761
3192991
3192994
3193390
3193427
3194054
3194152
3194545
3194716
3263606
3264202
3265100
3266380
3268875
3271327
3272871
3273688
3275340
3279437
3357773
3358112
3360482
3362467
3362862
3364133
3365551
3365771
3366714
3366758
3367753
3368951
3371945
3372591
3372707
3373979
3374410
3374638
3439111
3440905
3461422
3461441
3461595
3462164
3462274
3462577
3463190
3463313
3463378
3463410
3463721
3463795
3463883
3464429
3464539
3464771
3464824
3464833
3464950
3465093
3465152
3465209
3465520
3465922
3466895
3467088
3468556
3468701
3468973
3469094
3469171
3469452
3469519
3470353
3470441
3470689
3470826
3471088
3471117
3471389
3471614
3472129
3472205
3472670
3472749
3472862
3472921
3549086
3549207
3549342
3549629
3550269
3550940
3551026
3551111
3551207
3551307
3551543
3551682
3552048
3552191
3552893
3553169
3553709
3553761
3553772
3554875
3555340
3555805
3555818
3556414
3556504
3556568
3556952
3556958
3557068
3557717
3557861
3558595
3558809
3559195
3559671
3559768
3559970
3560069
3560098
3560150
3560429
3560462
3560549
3560601
3560822
3562415
3563294
3563389
3563400
3563676
3563737
3563887
3564168
3564559
3564632
3564877
3564922
3615417
3615740
3616102
3616467
3616894
3617343
3617493
3617612
3617628
3618030
3618344
3618438
3618972
3619001
3619505
3619576
3619871
3620063
3620494
3620574
3621810
3622783
3622974
3623574
3624633
3624854
3625145
3625148
3625717
3626437
3626539
3626837
3626890
3627235
3628063
3628594
3629650
3629689
3629926
3630044
3630173
3630331
3631119
3631543
3631887
3632087
3632210
3632441
3632620
3632699
3632981
3633065
3633139
3633541
3633731
3633752
3646631
3646752
3646894
3647093
3647717
3647800
3648213
3648347
3648595
3648800
3649272
3649382
3649958
3649988
3650201
3650232
3650291
3650594
3650672
3650977
3651535
3651622
3651662
3651739
3651894
3652100
3652126
3652147
3652393
3652531
3652733
3653298
3654091
3654455
3654617
3654703
3654781
3655216
3655412
3656041
3656573
3656576
3723159
3723241
3724019
3724831
3725254
3725579
3726050
3726713
3726927
3727723
3728290
3728336
3728726
3729897
3729931
3730481
3730603
3730705
3731770
3732699
3733711
3734254
3735013
3735180
3754511
3754580
3754606
3755527
3758547
3758824
3761162
3762191
3762227
3764365
3764986
3769262
3770790
3805300
3805985
3808541
3811337
3813353
3867652
3877567
3877858
3878106
3878166
3878546
3878646
3879326
3879910
3880361
3881341
3881471
3881510
3881522
3881585
3882046
3882269
3882346
3882655
3882982
3883540
3883613
3883932
3884666
3885501
3885780
3885947
3885975
3886025
3886521
3886677
3886725
3886887
3887224
3887617
3888062
3888132
3888180
3888309
3909149
3909522
3909986
3910378
3910463
3910583
3910818
3910881
3911099
3911109
3912172
3912361
3912523
3912527
3912580
3912638
3912864
3913146
3913242
3913814
3914963
3915071
3915114
3915241
3915365
3915377
3915433
3915441
3915839
3916007
3916190
3916380
3916510
3916788
3916932
3917091
3917239
3917671
3918383
3918941
3918944
3919604
3920066
3920159
3920600
3920956
3921040
3921188
3921492
3922230
3922380
3922399
4080947
4091722
4094141
4096874
4097528
4133773
4134141
4134277
4134944
4135096
4135231
4135861
4136024
4136053
4136131
4136175
4137001
4137064
4137219
4137294
4137336
4137370
4137620
4138097
4138500
4138565
4139015
4139156
4139329
4139416
4139623
4141190
4141923
4141931
4142862
4143524
4143680
4143706
4143760
4143937
4143946
4144785
4145445
4146035
4160905
4161755
4162074
4162204
4162479
4164428
4164515
4165714
4165794
4168504
4170226
4170361
4170433
4170840
4171671
4172459
4173485
4174159
4247494
4247850
4247878
4247897
4248009
4248286
4248530
4248655
4248950
4249423
4250011
4251287
4251661
4251761
4251812
4252630
4253080
4253115
4253139
4253212
4253382
4253409
4253489
4253531
4253811
4253979
4254675
4255401
4255713
4255967
4256883
4257073
4257283
4257755
4257778
4257878
4258273
4258303
4258313
4259990
4260050
4260268
4260284
4260977
4261078
4261139
4261363
4262241
4262292
4262452
4262565
4263304
4263758
4263773
4263957
4264015
4264379
4265384
4265584
4265720
4265857
4284416
4284444
4284737
4284939
4285293
4285689
4285695
4285814
4286020
4286752
4286812
4286885
4286940
4287155
4287505
4287578
4287779
4287971
4288155
4288566
4289018
4289180
4289255
4289470
4289748
4290221
4290355
4290408
4290471
4290526
4290894
4291750
4291832
4291855
4292089
4292556
4293521
4293644
4293868
4293888
4294080
4294901
4294927
4295133
4295512
4295903
4296011
4296021
4296081
4296594
4296794
4297142
4297493
4297553
4297638
4298049
4298133
4298197
4298206
4298395
4298477
4298654
4298909
4299302
4299708
4300094
4300158
4300242
4300529
4300632
4313582
4313896
4314134
4314246
4314275
4314439
4314829
4314877
4315138
4315189
4315195
4315748
4315884
4316283
4316324
4316513
4316546
4317145
4317677
4318086
4318249
4318292
4318601
4319006
4319299
4320098
4320325
4321177
4321646
4321813
4321837
4321910
4322765
4322955
4323042
4323236
4323758
4324811
4325097
4325150
4325424
4325641
4325815
4326095
4326324
4326611
4326819
4326863
4327068
4327324
4327477
4327738
4327831
4327930
4328187
4328211
4328633
4328741
4328862
4329118
4330007
4330651
4330704
4330727
4330823
4331145
4331335
4331557
4331767
4332096
4332174
4332331
4332596
4333117
4333600
4333912
4334101
4334246
4334391
4334467
4334991
4335728
4446566
4447270
4447302
4447390
4447422
4448167
4448863
4448915
4449374
4449510
4449735
4451164
4451521
4451588
4451726
4451887
4452135
4452295
4452532
4452564
4452660
4452709
4453230
4453253
4453471
4453754
4453960
4453976
4454590
4455437
4455461
4455707
4456891
4456990
4457014
4457175
4457494
4458101
4458333
4458504
4459055
4459094
4459220
4459490
4459753
4459803
4459907
4460385
4460487
4461343
4461784
4478652
4478662
4479221
4479348
4479390
4479406
4479456
4479857
4479976
4480289
4480449
4480860
4480868
4481402
4481821
4481910
4482547
4482589
4482709
4483284
4484279
4484325
4484625
4485267
4485545
4485723
4486568
4487213
4487842
4487893
4488070
4488139
4488297
4488305
4488425
4488434
4489105
4489512
4489643
4489736
4490158
4490405
4490412
4490415
4490910
4491037
4491126
4491172
4491694
4491809
4491858
4492298
4492767
4493097
4493558
4493778
4493819
4493899
4494174
4494440
4494445
4494674
4494797
4495071
4495247
4495476
4495638
4495653
4495874
4495885
4495928
4496009
4496255
4496470
4496623
4496781
4497487
4497808
4497854
4498199
4498295
4498359
4498540
4498591
4499270
4500266
4500505
4500857
4500988
4501235
4501985
4502016
4502383
4502477
4503291
4503433
4503608
4503677
4503874
4503918
4504205
4510025
4512986
4513253
4530866
4531001
4531303
4531441
4531571
4532186
4533494
4533921
4534046
4534080
4534151
4534354
4534589
4534680
4535658
4536391
4536912
4537304
4537425
4537453
4537572
4537686
4538220
4538633
4538733
4539241
4539278
4539402
4539814
4539899
4539918
4540410
4540542
4541002
4541641
4541978
4542475
4542969
4543806
4544269
4544341
4544787
4544992
4545060
4545126
4545292
4546133
4550190
4550203
4551744
4552857
4553652
4555166
4558392
4559374
4598499
4599203
4602530
4604897
4605523
4605566
4605646
4606264
4606361
4606568
4606612
4606770
4606896
4606983
4607720
4608925
4609108
4609258
4609889
4609944
4610587
4611410
4611437
4611444
4611692
4611825
4611884
4612247
4612352
4612459
4613210
4613400
4614063
4614330
4614880
4614910
4614960
4614996
4615182
4615706
4616003
4616022
4616081
4616237
4616288
4616309
4616609
4616868
4617164
4617201
4617235
4617382
4617578
4617619
4617631
4617820
4617864
4618307
4618778
4619116
4619873
4619881
4620046
4620356
4620580
4620918
4621541
4621569
4621882
4622265
4622326
4651972
4652338
4652971
4653093
4653767
4655658
4656157
4656611
4656887
4657364
4657738
4658524
4659201
4659297
4659501
4660609
4680120
4680643
4681389
4681919
4682545
4683019
4683111
4683209
4685433
4686288
4686783
4687051
4687095
4687485
4688169
4689094
4689823
4691457
4692207
4693101
4693352
4693368
4694023
4694234
4694884
4697436
4698043
4698384
4714378
4719693
4722742
4722841
4724810
4734596
4737584
4738324
4739379
4741368
4742069
4742525
4744327
4744339
4744524
4744624
4744678
4745172
4745652
4746723
4746910
4747201
4747593
4747604
4747731
4747909
4747961
4748116
4748367
4748389
4748396
4748806
4748822
4748832
4749005
4749035
4749431
4749841
4749910
4750244
4750386
4750544
4750887
4750950
4751061
4751746
4752877
4753148
4754146
4754416
4754844
4754959
4755657
4755746
4755804
4755900
4756544
4756657
4757080
4757619
4757857
4757933
4759264
4759923
4760804
4762368
4762418
4763116
4763557
4763569
4764066
4764610
4765802
4765846
4765946
4766034
4766994
4767530
4767732
4768823
4769043
4769297
4769472
4769631
4770581
4834930
4835481
4835624
4835832
4836696
4836707
4837266
4837444
4838701
4838901
4839057
4839136
4839178
4840993
4842694
4842898
4843034
4845039
4846473
4846998
4847978
4849731
4851049
4851680
4852733
4942277
4947622
4948564
4948629
4949028
4949183
4949610
4950158
4951756
4952025
4952027
4952570
4953216
4954336
4954390
4955235
4955531
4955652
4955948
4956242
4956364
4957078
4957353
4957364
4957521
4957587
4958216
4958476
4958575
4958716
4959344
4959368
4959522
4959541
4959566
4959623
4959798
4960365
4961096
4961416
4962082
4962134
4962235
4962301
4962332
4962380
4963269
4963374
4963502
4963595
4963684
4963853
4964244
4964513
4964685
4964703
4965082
4966315
4967077
4967632
4967956
4968267
4968292
4969141
4969554
4969847
4970091
4970410
4970752
4970832
4970857
4971171
4971739
4972450
4972610
4972641
4973399
4973447
4973549
4973584
4973987
4974003
4974183
4974203
4974600
4974814
4975140
4975168
4975350
4975525
4975928
4975951
4976080
4976352
4976568
4977555
4977725
4977726
4977899
4977935
4978117
4978302
4978461
4978521
4978540
4978689
4979538
4979606
4979753
4979760
4979933
4980258
4980320
4980387
4980706
4980792
4981126
4981272
4981937
4984002
4985496
4985668
4985844
4986171
4986239
4986438
4986523
4986591
4986624
5028847
5028960
5029066
5029718
5029840
5030400
5030467
5030931
5031086
5031517
5031523
5032088
5032240
5033713
5034484
5034576
5034834
5035699
5036077
5036334
5037085
5037344
5038028
5038420
5039101
5039168
5039169
5039373
5040042
5040264
5040363
5040482
5041036
5041053
5043031
5043324
5043467
5044833
5045322
5045654
5045778
5046238
5046439
5046484
5128008
5128016
5128335
5129820
5130261
5130449
5130728
5131830
5132053
5132113
5132347
5132465
5132636
5132706
5133098
5133245
5134091
5134309
5134450
5135012
5135088
5135172
5135211
5135260
5135388
5135646
5135814
5136108
5136826
5136843
5137496
5137939
5137950
5138365
5139444
5139748
5140914
5140936
5212937
5213024
5213159
5213618
5213725
5213826
5214937
5215006
5215048
5215239
5215903
5215935
5216507
5216570
5216787
5217162
5217209
5217258
5217289
5217681
5217869
5218199
5218330
5218354
5218573
5218607
5219105
5219187
5219248
5219633
5219658
5219689
5220015
5220305
5220349
5220692
5220737
5220990
5221158
5221851
5221963
5222059
5222138
5222211
5222431
5222619
5223379
5223858
5224213
5224269
5357254
5357406
5357508
5357510
5357583
5357749
5357859
5358237
5359237
5359415
5359635
5359682
5359722
5359727
5359811
5360036
5360802
5361146
5361945
5361984
5362257
5362625
5363031
5363225
5363305
5363860
5363926
5364554
5364625
5364786
5365024
5365132
5365565
5365573
5365892
5366060
5366375
5366688
5366893
5367014
5367147
5367166
5367280
5367418
5367622
5367913
5368306
5368413
5368477
5368918
5369212
5369690
5369909
5369918
5370041
5370658
5370824
5370995
5371825
5372098
5399189
5400713
5415318
5415667
5415764
5435862
5435939
5441405
5445462
5445578
5468295
5468517
5468529
5468542
5469202
5469898
5470650
5470727
5470862
5470904
5471042
5471097
5472159
5472953
5474117
5474426
5474450
5474852
5475051
5475426
5475445
5475613
5475970
5476255
5476507
5477213
5477832
5477997
5477999
5478134
5478343
5478424
5478702
5478787
5479574
5480061
5480406
5480758
5480849
5481247
5481270
5481930
5482036
5482128
5482374
5482424
5482455
5482599
5482632
5482946
5483494
5487552
5493347
5493980
5592173
5593909
5594288
5594551
5594643
5594645
5595124
5595199
5595393
5596204
5596482
5596624
5596962
5597326
5598298
5599002
5599095
5599182
5599196
5599328
5599365
5599713
5599842
5600033
5600833
5601073
5601188
5601532
5601674
5601865
5601994
5602000
5602140
5602182
5602397
5602709
5602930
5603120
5603360
5603819
5603978
5604197
5604293
5604653
5604780
5605365
5605431
5605960
5606166
5606219
5606266
5606304
5606853
5606879
5607118
5607303
5607542
5607553
5607661
5607835
5608053
5608354
5608374
5608523
5608600
5608615
5609693
5609927
5610052
5610814
5610992
5611194
5611361
5611704
5612047
5612535
5613365
5613370
5613384
5613533
5613679
5613863
5613879
5613917
5614658
5615116
5615236
5615626
5615636
5615707
5615868
5615986
5616491
5616952
5617224
5617436
5617584
5617828
5617875
5617883
5618827
5620075
5620388
5620906
5621535
5621573
5621699
5621862
5621888
5622905
5623266
5623422
5624032
5624137
5625099
5626278
5626389
5626495
5628197
5628708
5628938
5629395
5629525
5629808
5629845
5630266
5631214
5643774
5644797
5644964
5645020
5645472
5645895
5646019
5646048
5646198
5646409
5646565
5646768
5646774
5647731
5647845
5648396
5648512
5648631
5648954
5649044
5649436
5649590
5649838
5649854
5650029
5650056
5650106
5650144
5651439
5651571
5651792
5652262
5652495
5652579
5652790
5652881
5653236
5653261
5653468
5653722
5653730
5653813
5653878
5654823
5655473
5655606
5655856
5656380
5656483
5656876
5657126
5657230
5657259
5678002
5684057
5687498
5704962
5705499
5705866
5707279
5710914
5711190
5713252
5718080
5721043
5721315
5721351
5721466
5721799
5721848
5722218
5722602
5722809
5723760
5724710
5725065
5725365
5725547
5725553
5725561
5725683
5725713
5725763
5726411
5727222
5727876
5727962
5727985
5728006
5728169
5728238
5728545
5728960
5729001
5729535
5729661
5729711
5729825
5729905
5730710
5731812
5732045
5732175
5732184
5732333
5732347
5732568
5732643
5732818
5733062
5733246
5733602
5733632
5733900
5734000
5734880
5734974
5735057
5735343
5735926
5736282
5736308
5736435
5736806
5736876
5737097
5737294
5737305
5737437
5738041
5738273
5738529
5738612
5738684
5750346
5750901
5750957
5751214
5751305
5751565
5751793
5752330
5752429
5753277
5753313
5753460
5753493
5753911
5754140
5754777
5756181
5756362
5756425
5756547
5756792
5756816
5756984
5757016
5757077
5757134
5757187
5757735
5757952
5757957
5757966
5758255
5758440
5758468
5758598
5758753
5758835
5759202
5759916
5760095
5760190
5760205
5760389
5760575
5760974
5761384
5761502
5761688
5761782
5804469
5805860
5806728
5808194
5808872
5810916
5811005
5812143
5812422
5813194
5813516
5814740
5815481
5815615
5816364
5818573
5821530
5823252
5823751
5837599
5837980
5838012
5838192
5838285
5838294
5838372
5838377
5838468
5838905
5838962
5839435
5839438
5839779
5840195
5840299
5840511
5841527
5841718
5841897
5842558
5843217
5843382
5843879
5843965
5844219
5844308
5844313
5844355
5844490
5844572
5845220
5845667
5845735
5846266
5846522
5846586
5846605
5846890
5847319
5847419
5847457
5847599
5847765
5847859
5848090
5848216
5848330
5848476
5848671
5848728
5848878
5849139
5849325
5849361
5849365
5849378
5849523
5849623
5849720
5849776
5849873
5850200
5850219
5850281
5850948
5851205
5851556
5851561
5851600
5851769
5852224
5852287
5853474
5853611
5854400
5854778
5854867
5854868
5855110
5855288
5865827
5866839
5872189
5878409
5879335
5955541
5955894
5955908
5959849
5960252
5961629
5961654
5963459
5963854
5965006
5965699
5969975
5970569
5972096
5972939
5973199
5973429
5974533
5977383
5981093
5981686
5982557
5984628
5998885
5999213
5999455
5999536
6000464
6000500
6000545
6000887
6001187
6001533
6001798
6001935
6002056
6002463
6002605
6002813
6002995
6003361
6003492
6004332
6004465
6004783
6004934
6005068
6005233
6005556
6005895
6006384
6006982
6007506
6007850
6007967
6008422
6009629
6009666
6009944
6009988
6010106
6010971
6011108
6011152
6011491
6011522
6011896
6012177
6012205
6012575
6012614
6012628
6013517
6013567
6083098
6083561
6085074
6085574
6086208
6086536
6087705
6089202
6090129
6091975
6092065
6093406
6094406
6094715
6094758
6096603
6098225
6098882
6100562
6100837
6101912
6103735
6104692
6105472
6105808
6106247
6106690
6106732
6106997
6107314
6107482
6109058
6110219
6110396
6110971
6111018
6116260
6117053
6118520
6122491
6122788
6213495
6213672
6213903
6214246
6214271
6214467
6214636
6215859
6215975
6215977
6216037
6216210
6216342
6216355
6217135
6217450
6217587
6217631
6217934
6218512
6218571
6218616
6218731
6218956
6219018
6219026
6219172
6219471
6219653
6219716
6219915
6219984
6220102
6220180
6220236
6220711
6220881
6220934
6221767
6221886
6222262
6222598
6222996
6223331
6223543
6223852
6224368
6224966
6225502
6225639
6225823
6226254
6226367
6226610
6226717
6226751
6227744
6228109
6228292
6228338
6228703
6229117
6229258
6229336
6229764
6229918
6230045
6230373
6230540
6230698
6230874
6231062
6231496
6232554
6368558
6368686
6368717
6368850
6369061
6369098
6369239
6369303
6369700
6369839
6369863
6369886
6370105
6370169
6370284
6370485
6370673
6370708
6370796
6370890
6370969
6371125
6371260
6371579
6371688
6371745
6372034
6373288
6373355
6373588
6373732
6374044
6374155
6374382
6375152
6375195
6375476
6375902
6375961
6376172
6376224
6376256
6376305
6377126
6377247
6377363
6378380
6378439
6378711
6378843
6378973
6379014
6379402
6379537
6379914
6380348
6380496
6380539
6380891
6380892
6380979
6381080
6381658
6381686
6381711
6382010
6382073
6382099
6382169
6382192
6382193
6382236
6382468
6382579
6382872
6382908
6383611
6383650
6384124
6384698
6384872
6385691
6385768
6386179
6386620
6386706
6390406
6394831
6396177
6398976
6400343
6401920
6435205
6435223
6436982
6442662
6443177
6445691
6531538
6531607
6532237
6532279
6533082
6533711
6533735
6534468
6534553
6535547
6535602
6535674
6535703
6536367
6536378
6536652
6536672
6537122
6537344
6537396
6537411
6538074
6538153
6538379
6538712
6539936
6540669
6540814
6541626
6541903
6541948
6542300
6542308
6592260
6597178
6600299
6703143
6720530
6720834
6721040
6721288
6721488
6722647
6722982
6723026
6723168
6723519
6723770
6723979
6724794
6725021
6725324
6725604
6725951
6726268
6726402
6726425
6726518
6726831
6727026
6727802
6728000
6728269
6729004
6729135
6729254
6729388
6729533
6729551
6729692
6729858
6730570
6730735
6730855
6730952
6731087
6731167
6731724
6732631
6732727
6732736
6732828
6733300
6733343
6733406
6733831
6734531
6734648
6734938
6735209
6735453
6735467
6761634
6761768
6761797
6762017
6767791
6860634
6861956
6863892
6886821
7006736
7007454
7009024
7010723
7011060
7012486
7013316
7014474
7074141
7081381
7168951
7170615
7172976
7173070
7173487
7174629
7174983
7175580
7175746
7177649
7178066
7179080
7183717
7188854
7188909
7265303
7265323
7265740
7266036
7266357
7266518
7266627
7266888
7267328
7267453
7267562
7267974
7268067
7268109
7268421
7268492
7269537
7269574
7270019
7270538
7270990
7271116
7271126
7271181
7271309
7272055
7272429
7272668
7273160
7273571
7273677
7273961
7274439
7274622
7274655
7274729
7274975
7275449
7275822
7275907
7275986
7276907
7276935
7276960
7277323
7277466
7278594
7278734
7278792
7279520
7279965
7280670
7282241
7282433
7283460
7284349
7286526
7389665
7390625
7390673
7390895
7390912
7390971
7391117
7391856
7392345
7392983
7393043
7393478
7393522
7393882
7394871
7395186
7395294
7395304
7395603
7395871
7396228
7396453
7396902
7396975
7397032
7397257
7398000
7398355
7398589
7398650
7398928
7398951
7399243
7399482
7400490
7401263
7401297
7417945
7418045
7418115
7418235
7418289
7418315
7418806
7418913
7418917
7420271
7420632
7420670
7420708
7420855
7421595
7422145
7422562
7422941
7422980
7423212
7423877
7424146
7424326
7424493
7424502
7424761
7425629
7425632
7425670
7425875
7426337
7426522
7426628
7426994
7427454
7427488
7428335
7446073
7446081
7446134
7446449
7446970
7447310
7447345
7447570
7448752
7449058
7449175
7449265
7449415
7449534
7449557
7450424
7450705
7450733
7450752
7451521
7451610
7451681
7451847
7451931
7451939
7452128
7452624
7452992
7453105
7453313
7453597
7453718
7453872
7454215
7455013
7455176
7455190
7455214
7456000
7456274
7457663
7459404
7460057
7461589
7461637
7462193
7462942
7463098
7463275
7463350
7463356
7464040
7464049
7464995
7465136
7466288
7467597
7468371
7469499
7469523
7470427
7470844
7470924
7471351
7471537
7472324
7473331
7473672
7548345
7553357
7554690
7611324
7611876
7612122
7612485
7613122
7613566
7613598
7613725
7613865
7614102
7614107
7614523
7615275
7615405
7615697
7615928
7616182
7616395
7616530
7616676
7616686
7617306
7617346
7618166
7618368
7618492
7619316
7619531
7619798
7619958
7619994
7621458
7622480
7622668
7622904
7623934
7623943
7624500
7624765
7625627
7625635
7625733
7625883
7625956
7626176
7626522
7626664
7626719
7627598
7627719
7627906
7628012
7628371
7628506
7669326
7712826
7713037
7715499
7718303
7718504
7718879
7719951
7723047
7723233
7723240
7727921
7756190
7756898
7757118
7757123
7757498
7757510
7757574
7757894
7758133
7758343
7758873
7758945
7759080
7759380
7759476
7759488
7759530
7759874
7760176
7760239
7760667
7760699
7760987
7761417
7761457
7761541
7762003
7762571
7762670
7762905
7762909
7763609
7763785
7763821
7763862
7764012
7764228
7764671
7764997
7765004
7765702
7767253
7767792
7767882
7767899
7767980
7768035
7768277
7768886
7769076
7769368
7769903
7770245
7770319
7770320
7770617
7770689
7771083
7771100
7771141
7771182
7771437
7771463
7771676
7771955
7772544
7772838
7772875
7772897
7811407
7811576
7812352
7812439
7812733
7813312
7813633
7813665
7813683
7813965
7815651
7816084
7816150
7816206
7816273
7816739
7816848
7817207
7817595
7817639
7818016
7818427
7818586
7819689
7820374
7820476
7820515
7820699
7821109
7821143
7821313
7821348
7821944
7822457
7822757
7822830
7822946
7823507
7823519
7823601
7823631
7823873
7824023
7824573
7824620
7824763
7825237
7825362
7825658
7825872
7826541
7827002
7827445
7827699
7827991
7828226
7861278
7861486
7861769
7862130
7862395
7862627
7863014
7863682
7863963
7864200
7865018
7865244
7865551
7865600
7866120
7866803
7867406
7867776
7868309
7868476
7868656
7869233
7869756
7871323
7871534
7871925
7872784
7873069
7873077
7873191
7874397
7874409
7874571
7874576
7876760
7877219
7982648
7991322
8049963
8051151
8052046
8052455
8181351
8293292
8306242
8378635
8378651
8378745
8380967
8381145
8382616
8383085
8383582
8383937
8384232
8385019
8386295
8386635
8387464
8387554
8387569
8388904
8389528
8390304
8390429
8391808
8393724
8394981
8397559
8398351
8398570
8398729
8401651
8402452
8403347
8404216
8404360
8404456
8405325
8405914
8406228
8406543
8406691
8406916
8408723
8409255
8409817
8410725
8411028
8411077
8412476
8413103
8413195
8413249
8414231
8520052
8520141
8520358
8520364
8520460
8521318
8521486
8521860
8521990
8522296
8522372
8522819
8522940
8523048
8523489
8523490
8523615
8523796
8524388
8524586
8524741
8524811
8525294
8526038
8526160
8526302
8526509
8526619
8527370
8527896
8528481
8528651
8528689
8529231
8529818
8529836
8529975
8530016
8530061
8530106
8530227
8531122
8586611
8586663
8587016
8587451
8588023
8588781
8589307
8590082
8590343
8590392
8590593
8591907
8592075
8592711
8592783
8592834
8592930
8593057
8593441
8595118
8595777
8597055
8597097
8597658
8598264
8599009
8599119
8599223
8599413
8599490
8600023
8600258
8636837
8639831
8641475
8642474
8643745
8644183
8645643
8646931
8648170
8672746
8699578
8700260
8700292
8700488
8700620
8702456
8702952
8704791
8773097
8773905
8775062
8775317
8775469
8775939
8776520
8776669
8776801
8777245
8777326
8778204
8779109
8779600
8780993
8782070
8782113
8782185
8782191
8782327
8782622
8782775
8783650
8812504
8813379
8813390
8813405
8813498
8813594
8814204
8814561
8814754
8814980
8815133
8815148
8815213
8815327
8815884
8816191
8816230
8816333
8816338
8816681
8816907
8816974
8817312
8817329
8817361
8818635
8818687
8818690
8818729
8819207
8819457
8819552
8819588
8819999
8821258
8821349
8821533
8821720
8822079
8822253
8822325
8822751
8822936
8822956
8823001
8823368
8823591
8823646
8824158
8824427
8825113
8825939
8826131
8827222
8827859
8828449
8828797
8828847
8828925
8829140
8829425
8829802
8829913
8830236
8831700
8833122
8833783
8834668
8834800
8834957
8835152
8835176
8835826
8836763
8837223
8837460
8837619
8838850
8839561
8839750
8839838
8839993
8841455
8841486
8842146
8843002
8843115
8843171
8843235
8843344
8844509
8844674
8844807
8844895
8845980
8846620
8847071
8847082
8847715
8847744
8848229
8849168
8850282
8850399
8851180
8851255
8851267
8851543
8851609
8851664
8851830
8852293
8852926
8853669
8854172
8854389
8854539
8854684
8854919
8854930
8855359
8855386
8855514
8855734
8856045
8856995
8857137
8857237
8857401
8857643
8858045
8858052
8858129
8858391
8859041
8859071
8873888
8874111
8874245
8874501
8874620
8875135
8875460
8875502
8876202
8876250
8876336
8876558
8877203
8877426
8877582
8878172
8878183
8878395
8878616
8878924
8879364
8879466
8879881
8880096
8880159
8880210
8880234
8880348
8880554
8880897
8881659
8881820
8882337
8882406
8882520
8882729
8883272
8883308
8883370
8883448
8883659
8884424
8884546
8884655
8884687
8884920
8885115
8885310
8885409
8885439
8885445
8885707
8886167
8887771
8887843
8888002
8888548
8888557
8888578
8889309
8889914
8890088
8890438
8974572
8975200
8975623
8976130
8976620
8976684
8976703
8976784
8977328
8977431
8977630
8978901
8979187
8979321
8979381
8979487
8979648
8979705
8980345
8980392
8981831
8982384
8983222
8983754
8984266
8984281
8984860
8984927
8984949
8985380
8985540
8986051
8986114
8986278
8986286
9023681
9025068
9026218
9027770
9029871
9030111
9031583
9031603
9033731
9036634
9039307
9046037
9050024
9051273
9054676
9056101
9057220
9057637
9057646
9057990
9058164
9059055
9060427
9060495
9060796
9061969
9062092
9062185
9062531
9062692
9063047
9063649
9064275
9064426
9064442
9064937
9065515
9066577
9066860
9066999
9067121
9068466
9068515
9068793
9068912
9068960
9069454
9069602
9069612
9070122
9070769
9070848
9070860
9071223
9072094
9072415
9129632
9130098
9130262
9130399
9131757
9132095
9132728
9133150
9133271
9133409
9134022
9134910
9135407
9135562
9135672
9136518
9136588
9136647
9136919
9137444
9137526
9138664
9138884
9139105
9139256
9139502
9139785
9139861
9140747
9140850
9140946
9141012
9141360
9141666
9142033
9142086
9142425
9142676
9144082
9144883
9145975
9146435
9147186
9147792
9148416
9148817
9150171
9151070
9151967
9153752
9154048
9154125
9154177
9155079
9155476
9156004
9156870
9157028
9157326
9157391
9157401
9157567
9158663
9159046
9159056
9159203
9159361
9159368
9159820
9160208
9160461
9160872
9161058
9161205
9162060
9162125
9162604
9163002
9163210
9163628
9163888
9164117
9165439
9165451
9165803
9166019
9166050
9166268
9166289
9166938
9167163
9167416
9167671
9168009
9168437
9169631
9169976
9169992
9170340
9170370
9170476
9170645
9170653
9171273
9171361
9172377
9172423
9172438
9173008
9173161
9173208
9173236
9173466
9173534
9173692
9173751
9173778
9173909
9174108
9174398
9174708
9174837
9174920
9175237
9175717
9175781
9176053
9176164
9176350
9176910
9177321
9253664
9253720
9254332
9254459
9254587
9255092
9255444
9256414
9256439
9256477
9256519
9256538
9257915
9258276
9258303
9258577
9258957
9259195
9259498
9259892
9260583
9261533
9262286
9262414
9262950
9264509
9264565
9265114
9265297
9265702
9265967
9265976
9265985
9265995
9266072
9266541
9266548
9266619
9267225
9267496
9347529
9347861
9348548
9348554
9348724
9349095
9349269
9349511
9349726
9349962
9351482
9351883
9352512
9352659
9353571
9353583
9354015
9354365
9354430
9354785
9354935
9355201
9355937
9356543
9357204
9357565
9357628
9357638
9358490
9358959
9359570
9360257
9360566
9360711
9360770
9361239
9361514
9361651
9362496
9363731
9363943
9364266
9365238
9374090
9377759
9416816
9417300
9417418
9417530
9418007
9418164
9418458
9418771
9419287
9419337
9419488
9419828
9420031
9420032
9420904
9420994
9421296
9421308
9421317
9421435
9421699
9422141
9422182
9422465
9422842
9423023
9423060
9423123
9423471
9424311
9424966
9426032
9426081
9426191
9426389
9426636
9427217
9427433
9427457
9427560
9427903
9428224
9428264
9428489
9428594
9428716
9428805
9429075
9429086
9429098
9429128
9429150
9429207
9429300
9429479
9480866
9484734
9493493
9493593
9493656
9493688
9493880
9494338
9494710
9494872
9494928
9494969
9496106
9496164
9496442
9496887
9496922
9497171
9497304
9497534
9497727
9497873
9498184
9498213
9498318
9498368
9498504
9498613
9499003
9499425
9499449
9500173
9500445
9501007
9501419
9501731
9501739
9501835
9502163
9502266
9502327
9502382
9503025
9504340
9504503
9519996
9520404
9520738
9521859
9522503
9524851
9524871
9524978
9525515
9526314
9526426
9530115
9531294
9531694
9532500
9532528
9534091
9535431
9609787
9613616
9614664
9616138
9618149
9618560
9619229
9619426
9621404
9623522
9624589
9625047
9626935
9637166
9713170
9714236
9714649
9715085
9715286
9717305
9718099
9719615
9720399
9720820
9722346
9722798
9722824
9723598
9725596
9740510
9741534
9741964
9743052
9745350
9745523
9748698
9856662
9856754
9857338
9857689
9858003
9858179
9858377
9859762
9860008
9860368
9860415
9860743
9861447
9862177
9862450
9862888
9863363
9863560
9863740
9864855
9865973
9867617
9867699
9868329
9869240
9870054
9870116
9870732
9913408
9914320
9914395
9914485
9914835
9915051
9915271
9915942
9916859
9917346
9917624
9918892
9919137
9919812
9920226
9920807
9921181
9921432
9922048
9922317
9922820
9923973
9924937
10003027
10004061
10004475
10004511
10004885
10005043
10006293
10006552
10007330
10007763
10008031
10008161
10009473
10011047
10011354
10013070
10013586
10015899
10059000
10059117
10059419
10059650
10060650
10060818
10060849
10061209
10061615
10061978
10061986
10062020
10062442
10062471
10062537
10062723
10064288
10064613
10064622
10065005
10065432
10065481
10067008
10067724
10068895
10069242
10070294
10070519
10070968
10071072
10071149
10071201
10073594
10075398
10076445
10179993
10180300
10180303
10180313
10180502
10180596
10180959
10181037
10181477
10181741
10182233
10182400
10182719
10182806
10183517
10183594
10183769
10183863
10184089
10184163
10184184
10184257
10185315
10185557
10186712
10186847
10187137
10187705
10187782
10188465
10188813
10188845
10189613
10189837
10189877
10189931
10190393
10190437
10190498
10190539
10190938
10190961
10191159
10191260
10191296
10191763
10191838
10192212
10192357
10192494
10192532
10192636
10193520
10193548
10193643
10193842
10193881
10193999
10194292
10194722
10194940
10195180
10195305
10195357
10195475
10195825
10196636
10306387
10309091
10310222
10311714
10312596
10348645
10348906
10349151
10349463
10349746
10349790
10349887
10349900
10350006
10350037
10350517
10350607
10350806
10350985
10351293
10351416
10351895
10352023
10352148
10352207
10352414
10352524
10352999
10353250
10353309
10353386
10354022
10354168
10354362
10354415
10355915
10356148
10356175
10356234
10356308
10356577
10356757
10356858
10357273
10357320
10357387
10357773
10357819
10358534
10358645
10358938
10359607
10360844
10362393
10362584
10362789
10364333
10364536
10364598
10364605
10364721
10364971
10365033
10365162
10396759
10397119
10400227
10401232
10401277
10401400
10403965
10404918
10434519
10437361
10465444
10465534
10465612
10466457
10466544
10466585
10466886
10466986
10467091
10467269
10467539
10467785
10467978
10468135
10468957
10468983
10469368
10469469
10469472
10469692
10469773
10469902
10470558
10470653
10470670
10471421
10471530
10472327
10472340
10473735
10473978
10475084
10475164
10475703
10475765
10476699
10476750
10476904
10477361
10507506
10508024
10508158
10510739
10510932
10511726
10519573
10519648
10520299
10521200
10523386
10523477
10523798
10523885
10524402
10525265
10525863
10526504
10527449
10527509
10527864
10528517
10529193
10529656
10529889
10530498
10530522
10531079
10531380
10532031
10532114
10532633
10533805
10601194
10621282
10623042
10625074
10625295
10625458
10625881
10625978
10629088
10631031
10632008
10689236
10690265
10712445
10712555
10712671
10712872
10713067
10713263
10713278
10713301
10713540
10713809
10714321
10714364
10714384
10714493
10714583
10714616
10715341
10715388
10715694
10716034
10716880
10716952
10716991
10717004
10717354
10717644
10718187
10718257
10718399
10718600
10718746
10719227
10719634
10720842
10721398
10721447
10721760
10722229
10722567
10722899
10723101
10723135
10723301
10723524
10724863
10725243
10725277
10725348
10737465
10740372
10742618
10743643
10744545
10746746
10749186
10751299
10814651
10841510
10848829
10850331
10850481
10850979
10851063
10851299
10851555
10851781
10851949
10852054
10852210
10852332
10853021
10853423
10853793
10853871
10853978
10854261
10854835
10855197
10855318
10855886
10856023
10856391
10856697
10857020
10857520
10857783
10857893
10857962
10858091
10858116
10859217
10859772
10860209
10860259
10860538
10860618
10860754
10860867
10861014
10861741
10862676
10863067
10863216
10863291
10863311
10863339
10863383
10863389
10863412
10864015
10864109
10864110
10864409
10864512
10864545
10865026
10865062
10865090
10865116
10865127
10865538
10865563
10865783
10866109
10866155
10866205
10866455
10866512
10866566
10866804
10866967
10867002
10867546
10867667
10867766
10867980
10868048
10868736
10869020
10869288
10869533
10869685
10870178
10870498
10870662
10871257
10871278
10871325
10871362
10871438
10871471
10871766
10871923
10871957
10872133
10872253
10873135
10873626
10873763
10873812
10923425
10924619
10926207
10927225
10927802
10927871
10928136
10928173
10928887
10928996
10930298
10932402
10935715
10962625
11071168
11072013
11072014
11072676
11073422
11073573
11074717
11075331
11075829
11077168
11077602
11077716
11078073
11079547
11084055
11085928
11088190
11088548
11088898
11119762
11119807
11119837
11120146
11120288
11120698
11121428
11121599
11121886
11121919
11122836
11122902
11123372
11123609
11123663
11123867
11123988
11124269
11124767
11125127
11126063
11126545
11126679
11126943
11127137
11127137
11127258
11127428
11127884
11128066
11128733
11128763
11128896
11129065
11129111
11129809
11129863
11130038
11130121
11130312
11130575
11130595
11130744
11131388
11143516
11143949
11144311
11144419
11144432
11145144
11145647
11145727
11146262
11146294
11146620
11146994
11147247
11147887
11148044
11148120
11148154
11148432
11148866
11148932
11148943
11149294
11149666
11149979
11150157
11150778
11151088
11151131
11151257
11151597
11151693
11151889
11152532
11153223
11153238
11153601
11153811
11154287
11154358
11154464
11154800
11154813
11155088
11155268
11155496
11155863
11155895
11156076
11156248
11156551
11156652
11156871
11157026
11157039
11157462
11157784
11157955
11158034
11158119
11158341
11197865
11198562
11198602
11198631
11200518
11202224
11202569
11202942
11203844
11204019
11204213
11204796
11204935
11205059
11205789
11206811
11208003
11208773
11210458
11211112
11211190
11211758
11212198
11212584
11213840
11214279
11216233
11224113
11257194
11259508
11259890
11260016
11260692
11261088
11262226
11262415
11263141
11263337
11263562
11265142
11265226
11265780
11266832
11267111
11347320
11347690
11348080
11348467
11348897
11349759
11350253
11350387
11350763
11351165
11351224
11352135
11352177
11352586
11352912
11353876
11354778
11354966
11355052
11355239
11355700
11355701
11355892
11356311
11356695
11356718
11356798
11357383
11357503
11357807
11358407
11358417
11358476
11358744
11359276
11360001
11360024
11360038
11360090
11360150
11360458
11360600
11360626
11360917
11361070
11361390
11361778
11362453
11362597
11362794
11362883
11466186
11466389
11467189
11468203
11468541
11468836
11469326
11469562
11469765
11469789
11469901
11470821
11471746
11471761
11472220
11472653
11473012
11473947
11474470
11474668
11474905
11474912
11475234
11475392
11475484
11475903
11476267
11478711
11480311
11481455
11481730
11481782
11482160
11483626
11483682
11483768
11484554
11484899
11485049
11485579
11485592
11486085
11486180
11486245
11487593
11488026
11488168
11489370
11490492
11490740
11490747
11490849
11491764
11491925
11492047
11492188
11492214
11492367
11493139
11493646
11493701
11493831
11494586
11495150
11495970
11496231
11496323
11496636
11496769
11496908
11496923
11496932
11497308
11497593
11497695
11497816
11497883
11497998
11498045
11498307
11498444
11498651
11498930
11563657
11563790
11563847
11563946
11564293
11564642
11564662
11565138
11565508
11565974
11566216
11566459
11566974
11567116
11567456
11567642
11567818
11567882
11567968
11568011
11568045
11568526
11568733
11568954
11569164
11569166
11569588
11569770
11569795
11570104
11570342
11570417
11570465
11570582
11571404
11572271
11572384
11572404
11573592
11573785
11579311
11598789
11602325
11610856
11611618
11612777
11613781
11614224
11614544
11615248
11615538
11615768
11617915
11618009
11618539
11619014
11620176
11620236
11620859
11620921
11621170
11623293
11623346
11623852
11624228
11624758
11624959
11626403
11626561
11627899
11628509
11628820
11629370
11629806
11648915
11649075
11649392
11650248
11650356
11650559
11650875
11652137
11652595
11652952
11653008
11653065
11653104
11653699
11653702
11653746
11654684
11654982
11655275
11655502
11655587
11655949
11656285
11656729
11656965
11657000
11657486
11657663
11658651
11658753
11658932
11659103
11659104
11660510
11660596
11661041
11661104
11692378
11693090
11693617
11693785
11694119
11694405
11696825
11696828
11698175
11698282
11698510
11699154
11700065
11700189
11700507
11700914
11701102
11724883
11725560
11726054
11731941
11732954
11803542
11821170
11821517
11822329
11822855
11823395
11823670
11825131
11825158
11825543
11825756
11825931
11825969
11826047
11826250
11827013
11827052
11827259
11827797
11828622
11828806
11829479
11830475
11831521
11831539
11831794
11831868
11832034
11834233
11834382
11834470
11835405
11835610
11835985
11836022
11836216
11836513
11836597
11836699
11836897
11836955
11837045
11837175
11837301
11837378
11837884
11838020
11838145
11838677
11838909
11839273
11839479
11839503
11839681
11840240
11840713
11841481
11841671
11842532
11842943
11842965
11843173
11844145
11844401
11844693
11844783
11845649
11845870
11845981
11846385
11846891
11847931
11848261
11848292
11849196
11849350
11849515
11849573
11850161
11850213
11850446
11850859
11851456
11851584
11852471
11852855
11852898
11852937
11852974
11853105
11854074
11854377
11854827
11855213
11855732
11855744
11856085
11856713
11857104
11857214
11857936
11859697
11860133
11860367
11860806
11861122
11861452
11861551
11861958
11863261
11864310
11865125
11865567
11866199
11868729
11869430
11871243
11872148
11872783
11873839
11873851
11874155
11874199
11875151
11876281
11876568
11876602
11876835
11876835
11877606
11879039
11879316
11879459
11879481
11879743
11880599
11880733
11881046
11881272
11881475
11881505
11881534
11881653
11882556
11882643
11882665
11882750
11882885
11883485
11884486
11884657
11885266
11885673
11885815
11885941
11886069
11886247
11886362
11886979
11887172
11887462
11887973
11888836
11889993
11890828
11891257
11891828
11891833
11892153
11892183
11892550
11897468
11903795
11904428
11904528
11905046
11905227
11906433
11906452
11906649
11906925
11907053
11907424
11907442
11907574
11908706
11908916
11909065
11909731
11909755
11910127
11910766
11911437
11912834
11912945
11913098
11913161
11913299
11914343
11914433
11915484
11915520
11915755
11916377
11916847
11917161
11917632
11918006
11918325
11918691
11920358
11933799
11940807
11941150
11942647
11949974
11950019
11950583
11951607
11952048
11952432
11952453
11952689
11953718
11954225
11954672
11954937
11955875
11956446
11956712
11957814
11958341
11959433
11960907
11960996
11961531
11963555
11964118
11964396
11964648
11965106
11965253
11965363
11965665
11967000
11967784
11967996
11968984
11969779
11969932
11970796
11971516
11973534
11973985
11977471
11978333
11983422
11984119
11984339
11989518
11989599
11991931
11997020
11997247
11999285
12001320
12001912
12004331
12007158
12008467
12010994
12011209
12011784
12012088
12012101
12012497
12043384
12043770
12044209
12044657
12044930
12045763
12046542
12046611
12047057
12047063
12048122
12048344
12048357
12048596
12048855
12049415
12049477
12049676
12049748
12050058
12050085
12050488
12050616
12050731
12051548
12052984
12053527
12053809
12054334
12054649
12054722
12054779
12054883
12055063
12055346
12055652
12055750
12068994
12069050
12069070
12069537
12069864
12069928
12070105
12070644
12071515
12071606
12071805
12072518
12072821
12073114
12073200
12073346
12073579
12073837
12073881
12074133
12074388
12075311
12075449
12075790
12076288
12076380
12076402
12076797
12077318
12078025
12078514
12078638
12078796
12079002
12079158
12079254
12079654
12079743
12081455
12082157
12082666
12082833
12083038
12148767
12148872
12149747
12150306
12151230
12153138
12153665
12155244
12155252
12155568
12155575
12155932
12156041
12157641
12158176
12158926
12159220
12159793
12160458
12160579
12161254
12162317
12163081
12163137
12163723
12164582
12177870
12178313
12178705
12179208
12179387
12179543
12180289
12180336
12180737
12181501
12181615
12182559
12182604
12182839
12183016
12183294
12183500
12185643
12186253
12187449
12187882
12188958
12189244
12189510
12189680
12208282
12208392
12208790
12208865
12209111
12209289
12209330
12209459
12209488
12209735
12209955
12210122
12210282
12210408
12210528
12210842
12211131
12211206
12211372
12211526
12212236
12212403
12212824
12213203
12213287
12213305
12213628
12213771
12213798
12214046
12214457
12214510
12215038
12215108
12215456
12215526
12215576
12215866
12215953
12216102
12216121
12216265
12216303
12216432
12216441
12216506
12216507
12216660
12216714
12216726
12217659
12217789
12217941
12218372
12218559
12218667
12218796
12219081
12219198
12219325
12275778
12278607
12280525
12281794
12286697
12287887
12289079
12290879
12291096
12349193
12349459
12349731
12349980
12350142
12350318
12350391
12350707
12350807
12351132
12351442
12351921
12352217
12352287
12352853
12352996
12353643
12353733
12354024
12354285
12354713
12354851
12354868
12355562
12355644
12356931
12357000
12357263
12358866
12359242
12359289
12359819
12361158
12361393
12362122
12362128
12362298
12362920
12363283
12363340
12363367
12363437
12363617
12363978
12364004
12364030
12365517
12365582
12365807
12365996
12367664
12377073
12381209
12384368
12386089
12386222
12387358
12387460
12387926
12388007
12388325
12388592
12388977
12389331
12393093
12393156
12396616
12397562
12398559
12399655
12401101
12403305
12405477
12406279
12407750
12407781
12409143
12438698
12440145
12446255
12446964
12449080
12450303
12450691
12450762
12451412
12451816
12452824
12454107
12455533
12456046
12456113
12456782
12458043
12458628
12458628
12458907
12459851
12461669
12462381
12463019
12464026
12464854
12464985
12465523
12466555
12466581
12559548
12559733
12560548
12561920
12563150
12564099
12567489
12568534
12569023
12569405
12569652
12573632
12589259
12589504
12589562
12589631
12589789
12590178
12590661
12590740
12590851
12591173
12591797
12591830
12592081
12592141
12592172
12592728
12592969
12593086
12593368
12593524
12593534
12594243
12594333
12594898
12594971
12595444
12595494
12595573
12595707
12595884
12596370
12596941
12597236
12597267
12597404
12598052
12598056
12598538
12598594
12599234
12599818
12600178
12600252
12601020
12601485
12601490
12602011
12602818
12603110
12603327
12603465
12603514
12603635
12603648
12604365
12605142
12605219
12624970
12625251
12625469
12626772
12627032
12629325
12631087
12631289
12633597
12639496
12640065
12657558
12658155
12661415
12662114
12664521
12665356
12665548
12665795
12670514
12673501
12677388
12677942
12678871
12689456
12689511
12692377
12696605
12696737
12696851
12697249
12697534
12697668
12698245
12699807
12699913
12699934
12700558
12700863
12700911
12701738
12702641
12702795
12703149
12703978
12704021
12704513
12704610
12705238
12705467
12705787
12705821
12706099
12706215
12706298
12706639
12706698
12707057
12707335
12707523
12707634
12707638
12707754
12708233
12708479
12708657
12709519
12710213
12710315
12710704
12710827
12710993
12711479
12711892
12712845
12712955
12713192
12713824
12714308
12714421
12715513
12715875
12716182
12717020
12717359
12717381
12718063
12718180
12718264
12719031
12719042
12719199
12719639
12721416
12723830
12723835
12724431
12725664
12725961
12727008
12727156
12764061
12764276
12764843
12764855
12765178
12766142
12766329
12766781
12767014
12767389
12768575
12769022
12769107
12769335
12769891
12770181
12770618
12770913
12771473
12771531
12771640
12772811
12773799
12773850
12773948
12774124
12774388
12774896
12774959
12775941
12776510
12776915
12777188
12777500
12777834
12778012
12778046
12778346
12778981
12778997
12779511
12779655
12780032
12780084
12780130
12780296
12780587
12780840
12780920
12781258
12810942
12811064
12811075
12811146
12811514
12811533
12811740
12811793
12812095
12812376
12813259
12813602
12813763
12813977
12814465
12814571
12815211
12815298
12815419
12815538
12815925
12816023
12816137
12817187
12817601
12818180
12818223
12819461
12819753
12819908
12820101
12820188
12820456
12820674
12821110
12821300
12855112
12855337
12855865
12855950
12856188
12856232
12856254
12857900
12858301
12858767
12859248
12859278
12859459
12859673
12859835
12860106
12862258
12862299
12862576
12863647
12863724
12864471
12864476
12865539
12865717
12866093
12867316
12868766
12869241
12869334
12869845
12870398
12870866
12870904
12872379
12889766
12889956
12890122
12890280
12890580
12890976
12892606
12892890
12893240
12893376
12893409
12893448
12893685
12894245
12894689
12894697
12895104
12896206
12896909
12896925
12897524
12897587
12897692
12899229
12899450
12899611
12899833
12900047
12900752
12901776
12901882
12902139
12902326
12902683
12902755
12904873
12904903
12905067
12905421
12905448
12905588
12906200
12906430
12906488
12906612
12906943
12907110
12907604
12908391
12973481
12973980
12974412
12974810
12975046
12975149
12975166
12976904
12976988
12977080
12979135
12980177
12981835
12981955
12982711
13023146
13071976
13073371
13073979
13074337
13074481
13074645
13074860
13075340
13076126
13076474
13076700
13077229
13077321
13077438
13078862
13079432
13079740
13080814
13081290
13081418
13082586
13097388
13098844
13100131
13100278
13101732
13102595
13102782
13102854
13105290
13105955
13106958
13107248
13107281
13107386
13108354
13108511
13108689
13108784
13109410
13109439
13110595
13111430
13111568
13112576
13160075
13160545
13161121
13161257
13161439
13161981
13162008
13162302
13162304
13162481
13163104
13163302
13163759
13164314
13164378
13165394
13166283
13166409
13166582
13166636
13166998
13167133
13167335
13167627
13167629
13167699
13167828
13168487
13169102
13169209
13169252
13169859
13170071
13170139
13170290
13171182
13171346
13172142
13172208
13172244
13172301
13172696
13173197
13173454
13173494
13173836
13173871
13174153
13174165
13174169
13174176
13174579
13175064
13175206
13210825
13213339
13221292
13222082
13224330
13227418
13228428
13229304
13247675
13247712
13248170
13248249
13248616
13248992
13249274
13250071
13250265
13250380
13250521
13250656
13250796
13250798
13251292
13252420
13253113
13253247
13253571
13253900
13254166
13254699
13254924
13255615
13255793
13256865
13257725
13259693
13261036
13261400
13271680
13273523
13273736
13277993
13289560
13289662
13331151
13332262
13332991
13333015
13335339
13336367
13336678
13337297
13337927
13338034
13338507
13338539
13338610
13339558
13339668
13344028
13344803
13344805
13344904
13391552
13391963
13397868
13399474
13400350
13402383
13403831
13428719
13438936
13440508
13488927
13488985
13489468
13489582
13490692
13490920
13491405
13491595
13492342
13492349
13492540
13492790
13494008
13494366
13494549
13494750
13495576
13496535
13496750
13497745
13497793
13497916
13498640
13498967
13499146
13499212
13499706
13499991
13500047
13500100
13500384
13500630
13500713
13500819
13501010
13501293
13501936
13502536
13502695
13503578
13504304
13505441
13506580
13506839
13507031
13508355
13508516
13508552
13509322
13509958
13510084
13510190
13513898
13513985
13519704
13522307
13524488
13527920
13530756
13534700
13555344
13555392
13555974
13555998
13556916
13557774
13557867
13558463
13558540
13558751
13558783
13558856
13558911
13559546
13559750
13559796
13559937
13560067
13560117
13560905
13561115
13561146
13561240
13561575
13561596
13562099
13562632
13563417
13563650
13564029
13564395
13564795
13565062
13565427
13565443
13565861
13721863
13730724
13731091
13731233
13732184
13732306
13732445
13733171
13733386
13734118
13734148
13734246
13734301
13734828
13735493
13736092
13736757
13737154
13737911
13738717
13739337
13739360
13739536
13739992
13740769
13743906
13745727
13769071
13774601
13804762
13838410
13845717
13865080
13865123
13865495
13865767
13865881
13867120
13867251
13867656
13867862
13868520
13868719
13868833
13869253
13869599
13869822
13869831
13870281
13870521
13870553
13871615
13871826
13871845
13871899
13872155
13872250
13872387
13872717
13873016
13873119
13873311
13873823
13873834
13873910
13873929
13873931
13874466
13874855
13874883
13875123
13875211
13875476
13875549
13875647
13875672
13876302
13876335
13876443
13907641
13911584
13918050
13918579
13918751
13918800
13919711
13919836
13920325
13920495
13920975
13921092
13921382
13921842
13922148
13922595
13923899
13923970
13923988
13924331
13924550
13924794
13924929
13925260
13926007
13926181
13926408
13926564
13926773
13927193
13927194
13927203
13928117
13928446
13928719
13929102
13929113
13929118
13929941
13929990
13931199
13931342
13937603
13942490
13944635
13946159
13950932
13951045
13951294
13955198
13955822
13956340
13957000
13957019
13958028
13958839
13958964
13959266
13960033
13960741
13960854
13961065
13961241
13965325
13965330
13965349
13965387
13966505
13967508
13967730
13969576
13970341
13970663
13970692
13970784
13970836
13971107
13971666
13972235
13972379
13972504
13972680
13972764
13972807
13972920
13973250
13973450
13973453
13974090
13974229
13974684
13974693
13975258
13975685
13975711
13975940
13976047
13976073
13976415
13977619
13977627
13977777
13978467
13979394
13980285
13980374
13980401
13980483
13980713
13980883
13980913
13980921
13981176
13981245
13981470
13981670
13981860
13983171
13983397
13983623
13984398
13984455
13985005
13985667
13986361
13986630
13986642
13986809
13986831
13986980
13987346
13987946
13988195
13988442
13988699
13988823
13989137
13989473
13989802
13991098
13991375
13991460
13991714
13992003
13992210
13992577
13992867
13992925
13993088
13993296
13993722
13993963
13994057
13994102
13994188
13994316
13994606
13995191
13995665
13996097
13996275
13996471
13996564
13996616
13996654
13996716
13996952
13997399
13997737
13998132
13998169
13998927
13999138
13999289
14000189
14000539
14000655
14000883
14001697
14001900
14002073
14002353
14002621
14002937
14003146
14003513
14003584
14003625
14003631
14003826
14004045
14004128
14004180
14004240
14004302
14004467
14004671
14004736
14004856
14005174
14006632
14006778
14007046
14007094
14008522
14008708
14008786
14009256
14009381
14009702
14009984
14010779
14011770
14013533
14013874
14013940
14014988
14015655
14015947
14016276
14016328
14016654
14018351
14019530
14019748
14020068
14020941
14021417
14023503
14024627
14027219
14028386
14029474
14100019
14100166
14100287
14100297
14100395
14101197
14101505
14102091
14102959
14103649
14104060
14105296
14105624
14105813
14106176
14106630
14106959
14108087
14108398
14108410
14108558
14108651
14108866
14109166
14109758
14110055
14110208
14110792
14111054
14111497
14112060
14112245
14112389
14112471
14112504
14112700
14113103
14113583
14113977
14114428
14157156
14157284
14157543
14157690
14158255
14158260
14158760
14159082
14159112
14159756
14160019
14160273
14161006
14161525
14161684
14161856
14161875
14162240
14162719
14164477
14164777
14165497
14166119
14166361
14166780
14167321
14167410
14167461
14255312
14257375
14257534
14260691
14260984
14262807
14266471
14267006
14267611
14268476
14268585
14269722
14271103
14271623
14271660
14273095
14273499
14273658
14274586
14274687
14274957
14275102
14275322
14275632
14275797
14277030
14277684
14278175
14278408
14278583
14278971
14279307
14279560
14279699
14280993
14281119
14281721
14282038
14282169
14282341
14282383
14298222
14301097
14306739
14309452
14368863
14369214
14369711
14370051
14370500
14370680
14370685
14371151
14371433
14372191
14372242
14372767
14373145
14373289
14373533
14374047
14374317
14374378
14374630
14374658
14374776
14374965
14375419
14375646
14375931
14376071
14376073
14376104
14376494
14376702
14376792
14378337
14378390
14378555
14378624
14378716
14379258
14379279
14379675
14380038
14380268
14380753
14380771
14381007
14381296
14381627
14381676
14381786
14381957
14382206
14382456
14382590
14382884
14383305
14383377
14384807
14385109
14385442
14385456
14437756
14437947
14439221
14439426
14440102
14440213
14440760
14440762
14440784
14440861
14441220
14441780
14443159
14443625
14444419
14444475
14444695
14444906
14445424
14445562
14445618
14445766
14446151
14446176
14446608
14447271
14447490
14447742
14447878
14447916
14448015
14448421
14448642
14448712
14448793
14449017
14449247
14449667
14449685
14451279
14451425
14451501
14451502
14451690
14452362
14452469
14452660
14452771
14453576
14453937
14454142
14454510
14454853
14455118
14455279
14455438
14455585
14484345
14484511
14484859
14485304
14485335
14485445
14485477
14485798
14486004
14486045
14486486
14486683
14486749
14487377
14487455
14487502
14487620
14488212
14488233
14489104
14489338
14489573
14490048
14490561
14490629
14491460
14491971
14492062
14492082
14492295
14492562
14492604
14492742
14492745
14493200
14494391
14508788
14508840
14509162
14509218
14509246
14509425
14509690
14509704
14509761
14509770
14509906
14509965
14510024
14511006
14511053
14511457
14511676
14511729
14511807
14512102
14512115
14512265
14512624
14512980
14513765
14513898
14514099
14514851
14516408
14516442
14516490
14516508
14517075
14517317
14517414
14517724
14517792
14517867
14518545
14518655
14518854
14518876
14518979
14519255
14519356
14519515
14519529
14519826
14520012
14520042
14520228
14520229
14520785
14522030
14522249
14522304
14602365
14602400
14602463
14602811
14602932
14603094
14603571
14603646
14604134
14604638
14604672
14605522
14605546
14605821
14606087
14606176
14606244
14606736
14607186
14607259
14607301
14607539
14607702
14608104
14608158
14608232
14609036
14609435
14609450
14609507
14609613
14609715
14610017
14610383
14610911
14611286
14611370
14611546
14611621
14612199
14612222
14612243
14612349
14612361
14612608
14612685
14613175
14613532
14613543
14613983
14614447
14614644
14614703
14614935
14615154
14615205
14615343
14652023
14659564
14659766
14661172
14661759
14662793
14667147
14667523
14668959
14669397
14670601
14670954
14671016
14671338
14671394
14672290
14672561
14672728
14672764
14672913
14672918
14673216
14673481
14673507
14673625
14673801
14673820
14673888
14674095
14674504
14674944
14675396
14675557
14675622
14675956
14675981
14676281
14676319
14676697
14676960
14677020
14677196
14677947
14780800
14781212
14781259
14781658
14782113
14782196
14782373
14782713
14784587
14784702
14784884
14784911
14785125
14785498
14785833
14786943
14787242
14787358
14787866
14787978
14788233
14788939
14789122
14789606
14789747
14789790
14789943
14790145
14790505
14790762
14790857
14790952
14791865
14792085
14792182
14792200
14792250
14792306
14792319
14793046
14793212
14794465
14794870
14795011
14795133
14795506
14795746
14795763
14795954
14796439
14797156
14797307
14797592
14797631
14797773
14798152
14798355
14798662
14798925
14798955
14799486
14799576
14799628
14799852
14800002
14800865
14800984
14801763
14801806
14801849
14802701
14802946
14803369
14803454
14804073
14804328
14804370
14804396
14804913
14805480
14805590
14805702
14805744
14805798
14806062
14806208
14806734
14807010
14807273
14807393
14807645
14807831
14807890
14808995
14809006
14876356
14876439
14876734
14877208
14877356
14877381
14878486
14879474
14879737
14879940
14880776
14881058
14881479
14881821
14881832
14881901
14881933
14882057
14882427
14882769
14882850
14883417
14884047
14884368
14884745
14885333
14885832
14885924
14886152
14886454
14886962
14887064
14887135
14887158
14887357
14888515
14888936
14889085
14891304
14891517
14892289
14892452
14905583
14905714
14905964
14906086
14906343
14906352
14907697
14907884
14908260
14908582
14909446
14909783
14910024
14910034
14910081
14910089
14910432
14910505
14910519
14910733
14910999
14911627
14911763
14912606
14912671
14912715
14912789
14913378
14913588
14914337
14915410
14915532
14916188
14916492
14917640
14917646
14917668
14917995
14918459
14918782
14919308
14919798
14920425
14920538
14921341
14921996
14922253
14923091
14923322
14923502
14923590
14923728
14924048
14924261
14924454
14924535
14924626
14930107
14933369
15054707
15061908
15101170
15101489
15101703
15102120
15102284
15102289
15103493
15103818
15104394
15105722
15106213
15106362
15107101
15107341
15108004
15108377
15108742
15109429
15110065
15110208
15110800
15111366
15112005
15112137
15112891
15112943
15113087
15113125
15114236
15114951
15115292
15115573
15117030
15117170
15117206
15145880
15146056
15146183
15148033
15148578
15148804
15149063
15149563
15150364
15150387
15151085
15151818
15152228
15152512
15152634
15152999
15153314
15153740
15154272
15154575
15155004
15155117
15155294
15155295
15155594
15155848
15156495
15200998
15204903
15210537
15228418
15228496
15228498
15228543
15229106
15229685
15230117
15230125
15230193
15230272
15231485
15231743
15231805
15231878
15231985
15232548
15232923
15233132
15233274
15233495
15233897
15234038
15234526
15234535
15234584
15234882
15235782
15235786
15235881
15236041
15236068
15236527
15237408
15237507
15237677
15237696
15238052
15238371
15238835
15238971
15239029
15239038
15239079
15239482
15239700
15240140
15240420
15240510
15241284
15241538
15241845
15241872
15242312
15242344
15242350
15242574
15242665
15242788
15312653
15315805
15319714
15327942
15328542
15330587
15331287
15331757
15332684
15334442
15334549
15335668
15338621
15340443
15341527
15364866
15397379
15471398
15471695
15471905
15472198
15473219
15473272
15473417
15473481
15474113
15474266
15474418
15474633
15475094
15475189
15475377
15475972
15476098
15476138
15476553
15476629
15476697
15477208
15477776
15478723
15478893
15478912
15478954
15479067
15479297
15479408
15479454
15480576
15481299
15482085
15482219
15482250
15482270
15482363
15482452
15482733
15482785
15482853
15483073
15483761
15483817
15483906
15484161
15484281
15484599
15484615
15484881
15484926
15485060
15485202
15485215
15485786
15486132
15486206
15486319
15486465
15486487
15486570
15487376
15487887
15487954
15488801
15489040
15490772
15491046
15491421
15491445
15491745
15493132
15493549
15493733
15494002
15494074
15494267
15494374
15494898
15495434
15495494
15496365
15496607
15496634
15497346
15497454
15497490
15497835
15498493
15498798
15498846
15498862
15498900
15499167
15499610
15499642
15499731
15499738
15500004
15500868
15501023
15501100
15501654
15501681
15501984
15502028
15502034
15502091
15502358
15502819
15502823
15502865
15503255
15503334
15503407
15503514
15503619
15504362
15504775
15504813
15504940
15505473
15505615
15506003
15506072
15506179
15506821
15506839
15506931
15507196
15507613
15508072
15508122
15508922
15509098
15509275
15509350
15509425
15509979
15510161
15510436
15510558
15510699
15511250
15512020
15512406
15512976
15513066
15513586
15513628
15513659
15513709
15513838
15514436
15515064
15515535
15515792
15516106
15518063
15522115
15526202
15526566
15546436
15549008
15552108
15555303
15557024
15557419
15580434
15581196
15581595
15584278
15585634
15587051
15588781
15589598
15590660
15591975
15709218
15709600
15709661
15710161
15710243
15710268
15710469
15710583
15711247
15712259
15712500
15712665
15713271
15713554
15713756
15713796
15714678
15715213
15715339
15715356
15715407
15715721
15716136
15716709
15716868
15717033
15717114
15717740
15717816
15718154
15718206
15718328
15719086
15719132
15719545
15720335
15720356
15720449
15720668
15720836
15720848
15723264
15723343
15723404
15723629
15723707
15723835
15723856
15723994
15724001
15724201
15724364
15724775
15724891
15725166
15725594
15725715
15726008
15726180
15726217
15726295
15726641
15727365
15727380
15727582
15727655
15727724
15727971
15784893
15785329
15785400
15786177
15787649
15790066
15790311
15790333
15791023
15791435
15792122
15794222
15794543
15796302
15796457
15803326
15804741
15804862
15806362
15810664
15813164
15848038
15851377
15851942
15853063
15937219
15938977
15940371
15940784
15945697
15948535
16010502
16010907
16011043
16012002
16012652
16012927
16013366
16013631
16013937
16016214
16016356
16016998
16017287
16018146
16019345
16035771
16036071
16039956
16040164
16040415
16041148
16042915
16043808
16044014
16047994
16048843
16049220
16051264
16051515
16052494
16052818
16055331
16055466
16055713
16056099
16056450
16057045
16057485
16057646
16057660
16058047
16059377
16059828
16060018
16060629
16060772
16061181
16061360
16061396
16061859
16061939
16061992
16062050
16062060
16062931
16063291
16064295
16064502
16064737
16100064
16100097
16100302
16100420
16100426
16101356
16101454
16102279
16102699
16102837
16103380
16103484
16103498
16103507
16103808
16103856
16104033
16104805
16105088
16105356
16106010
16106088
16106227
16106474
16106582
16106807
16107318
16107620
16107707
16107738
16107761
16107804
16108284
16108328
16108586
16109147
16109422
16109777
16110087
16110333
16110350
16110513
16111183
16111341
16111379
16112091
16112092
16112168
16112273
16112581
16112717
16112929
16113010
16194506
16195617
16197367
16336716
16337137
16338000
16338200
16338691
16338715
16339542
16339880
16340259
16341325
16341965
16342170
16342696
16342789
16343099
16344470
16345785
16345857
16346416
16347271
16347913
16348532
16348730
16349127
16349470
16350054
16351692
16351765
16351868
16372213
16372789
16373981
16374215
16374480
16374963
16375862
16375872
16377161
16377638
16378002
16378676
16378930
16378953
16379258
16379733
16380217
16381743
16382349
16382591
16383306
16383350
16383619
16385378
16385657
16386445
16386770
16386816
16387787
16461680
16516494
16516688
16519339
16520590
16521810
16523529
16524293
16525069
16525783
16526569
16526762
16527090
16527916
16527930
16527945
16528478
16530507
16530642
16532526
16532527
16532815
16595731
16596152
16596859
16600962
16604858
16605787
16605943
16606651
16607598
16610034
16616066
16638417
16638429
16638918
16639172
16639449
16639594
16639974
16640362
16640388
16640921
16641020
16641144
16641216
16641962
16642193
16642576
16642657
16642849
16642891
16642897
16643121
16643131
16643267
16643316
16643320
16643471
16643667
16643757
16643831
16644171
16644510
16644662
16644735
16645167
16645264
16645610
16646083
16646101
16646130
16646911
16646966
16647274
16647488
16647600
16647661
16647875
16647907
16648117
16648404
16648579
16649300
16649498
16649909
16650172
16650716
16650801
16651009
16651480
16651703
16651902
16651996
16652705
16652757
16653057
16653557
16668785
16673477
16676190
16677693
16678775
16678984
16679355
16679962
16680087
16680270
16680576
16680686
16681172
16681249
16681610
16681873
16682458
16682690
16683067
16683319
16683398
16683568
16683689
16683744
16683945
16684863
16684934
16685012
16685137
16685398
16685777
16685973
16686129
16686228
16686538
16687018
16687560
16687897
16749351
16754118
16781525
16782099
16782230
16783496
16783679
16783790
16784166
16784578
16784580
16784984
16786903
16787318
16787327
16787803
16788948
16789943
16790056
16790080
16790906
16791166
16791189
16791389
16792245
16792689
16793981
16794109
16794860
16795401
16795437
16795891
16796123
16796323
16796477
16797038
16797471
16797604
16797625
16798087
16798191
16798663
16798703
16799373
16799799
16800315
16841381
16841775
16842724
16842793
16843757
16845607
16846040
16846433
16848098
16848746
16849031
16849188
16850503
16850673
16850772
16851647
16851695
16851898
16851967
16852086
16852539
16852934
16852956
16853133
16853628
16853748
16854039
16854125
16854451
16854598
16854755
16855048
16855323
16855943
16856231
16856322
16856587
16856788
16856884
16857560
16857736
16858377
16858380
16858590
16858975
16859072
16859290
16859310
16859804
16859929
16860239
16860451
16860564
16860677
16860838
16860937
16920869
16922443
16922510
16922858
16923035
16923098
16923114
16924527
16924778
16925303
16925562
16925671
16925940
16926472
16927388
16927702
16927875
16928048
16928634
16928765
16928812
16929075
16929487
16929781
16930297
16930353
16930930
16931540
16931615
16932227
16932547
16982017
17005189
17005421
17005932
17006747
17006959
17007348
17007412
17008082
17008164
17008481
17008739
17008897
17008968
17009446
17009589
17010263
17010660
17010718
17010947
17011214
17011233
17012218
17012369
17012408
17012570
17013123
17013150
17013152
17013240
17013307
17014020
17014237
17014495
17014927
17014943
17015161
17015239
17015281
17015631
17015741
17015838
17015894
17016397
17016552
17017041
17017209
17017313
17017468
17017562
17017826
17018088
17018089
17018205
17018736
17019066
17019338
17019499
17019673
17019693
17024774
17026573
17026647
17027758
17028507
17032607
17033346
17034263
17034282
17036569
17058675
17059745
17059852
17060175
17060418
17060767
17061185
17061278
17061384
17061400
17062763
17063567
17064152
17064416
17064713
17064937
17065199
17065222
17065291
17066061
17066645
17066796
17066926
17067126
17067255
17067505
17067887
17067986
17068764
17068820
17068898
17068908
17069500
17070452
17070512
17070567
17070663
17071554
17071720
17072000
17072758
17073077
17073233
17074064
17074545
17075034
17075087
17078592
17081708
17088812
17139498
17139521
17140637
17140915
17141040
17141087
17141565
17142081
17142353
17142761
17142830
17143511
17144244
17144559
17146306
17146655
17147134
17148041
17148182
17148820
17148836
17148942
17149884
17150342
17150460
17195573
17195793
17196973
17196976
17197956
17198108
17198121
17198369
17198527
17198761
17198803
17199296
17199363
17199768
17200018
17200173
17200965
17201159
17202059
17202637
17202759
17202939
17204049
17204152
17204279
17204410
17204871
17205035
17205405
17205581
17205846
17253514
17254753
17254894
17255206
17256236
17256327
17256478
17256557
17257098
17257268
17257439
17257820
17258324
17258412
17258765
17259003
17259066
17259358
17260012
17260272
17260714
17261257
17261407
17262623
17262735
17263003
17263218
17263255
17263342
17263803
17264116
17264562
17264726
17265059
17265394
17265796
17265865
17266212
17266975
17267298
17267390
17267719
17268053
17268503
17268859
17269096
17269217
17269445
17269749
17269857
17269888
17270166
17270213
17270283
17271219
17271316
17271389
17271415
17271901
17272136
17459109
17459179
17459201
17459279
17459941
17459983
17460056
17461176
17462038
17462724
17463254
17464002
17464918
17465435
17466091
17466189
17466214
17466561
17466619
17466810
17467106
17467331
17467350
17467473
17467526
17467641
17467674
17468248
17468801
17468804
17468928
17469297
17470056
17470315
17470327
17471230
17471370
17471632
17472045
17473683
17474292
17474332
17474377
17474885
17474978
17475931
17476392
17512100
17512169
17512855
17515054
17515194
17515853
17516061
17516936
17517075
17517316
17518812
17519480
17520003
17520415
17521373
17522609
17525785
17526688
17527484
17528106
17528591
17529020
17530235
17530442
17578513
17578610
17578625
17578938
17579227
17579661
17579895
17580240
17580727
17580771
17580848
17581330
17581545
17581602
17581630
17582161
17582492
17582757
17583121
17583122
17583420
17583703
17584013
17584237
17584244
17584369
17584402
17584526
17585112
17585364
17585873
17585904
17585932
17585987
17586176
17586900
17586909
17587617
17587622
17588009
17588442
17588576
17588656
17588945
17589249
17589918
17589992
17590185
17591324
17591503
17594710
17595210
17595257
17601461
17601953
17602032
17604960
17608257
17636204
17645778
17645973
17646917
17647309
17647538
17647668
17647737
17648137
17648455
17648475
17648952
17649246
17649279
17649343
17649431
17649489
17649606
17649674
17649690
17649847
17650428
17650591
17650957
17650992
17651256
17652051
17652218
17652482
17652979
17653133
17653347
17653695
17653830
17653863
17653915
17654053
17654134
17654200
17654264
17654299
17654582
17654756
17654974
17655004
17655659
17656234
17656617
17656724
17656819
17656879
17657794
17657819
17658095
17658179
17658539
17658576
17659024
17659180
17659451
17659724
17659828
17659851
17660033
17660144
17660335
17660537
17660603
17660901
17661064
17661383
17661469
17661521
17662228
17662347
17662606
17662690
17662724
17662757
17662867
17663248
17663345
17663524
17663720
17716883
17717198
17717258
17717644
17718132
17718745
17718855
17719065
17719225
17719247
17719597
17719643
17720520
17720772
17720892
17721034
17721472
17721575
17721766
17721857
17721971
17722491
17722724
17722732
17723133
17723582
17724046
17724105
17724236
17724582
17724753
17725223
17725408
17725638
17725672
17725880
17725949
17726037
17726353
17726400
17726407
17726540
17726551
17726635
17726789
17727371
17727771
17727777
17728486
17728507
17729090
17729572
17729851
17729977
17730089
17730101
17730134
17730647
17730753
17730781
17731031
17731172
17731259
17731284
17731578
17731627
17731812
17731954
17732089
17732310
17732553
17733507
17733510
17733798
17734076
17734239
17735332
17735883
17736423
17737554
17738324
17738408
17739182
17739694
17740357
17740405
17740457
17740526
17741018
17741481
17741546
17741761
17742062
17742217
17743174
17743365
17744363
17744951
17745049
17745200
17746288
17758235
17758818
17758994
17759787
17759895
17760064
17760755
17761220
17761781
17763922
17764594
17765394
17766610
17766649
17766900
17767676
17768837
17768869
17769040
17769422
17771341
17771756
17771808
17771854
17772023
17772080
17772347
17772484
17772833
17772913
17773008
17774741
17774793
17775190
17775548
17775636
17775756
17775903
17805041
17808083
17820044
17824701
17831745
17832338
17832348
17832781
17832882
17833063
17833604
17833676
17833920
17834811
17834944
17835381
17835444
17836028
17836060
17836391
17837046
17837109
17837226
17837732
17838217
17838351
17838599
17839022
17839110
17839199
17839290
17839375
17839495
17839625
17839799
17840133
17840530
17840575
17840895
17841519
17841907
17841920
17841997
17842165
17842784
17843002
17843150
17844751
17845071
17845118
17845142
17845386
17845465
17845524
17845678
17845794
17846008
17846061
17847284
17847375
17968984
17970631
17970961
17972066
17974249
17975845
17976273
17976489
17978381
17979051
17980001
17980616
17981207
17981614
17982148
17984027
18020688
18022308
18025548
18025748
18026499
18030367
18033594
18034521
18035244
18035772
18035796
18059117
18158495
18160456
18161748
18177103
18177950
18177955
18178062
18179475
18179733
18180764
18181185
18181596
18181718
18181867
18182797
18182914
18183359
18183385
18183726
18184582
18185470
18187096
18333831
18333849
18334144
18334235
18334252
18334693
18334789
18335316
18337250
18338657
18340768
18342267
18342350
18343939
18345873
18347665
18347787
18348733
18518908
18519107
18519831
18520036
18520379
18521197
18521465
18521832
18521927
18522799
18522858
18522969
18523007
18523527
18523530
18523558
18523959
18524338
18524414
18524810
18525354
18525595
18525616
18526520
18527613
18527847
18528212
18528295
18528368
18565883
18566861
18567052
18567218
18567538
18567598
18568165
18568426
18568872
18570650
18571557
18571612
18571813
18571909
18571986
18572092
18572376
18572492
18572935
18573113
18574014
18574225
18574503
18574702
18575528
18575730
18575776
18576917
18577361
18578663
18579046
18579303
18579604
18580982
18582815
18583359
18583607
18584634
