1329
3894
4005
4317
7055
10749
11478
11498
12796
16634
17662
19047
23207
23419
24409
26029
29622
29754
31770
35589
37155
38455
39200
39798
40107
41057
41829
46313
49336
51427
52365
53547
53574
54115
56311
58786
60200
60796
65785
70361
72015
75348
77531
80930
81587
82126
82405
82897
83413
84550
89809
93481
94153
94724
97328
97758
102452
102757
104509
104641
105375
105444
105505
117028
117389
125840
125877
126465
126810
127672
130480
131862
133499
133983
137776
138442
140968
144400
144562
146019
149338
151911
152919
156669
156767
158020
158749
158865
160066
160147
163490
163861
168296
169778
170865
176527
179352
179946
180984
182336
186704
187243
188268
191102
196019
196160
198540
198810
200450
201367
202319
204299
205358
208212
214541
216962
221680
227391
227821
228438
229950
231076
232901
236039
237370
243158
243366
243674
243978
244309
244876
245875
248665
250398
252858
253652
257044
262296
263221
267459
269762
270417
276429
278373
285244
285896
287775
288480
288686
291319
291372
295082
296908
299186
299677
307569
308085
309201
310116
311048
318110
318724
322000
322029
323022
323282
324264
326467
328244
329688
333208
338903
338989
339212
340387
346818
351247
352737
358486
359261
365451
366220
366397
368405
370633
370955
371243
374512
376505
378723
378968
380886
382944
383091
383763
384486
386466
386757
389673
391281
393632
394575
394666
395051
397821
399623
402054
403400
403413
405676
406986
408380
412715
414232
414360
414659
418164
421007
422691
424487
424867
425075
426160
429023
429705
433491
435012
435053
438170
441950
442008
442693
443380
445347
445695
445889
446431
446659
446681
446829
446901
448414
449956
450187
452552
456138
456509
459529
459732
465098
466063
466192
468216
473574
473756
474356
476218
476568
481715
481774
482021
482512
484883
486329
486426
487478
488920
491211
494329
494864
500556
502293
503008
503241
503538
506658
507628
508136
509030
512521
515727
515971
518056
520168
520589
525219
525909
526982
527224
528378
529100
529283
529516
532562
535388
539541
540332
545401
546043
550602
551936
552828
555977
557896
558038
558183
559651
564075
566341
567940
571108
571412
577473
579268
581850
582795
583020
588670
590675
594060
595376
596856
598082
601394
601601
604831
608078
609127
611467
611944
611945
612993
613481
614902
615599
615738
618613
620445
620578
621144
622448
622976
624249
625155
626682
627808
629445
630287
634108
635354
635908
636619
639505
645958
648428
652918
653255
658453
659883
660516
660573
661220
663137
663488
663955
664418
664959
668056
669073
672126
673864
674560
676555
676571
677660
679280
680565
683159
683368
686194
688551
688857
693468
693491
693576
695214
697056
698742
700631
701509
702305
702629
704556
705366
709498
714839
721159
721446
721644
725022
726038
728436
729943
731113
734299
734846
738380
740732
741090
742079
743202
743283
745081
746925
749175
750542
752388
753037
753878
754325
757236
758535
759929
761376
761753
761919
763874
767890
768873
770780
773857
775073
775272
776401
777597
780652
784339
785428
787279
792486
795689
800969
802379
802630
809487
809504
811436
811524
813602
815309
817446
818965
819266
820553
820904
822198
823484
823524
825805
827295
830293
836749
837158
838829
842333
843085
846266
847478
851861
852319
852681
853076
853435
855745
857755
858183
860147
862787
864026
866949
868253
868315
872289
877111
877115
881715
882501
883609
884971
891875
891930
893031
897487
899443
900257
900358
900846
900883
903271
903294
906348
910718
912602
915555
915890
916424
917755
918629
925967
928511
929084
931004
932319
935381
935849
936523
936801
937181
945073
945800
946717
949267
949510
951821
955087
960571
961998
962767
969546
976488
977002
978031
981106
981999
984492
986558
986886
989069
990941
991758
994053
994856
995029
995717
998011
998050
1005233
1007606
1007665
1008645
1009556
1009988
1010706
1011673
1013313
1014937
1016273
1024089
1024199
1024332
1024478
1025313
1030203
1031185
1032927
1033922
1034368
1036622
1036912
1038560
1038569
1039019
1039818
1044386
1044697
1046708
1050999
1051393
1052121
1056737
1057225
1057316
1059598
1061045
1061749
1066371
1066809
1067523
1067710
1068389
1069161
1069783
1070569
1071788
1076374
1078628
1081615
1082974
1084214
1084236
1084745
1084805
1086228
1086826
1088031
1088440
1094051
1094574
1094739
1095962
1098741
1098906
1099940
1100226
1103355
1103943
1104710
1111243
1112742
1122280
1123219
1128829
1129216
1130098
1130797
1130808
1131001
1131463
1135798
1136753
1137060
1137096
1139385
1144937
1145404
1146479
1147651
1147716
1148220
1152436
1154778
1154900
1155180
1155416
1156476
1157116
1159504
1160767
1163711
1166967
1167476
1170985
1171698
1172668
1174206
1177116
1177749
1184248
1185923
1187055
1191211
1193312
1193753
1194746
1195294
1195552
1196336
1196357
1198298
1200885
1201498
1201760
1203101
1204301
1205304
1206164
1207663
1212152
1212214
1212370
1218737
1219533
1222640
1224128
1224946
1232769
1234310
1240543
1241116
1241354
1242206
1243796
1246211
1248524
1251382
1255763
1260402
1264201
1264293
1264332
1268064
1268942
1269395
1270657
1270733
1272224
1273204
1275985
1280441
1280758
1282163
1283206
1286465
1286857
1287427
1287710
1287788
1290333
1292490
1293445
1296576
1299274
1299676
1300291
1302994
1303557
1309472
1312246
1312433
1313361
1313876
1317167
1318579
1320047
1324300
1324916
1331169
1331385
1337115
1340351
1340439
1341856
1345530
1348316
1352731
1355003
1357599
1359313
1363146
1363892
1365214
1368660
1370605
1373128
1373389
1376909
1378531
1378759
1381274
1384145
1385519
1386294
1391729
1394010
1394462
1396139
1397606
1399549
1402778
1406816
1411324
1411575
1411716
1415080
1415351
1418153
1419822
1420112
1421789
1427405
1429062
1430933
1432101
1432379
1433623
1434711
1435492
1437447
1439504
1441820
1441988
1444616
1445460
1446614
1447318
1447856
1449236
1449364
1449485
1449932
1452055
1452698
1452855
1453150
1453246
1455518
1455734
1458071
1459381
1462699
1463083
1463719
1468336
1469631
1473378
1475723
1476625
1477747
1480036
1481213
1481803
1482672
1483725
1484084
1484699
1485344
1485534
1485916
1490330
1491788
1492071
1492886
1495050
1495486
1496925
1500299
1500532
1501540
1503061
1503105
1509364
1509755
1510797
1512236
1513808
1515221
1516749
1517403
1520211
1520876
1521566
1525331
1531392
1532081
1532312
1533164
1534686
1535826
1536707
1538924
1539260
1539408
1542879
1547162
1547385
1547677
1550534
1552131
1553837
1554902
1555475
1556004
1559093
1564726
1565327
1568012
1569444
1573363
1580539
1581582
1589032
1590376
1590581
1593036
1593607
1594049
1596396
1597097
1597728
1597783
1599005
1599666
1600206
1601921
1602587
1605143
1605178
1605551
1608018
1608354
1608599
1615690
1623537
1628065
1628863
1630276
1633275
1634608
1637199
1638940
1639495
1643638
1643984
1645610
1647409
1647810
1650528
1651458
1654246
1654373
1657797
1657998
1658748
1659066
1660820
1661732
1666855
1671201
1673989
1675840
1676868
1678106
1681168
1683315
1683399
1683819
1688764
1689828
1690336
1690928
1691013
1693006
1695060
1697101
1702211
1706783
1710870
1713737
1715226
1716505
1716651
1721902
1728345
1730781
1732300
1732905
1736343
1740192
1742006
1742377
1742583
1742629
1744570
1747510
1748371
1750971
1752668
1755490
1758244
1763735
1766253
1766418
1766513
1767034
1768941
1772895
1774633
1774703
1775962
1777806
1779145
1779348
1779444
1781929
1783857
1786987
1787071
1787287
1788330
1789283
1789847
1790079
1790407
1791006
1791691
1795284
1797142
1802047
1802919
1803402
1803959
1805156
1808199
1810834
1811050
1812459
1812812
1812938
1816269
1816664
1821786
1822203
1826137
1829827
1831673
1833073
1833141
1836873
1841062
1841429
1843172
1845068
1845105
1845617
1846421
1846844
1847296
1848174
1850157
1851697
1852077
1853392
1855349
1857034
1857861
1858368
1858811
1858872
1860564
1861924
1862070
1866038
1866261
1866429
1870108
1870291
1871318
1872244
1872656
1874073
1875112
1875381
1875677
1876318
1880074
1883679
1885267
1888833
1888932
1891893
1892850
1895035
1897911
1901862
1902620
1904217
1905055
1905542
1908575
1913284
1913320
1913681
1914921
1915129
1916773
1917305
1917436
1922299
1923449
1924731
1925844
1926965
1929277
1930564
1932136
1933483
1938690
1940293
1940412
1941133
1941809
1946869
1948356
1949829
1957214
1958149
1958936
1959734
1960691
1964489
1966491
1968759
1969815
1974447
1975058
1975761
1975928
1976819
1977272
1982383
1982604
1984215
1985484
1987571
1988141
1989186
1990841
1991103
1991762
1992468
1992877
1995295
1995883
1995921
1996558
1999637
2001042
2002133
2006705
2009251
2009917
2010137
2012963
2014802
2020414
2023260
2025448
2025653
2027279
2027661
2028190
2028319
2028916
2034358
2035075
2036627
2037539
2037720
2038417
2039292
2040218
2041301
2042422
2043398
2043600
2048138
2049481
2055056
2055372
2055768
2056785
2057178
2058279
2059744
2062367
2069160
2071226
2072829
2074730
2078383
2079286
2081394
2087351
2087430
2088293
2089197
2089847
2096136
2098960
2099607
2105080
2107196
2109917
2113383
2113622
2116583
2118361
2119136
2119783
2122189
2122354
2124747
2129535
2130877
2134659
2140157
2140676
2142408
2143504
2143867
2144425
2144576
2144754
2145847
2146046
2147149
2152603
2156018
2156080
2156389
2157342
2157553
2159850
2160610
2165346
2165358
2166632
2167097
2168273
2178834
2179835
2181621
2182001
2188655
2189780
2191284
2192486
2193368
2194806
2197504
2200555
2202898
2203339
2203384
2203909
2204763
2207231
2209225
2210646
2210994
2215465
2217764
2219924
2221538
2222912
2222973
2223345
2224078
2225518
2229778
2231236
2231641
2231673
2235679
2236394
2237190
2238366
2239188
2239866
2240202
2240271
2247696
2254044
2254110
2254865
2257638
2258300
2259240
2260115
2261410
2261452
2262753
2266306
2266885
2267334
2268080
2274305
2276070
2283313
2284650
2285527
2285818
2287454
2288335
2290713
2294500
2296488
2301223
2306772
2307176
2307821
2311792
2312446
2315048
2321674
2325972
2326842
2326968
2327892
2328355
2329182
2330927
2331217
2335443
2335671
2335803
2338542
2339105
2339788
2341621
2342110
2343952
2345037
2354790
2354799
2355104
2362399
2362969
2365311
2368868
2370982
2376117
2377804
2382722
2383403
2384253
2384618
2387500
2390921
2391446
2394666
2395475
2396924
2397663
2398041
2398740
2402156
2404145
2409286
2410895
2413012
2415462
2417322
2419235
2419688
2421023
2425851
2429919
2431163
2431914
2434652
2439633
2439745
2440532
2440887
2443811
2445002
2447804
2449685
2451374
2451482
2455172
2458834
2459288
2459829
2459882
2463876
2465102
2467289
2467370
2468510
2469102
2469116
2472699
2472931
2473808
2481138
2482014
2482377
2485129
2486070
2487380
2487464
2488596
2490479
2490572
2491028
2491971
2494935
2495848
2496024
2497581
2499018
2499259
2500900
2502453
2502704
2503399
2504211
2508975
2508984
2509995
2511084
2514977
2528702
2532260
2532898
2535595
2536959
2538655
2542736
2543024
2545804
2545824
2554144
2561492
2567376
2570437
2573450
2573687
2574542
2574660
2578346
2581423
2586050
2586913
2589939
2591472
2592207
2594778
2596840
2597762
2598095
2599815
2600330
2600454
2601137
2601642
2603501
2605248
2606075
2607759
2609030
2609427
2609487
2610906
2614001
2618509
2619210
2620389
2622706
2634252
2635162
2641797
2643686
2646742
2650779
2651007
2653239
2654684
2654740
2654784
2654787
2656200
2657742
2659018
2660245
2660467
2662904
2663131
2664952
2665542
2666870
2667261
2669837
2670668
2671589
2678241
2679652
2683524
2691403
2692786
2695841
2699580
2700627
2706519
2706941
2712246
2712375
2712601
2712816
2714286
2715693
2718474
2718720
2722540
2723470
2727865
2728821
2729792
2734633
2736510
2737036
2737851
2738951
2740155
2740436
2741237
2742361
2747953
2750427
2751726
2752352
2753199
2753233
2753476
2757957
2758099
2760058
2760648
2761239
2761747
2763292
2764713
2768268
2770459
2771739
2773093
2773268
2774072
2776927
2783040
2788654
2790093
2792208
2794068
2796465
2797337
2801786
2804334
2806756
2814313
2815626
2815896
2816619
2816842
2817323
2818613
2822132
2825842
2827946
2828337
2829267
2829586
2830139
2831501
2831835
2833284
2839170
2841003
2843418
2844167
2845090
2845713
2845895
2850511
2852711
2862582
2863675
2865454
2865589
2865607
2866911
2868262
2868911
2870488
2874397
2879754
2880522
2882717
2882808
2887234
2887283
2889160
2890203
2893260
2895095
2898869
2899190
2903488
2905046
2911983
2913036
2913210
2919027
2920266
2920614
2929208
2930117
2932945
2933343
2935776
2937213
2938126
2940241
2945797
2946961
2948983
2949986
2951185
2954353
2955511
2958704
2959564
2959901
2960165
2966813
2969745
2970284
2978572
2978806
2979927
2980519
2981570
2981946
2984229
2987675
2987858
2989116
2989493
2989505
2992384
2992653
2995749
2996870
2998638
2999151
3001390
3001670
3001860
3002146
3006727
3008141
3011184
3011203
3012862
3013695
3014812
3016193
3018363
3018552
3018761
3019569
3020276
3023534
3023799
3024119
3025638
3027268
3030347
3031773
3033196
3033218
3033760
3034266
3038120
3040205
3044019
3046538
3047433
3056564
3059370
3062495
3064776
3065349
3066139
3067233
3067835
3068513
3075467
3079550
3080626
3082857
3083572
3083838
3085249
3085796
3085808
3085956
3087104
3090648
3091799
3092402
3092630
3096499
3096591
3101401
3106431
3108462
3109063
3115862
3116058
3116215
3117284
3117595
3119460
3124826
3126480
3126848
3127985
3128203
3128807
3129097
3130310
3132493
3136895
3142840
3144437
3145238
3145485
3154693
3155197
3155265
3156331
3156468
3157200
3157361
3160667
3162463
3163132
3164302
3164435
3170575
3170807
3174198
3176657
3181353
3183258
3185091
3185123
3186743
3186961
3189791
3189917
3190149
3192273
3193740
3196137
3196919
3197441
3197877
3204700
3204832
3204973
3208619
3209544
3209866
3209900
3211032
3214111
3214227
3214262
3216089
3217447
3219410
3220199
3227531
3229081
3229412
3229821
3230345
3230415
3232227
3233642
3234604
3243546
3248017
3251008
3252371
3252771
3254791
3255332
3257751
3257858
3258809
3260232
3260603
3265103
3266773
3275634
3276898
3278790
3285064
3285343
3286864
3287936
3292143
3297316
3298963
3301450
3301805
3302816
3304006
3304306
3306995
3308173
3310545
3313940
3319976
3321170
3322862
3325276
3326170
3326945
3328820
3329561
3329862
3331471
3332414
3333289
3334676
3334981
3335316
3336058
3341942
3343707
3343881
3344329
3344777
3344914
3346965
3348611
3348647
3349659
3351955
3353130
3353142
3355488
3357884
3358481
3359641
3360090
3362538
3363439
3364194
3364401
3364860
3366524
3367471
3367791
3375566
3376161
3379324
3381056
3382772
3386687
3391331
3394111
3398581
3399944
3400776
3402381
3402644
3404841
3405116
3405854
3407040
3409330
3411796
3417573
3417824
3418299
3418678
3419209
3427235
3431100
3433681
3433869
3438375
3438741
3439493
3439710
3440791
3442472
3443195
3448780
3449362
3449504
3451018
3451569
3451789
3458871
3459202
3461516
3467349
3467786
3467865
3469664
3470672
3472695
3475055
3478463
3478713
3479802
3481419
3482553
3483410
3483612
3485593
3486447
3489979
3491812
3492106
3493900
3494991
3495246
3496058
3496486
3501305
3502131
3503309
3506318
3507062
3510472
3519341
3526881
3527141
3533905
3534009
3535451
3536469
3538908
3539533
3539810
3539827
3540295
3542160
3544134
3546138
3547291
3548344
3550166
3550672
3552298
3552687
3556043
3557095
3560696
3561736
3563211
3565924
3569527
3576917
3579973
3580814
3581431
3581888
3583812
3583923
3585523
3586031
3588148
3591627
3593514
3594082
3594465
3597134
3600873
3600911
3605425
3606602
3607066
3607767
3607790
3612840
3613705
3617451
3620601
3620727
3627640
3628161
3628421
3629805
3629861
3631420
3634406
3635631
3639599
3640813
3641584
3642861
3646002
3646238
3649113
3649136
3649468
3650386
3651071
3654295
3655032
3665423
3666763
3670001
3673884
3674035
3674656
3675504
3676796
3679640
3680774
3682862
3683092
3685575
3686151
3689169
3691721
3692591
3697823
3698595
3698836
3700854
3702814
3703728
3705475
3706401
3707377
3708651
3710597
3713025
3714846
3715484
3717762
3720239
3723426
3724196
3731173
3737102
3737664
3741848
3743492
3744126
3745197
3745674
3746619
3750812
3750994
3751290
3751379
3754591
3755549
3760259
3767125
3767668
3767726
3769094
3769115
3770337
3771405
3771771
3772181
3772893
3773120
3773646
3777911
3778792
3781409
3783596
3783935
3785072
3789165
3789392
3794955
3796432
3797481
3802957
3805834
3809309
3809992
3811191
3812928
3818588
3822645
3825042
3827383
3827957
3829384
3830104
3830807
3830961
3834827
3835501
3838432
3839582
3839786
3841989
3842300
3845152
3846795
3847129
3849526
3851530
3854556
3856355
3857920
3858317
3858919
3859515
3862179
3866680
3867713
3870618
3871722
3872048
3872937
3877761
3879884
3880945
3884180
3885243
3885296
3885939
3886192
3888610
3896452
3898001
3898605
3899420
3899455
3902963
3907959
3908894
3910667
3911732
3911967
3912483
3913760
3914793
3916009
3918102
3920384
3924494
3931274
3931427
3936254
3937935
3945064
3955788
3960552
3960744
3962233
3963656
3964993
3966310
3968478
3972057
3973279
3973364
3975108
3976204
3976566
3976841
3978746
3980516
3982452
3983870
3985901
3989575
3992141
3996604
3997059
3998031
4000578
4004269
4004884
4007965
4009203
4011441
4011697
4012048
4021655
4022091
4024493
4024532
4027152
4030943
4032230
4033621
4036150
4037212
4041439
4042812
4044469
4046801
4052516
4052750
4053023
4056023
4056854
4058281
4061455
4064228
4064974
4069118
4069304
4070555
4072121
4072441
4072553
4074341
4074347
4074821
4075678
4075776
4078128
4079573
4080338
4081995
4084623
4087265
4087662
4087868
4089954
4091243
4091849
4092984
4094217
4096591
4096990
4097014
4097090
4100214
4100384
4104791
4105598
4105795
4106955
4108451
4110366
4111011
4111185
4111384
4112471
4114700
4116644
4116786
4117742
4118515
4118650
4120863
4121258
4126021
4126411
4126519
4126650
4127319
4130362
4138908
4144343
4144950
4148322
4153659
4157003
4158246
4161004
4163709
4164917
4167266
4168218
4170306
4171439
4172202
4172574
4174300
4175693
4176915
4177691
4183686
4183928
4184181
4187265
4194684
4196079
4197896
4198797
4200214
4203144
4204059
4206658
4208224
4210000
4213597
4213877
4213879
4218784
4219794
4220137
4222889
4223865
4224715
4226102
4229265
4235288
4235789
4236605
4242161
4243127
4245560
4246698
4249210
4250745
4251131
4254409
4256839
4259977
4260613
4264990
4270089
4272111
4273158
4274048
4274552
4276626
4278964
4279152
4279728
4285475
4286240
4286303
4289071
4289463
4290883
4291934
4292096
4295240
4297073
4297420
4298712
4300816
4305960
4308044
4310083
4313342
4315464
4315631
4316978
4317514
4320182
4322953
4325401
4325626
4327732
4330921
4331187
4331795
4332205
4333608
4335019
4340712
4344774
4354740
4355326
4357218
4357245
4358246
4358472
4360446
4360612
4367462
4370652
4377082
4377605
4378811
4380100
4380813
4382140
4382367
4385704
4388053
4388769
4393021
4393531
4395542
4395909
4403757
4407034
4408513
4410766
4411840
4411970
4413839
4415655
4415763
4415856
4417540
4419416
4420412
4421508
4422423
4422876
4423907
4427141
4427889
4428146
4429756
4430592
4431046
4432048
4432596
4436561
4437271
4437993
4440402
4441473
4441610
4443731
4445662
4448898
4455314
4458057
4459481
4459502
4460273
4460724
4461783
4463015
4463796
4471482
4472000
4472898
4473516
4473863
4475438
4477076
4480166
4480454
4480602
4482330
4484492
4490117
4492592
4494818
4498566
4500063
4501847
4501861
4503988
4506309
4506325
4508171
4512032
4512762
4513317
4513506
4513544
4514171
4514953
4516503
4517652
4518795
4519099
4522772
4524280
4526613
4526988
4528669
4529741
4530668
4532667
4535071
4535137
4537253
4538657
4540608
4543424
4547423
4548923
4549037
4552172
4553920
4555130
4558485
4559824
4561176
4561904
4562281
4563162
4563461
4563602
4568099
4568770
4569150
4569323
4573459
4574279
4575232
4576641
4577016
4577502
4579407
4579699
4582210
4586563
4587465
4590645
4594211
4595929
4599378
4603140
4603904
4605208
4606803
4607642
4608453
4610631
4611395
4611622
4613233
4616964
4617583
4622601
4625282
4626041
4628832
4629670
4629848
4631814
4639278
4640146
4641112
4646973
4652037
4652855
4654175
4655470
4656894
4657896
4658478
4661416
4663393
4663955
4664740
4666917
4667319
4668730
4669199
4677111
4680560
4688611
4689509
4693749
4696375
4697484
4699379
4701284
4701438
4703773
4703783
4703816
4708424
4709443
4713067
4714320
4714499
4715477
4716340
4718208
4721287
4723623
4726598
4729105
4735023
4736292
4737679
4737990
4739680
4739805
4740527
4741392
4741808
4749552
4751657
4754191
4754973
4756937
4758237
4760060
4760241
4764893
4765657
4769076
4769255
4770206
4772027
4776065
4780179
4782743
4788952
4789033
4790212
4791007
4793294
4793602
4800077
4800998
4805306
4810295
4811347
4812332
4813419
4814767
4825131
4825268
4826953
4827982
4829972
4830505
4832045
4835413
4836285
4837463
4843636
4845246
4845364
4850158
4850544
4851521
4852775
4854001
4862804
4864582
4866419
4870267
4871293
4877046
4877622
4883460
4887411
4887812
4891052
4892594
4893993
4894865
4895127
4898833
4899868
4905063
4907799
4910957
4914025
4914473
4917600
4920085
4923772
4925973
4926923
4927598
4927678
4931879
4932838
4936031
4936059
4936855
4937161
4938963
4944213
4944782
4945633
4950049
4950121
4950159
4954794
4957056
4958316
4958547
4959822
4960390
4964990
4966215
4967392
4971488
4980335
4980713
4984684
4987052
4990455
4991409
4991828
4992239
4992594
4993403
4997521
4998426
5000414
5001400
5001438
5005559
5008824
5010787
5012673
5014033
5014470
5017500
5018644
5019164
5019827
5020105
5020664
5026713
5027042
5027897
5031497
5033025
5033442
5038418
5039456
5040351
5040944
5047669
5048748
5050339
5050716
5052216
5054542
5055572
5057914
5059294
5060775
5062863
5063025
5063105
5069161
5069294
5070689
5070790
5071066
5071314
5071479
5074657
5078608
5080526
5081443
5090866
5090974
5091655
5092248
5092631
5092657
5096369
5101503
5102069
5103741
5111276
5111336
5112340
5113586
5116959
5120476
5124051
5124056
5125323
5125915
5126554
5126698
5128347
5128566
5128950
5129521
5133281
5139828
5141349
5143917
5147860
5150383
5150471
5150653
5154063
5154680
5154761
5155668
5156606
5159403
5160069
5161759
5163812
5164091
5166073
5167152
5170841
5171502
5175498
5175994
5176109
5182946
5184201
5184248
5188241
5189024
5191667
5191941
5192737
5193685
5193904
5197097
5200116
5200442
5201586
5203121
5207945
5209337
5209422
5210051
5217577
5219226
5219769
5219989
5224090
5225103
5226798
5232117
5233026
5233305
5234854
5237794
5238804
5241753
5246360
5247186
5248533
5248888
5248979
5252286
5252309
5253514
5255583
5256923
5261057
5262895
5263161
5264533
5264639
5264824
5266980
5269460
5273077
5275481
5276592
5277023
5277417
5280821
5282398
5282877
5283698
5284358
5288203
5291010
5291465
5292551
5295705
5298546
5298561
5301168
5304944
5307051
5307747
5309542
5311209
5313693
5317011
5319499
5321391
5323580
5324119
5326740
5332672
5335053
5335226
5335941
5340677
5341650
5344399
5344768
5346431
5348077
5352460
5354347
5356960
5358585
5361918
5372618
5376606
5377036
5377688
5377868
5380974
5382123
5384758
5385974
5392494
5393396
5397060
5397136
5397726
5398185
5398965
5400260
5402900
5410658
5411681
5412026
5412310
5412394
5413166
5414297
5423571
5423875
5428311
5429718
5432377
5433821
5439912
5442784
5443354
5444038
5444789
5447226
5447426
5447660
5449833
5449880
5450326
5450744
5452163
5453074
5453445
5453611
5454396
5460736
5460982
5462221
5462907
5463217
5463443
5463445
5464519
5468279
5471916
5476246
5476485
5478744
5479822
5481552
5484261
5484737
5486944
5487880
5488928
5495312
5496970
5499474
5500074
5500126
5502839
5503117
5506623
5508737
5508878
5511296
5513922
5514419
5515421
5518718
5520316
5521371
5521638
5523849
5524077
5526251
5527954
5528713
5530046
5530090
5532056
5534538
5536107
5536474
5536837
5543296
5544109
5545003
5545762
5548602
5552862
5553117
5553797
5555367
5555582
5557845
5560379
5560609
5561608
5562500
5562531
5563263
5563582
5564171
5565416
5567969
5568096
5571131
5571327
5572379
5573854
5575451
5579845
5580988
5591191
5591861
5597289
5597964
5599732
5601103
5602074
5602109
5606368
5606616
5607062
5607610
5607849
5610210
5612320
5613814
5618605
5619020
5620102
5620131
5621673
5626822
5632146
5643331
5645538
5648127
5648197
5649385
5651601
5653671
5653724
5653841
5654094
5654324
5658508
5659837
5666900
5668370
5670313
5671202
5671622
5672811
5676447
5677682
5678324
5678938
5681415
5686895
5690498
5692477
5692926
5694397
5695463
5697040
5697303
5698782
5701055
5702639
5702815
5704728
5707403
5709274
5713291
5715450
5715678
5717811
5720371
5726993
5730084
5731552
5734221
5735559
5736263
5736984
5737474
5739666
5742375
5747138
5747227
5748601
5750421
5752129
5753984
5756646
5757786
5758275
5759458
5759509
5763452
5766279
5769166
5769227
5770553
5770792
5770863
5771130
5771235
5771620
5771941
5773090
5773611
5776598
5778765
5779754
5781429
5781832
5782941
5790397
5791449
5792293
5793306
5793620
5793682
5794732
5797838
5799365
5804454
5806115
5806751
5810172
5810545
5812942
5814131
5815840
5818164
5819955
5820850
5821885
5823993
5824839
5825500
5825973
5826317
5827659
5830692
5832576
5833204
5835590
5836284
5839006
5839333
5840375
5846343
5846462
5852858
5852923
5853259
5854058
5854118
5857834
5859884
5861018
5867903
5868596
5869029
5873544
5878915
5883421
5885224
5885575
5886820
5887330
5887927
5892472
5899638
5904286
5905996
5906085
5906941
5907774
5908327
5910433
5911929
5913087
5914074
5915415
5915635
5917764
5918355
5919110
5920036
5921011
5921212
5923235
5924593
5929638
5931728
5931803
5936743
5940912
5943544
5947455
5947958
5948000
5948989
5950589
5951701
5953576
5953950
5954256
5955272
5955734
5961338
5963621
5963917
5964272
5964332
5964530
5965672
5965864
5967424
5970250
5970679
5971304
5972595
5973218
5977221
5983996
5984477
5984836
5985124
5986363
5987081
5987494
5989483
5989719
5990076
5990798
5991845
5996095
5996289
5996312
6001370
6002435
6002492
6002980
6003662
6006705
6008030
6009931
6011499
6013990
6016631
6016948
6020592
6021458
6023147
6027545
6029729
6034855
6036469
6036630
6038473
6039690
6045726
6047627
6049001
6050028
6052664
6053851
6054302
6055600
6058828
6065896
6068094
6068585
6070810
6072630
6073663
6074811
6076789
6076799
6078075
6079268
6080447
6081165
6081193
6082946
6087690
6088637
6089042
6092860
6095957
6098561
6101056
6102214
6104628
6105190
6107846
6108896
6110129
6110231
6112120
6114693
6115446
6116295
6116666
6119989
6121236
6121835
6127953
6128753
6129261
6134600
6134610
6137401
6137955
6138280
6138553
6140030
6141769
6142118
6143564
6145061
6145616
6146996
6148482
6149318
6149670
6151946
6157819
6158215
6161882
6162124
6164365
6164387
6164704
6165410
6166433
6167557
6172740
6173464
6176435
6176588
6177141
6180697
6180768
6183093
6185355
6189621
6193642
6196576
6198921
6199090
6199147
6199796
6200038
6200714
6200744
6201997
6202191
6203455
6205560
6209045
6211847
6214803
6217266
6217296
6218702
6220858
6221587
6224664
6226139
6226642
6227633
6229385
6231397
6231642
6231809
6234866
6235098
6236962
6240503
6242533
6246659
6248006
6249031
6251831
6255095
6265007
6266844
6266891
6267527
6268397
6268585
6272413
6272958
6276672
6277979
6279521
6282706
6284842
6285041
6285897
6290599
6290844
6295836
6296243
6298065
6298210
6303895
6307593
6311488
6311810
6320005
6320040
6321420
6323433
6323624
6324056
6325009
6329040
6329929
6337897
6340198
6340899
6341737
6342128
6343736
6344215
6345474
6347854
6347978
6348862
6356222
6356348
6357534
6360454
6362416
6363977
6364212
6364801
6375265
6375817
6378121
6378125
6380428
6389328
6390354
6393369
6393437
6397228
6401380
6401689
6401889
6401927
6403031
6403766
6404074
6404773
6408286
6408482
6408752
6410697
6412337
6413828
6414649
6415422
6417628
6419561
6420301
6420689
6425065
6426703
6426931
6432477
6432652
6432992
6436314
6436775
6436889
6438318
6439703
6440492
6444029
6444426
6444613
6444864
6445235
6445642
6445995
6446791
6450860
6451941
6452643
6452732
6454240
6457751
6458345
6458468
6460885
6462158
6462477
6463398
6466313
6466546
6469029
6471450
6471805
6474579
6475133
6483368
6483993
6484015
6484126
6487197
6487360
6488304
6488557
6493445
6500057
6505233
6507702
6509873
6513706
6514539
6516641
6521734
6524921
6532675
6535088
6536315
6536554
6537015
6540297
6540361
6545457
6545818
6545841
6545994
6546139
6548975
6550116
6550487
6553778
6557989
6559504
6563358
6568330
6570776
6578542
6578851
6579831
6586028
6588456
6589773
6589820
6593223
6594111
6594631
6597917
6597971
6599120
6599791
6605319
6612071
6613697
6616674
6620056
6623381
6623913
6624645
6625277
6625458
6626502
6626650
6627089
6629701
6632107
6637157
6638389
6639331
6639685
6640735
6641131
6643490
6645820
6645915
6647126
6649069
6651186
6656523
6662978
6665728
6665752
6665782
6668261
6669587
6671086
6672567
6672985
6673154
6674551
6691859
6693998
6695261
6698234
6699689
6702040
6703708
6703953
6705451
6705900
6706318
6707643
6709960
6712580
6715102
6715263
6718544
6719260
6719879
6721557
6722916
6723191
6725125
6726625
6727616
6728107
6731022
6731810
6733379
6735570
6736786
6737761
6738572
6738867
6739078
6740901
6741031
6741559
6742575
6744363
6745334
6749128
6751823
6752570
6756812
6760286
6760502
6760705
6763224
6763374
6763997
6764573
6765259
6766608
6766730
6768127
6770064
6770497
6771561
6772414
6773485
6774190
6775758
6777219
6777330
6778540
6780814
6783304
6787919
6789400
6789874
6794017
6797700
6798048
6800009
6803366
6808816
6809437
6813601
6814434
6814948
6815371
6817433
6818429
6818495
6818503
6819238
6823318
6826277
6827175
6829078
6829135
6847964
6851206
6851410
6855493
6868964
6869117
6878573
6879915
6880913
6883314
6883681
6886336
6892904
6896598
6900248
6900374
6900780
6901883
6904138
6907944
6908379
6910664
6916765
6917097
6917565
6918619
6919076
6921201
6922476
6923041
6926057
6930126
6935591
6935796
6938372
6940663
6943280
6945525
6946450
6946537
6946826
6950786
6952769
6955780
6955854
6961838
6963285
6964108
6967317
6967507
6967848
6970119
6970669
6973977
6977255
6977677
6978650
6979442
6980125
6988088
6989674
6990822
6992516
6993217
6993716
6995101
6995469
6997395
7002603
7002996
7004761
7007625
7010805
7011676
7015041
7020898
7021551
7022259
7023100
7025020
7025489
7025572
7025759
7027339
7029880
7030576
7031374
7032006
7032489
7032658
7032921
7033528
7035679
7037632
7040106
7046677
7050215
7052873
7053727
7054299
7055807
7060053
7061707
7062219
7062559
7064356
7066152
7067361
7067372
7069510
7072554
7077189
7079156
7081390
7087442
7087560
7088837
7089536
7097699
7098562
7102696
7104510
7104633
7106609
7106987
7108374
7110818
7111487
7112181
7112418
7115202
7115223
7115582
7118028
7119879
7123548
7126980
7130996
7131250
7133277
7137479
7139162
7139310
7141280
7141774
7143947
7145114
7147396
7147639
7153501
7155347
7157609
7161112
7163004
7163237
7163555
7164106
7171229
7172713
7173360
7173364
7174141
7180574
7181298
7184002
7184110
7184284
7185356
7190723
7192088
7200826
7201113
7202464
7204173
7204338
7206076
7206174
7206803
7209328
7211479
7211593
7212746
7212825
7220378
7220580
7222838
7224976
7225001
7226421
7228213
7231432
7231750
7232102
7235026
7235601
7235854
7236669
7236717
7237211
7237466
7240073
7245035
7246771
7249535
7250650
7251177
7253252
7256140
7259984
7261490
7264585
7267988
7272941
7274035
7274384
7277767
7278260
7282237
7283403
7284516
7286726
7286728
7287769
7288616
7296846
7297946
7298096
7299922
7300976
7302623
7303288
7305767
7306022
7307489
7307948
7310886
7312476
7315687
7320104
7320840
7321170
7326639
7329029
7330406
7333094
7336250
7337322
7337682
7338394
7341069
7342293
7344625
7344802
7348973
7350633
7352316
7352501
7352694
7353610
7353668
7355332
7356879
7358472
7361763
7363926
7364477
7364612
7364836
7368398
7368917
7368965
7371567
7376423
7376866
7379543
7380301
7382931
7383143
7389423
7392901
7396556
7401488
7404001
7404171
7407332
7408708
7410511
7413990
7416185
7420258
7420951
7423604
7434647
7434731
7435602
7435976
7437673
7439294
7439689
7441544
7443796
7444236
7444964
7447491
7451279
7453869
7455008
7457308
7458080
7459908
7463019
7464448
7466059
7466835
7468532
7469034
7469387
7471661
7473427
7474792
7476051
7480282
7480604
7482206
7484606
7486987
7487166
7489470
7492662
7494638
7498449
7499739
7499993
7503004
7511217
7513983
7520201
7521387
7522594
7522714
7525492
7525853
7526044
7526254
7527273
7530369
7530788
7532021
7533775
7536973
7542234
7542925
7544188
7549441
7552028
7553098
7553134
7553312
7553713
7555852
7558404
7558999
7559037
7559984
7560444
7560692
7561057
7573870
7578202
7579123
7579550
7580028
7581260
7582289
7584060
7585377
7590797
7592239
7593909
7596030
7596215
7602852
7602899
7603474
7608726
7608950
7609601
7610372
7610802
7612225
7613182
7613382
7613756
7615531
7616976
7621939
7622717
7630732
7631096
7631355
7631983
7632897
7644292
7647218
7653022
7656929
7657546
7663232
7664128
7669771
7672545
7673016
7681262
7682373
7683137
7685855
7686330
7690634
7691625
7691920
7698675
7706328
7708505
7710938
7712151
7719739
7720618
7723786
7723934
7724696
7725263
7727182
7727662
7729208
7730973
7732461
7735594
7736213
7736805
7737910
7740376
7742426
7746119
7748585
7752452
7754726
7756481
7760296
7761008
7767544
7767997
7771569
7772693
7772795
7773644
7774071
7774306
7775888
7776076
7776190
7776825
7778568
7784489
7786837
7787089
7787184
7788647
7788876
7789385
7791574
7793294
7794233
7797563
7804693
7805239
7808388
7809341
7810299
7812794
7814636
7819287
7819519
7819729
7820801
7821072
7821114
7822491
7823208
7825514
7828095
7829525
7829820
7832024
7834889
7834973
7837368
7839276
7844312
7844643
7847126
7848903
7850189
7850280
7851326
7854734
7858000
7858174
7859574
7861238
7862784
7872941
7874452
7877366
7879356
7881970
7884632
7886626
7888398
7889872
7889984
7890212
7891121
7891694
7891975
7893027
7893067
7897809
7902448
7902679
7904991
7907269
7908021
7908851
7910916
7913814
7917671
7922641
7925457
7925596
7928917
7932732
7939023
7940400
7942116
7942165
7942631
7944273
7944769
7946327
7949069
7953157
7953755
7955609
7956573
7957058
7958454
7960668
7963204
7965607
7966722
7971068
7974791
7975181
7979488
7980321
7982095
7984798
7985859
7987237
7989006
7989741
7990176
7992291
7993442
7993674
7993792
7994140
8001898
8004830
8005137
8008283
8015395
8017599
8019303
8021553
8029203
8029695
8031789
8033081
8033738
8034447
8036082
8036176
8036430
8038997
8039085
8041556
8043422
8045932
8046806
8047541
8050173
8051514
8051627
8054234
8054762
8055193
8056486
8056996
8060630
8070291
8072210
8073039
8079128
8080282
8081381
8090091
8090182
8092084
8094421
8094560
8095420
8095956
8096589
8097993
8099577
8101679
8102167
8104549
8104986
8106568
8111990
8113157
8115026
8116071
8116150
8116521
8121170
8123530
8123623
8124365
8125370
8132071
8138023
8139716
8140689
8141006
8141251
8141684
8146394
8146789
8147104
8147789
8148700
8151492
8152396
8152840
8156983
8158264
8159184
8160079
8162978
8163591
8165530
8167407
8167672
8169366
8170247
8170817
8170999
8175565
8176536
8179199
8184374
8184455
8188350
8196329
8196713
8198139
8198921
8199683
8200478
8200922
8201440
8201833
8202865
8205569
8206231
8208257
8208777
8211384
8216012
8217471
8217884
8220413
8227251
8232164
8234957
8238073
8239032
8240288
8241943
8243776
8244812
8250237
8253065
8256069
8256850
8259024
8261354
8262588
8263788
8265105
8265135
8266488
8268630
8273646
8273754
8278960
8282570
8283045
8283689
8284282
8286019
8287112
8287687
8288483
8288624
8288920
8289500
8289530
8298389
8298813
8299028
8303874
8304142
8304824
8306223
8306478
8307382
8309550
8309751
8310816
8311098
8311426
8314308
8314677
8315748
8320473
8322116
8326167
8327649
8327908
8328264
8329682
8335465
8336761
8339494
8339497
8340492
8341369
8350524
8351630
8352234
8353644
8354166
8354327
8358243
8358687
8361388
8364553
8364570
8368162
8370250
8373133
8373245
8374547
8374751
8377712
8378967
8380441
8382737
8386566
8386735
8387916
8389471
8390106
8390438
8391304
8394025
8398299
8399094
8399830
8401143
8404594
8407192
8410416
8411878
8413731
8414417
8416215
8417261
8417648
8419143
8420609
8420612
8421505
8421768
8423075
8425358
8425925
8426066
8426907
8432197
8437023
8440307
8441522
8442867
8442870
8444453
8444940
8446900
8451375
8458048
8458113
8459086
8460634
8460704
8461048
8463438
8468567
8470292
8471454
8472290
8474557
8477300
8477589
8478838
8479960
8481425
8482510
8484853
8486571
8487832
8487964
8488016
8488089
8488676
8489496
8491860
8494519
8495403
8500020
8500067
8501983
8502667
8513287
8513504
8517687
8517832
8519497
8522211
8529061
8529428
8529884
8530602
8531765
8532629
8533842
8534646
8537613
8538272
8539388
8546939
8547393
8548497
8549747
8559780
8565052
8566076
8567832
8577369
8578116
8582656
8582995
8583321
8586479
8589451
8589760
8591460
8593336
8597820
8598933
8601022
8601698
8603514
8604778
8605244
8605755
8606756
8609256
8610133
8612298
8615447
8617122
8618006
8631530
8633960
8634845
8635671
8636451
8638263
8638672
8638992
8640296
8641111
8642041
8642397
8643127
8643258
8645813
8645869
8647936
8648731
8648894
8653290
8658722
8661984
8662865
8664196
8665830
8672419
8673954
8675189
8677896
8678649
8679781
8680083
8681003
8681136
8686265
8686941
8687214
8688324
8689341
8692696
8693652
8696705
8697130
8701824
8702441
8702907
8703370
8705724
8708359
8711264
8711672
8711832
8714873
8715509
8715837
8715999
8717770
8718113
8720347
8720500
8720588
8725667
8734365
8734965
8737701
8738258
8740817
8742756
8742991
8744623
8745332
8747749
8748266
8749162
8758034
8758887
8759575
8760536
8767376
8767621
8770929
8774550
8780399
8787106
8787142
8787650
8790279
8791882
8792465
8795395
8796459
8799217
8800331
8807726
8809256
8809737
8812410
8812703
8813946
8815343
8817143
8817941
8819322
8819710
8819983
8823081
8828551
8831590
8833218
8835018
8836184
8836959
8837301
8837945
8847790
8850835
8854667
8855176
8855984
8857540
8866131
8866228
8866446
8866587
8866993
8868615
8870182
8873260
8873320
8875589
8878193
8880101
8881364
8884140
8884576
8884601
8892088
8892459
8892667
8894687
8898191
8899377
8900183
8901881
8903050
8903854
8904979
8905678
8905834
8911592
8914210
8918106
8919573
8920110
8921635
8923044
8923284
8924469
8925057
8925271
8925281
8926404
8927671
8928632
8930938
8930973
8933083
8935387
8936425
8936508
8937076
8938320
8940407
8941407
8941521
8945491
8946515
8950014
8953357
8955572
8957568
8958400
8958517
8958539
8963406
8964782
8965305
8965936
8972008
8973749
8977872
8979099
8983216
8984645
8986405
8990066
8990602
8994281
8995024
8995146
9005125
9014763
9020932
9023570
9023601
9026737
9027985
9028102
9030190
9038929
9041537
9042330
9044171
9044980
9045805
9046714
9047967
9050834
9050915
9052630
9057370
9059252
9062350
9068500
9071995
9074850
9075225
9077101
9077397
9077417
9082426
9083134
9084741
9086422
9087237
9087515
9087527
9094872
9096475
9100302
9100718
9103631
9104114
9104578
9105166
9105387
9106089
9106123
9106724
9107469
9108679
9110703
9111905
9114304
9116321
9120732
9122774
9122913
9124483
9125835
9127849
9129986
9130073
9131077
9131785
9136120
9136814
9138643
9138795
9147321
9147875
9151490
9152622
9154173
9154608
9155148
9155553
9157661
9161803
9163271
9166837
9168485
9169338
9173700
9176167
9178674
9179977
9185304
9186554
9187945
9189079
9189890
9190051
9195205
9196683
9199569
9201044
9203840
9207077
9208445
9208656
9209216
9209816
9210586
9215227
9216009
9219539
9222238
9223328
9225335
9230181
9233287
9237026
9238373
9238598
9239271
9240792
9241866
9242104
9244399
9244581
9244668
9246282
9249114
9249603
9250956
9251335
9256787
9261970
9263928
9264310
9266806
9268874
9269389
9269655
9271153
9271690
9273167
9273263
9278135
9278620
9280749
9281198
9281496
9281829
9282286
9286781
9290409
9291746
9293737
9297691
9298176
9299685
9302140
9302807
9307436
9310852
9313165
9313285
9315604
9316542
9318049
9319265
9319905
9321326
9322530
9325213
9325510
9331880
9332428
9333495
9334932
9341634
9342340
9343617
9344113
9344589
9347871
9348161
9355395
9358644
9360080
9362092
9362762
9362897
9362996
9364148
9364978
9365444
9366383
9369450
9370265
9370454
9373520
9381937
9384856
9386673
9388089
9390095
9391223
9391805
9391993
9393607
9399242
9400351
9402873
9408977
9409477
9410125
9410432
9415078
9416313
9416535
9417217
9419792
9421068
9426082
9427279
9428939
9429608
9430222
9430485
9430631
9431626
9432419
9434522
9438854
9439110
9439758
9440073
9445017
9445326
9445682
9449097
9453434
9455496
9455766
9456430
9457200
9457843
9458172
9459356
9460340
9462927
9463298
9467621
9471947
9474368
9475625
9476586
9476707
9480047
9482464
9484948
9490433
9493429
9497073
9498265
9500605
9501972
9504613
9504723
9505423
9511557
9513018
9513531
9517457
9518138
9518665
9518896
9524504
9525247
9529689
9533302
9534952
9535185
9536731
9538141
9542307
9545335
9546378
9552009
9553242
9558278
9558501
9558905
9559084
9559439
9563599
9565025
9567951
9573244
9573363
9573532
9577630
9579821
9582215
9582660
9583089
9586493
9587958
9588467
9591018
9593762
9594854
9595054
9599833
9600436
9601356
9603764
9605098
9608630
9611004
9620070
9620739
9621607
9623183
9627822
9627888
9630256
9631426
9634483
9636237
9636885
9637569
9638730
9639414
9640216
9641829
9645951
9647632
9647891
9649439
9651221
9653716
9654179
9656218
9656512
9660073
9660937
9661669
9663667
9669916
9672432
9675305
9676220
9679277
9680536
9681368
9681874
9683024
9683479
9685014
9687801
9690560
9692288
9693792
9693916
9694827
9695700
9696849
9706379
9710030
9712192
9713081
9717727
9718441
9720348
9721216
9721566
9723205
9724305
9725832
9728121
9728339
9728963
9729967
9733594
9733925
9736044
9736721
9737090
9737179
9738069
9738586
9739467
9740053
9743842
9747495
9750677
9754604
9754761
9758937
9760291
9761410
9761789
9761808
9762205
9762661
9762851
9762965
9763321
9764064
9765029
9769400
9771628
9773455
9774263
9774442
9774723
9777848
9778846
9779422
9780247
9780960
9782366
9783137
9783979
9786262
9787678
9793432
9793974
9796442
9796905
9796921
9797145
9798000
9798752
9799161
9801939
9802380
9805117
9806329
9806604
9807256
9808061
9809317
9812285
9812733
9818222
9820596
9821109
9824122
9825440
9830927
9831298
9834129
9834597
9836860
9837620
9840668
9842000
9845794
9847989
9849577
9850435
9853540
9855897
9856639
9857753
9858005
9859140
9860274
9861430
9861783
9862201
9863806
9867725
9869922
9870313
9870431
9870567
9872773
9874495
9875421
9877615
9877635
9878968
9882062
9882112
9884258
9885020
9885366
9886475
9888908
9893393
9895371
9897128
9899277
9902536
9902969
9905358
9906617
9907579
9913679
9915995
9918236
9926019
9928953
9930148
9931059
9932221
9936965
9939555
9940112
9947858
9948756
9951357
9953383
9953636
9954490
9957061
9957931
9959098
9960955
9964095
9964335
9965490
9968336
9968414
9968977
9969095
9970673
9971283
9972563
9974803
9977533
9977566
9980393
9980732
9981005
9981171
9981442
9981898
9984935
9987802
9989258
9991115
9993560
9994763
9996363
10001633
10002787
10003989
10006442
10011111
10011294
10012056
10012170
10016678
10017881
10018397
10019231
10019446
10020018
10020193
10021121
10022994
10025759
10026298
10028602
10033976
10034270
10036152
10038575
10039674
10039964
10039965
10041380
10042927
10044830
10047460
10051820
10053799
10056912
10057723
10058244
10058411
10059520
10061711
10062121
10073866
10075268
10075577
10075607
10075921
10076998
10080098
10080359
10081292
10081902
10083603
10083782
10084843
10085983
10088342
10090662
10091418
10094607
10096076
10096259
10096927
10100474
10101030
10101223
10101736
10103523
10105945
10107158
10108489
10110416
10113717
10113895
10117495
10117916
10118116
10119256
10119477
10121379
10122863
10123804
10124020
10125737
10128250
10133670
10134753
10135417
10138686
10139234
10139281
10139472
10139553
10139765
10142187
10142391
10143604
10143794
10144237
10145688
10145851
10148760
10149375
10150029
10151009
10151291
10151903
10152682
10153059
10153337
10157290
10157627
10168868
10169225
10176940
10181560
10182408
10191055
10192259
10192814
10194225
10196130
10196494
10197552
10197880
10199629
10203354
10204836
10209780
10209874
10209999
10211613
10211892
10212538
10213056
10213506
10215281
10215362
10215730
10216229
10223628
10224360
10224793
10227627
10228712
10234747
10241504
10243088
10245017
10247004
10248443
10249006
10250987
10253511
10253685
10254108
10256102
10259456
10261038
10262750
10262790
10262800
10262897
10263584
10264396
10268216
10269898
10271494
10272543
10276932
10279093
10280714
10282255
10287650
10291343
10296232
10302752
10303260
10304237
10304386
10305214
10309118
10311248
10312398
10316999
10323475
10325258
10327547
10328335
10328686
10330998
10331626
10332442
10334633
10336467
10337590
10338780
10340930
10345246
10345446
10347012
10350414
10353410
10353929
10355181
10356276
10359230
10362752
10363634
10368965
10369579
10369792
10372016
10372191
10372515
10373269
10374044
10375145
10378107
10378186
10378872
10379390
10381323
10382676
10387556
10388083
10390884
10393260
10394728
10395726
10395985
10397950
10398153
10400057
10402961
10405828
10409575
10411370
10411674
10413576
10416282
10418684
10418892
10421370
10421517
10426493
10426771
10427383
10429974
10430180
10434043
10438558
10439709
10441560
10442046
10442298
10444344
10445861
10447283
10450625
10450863
10451146
10453343
10454477
10458220
10458571
10459418
10461776
10466771
10467952
10468647
10471280
10472108
10472196
10472932
10478261
10485018
10485920
10487650
10493036
10494853
10495959
10496883
10496989
10498247
10499017
10499706
10501623
10506190
10506884
10507569
10507684
10507695
10508508
10512687
10517334
10517490
10517752
10522607
10525788
10526525
10526943
10527172
10529264
10532943
10533331
10534762
10539832
10541797
10545227
10545621
10547779
10548564
10550784
10553160
10556365
10556905
10561654
10562936
10563308
10565111
10565564
10566695
10568275
10569780
10571000
10571255
10573119
10574710
10575868
10578333
10578624
10579443
10581684
10583887
10586557
10587900
10588767
10589303
10589579
10592343
10593363
10593702
10593742
10594404
10594890
10596143
10599163
10601068
10603824
10603913
10604482
10604790
10605364
10605655
10610494
10619962
10621876
10622419
10623757
10623940
10628139
10632997
10633587
10635059
10641020
10643888
10645528
10647798
10648172
10648499
10649142
10651647
10660367
10665295
10669268
10669954
10670717
10672315
10673109
10673370
10674700
10676180
10680229
10686591
10687359
10687375
10688682
10688979
10690408
10692125
10693618
10694431
10695471
10695698
10695706
10696130
10697322
10701891
10705865
10710289
10712117
10712881
10713056
10713398
10715742
10716083
10716669
10716925
10718493
10720208
10721708
10726729
10734345
10737217
10737649
10740320
10742309
10743027
10745002
10745241
10746244
10746649
10748320
10748831
10748953
10751144
10751313
10752996
10753432
10755265
10756368
10758223
10759434
10759601
10761792
10769084
10770525
10770840
10772065
10772879
10774074
10774576
10775573
10777691
10779078
10781724
10782443
10786500
10787463
10789154
10789417
10792554
10793796
10796286
10796711
10798245
10798278
10800151
10803812
10807836
10810992
10813119
10814467
10817245
10817657
10818821
10821091
10826033
10826134
10828319
10828504
10828539
10829944
10832051
10832671
10833062
10834980
10835814
10837538
10845881
10853342
10853571
10856483
10858666
10859957
10860101
10860905
10861626
10861985
10863771
10865074
10866707
10873168
10873661
10874416
10874974
10881525
10883246
10883278
10883773
10888287
10889379
10890321
10890801
10892365
10895450
10898933
10899906
10901607
10902321
10902597
10905615
10906879
10907052
10920820
10922500
10924060
10925398
10925756
10927831
10930006
10935859
10937489
10940004
10940293
10943891
10943951
10946437
10947409
10951728
10951897
10955165
10955692
10957062
10958467
10960874
10960952
10961940
10963965
10964197
10965690
10966272
10967321
10968532
10969417
10969938
10972741
10972981
10973923
10975599
10976510
10977485
10977920
10981796
10983326
10989721
10990166
10992195
10992435
10992910
10993655
10997634
10998712
10999113
11000924
11001834
11002888
11004280
11004712
11006383
11006590
11008440
11008593
11009887
11012139
11014540
11016199
11016254
11018445
11019783
11019987
11020747
11022161
11025093
11025513
11028698
11030690
11031519
11034808
11035257
11038686
11039590
11039734
11040855
11040962
11041256
11041836
11042148
11043472
11047038
11047922
11050519
11056998
11057641
11057940
11058452
11061072
11061904
11065418
11071173
11077217
11078282
11082346
11087637
11089198
11089417
11089753
11090957
11091831
11092521
11096013
11096920
11097700
11098564
11102855
11105719
11106928
11107774
11108774
11108914
11109864
11111994
11112307
11114053
11118590
11121757
11124861
11125048
11126300
11127289
11129124
11132465
11134139
11134553
11136495
11137116
11138747
11140137
11140377
11140992
11141873
11143689
11144768
11147498
11148080
11149767
11150554
11151881
11153703
11160338
11161155
11161430
11163664
11165667
11170885
11171056
11172677
11173173
11173787
11174019
11175346
11179337
11180410
11183499
11188173
11190329
11194764
11195067
11197241
11197835
11199060
11208837
11209524
11214933
11218107
11219445
11225710
11226942
11227135
11229554
11229950
11230087
11231840
11234362
11234970
11239111
11241221
11246921
11247112
11250385
11252655
11254518
11261984
11263789
11268139
11268386
11271594
11272302
11275236
11275709
11278541
11278652
11279369
11281156
11284076
11285390
11287448
11288367
11288685
11288703
11289258
11290626
11291415
11291435
11293463
11295508
11295936
11301917
11302093
11303047
11304011
11307313
11309120
11309321
11315204
11319202
11319845
11320330
11321026
11324742
11325124
11326101
11327634
11328130
11328212
11330054
11332073
11334494
11336437
11340945
11342712
11344837
11346793
11352315
11352841
11353621
11356664
11357738
11362725
11364177
11364204
11365739
11367151
11367162
11369600
11372438
11377603
11381092
11381878
11385036
11388687
11389556
11389924
11390767
11394385
11395347
11399310
11403516
11404665
11405563
11406201
11406327
11407438
11410517
11411263
11413034
11413476
11415969
11416667
11416895
11418387
11419235
11421220
11422289
11423836
11425877
11428963
11429789
11435122
11435661
11436478
11437586
11437657
11439389
11440789
11444218
11445491
11446339
11446657
11448536
11449527
11450445
11452190
11453148
11454927
11457021
11457979
11459943
11461565
11466086
11468312
11470639
11475016
11475046
11477535
11483570
11483693
11483716
11485979
11488055
11490249
11492032
11492991
11493377
11498644
11499457
11503497
11505121
11506616
11514509
11514788
11519844
11519932
11521614
11524467
11524637
11526152
11531575
11538001
11538005
11538773
11541025
11541783
11546730
11547397
11557908
11558561
11566644
11569948
11570480
11575410
11577123
11578447
11583812
11584387
11586877
11587922
11588553
11590057
11590954
11591508
11593118
11595119
11595509
11596494
11597055
11597911
11601634
11602663
11605119
11606517
11609775
11613660
11619899
11628155
11628855
11630708
11631040
11631061
11632348
11632656
11634351
11634530
11636415
11639713
11640989
11641110
11644776
11647229
11648521
11649584
11651695
11652098
11658722
11660400
11665146
11671507
11672090
11675628
11676486
11679536
11680202
11682897
11683293
11684377
11685783
11686816
11687104
11687910
11688205
11689346
11693353
11697805
11698323
11698801
11699646
11699878
11705139
11709673
11712980
11715159
11715717
11719226
11721269
11724129
11727002
11729021
11731986
11732254
11733669
11739089
11743056
11743391
11744119
11748010
11755761
11756944
11757216
11757861
11757877
11758655
11761501
11762700
11763430
11765186
11765601
11767169
11767231
11769413
11769630
11771747
11773813
11775084
11777550
11781926
11782835
11783702
11784778
11786398
11786608
11791432
11798268
11799396
11800456
11801816
11802068
11802960
11809302
11809657
11812065
11814104
11817589
11818307
11819095
11819990
11824521
11828665
11829038
11829118
11830806
11835227
11835742
11839106
11839357
11839480
11842762
11842820
11845443
11845781
11847775
11850997
11851976
11854156
11855632
11858392
11862840
11868845
11869242
11869699
11870624
11872418
11873059
11873702
11875412
11875919
11882615
11883206
11884762
11894073
11894404
11897097
11897256
11899850
11902422
11902975
11908689
11909698
11910173
11911970
11912196
11912444
11913324
11913793
11915120
11919050
11919544
11919908
11920220
11920349
11923623
11923851
11928275
11931190
11932110
11932223
11935670
11937853
11939337
11940112
11942146
11944358
11949291
11950792
11952155
11955013
11956103
11956330
11958367
11962583
11962685
11963939
11970421
11970575
11972004
11973715
11973788
11973886
11974724
11975247
11977801
11979162
11979844
11980851
11982229
11982867
11985533
11987631
11991754
11992993
11996049
11996124
11996430
11999502
12004921
12012018
12013444
12014441
12016305
12018063
12018832
12019328
12023814
12024361
12026127
12027269
12028964
12029644
12031757
12033989
12034829
12035539
12036081
12036224
12040487
12041888
12042775
12043914
12045964
12047627
12051235
12051961
12054549
12055727
12056527
12058839
12060567
12061492
12068305
12070853
12072067
12072960
12076333
12076839
12078809
12080590
12086404
12088899
12094259
12095114
12095376
12095922
12100618
12105096
12106125
12107514
12108003
12111094
12111851
12119035
12122827
12126470
12129978
12136344
12136773
12140949
12140991
12141427
12142696
12146868
12150528
12152331
12154097
12157047
12158508
12159325
12159574
12159784
12161210
12162442
12166254
12168617
12169740
12170084
12172539
12172567
12175536
12175670
12177066
12183143
12184872
12190190
12197408
12199101
12199296
12200310
12200587
12201400
12203144
12204191
12204526
12208635
12210292
12211941
12212247
12214359
12217087
12218271
12220204
12224833
12224946
12225216
12225652
12227165
12229901
12229979
12231261
12233403
12233520
12233994
12234498
12235558
12240004
12240392
12242369
12242513
12243161
12244911
12245142
12245154
12246567
12248106
12248353
12248507
12252156
12252765
12253100
12254308
12260694
12261279
12262013
12262536
12263423
12264515
12265607
12267268
12272416
12273274
12275032
12276803
12282679
12284628
12286587
12288242
12289131
12289306
12289395
12295430
12296132
12297417
12302884
12303260
12305017
12306628
12307229
12310986
12312330
12314717
12315766
12317908
12325163
12326628
12327417
12327551
12328651
12328703
12331171
12332384
12333651
12335880
12337992
12339203
12339793
12339886
12343640
12344547
12344881
12345032
12345038
12347604
12348720
12349050
12350211
12350893
12351778
12356254
12358168
12358223
12359390
12363696
12364396
12366011
12366813
12369306
12375665
12376190
12379864
12379888
12380181
12383145
12388835
12389350
12389996
12394107
12394818
12397539
12401228
12403880
12407844
12407883
12408678
12412000
12412605
12418600
12419722
12424139
12424278
12424631
12424943
12426111
12429965
12431569
12432239
12432759
12433046
12434335
12434395
12434658
12436702
12437243
12437735
12439428
12441045
12441311
12445532
12452156
12454407
12454536
12458463
12459007
12459010
12460023
12460405
12460601
12461173
12461882
12462419
12468180
12468327
12470540
12472078
12472717
12477332
12481964
12482319
12483501
12484230
12485659
12487801
12487804
12488020
12488294
12490303
12494325
12494663
12500066
12501038
12501441
12503251
12505221
12506521
12507514
12510397
12510591
12510595
12511715
12512346
12513717
12514125
12515445
12515891
12515995
12517536
12517930
12517954
12521576
12522914
12523016
12527326
12531316
12531895
12531985
12532434
12532924
12534164
12534525
12537670
12538112
12538810
12540454
12545207
12545472
12545572
12547202
12548858
12558858
12561259
12562039
12562890
12564477
12564965
12568733
12569800
12570101
12571877
12580312
12581553
12582772
12582942
12585287
12587902
12588413
12592334
12592799
12592919
12596081
12596420
12599402
12599844
12605804
12606206
12608677
12609423
12610089
12611292
12611604
12617222
12621976
12625540
12627759
12630094
12632927
12633748
12633794
12634103
12634218
12634363
12635777
12638597
12639508
12643122
12644163
12646979
12647366
12648766
12648843
12649138
12658811
12664067
12666715
12669470
12678075
12678224
12683426
12687924
12690979
12692617
12693008
12693155
12694961
12696756
12696795
12699502
12700503
12700535
12710477
12713830
12714898
12715057
12722314
12722496
12723181
12723298
12724842
12729781
12731813
12733626
12734207
12734694
12734767
12735078
12735164
12735287
12737285
12737452
12737998
12738305
12739365
12740334
12742603
12743174
12745553
12752996
12756027
12758208
12758483
12761515
12769212
12769418
12775328
12776804
12781373
12783684
12785773
12785982
12787916
12788733
12801671
12802765
12803403
12803607
12804359
12805867
12806068
12807694
12808114
12809776
12810281
12810759
12816600
12819203
12820268
12821799
12823624
12824636
12825836
12827396
12828677
12829513
12830741
12830832
12831068
12831149
12835074
12835206
12835918
12838348
12839633
12840865
12842663
12842991
12846058
12849079
12850666
12852834
12855543
12858223
12859960
12860627
12862031
12862403
12862881
12865774
12865896
12866868
12867570
12874882
12875092
12875109
12875540
12878359
12880318
12880425
12886528
12886813
12887868
12887876
12889329
12892184
12892206
12892917
12893833
12895437
12896200
12896945
12897812
12900708
12901769
12905092
12909217
12909261
12909655
12909688
12910167
12911084
12911679
12913972
12917540
12918973
12919503
12920752
12923041
12924295
12926305
12928274
12929660
12931240
12933753
12935583
12936933
12937590
12937734
12946765
12947434
12948392
12950816
12950828
12955150
12956952
12957249
12960058
12964109
12964840
12966482
12968335
12969500
12970543
12975303
12975571
12977888
12980964
12984077
12985069
12986330
12986476
12988810
12990189
12995048
12996808
12996849
12999964
13004948
13006705
13006709
13009396
13009895
13010103
13012264
13013991
13016970
13017273
13019376
13019382
13019608
13020522
13022166
13028871
13029060
13029943
13031535
13031587
13031611
13031972
13034138
13034600
13036464
13037724
13037832
13037882
13038267
13039674
13042827
13043430
13045122
13045874
13046965
13047397
13047902
13050120
13050140
13051096
13051346
13052836
13053300
13055578
13062625
13067342
13067752
13072358
13074109
13075243
13076118
13078674
13080912
13083881
13083886
13085874
13087316
13088690
13089981
13090589
13090718
13093362
13095627
13102316
13102677
13105377
13107489
13108313
13113766
13114453
13116142
13117376
13118090
13118848
13119152
13120196
13124246
13129630
13129993
13130413
13136616
13141666
13142272
13148027
13149270
13149973
13152081
13152105
13154737
13156691
13160243
13160317
13161212
13161688
13161895
13163715
13164702
13165355
13167783
13168458
13171431
13174163
13178750
13179299
13183045
13185516
13186339
13187341
13187813
13188025
13188921
13189188
13194562
13199882
13200545
13200813
13201136
13202471
13213849
13214999
13216223
13224116
13225664
13227608
13231543
13232188
13239043
13240896
13241551
13245114
13245327
13247715
13250946
13251038
13256551
13259602
13263125
13270635
13272477
13279077
13283611
13284012
13288078
13289724
13290447
13296050
13300116
13302396
13305927
13308488
13313521
13314565
13314810
13316340
13318185
13320534
13324908
13325505
13326584
13330136
13335224
13335465
13336906
13339890
13340617
13341974
13343807
13344643
13345496
13345612
13345770
13348357
13349142
13350101
13350785
13351251
13356251
13356341
13356502
13356565
13357874
13358448
13358548
13360697
13360976
13361200
13361270
13366699
13367181
13368641
13368935
13370044
13371675
13371864
13372486
13374428
13376332
13377634
13377752
13380538
13381525
13382168
13384221
13384562
13384600
13384944
13384998
13386563
13393975
13394046
13398535
13399615
13399701
13402088
13403359
13405580
13407279
13411536
13412055
13413145
13413883
13415627
13417369
13418009
13420035
13420230
13423225
13423255
13423440
13425322
13426147
13431928
13432918
13433438
13434783
13437319
13442336
13442655
13442872
13444304
13444675
13445650
13445913
13446336
13447003
13450215
13451176
13451478
13451571
13454794
13456002
13456319
13456793
13456866
13458241
13458628
13460570
13460738
13460988
13461118
13461335
13464334
13465127
13465540
13469062
13471546
13474086
13474700
13476790
13479433
13480866
13482200
13482276
13483149
13488653
13488997
13489982
13490619
13491632
13494061
13497450
13503152
13506021
13507449
13507872
13510817
13510911
13511062
13512175
13516413
13517403
13519076
13519154
13520368
13521852
13524511
13524889
13527742
13528636
13529708
13531204
13532534
13534630
13535041
13541240
13546974
13549663
13551858
13554278
13554721
13555075
13557180
13558437
13558975
13559292
13559614
13561466
13561481
13565894
13569978
13571749
13572142
13574805
13576315
13576545
13578311
13580215
13581268
13582559
13586081
13587739
13587911
13590378
13593020
13595102
13595908
13596633
13597034
13600661
13602538
13603983
13605471
13608122
13608600
13610576
13620132
13620444
13622560
13622680
13624049
13624774
13630191
13631615
13635957
13636390
13639366
13645895
13647292
13648813
13657917
13659436
13659699
13661325
13665108
13671815
13673835
13675280
13680639
13681353
13685818
13685916
13688754
13689236
13692528
13692643
13693092
13695249
13695852
13697773
13700312
13700430
13703012
13704663
13706473
13707000
13710102
13710381
13712568
13713209
13713379
13715589
13717108
13717112
13717660
13720717
13720967
13721321
13722288
13730626
13733642
13735557
13739708
13739752
13741321
13745159
13745587
13748226
13751861
13752688
13753164
13753949
13754633
13757995
13761915
13762876
13765011
13765387
13769302
13769856
13773471
13775114
13776067
13777253
13778646
13779158
13779803
13783068
13784057
13784344
13788848
13791028
13792566
13792790
13792834
13793312
13793575
13795310
13795527
13796116
13803710
13806257
13806776
13813699
13815286
13819358
13819364
13819504
13819869
13823339
13825562
13832572
13833087
13833205
13834089
13834209
13834756
13834999
13835766
13836066
13838664
13839774
13841011
13841696
13842625
13844405
13845557
13845712
13846129
13846322
13847743
13849479
13849581
13850256
13851189
13851536
13855797
13855966
13856962
13857889
13859623
13862759
13864335
13864364
13867819
13868561
13869576
13870598
13870923
13873264
13874021
13877320
13878495
13883958
13887678
13889075
13889232
13891414
13893051
13894157
13896186
13899658
13899708
13903730
13908101
13917606
13923122
13923780
13923947
13925369
13928327
13929960
13931294
13931791
13934320
13935059
13937961
13939371
13943383
13946350
13950816
13952092
13955257
13958341
13960400
13961275
13961772
13964442
13972122
13972702
13974026
13981296
13982238
13983742
13986423
13986436
13987485
13988341
13989021
13989601
13990555
13990718
13991040
13991042
13998007
14000274
14002911
14005388
14005933
14006354
14014809
14017376
14020024
14022069
14022320
14023241
14023297
14025437
14028727
14033552
14036493
14037533
14043327
14043359
14052340
14053451
14054786
14056283
14056577
14066157
14066958
14070206
14071707
14073129
14075323
14076083
14080878
14082285
14087593
14088525
14089356
14091750
14092965
14093891
14098725
14100017
14100295
14102283
14102574
14102591
14103099
14103310
14103875
14104025
14105267
14105616
14111055
14116181
14116631
14122897
14125334
14126877
14127248
14129745
14130621
14133404
14133986
14138221
14139994
14140634
14141137
14142670
14146780
14148473
14148989
14149756
14152595
14153354
14154678
14156073
14156862
14157351
14159594
14163562
14164074
14164699
14168146
14169868
14174306
14175111
14175541
14176997
14178125
14178540
14181554
14181726
14183144
14183648
14184999
14185866
14188158
14191835
14192198
14195989
14198134
14198483
14201702
14201747
14202350
14202904
14203040
14205015
14206033
14207963
14214196
14215244
14216196
14219869
14222085
14223383
14225198
14225703
14226144
14227878
14229266
14229445
14229836
14232159
14236102
14238595
14238728
14239408
14242783
14243311
14243829
14244178
14248520
14249892
14250141
14252419
14253749
14254338
14257441
14258294
14259052
14259463
14259983
14260879
14263146
14264779
14265914
14267411
14269305
14269646
14271014
14271655
14274208
14275489
14275647
14277061
14277596
14282706
14283609
14284610
14285674
14286639
14286961
14288708
14288709
14289752
14292976
14296804
14299377
14299852
14300283
14302686
14305416
14307283
14308694
14310198
14311125
14312027
14313208
14317528
14320241
14328116
14329934
14331865
14340183
14350597
14350712
14351482
14354940
14355639
14357815
14357873
14359413
14359522
14360299
14362812
14366837
14367723
14368477
14370250
14370985
14373488
14374373
14375868
14377936
14380248
14381384
14381651
14381804
14382450
14382783
14384029
14384684
14385383
14386469
14386504
14387167
14387713
14390573
14392130
14396404
14398378
14398551
14402279
14403187
14405097
14407450
14407812
14409653
14411238
14414822
14417003
14420325
14422182
14422198
14423475
14428548
14429579
14429893
14429919
14430009
14435791
14436090
14436273
14440118
14440835
14441242
14441739
14443202
14443444
14445195
14445406
14446631
14449764
14450669
14453646
14457447
14458548
14459012
14459556
14459721
14459868
14460266
14462939
14468669
14468740
14470102
14471145
14472104
14473467
14478491
14482888
14484620
14485417
14486335
14486725
14486885
14490376
14491480
14494467
14495964
14496883
14499884
14502473
14502710
14507839
14509976
14511520
14511679
14513682
14514049
14514127
14514205
14514598
14516989
14519557
14522487
14524106
14524176
14525398
14527492
14527677
14529247
14529434
14530746
14531753
14537457
14543132
14543788
14544633
14549144
14549213
14549296
14551832
14553390
14553834
14553849
14554116
14555084
14564727
14565348
14567135
14567978
14574138
14577131
14579628
14581731
14586783
14587687
14589531
14598071
14600119
14600155
14600610
14601368
14603563
14607150
14611323
14613975
14617110
14619058
14621623
14623381
14627587
14631189
14633956
14637339
14639055
14641078
14643336
14644122
14644315
14645016
14645228
14645644
14648089
14649544
14649708
14650874
14659768
14660760
14665370
14665461
14667764
14669610
14672234
14674423
14676605
14683598
14685849
14688563
14692489
14692940
14693348
14695182
14695556
14697093
14698259
14698601
14702297
14702497
14705069
14707073
14707373
14707790
14708385
14709363
14710575
14711709
14712449
14713292
14718532
14719204
14720482
14725939
14729350
14731189
14732955
14735589
14736683
14742699
14743199
14744755
14746335
14746585
14747013
14747244
14748137
14749561
14750247
14752331
14754705
14759801
14760744
14761161
14762691
14763840
14763941
14764150
14764391
14765837
14768134
14768142
14769451
14775365
14779570
14779823
14780492
14782475
14782819
14785715
14787156
14791801
14794073
14796429
14796951
14800596
14802232
14804790
14805731
14812936
14812986
14814489
14819309
14831700
14833951
14834003
14834784
14835219
14836488
14837192
14839915
14842960
14843883
14846660
14846795
14848626
14851047
14851352
14851693
14852950
14859402
14863348
14863496
14865610
14866072
14868640
14871177
14872085
14872756
14874059
14876505
14878710
14879834
14880124
14881640
14883187
14883983
14885885
14887571
14896876
14899813
14903198
14904548
14906753
14912190
14913876
14916381
14916778
14921991
14922108
14924696
14926691
14926720
14927669
14928457
14928836
14929717
14930763
14931627
14933859
14937101
14938482
14941965
14946425
14946730
14946865
14949364
14952607
14957134
14966269
14968874
14970972
14974134
14984676
14985503
14985979
14986489
14987751
14992348
14995764
15001964
15002632
15004964
15006870
15007258
15007914
15008418
15009594
15009996
15012145
15012717
15016633
15019065
15020688
15021758
15022672
15024326
15024855
15025175
15026019
15026901
15028237
15029131
15029252
15030685
15030818
15033719
15038335
15038657
15046864
15051746
15052351
15053065
15054274
15055411
15056408
15057205
15057576
15058615
15064032
15064880
15066158
15067692
15067944
15069056
15070958
15073292
15073530
15074729
15074797
15077836
15079494
15080461
15080766
15081851
15085437
15085729
15089175
15090899
15091200
15092907
15094479
15095081
15099268
15100974
15103077
15104438
15104889
15105541
15106405
15107519
15107640
15108035
15108700
15108752
15112453
15118994
15119099
15119841
15120257
15124581
15125709
15126257
15126585
15128010
15134253
15135407
15139496
15140047
15141447
15143126
15143497
15149079
15150755
15153117
15153229
15156128
15156338
15157230
15158431
15163064
15167375
15167864
15171286
15172607
15173917
15174476
15175390
15177843
15179629
15184824
15190272
15193690
15194579
15195381
15197315
15199757
15200609
15201517
15202505
15203460
15203831
15211209
15211258
15212865
15213281
15213727
15215839
15220510
15221166
15223374
15224695
15224983
15226753
15228245
15228900
15229099
15231018
15233170
15233317
15234585
15238129
15238757
15239003
15239278
15240284
15240514
15242890
15244354
15247320
15249659
15250658
15251572
15254316
15256976
15261822
15263922
15265133
15265229
15265433
15265562
15267954
15268843
15273900
15274820
15277182
15278146
15279975
15280061
15280151
15284679
15285465
15285868
15286453
15286494
15286860
15287685
15287965
15289538
15290045
15293642
15295924
15296423
15300469
15301986
15304470
15306448
15310562
15311571
15311716
15312731
15314699
15317731
15318957
15324300
15325164
15325557
15325931
15326548
15332671
15335192
15336399
15336404
15341618
15342329
15342775
15346351
15349797
15349836
15350296
15356408
15357941
15358893
15359093
15360522
15360680
15363171
15364629
15364700
15365162
15365343
15367643
15369434
15370378
15371148
15372263
15372826
15373132
15373258
15374601
15374681
15376836
15379173
15380981
15381947
15382370
15382883
15386897
15389453
15390412
15393761
15396545
15398342
15403657
15413149
15413715
15414609
15420176
15423481
15426087
15426478
15430036
15436482
15437953
15438624
15438926
15438940
15440398
15444552
15444714
15448384
15449214
15452883
15453861
15462249
15462490
15463918
15465572
15466343
15469690
15470433
15472413
15472979
15478161
15481147
15481325
15482422
15484723
15485639
15485806
15486777
15486919
15489691
15490309
15491565
15491901
15493713
15494694
15494897
15495403
15496871
15497978
15499710
15502470
15503429
15505082
15505449
15505691
15506061
15508816
15511587
15514479
15515035
15515280
15515544
15521680
15521863
15521989
15524140
15524913
15526845
15528116
15531018
15531438
15534849
15536025
15537747
15539802
15543170
15546452
15547930
15554312
15560153
15560831
15562717
15562830
15565949
15567311
15568575
15571234
15574121
15576087
15576353
15580303
15582742
15583899
15584102
15586787
15589852
15592914
15593513
15595181
15597451
15602018
15602464
15602925
15604619
15605331
15609330
15612949
15615177
15615263
15615277
15617056
15620815
15622884
15623582
15624931
15626691
15631113
15632458
15633578
15635827
15636339
15638684
15639201
15641027
15642033
15644112
15647202
15650308
15651202
15655820
15657459
15661897
15669113
15670520
15671588
15673532
15675225
15679326
15679415
15679674
15680470
15684927
15687445
15688280
15691983
15692758
15694145
15694542
15703170
15705816
15708326
15709796
15710084
15713104
15717090
15719090
15720605
15723961
15725475
15726011
15726573
15729761
15736481
15737375
15738586
15739630
15740010
15741206
15750696
15751372
15753858
15755469
15756989
15758881
15761948
15762770
15763203
15764039
15765209
15767746
15770762
15775794
15777061
15777365
15780232
15786955
15788994
15789212
15791608
15793105
15793478
15793502
15793777
15795663
15797901
15800880
15802937
15803606
15803700
15804104
15804909
15805988
15806681
15807213
15808843
15809458
15810661
15813467
15813485
15813791
15817265
15817266
15818670
15822840
15824273
15824502
15825939
15826700
15826891
15829220
15829783
15835593
15839250
15841564
15841688
15842690
15845733
15846649
15847217
15847243
15851298
15855336
15856900
15857476
15858656
15858828
15858880
15859559
15862783
15864234
15866721
15867376
15868980
15872080
15872541
15873612
15876019
15876653
15877149
15879744
15880971
15881136
15881614
15883994
15884395
15885955
15886826
15888594
15892707
15901744
15902106
15907342
15912046
15916759
15916780
15919634
15923469
15930640
15931997
15934492
15934908
15935109
15935226
15936961
15939034
15939068
15940993
15944200
15945674
15946774
15947677
15949548
15950501
15951716
15952488
15953049
15953951
15957987
15958351
15959749
15960380
15967281
15967657
15968388
15968474
15971753
15976990
15977211
15980012
15980683
15982541
15982812
15984673
15986521
15986760
15987892
15992489
15993311
15995020
15998263
15999800
16000015
16000480
16003886
16004338
16004997
16005362
16010670
16010882
16013383
16016220
16018921
16019847
16021940
16023322
16028299
16028414
16032895
16033400
16036104
16036606
16038287
16039140
16045492
16046797
16047307
16047888
16048865
16049154
16051180
16051585
16052117
16053190
16056218
16058085
16061559
16064022
16064230
16066801
16067430
16068714
16072690
16079747
16081504
16081840
16082311
16083026
16083259
16084009
16084534
16086029
16087933
16088201
16089416
16090577
16093198
16093602
16093968
16094864
16095375
16096308
16100821
16101006
16105370
16107959
16108706
16109972
16112026
16114965
16116049
16117612
16119086
16122850
16124407
16125465
16126356
16126673
16128973
16131696
16136083
16138565
16143335
16145386
16148010
16151440
16152804
16153158
16156089
16156479
16159019
16159032
16160718
16161511
16163700
16167303
16172192
16177523
16188124
16191954
16193526
16198573
16199064
16199185
16199679
16199995
16200004
16201014
16205178
16209253
16214807
16215385
16215776
16215879
16217273
16217316
16218909
16220248
16222740
16222867
16225221
16227537
16227880
16228316
16228942
16229072
16230284
16234016
16235436
16235563
16235635
16236023
16236268
16237272
16243028
16243700
16243868
16244364
16244502
16244591
16246184
16247143
16247818
16250724
16252233
16252621
16253945
16256855
16257319
16262479
16263238
16264514
16264604
16265433
16265900
16267808
16267996
16271085
16272013
16273691
16274655
16277460
16278229
16284639
16284977
16287707
16288026
16288252
16290203
16293234
16293424
16298787
16301004
16302014
16304188
16306911
16311278
16312145
16314949
16316864
16317861
16318703
16320116
16320746
16322910
16324953
16326359
16328433
16329331
16329811
16330320
16338046
16338165
16338770
16340788
16343421
16344661
16348417
16348528
16351072
16351836
16352428
16353208
16354375
16355824
16357432
16357736
16358593
16358878
16359601
16361584
16362121
16364694
16369041
16371858
16372114
16372519
16375056
16375740
16376073
16377940
16379328
16380201
16384650
16385250
16385356
16386500
16386521
16388832
16389339
16389769
16390589
16395849
16396117
16396526
16397218
16399062
16399266
16399805
16400088
16402464
16404466
16410159
16413587
16413736
16413942
16415697
16418586
16419125
16422245
16424267
16428610
16429065
16434647
16436035
16439276
16439908
16445347
16446595
16448385
16453294
16453872
16454985
16455194
16457257
16458783
16462628
16464095
16464409
16465510
16466779
16467619
16469016
16470206
16472291
16472371
16474959
16476173
16476704
16477019
16477680
16477880
16480011
16480194
16482193
16484818
16485261
16486293
16486712
16487390
16488750
16492482
16495279
16497064
16502671
16505309
16508292
16508359
16508382
16508852
16509712
16511913
16514722
16516023
16517212
16517734
16520015
16520496
16521605
16522047
16524021
16524700
16524780
16528664
16529198
16534153
16536507
16538955
16539311
16541659
16542890
16546332
16546613
16547355
16554038
16556139
16558796
16559667
16563741
16565633
16566610
16566982
16567462
16567964
16570483
16571638
16574204
16576666
16580320
16580718
16584398
16590519
16590806
16594927
16595959
16598013
16598732
16599210
16599234
16606256
16606643
16609093
16609306
16614588
16616614
16617424
16619678
16621167
16621583
16622287
16624329
16624487
16624954
16625792
16629508
16631671
16635102
16638638
16641091
16641516
16644844
16649328
16650732
16652697
16654648
16657681
16658682
16658910
16659164
16660961
16661651
16667609
16669605
16670796
16672503
16672547
16672622
16678204
16678960
16680804
16680860
16682016
16683040
16683315
16685846
16691418
16692916
16693931
16695205
16696925
16697381
16698533
16699268
16699717
16704090
16704161
16707737
16710002
16710813
16710991
16711032
16716514
16717271
16719018
16720076
16720203
16722418
16724988
16727316
16727546
16727699
16727864
16727884
16729218
16731095
16731444
16731828
16734844
16736911
16737153
16739085
16741126
16742075
16742099
16742106
16746439
16747328
16748596
16750443
16751553
16752599
16753521
16754143
16755616
16758388
16758800
16764453
16768526
16770724
16773045
16773204
16776001
16779144
16779716
16780112
16781215
16781503
16782002
16784242
16785941
16786146
16788136
16788798
16793446
16794582
16795779
16798690
16798772
16799208
16799391
16799772
16800593
16801076
16803695
16805379
16807679
16813053
16813659
16815485
16816712
16817261
16818024
16819721
16821207
16821500
16824459
16826306
16826567
16826935
16830192
16830599
16830629
16831217
16834867
16836940
16838501
16843814
16845493
16845623
16846413
16846603
16847773
16847845
16849373
16849384
16852466
16854694
16856225
16857187
16857420
16859901
16860324
16862132
16865337
16866367
16867869
16868110
16870958
16873396
16876310
16876621
16878396
16879178
16884802
16886545
16887467
16888475
16889805
16890338
16890537
16894187
16894328
16896105
16898582
16899749
16901606
16907035
16910469
16912395
16913390
16916908
16916925
16917812
16918338
16918672
16918722
16921140
16922808
16923109
16923750
16927024
16927413
16927521
16930853
16934080
16937123
16938036
16938578
16938807
16940121
16940719
16941619
16943317
16943719
16944442
16946648
16947127
16950679
16952640
16953550
16955682
16957034
16957655
16957722
16958159
16960526
16962938
16963445
16965788
16975054
16981732
16982435
16986826
16990384
16991466
16993685
16995088
16998414
17000020
17001094
17002037
17002290
17003106
17004296
17004921
17005992
17006265
17012597
17013199
17014987
17018728
17019038
17019760
17023309
17023532
17024948
17027319
17030329
17031163
17037692
17038455
17040065
17044274
17047797
17051268
17053909
17054678
17058599
17061098
17062909
17066480
17066657
17069365
17069784
17071464
17073983
17078003
17079989
17082097
17083179
17088101
17091172
17093210
17103309
17106670
17107413
17109662
17111459
17121112
17124291
17124459
17127995
17135217
17135514
17136201
17138720
17140097
17141030
17141764
17143495
17143690
17146411
17147307
17147931
17150311
17151369
17154654
17155367
17155773
17157319
17160251
17160832
17164852
17166008
17166276
17166347
17167604
17168964
17169890
17173419
17184315
17184601
17191730
17193778
17196812
17202885
17206446
17207327
17210447
17210974
17212211
17215491
17215787
17216111
17217719
17218838
17224138
17227960
17229548
17231467
17232066
17233330
17234763
17239717
17241665
17242755
17245007
17247055
17248076
17251484
17253099
17256504
17257111
17258754
17263020
17263995
17264404
17265820
17269239
17273136
17274062
17274729
17276095
17278117
17278360
17280389
17282126
17287553
17290549
17290643
17290731
17292719
17293390
17293473
17293914
17296608
17297770
17299276
17300209
17301594
17301787
17304661
17310766
17311292
17311800
17311926
17314163
17314221
17315699
17316806
17318232
17320120
17326963
17327393
17330286
17331293
17333128
17334759
17335562
17336316
17342453
17343338
17350218
17350336
17350802
17351085
17351201
17352119
17352473
17353562
17358440
17359755
17361151
17365851
17378132
17378704
17381918
17384945
17386714
17388670
17389480
17389523
17390170
17390313
17390460
17390830
17391475
17394686
17396687
17400217
17402684
17405067
17415015
17416709
17418539
17419750
17420914
17421085
17423126
17429020
17434844
17437531
17438018
17438311
17438414
17439116
17440851
17444343
17444656
17448008
17448023
17448381
17449574
17451081
17454591
17454899
17455401
17457492
17458136
17458880
17460724
17460775
17461833
17466180
17466602
17471177
17471483
17471787
17472186
17472214
17477856
17483660
17484859
17485021
17485946
17486519
17489933
17491546
17492332
17493097
17498565
17498653
17501488
17501553
17508145
17508563
17510697
17513005
17514435
17519345
17522909
17525825
17526384
17529109
17529525
17531622
17534107
17535022
17535522
17536487
17537927
17539623
17544097
17545770
17547413
17550951
17553582
17553891
17554647
17555930
17558285
17559483
17561758
17564180
17565683
17568827
17569456
17569462
17572528
17576503
17580155
17581379
17581918
17581959
17582412
17583029
17583721
17584641
17590741
17590885
17593714
17595801
17596074
17597207
17603862
17604114
17608106
17613610
17613799
17619773
17622515
17623193
17624050
17628785
17630861
17631589
17632977
17633648
17633879
17634827
17636988
17637531
17641555
17644662
17646669
17647071
17648520
17649831
17650366
17651262
17652565
17660552
17660831
17663340
17663584
17664824
17665774
17666487
17666855
17672127
17672698
17673023
17674581
17674757
17674994
17676983
17683755
17683907
17685443
17687866
17688354
17689334
17691213
17692598
17694406
17696805
17697609
17701319
17705079
17706513
17709433
17709629
17710224
17711771
17721769
17722107
17725046
17725142
17730973
17732773
17733989
17735138
17736728
17738420
17740589
17742475
17746194
17748567
17750699
17751224
17752571
17753208
17753315
17754101
17755291
17757782
17760099
17762220
17762969
17768360
17770450
17772070
17773019
17776358
17776886
17777341
17781737
17786837
17788536
17791916
17795040
17797939
17801562
17802697
17803235
17805312
17805970
17808596
17808605
17809084
17812030
17812637
17815650
17816018
17816468
17820820
17823033
17825360
17831059
17831480
17834653
17834770
17835260
17835939
17840233
17841813
17843257
17843503
17844954
17845161
17850548
17851010
17853462
17858639
17859642
17861420
17862021
17863142
17863669
17864819
17868078
17870024
17870986
17872703
17873658
17874847
17874865
17875976
17876193
17881003
17881439
17881486
17882125
17886711
17891278
17891787
17892334
17897426
17897623
17897845
17902546
17904592
17905385
17909318
17910027
17912714
17914490
17914960
17917074
17917184
17917528
17918571
17918871
17919581
17922648
17930041
17933119
17936600
17936813
17940456
17947638
17948316
17952512
17953098
17954199
17954327
17955392
17960675
17961164
17971107
17971804
17974878
17975575
17977376
17978054
17978992
17979385
17983438
17986157
17986406
17987661
17988227
17990494
17990501
17992074
17993265
17993712
17997725
17998862
17999931
18000606
18005291
18005577
18006961
18010191
18010598
18013022
18013281
18016141
18020128
18022776
18024521
18024528
18024694
18027302
18029476
18030568
18033599
18034584
18035193
18036130
18043097
18044770
18047764
18048907
18055463
18056539
18057121
18057155
18058312
18064204
18068150
18071149
18073776
18074894
18075134
18078949
18079729
18079959
18081037
18083542
18084526
18086451
18088803
18092062
18094147
18094556
18103518
18104148
18107279
18107750
18111557
18116791
18117011
18117934
18118134
18121904
18125508
18125571
18127138
18127507
18127859
18128126
18128700
18128746
18131797
18133036
18133226
18138111
18138794
18139253
18140538
18143502
18143937
18144360
18146219
18149045
18149548
18149984
18151351
18152131
18154792
18162857
18163072
18164434
18165537
18167731
18168680
18169147
18170791
18171308
18175721
18177458
18181313
18184182
18184264
18185495
18186328
18187132
18188644
18189957
18192645
18193110
18201213
18201258
18201409
18201910
18202490
18205679
18213077
18216654
18219395
18220069
18221145
18222621
18222734
18225681
18225775
18227031
18227251
18230479
18231033
18232499
18233153
18234798
18236892
18239886
18242613
18247628
18248132
18248536
18249294
18252078
18255224
18257963
18258945
18259044
18259180
18262966
18267784
18268393
18269278
18272689
18274881
18278088
18279440
18280878
18282897
18283856
18283900
18284261
18288437
18289851
18291581
18295265
18297699
18298144
18303426
18305201
18306174
18310016
18310525
18311121
18312153
18312508
18313865
18316027
18319253
18319714
18324239
18326586
18326842
18334206
18334616
18337605
18341684
18341956
18343233
18344042
18345825
18347023
18349732
18355130
18361606
18361655
18365752
18366024
18366109
18368076
18369938
18371378
18371406
18375479
18376832
18377723
18380637
18381163
18381245
18386026
18386462
18388624
18389798
18389964
18391968
18393423
18394011
18394057
18396210
18396512
18397494
18402084
18402701
18402703
18405321
18405425
18406557
18410913
18412427
18413600
18416545
18423837
18423900
18424568
18428081
18435919
18438584
18440898
18441372
18444090
18449943
18451497
18453429
18454252
18456558
18456973
18457787
18459617
18460084
18462144
18462422
18464062
18464880
18465122
18465919
18466198
18468356
18470399
18473224
18473828
18477164
18478581
18484012
18485236
18488144
18489336
18496912
18501244
18503109
18503165
18505049
18506597
18507432
18508344
18508902
18509194
18509345
18511295
18511938
18514312
18515473
18515924
18517613
18517938
18521607
18522687
18525800
18526658
18527057
18530342
18532019
18535920
18536062
18536537
18537248
18539510
18541059
18542963
18543165
18544377
18546744
18551284
18553589
18558025
18558530
18559253
18559841
18561885
18562250
18562571
18567137
18567401
18568615
18569596
18571446
18576175
18577444
18577460
18577506
18580230
18580371
18581707
18583300
