108505
109297
109516
109675
112597
113398
114293
115162
115306
115402
116271
116860
117174
117489
117637
117862
119669
120201
120763
121671
121974
122023
123422
124049
124141
124195
125177
126573
126834
127079
127391
127674
127718
127815
127828
127934
127965
128445
128535
128734
128913
129221
129344
129823
129951
130076
130135
130342
130452
130927
131178
131237
131314
131950
132096
132290
132343
133843
134076
134103
134162
134236
134505
134685
134786
135201
135248
135315
135701
135747
136462
136573
136866
137535
138772
140321
140512
140717
142261
142464
142526
142533
142649
142899
142961
143090
146454
147648
149236
150254
150831
150900
151165
151202
151916
152025
153327
155431
158744
202226
202425
203149
203354
203697
204515
204783
205150
205245
206117
206176
206287
206325
206845
206848
206876
207277
207656
207732
208128
208672
208913
208934
209838
210931
211165
211530
211613
211686
212664
212945
213163
214466
214726
217019
218781
218983
221291
227190
227759
293204
296079
301721
304434
305607
305683
305913
306656
307075
307122
307125
307383
308232
308347
308810
309820
310519
310625
310796
311273
311419
311802
312797
312830
313305
313432
313514
313847
314174
314777
314914
315097
315269
315328
315346
316569
316769
317172
317240
318112
318434
319193
319393
319466
320293
320563
320798
321146
321446
321448
436789
438126
439778
441081
441731
441902
443556
444204
447878
449397
450017
451982
452387
452528
452650
453023
453263
453280
453471
453956
454673
454824
455109
455148
455290
455669
455872
456179
456442
456472
457003
457093
457145
457369
457519
458382
458501
459280
459323
459366
460218
460463
460886
460971
461590
461845
461887
461913
462430
462997
463107
463219
463261
463315
463579
463725
464251
464527
464790
464910
465162
465348
465407
466512
466523
467794
468215
469078
469278
469769
469793
470620
470958
471337
472403
473043
473248
473774
473867
474177
475548
476863
476935
477494
478349
478991
479610
479808
480205
480548
481132
482770
482843
482946
484107
494338
498428
498916
499746
499751
499765
499914
500060
500244
500260
500298
501039
501497
501617
502007
502017
502088
502249
502367
502872
503333
503605
503817
503965
504209
504256
504264
505208
506456
506769
507287
507916
507954
508080
508243
508269
509286
509647
509803
510413
510518
511480
512659
512770
512876
514578
515089
515319
515776
515906
516189
516226
516647
517595
553805
554255
554456
554566
554612
555662
555989
556003
556125
556237
556710
557089
557428
557744
558041
558121
558629
558714
559101
559176
559339
559683
559957
560290
560568
560849
560893
561458
561468
561972
562169
563474
563522
563685
563913
563936
564010
564687
564849
564989
565092
565494
565550
565598
565664
565682
565803
566228
566287
566396
566400
566665
568422
569132
571093
572579
573831
574125
575315
575579
575785
577031
577742
578609
579187
579568
580892
647591
647691
647761
647881
647935
647961
648452
648559
648563
649917
650278
650316
650354
650501
651241
651791
652208
652587
652626
652858
653523
653792
653972
654139
654148
654407
655275
655278
655316
655521
655983
656168
656274
656640
657100
657134
657981
812364
813434
813541
813864
814107
814456
814874
814967
815073
815089
816452
817256
817841
818105
818402
818626
818888
818911
818980
819750
820334
820485
820615
820815
820944
821194
821576
821675
822453
822509
822587
822597
823189
824141
824201
824256
824352
825243
825409
825689
826447
826766
826922
827753
828234
828723
828776
855527
855698
855946
856276
856499
857124
857140
857472
858186
858582
859019
859473
859547
860548
861041
861835
862053
863612
865203
894415
894807
895036
895166
895235
895635
895953
895973
896450
896744
896777
896841
896929
896987
897104
897172
897188
897345
897926
898089
898455
898490
898754
899549
899716
899980
900477
900631
900845
901193
901328
901361
901413
901551
901632
901698
901762
901797
902080
902254
902472
902502
903157
903732
904115
904222
904317
904377
905292
905317
905593
905677
906037
906074
906522
906678
906949
907222
907326
907349
907531
907642
907833
908035
908101
908399
908562
908881
908967
909019
909726
909845
910104
910188
910222
910255
910365
910746
910843
911022
911218
1000826
1013776
1046418
1046778
1049886
1050891
1050936
1051059
1053624
1054577
1068981
1232762
1232807
1232837
1233146
1233288
1233698
1234428
1234599
1234886
1234919
1235836
1235902
1236372
1236609
1236663
1236867
1236988
1237269
1237767
1238127
1239063
1239545
1239679
1239943
1240137
1240137
1240258
1240428
1240884
1241066
1241733
1241763
1241896
1242065
1242111
1242809
1242863
1243038
1243121
1243312
1243575
1243595
1243744
1244388
1295142
1295200
1295683
1295797
1296907
1297135
1297620
1297810
1298557
1298564
1298755
1299005
1300223
1300581
1300764
1300965
1301791
1302750
1302965
1303960
1304008
1304131
1304855
1305182
1305361
1305427
1305921
1306206
1306262
1306315
1306599
1306845
1306928
1307034
1307225
1307508
1308151
1308751
1308910
1312265
1314328
1314487
1317644
1317937
1319760
1323424
1323959
1324564
1325429
1325538
1370482
1370551
1371237
1373436
1373576
1374235
1374443
1375318
1375457
1375698
1377194
1377862
1378385
1378797
1379755
1380991
1384167
1385070
1385866
1386488
1386973
1387402
1388617
1388824
1405672
1407430
1408824
1409237
1414150
1416988
1418765
1418857
1418959
1419104
1419160
1420358
1420836
1421428
1421580
1421599
1421629
1421977
1422186
1422423
1422668
1422734
1422943
1423283
1423284
1423288
1423293
1423387
1423444
1423639
1424047
1424175
1424254
1424274
1424539
1425421
1425517
1426072
1426410
1426646
1426660
1426735
1426776
1426854
1426909
1426995
1427032
1427050
1427118
1427235
1427339
1427519
1427710
1427833
1427837
1427944
1428463
1428530
1428903
1432875
1438930
1442371
1457066
1458638
1462855
1462960
1463835
1464394
1465318
1467226
1467753
1469332
1469340
1469656
1469663
1470020
1470129
1471729
1472264
1473014
1473308
1473881
1474546
1474667
1475342
1476405
1477169
1477225
1477811
1478670
1479806
1479934
1480193
1480340
1480905
1480910
1481410
1481732
1481762
1482406
1482669
1482923
1483656
1484175
1484334
1484506
1484525
1484890
1485369
1487127
1487427
1488147
1488769
1489011
1489430
1489971
1490060
1490111
1630282
1633621
1634186
1635307
1679587
1679587
1680358
1681791
1682068
1682211
1682233
1682495
1683351
1683485
1683798
1684024
1684227
1684257
1684286
1684405
1685308
1685395
1685417
1685502
1685637
1686237
1687238
1687409
1688018
1688425
1688567
1688693
1688821
1688999
1689114
1689731
1689924
1690214
1690725
1691588
1692745
1693580
1694009
1694580
1694585
1694905
1694935
1695302
1736878
1751923
1752150
1754188
1756223
1756815
1759234
1762061
1763370
1765897
1766112
1766687
1766991
1767004
1767400
1805428
1807092
1809453
1809547
1809964
1811106
1811460
1812057
1812223
1814126
1814543
1815557
1880648
1882512
1882812
1883454
1884215
1884912
1885093
1885294
1886191
1887236
1887674
1888282
1888746
1889582
1889922
1892892
1893920
1894361
1894439
1895368
1899236
1908574
1908666
1909250
1909601
1909915
1910091
1910289
1911674
1911920
1912280
1912327
1912655
1913359
1914089
1914362
1914800
1915275
1915472
1915652
1916767
1917885
1919529
1919611
1920241
1921152
1921966
1922028
1922644
1940916
1941321
1941457
1942416
1943066
1943341
1943780
1944045
1944351
1946628
1946770
1947412
1947701
1948560
1949759
1951850
1955009
1956730
1956863
1957999
1958101
1958567
1958648
1958966
1959233
1959618
1959972
1980018
1981665
1981995
1983100
1985283
1986879
1987307
1987523
1989415
1990085
1991035
1991650
1992241
1992648
1993182
1995061
2042459
2043570
2044299
2044323
2046647
2047675
2047986
2048605
2049235
2049342
2049815
2049847
2049918
2050866
2050976
2055336
2056111
2056113
2056212
2084306
2086267
2087559
2124512
2137630
2141687
2141700
2143241
2144354
2145149
2146663
2149889
2150871
2151257
2151502
2151560
2151629
2151787
2152176
2152659
2152738
2152849
2153171
2153795
2153828
2154079
2154139
2154170
2154726
2154967
2155084
2155366
2155522
2155532
2156241
2156331
2156896
2156969
2157442
2157492
2157571
2157705
2157882
2158368
2158939
2159234
2159265
2159402
2160050
2160054
2160536
2160592
2161232
2161816
2162176
2162250
2163018
2163483
2163488
2164009
2164816
2165108
2165325
2165463
2165512
2165633
2165646
2166363
2167140
2167217
2167443
2167810
2167952
2168903
2169025
2169164
2169890
2170105
2170837
2170867
2170965
2171020
2171547
2172212
2172811
2173476
2173873
2174630
2175436
2176056
2176079
2176255
2176711
2177488
2180625
2182446
2201428
2201480
2201832
2203297
2204782
2206266
2208613
2208713
2209932
2209960
2211151
2229764
2229782
2230077
2230168
2230185
2230626
2230722
2231249
2233183
2234590
2236701
2238200
2238283
2239872
2241806
2243598
2243720
2244666
2262358
2262834
2264920
2266044
2268636
2269803
2270891
2293321
2295057
2295436
2295699
2295791
2295793
2296272
2296347
2296541
2297352
2297630
2297772
2298110
2298474
2299446
2300150
2300243
2300330
2300344
2300476
2300513
2300861
2300990
2301181
2301981
2302221
2302336
2302680
2302822
2303013
2303142
2303148
2303288
2303330
2303545
2303857
2304078
2304268
2304508
2304967
2305126
2305345
2305441
2305801
2305928
2306513
2306579
2307108
2307314
2307367
2307414
2307452
2308001
2308027
2308266
2308451
2308690
2308701
2308809
2308983
2309201
2309502
2309522
2309671
2309748
2309763
2310841
2311075
2311200
2311962
2312140
2312342
2312509
2312852
2328762
2329069
2329072
2329082
2329271
2329365
2329728
2329806
2330246
2330510
2331002
2331169
2331488
2331575
2332286
2332363
2332538
2332632
2332858
2332932
2332953
2333026
2334084
2334326
2335481
2335616
2335906
2336474
2336551
2337234
2337582
2337614
2338382
2338606
2338646
2338700
2339162
2339206
2339267
2339308
2339707
2339730
2339928
2340029
2340065
2340532
2340607
2340981
2341126
2341263
2341301
2341405
2342289
2342317
2342412
2342611
2342650
2342768
2343061
2343491
2343709
2343949
2344074
2344126
2344244
2344594
2345405
2347290
2347404
2347532
2347578
2347678
2348316
2348468
2348553
2348670
2349019
2349039
2349189
2349550
2349800
2350448
2351574
2351767
2352489
2353027
2353254
2353915
2353927
2354274
2354285
2354385
2354707
2354950
2355217
2355603
2356293
2356446
2356636
2356932
2357142
2357278
2357295
2358343
2358374
2358769
2359118
2359472
2359482
2359488
2359518
2360137
2360466
2360788
2360962
2360998
2361012
2361111
2361481
2362101
2362296
2362330
2363084
2363090
2363103
2363354
2363583
2363748
2364261
2364797
2364871
2376586
2381431
2384003
2387103
2390298
2392019
2392414
2420388
2426072
2426376
2426582
2426830
2427030
2428189
2428524
2428568
2428710
2429061
2429312
2429521
2430336
2430563
2430866
2431146
2431493
2431810
2431944
2431967
2432060
2432373
2432568
2433344
2433542
2433811
2434546
2434677
2434796
2434930
2435075
2435093
2435234
2435400
2436112
2436277
2436397
2436494
2436629
2436709
2437266
2438173
2438269
2438278
2438370
2438842
2438885
2438948
2439373
2440073
2440190
2440480
2440751
2440995
2441009
2463436
2467341
2472975
2502835
2505438
2507619
2511051
2513887
2517831
2518186
2518750
2519338
2519508
2519735
2519967
2521174
2521974
2522010
2522080
2523063
2523146
2523517
2523789
2524553
2525342
2526178
2528753
2559712
2622359
2622407
2622989
2623013
2623931
2624789
2624882
2625478
2625555
2625766
2625798
2625871
2625926
2626561
2626765
2626811
2626952
2627082
2627132
2627920
2628130
2628161
2628255
2628590
2628611
2629114
2629647
2630432
2630665
2631044
2631410
2631810
2632077
2632442
2632458
2632876
2669967
2670522
2670578
2670835
2670926
2671186
2671414
2671951
2672050
2672898
2672934
2673081
2673114
2673532
2673761
2674398
2675802
2675983
2676046
2676168
2676413
2676437
2676605
2676637
2676698
2676755
2676808
2677356
2677573
2677578
2677587
2677876
2678061
2678089
2678219
2678374
2678456
2678823
2679537
2679716
2679811
2679826
2680010
2680196
2680595
2681005
2681123
2681309
2681403
2704692
2712011
2920362
2921501
2921680
2924887
2925387
2925434
2931638
2932130
2932209
2935137
2938434
2940320
2940510
2940676
2940834
2941134
2941530
2943160
2943444
2943794
2943930
2943963
2944002
2944239
2944799
2945243
2945251
2945658
2946760
2947463
2947479
2948078
2948141
2948246
2949783
2950004
2950165
2950387
2950601
2951306
2952330
2952436
2952693
2952880
2953237
2953309
2955427
2955457
2955621
2955975
2956002
2956142
2956754
2956984
2957042
2957166
2957497
2957664
2958158
2958945
2959304
2960320
2960337
2960606
2960880
2961248
2961752
2961979
2962796
2963676
2964658
2964912
2965331
2965634
2966421
2966654
2967021
2967068
2967293
2968031
2968722
2968771
2968879
2969065
2969332
2969602
2969690
2970452
2970500
2970829
2971464
2971766
2971923
2972813
2974267
2974281
2974322
2974515
2975159
2975187
2975258
2975375
2975485
2975960
2976112
2976751
2978108
2978116
2978487
2978832
2978916
2979067
2979140
2979468
2979488
2979518
2979582
2980395
2980505
2980971
2980979
2981122
2981195
2981331
2981537
2981813
2982015
2982533
2982669
2983203
2983671
2983790
2984404
2985190
2985588
2986063
2986424
2986497
2986787
2986810
2986885
2987207
2987373
2987609
2988023
2988827
2989219
2989304
2989400
2989739
2989782
2989831
2989854
2990066
2990419
3021900
3022476
3023668
3023902
3024167
3024650
3025549
3025559
3026848
3027325
3027689
3028363
3028617
3028640
3028945
3029420
3029904
3031430
3032036
3032278
3032993
3033037
3033306
3035065
3035344
3036132
3036457
3036503
3037474
3078619
3097381
3098989
3100195
3102403
3105084
3108104
3111587
3113479
3115322
3141942
3142097
3148966
3150381
3150502
3152002
3156304
3158804
3195908
3198761
3199124
3200397
3203832
3206200
3207106
3207638
3208507
3208923
3209450
3212357
3214603
3215628
3216530
3218731
3221171
3223284
3298831
3304361
3365690
3365787
3365802
3366115
3366404
3366838
3367072
3367417
3367904
3367948
3368025
3368507
3368722
3368779
3368807
3369338
3369669
3369934
3370298
3370299
3370597
3370880
3371190
3371414
3371421
3371546
3371579
3371703
3372289
3372541
3373050
3373081
3373109
3373164
3373353
3374077
3374086
3374794
3374799
3375186
3375619
3375753
3375833
3376122
3376426
3377095
3377169
3410102
3410784
3410816
3411012
3411144
3412980
3413476
3415315
3452518
3453146
3453569
3454076
3454566
3454630
3454649
3454730
3455274
3455377
3455576
3456847
3457133
3457267
3457327
3457433
3457594
3457651
3458291
3458338
3459777
3460330
3461168
3461700
3462212
3462227
3462806
3462873
3462895
3463326
3463486
3463997
3464060
3464224
3464232
3662134
3671718
3672173
3730796
3730924
3730955
3731088
3731299
3731336
3731477
3731541
3731938
3732077
3732101
3732124
3732343
3732407
3732522
3732723
3732911
3732946
3733034
3733128
3733207
3733363
3733498
3733817
3733926
3733983
3734272
3735526
3735593
3735826
3735970
3736282
3736393
3736620
3737390
3737433
3737714
3738140
3738199
3738410
3738462
3738494
3738543
3739364
3739485
3739601
3740618
3740677
3740949
3741081
3741211
3741252
3741640
3741775
3742152
3742586
3742734
3742777
3743129
3743130
3743217
3743318
3743896
3743924
3743949
3744248
3744311
3744337
3744407
3744430
3744431
3744474
3744706
3744817
3745110
3745146
3745849
3745888
3746362
3746936
3747110
3747929
3748006
3748417
3748858
3748944
3802014
3831351
3831479
3832366
3832750
3832793
3832832
3832869
3833000
3833969
3834272
3834722
3835108
3835627
3835639
3835980
3836608
3836999
3837109
3837831
3839592
3840028
3840262
3840701
3841017
3841347
3841446
3841853
3843156
3856817
3857525
3858313
3858520
3858650
3858790
3858830
3859327
3860016
3860263
3860468
3860863
3860929
3860952
3861539
3862153
3862196
3862799
3863802
3863837
3864232
3865110
3865236
3865301
3865577
3865765
3866073
3866904
3868042
3868160
3868182
3868313
3868726
3869032
3869090
3869097
3869098
3869358
3869399
3869447
3870087
3870306
3870310
3870613
3870682
3870766
3870935
3872059
3872418
3872446
3872455
3872586
3873114
3873518
3873636
3873866
3873869
3874265
3874302
3874929
3875027
3875420
3875591
3894442
3894594
3894696
3894698
3894771
3894937
3895047
3895425
3896425
3896603
3896823
3896870
3896910
3896915
3896999
3897224
3897990
3898334
3899133
3899172
3899445
3899813
3900219
3900413
3900493
3901048
3901114
3901742
3901813
3901974
3902212
3902320
3902753
3902761
3903080
3903248
3903563
3903876
3904081
3904202
3904335
3904354
3904468
3904606
3904810
3905101
3905494
3905601
3905665
3906106
3906400
3906878
3907097
3907106
3907229
3907846
3908012
3908183
3909013
3909286
3929347
3929403
3930015
3930142
3930270
3930775
3931127
3932097
3932122
3932160
3932202
3932221
3933598
3933959
3933986
3934260
3934640
3934878
3935181
3935575
3936266
3937216
3937969
3938097
3938633
3940192
3940248
3940797
3940980
3941385
3941650
3941659
3941668
3941678
3941755
3942224
3942231
3942302
3942908
3943179
3943930
3945233
3950434
3951028
3951312
3956584
3956661
3957243
3958202
3958615
3959215
3974719
3975034
3975094
3975480
3975968
3976581
3976691
3976901
3977061
3977083
3977433
3977479
3978356
3978608
3978728
3978870
3979308
3979411
3979602
3979693
3979807
3980327
3980560
3980568
3980969
3981418
3981882
3981941
3982072
3982418
3982589
3983059
3983244
3983474
3983508
3983716
3983785
3983873
3984189
3984236
3984243
3984376
3984387
3984471
3984625
3985207
3985607
3985613
3986322
3986343
3986926
3987408
3987687
3987813
3987925
3987937
3987970
3988483
3988589
3988617
3988867
3989008
3989095
3989120
3989414
3989463
3989648
3989790
3989925
4016304
4021051
4041538
4041761
4041816
4042328
4042597
4043283
4044109
4044301
4045392
4046029
4046619
4046967
4047017
4047095
4047310
4047595
4047972
4048083
4048406
4049870
4051292
4051953
4052838
4052970
4053127
4053322
4053346
4053996
4054933
4055393
4055630
4055789
4057020
4057731
4057920
4058008
4058163
4059625
4059656
4060316
4073653
4073676
4074792
4075070
4075195
4075242
4075720
4076236
4076508
4076916
4076985
4077666
4078399
4078714
4080461
4080810
4081289
4082196
4082337
4082975
4082991
4083097
4084039
4084497
4084615
4200613
4200734
4200869
4201156
4201796
4202467
4202553
4202638
4202734
4202834
4203070
4203209
4203575
4203718
4204420
4204696
4205236
4205288
4205299
4206402
4206867
4207332
4207345
4207941
4208031
4208095
4208479
4208485
4208595
4209244
4209388
4210122
4210336
4210722
4211198
4211295
4211497
4211596
4211625
4211677
4211956
4211989
4212076
4212128
4212349
4213942
4214821
4214916
4214927
4215203
4215264
4215414
4215695
4216086
4216159
4216404
4216449
4255803
4258912
4261699
4262069
4275335
4275667
4276354
4276360
4276530
4276901
4277075
4277317
4277532
4277768
4279288
4279689
4280318
4280465
4281377
4281389
4281821
4282171
4282236
4282591
4282741
4283007
4283743
4284349
4285010
4285371
4285434
4285444
4286296
4286765
4287376
4288063
4288372
4288517
4288576
4289045
4289320
4289457
4290302
4291537
4291749
4292072
4293044
4311890
4312047
4312687
4312897
4313043
4313935
4314031
4314043
4314194
4314247
4314362
4314855
4315126
4315149
4315405
4315497
4315527
4315846
4316279
4316330
4316444
4316609
4316650
4317265
4317642
4317775
4317984
4318975
4319158
4319354
4320038
4320102
4320438
4320756
4320854
4320937
4321266
4321313
4321421
4321853
4321901
4322282
4322330
4322458
4322528
4322866
4322989
4323135
4339220
4339536
4339972
4340230
4340322
4340444
4342195
4343076
4343143
4343728
4343852
4343964
4344048
4344931
4345313
4345346
4345592
4345685
4345696
4345923
4346313
4346392
4346998
4347340
4347370
4347740
4347770
4347816
4348284
4348412
4348926
4349356
4349485
4349654
4349732
4349883
4350189
4350461
4350730
4351037
4351265
4351446
4353279
4353891
4354130
4355035
4355555
4355557
4355598
4355749
4355843
4356296
4356533
4356585
4356694
4357285
4357599
4357837
4357949
4357978
4358142
4358532
4358580
4358841
4358892
4358898
4359451
4359587
4359986
4360027
4360216
4360249
4360848
4361380
4361789
4361952
4361995
4362304
4362709
4363002
4363801
4364028
4364880
4365349
4365516
4365540
4365613
4366468
4366658
4366745
4366939
4410340
4413602
4451465
4451841
4453277
4453715
4454919
4455272
4455334
4455656
4455712
4456608
4456879
4457046
4457082
4457231
4457236
4457534
4457799
4457825
4457943
4458119
4458138
4458206
4458413
4458822
4459262
4459714
4459875
4459940
4460274
4460299
4460599
4460637
4461015
4461278
4461338
4461514
4462265
4467759
4468788
4474199
4475330
4476387
4481042
4481049
4481370
4484576
4484832
4488010
4491523
4491524
4492278
4492337
4493447
4494783
4495693
4496537
4496795
4496822
4496843
4497348
4497452
4497482
4497579
4498280
4498399
4499230
4499382
4499621
4500667
4500685
4502234
4502889
4502999
4503057
4549801
4799841
4799920
4799993
4800100
4800205
4800948
4801361
4801399
4801526
4802059
4802201
4802589
4802658
4802765
4803407
4803425
4803517
4803782
4804199
4804658
4804708
4805508
4805684
4805861
4805936
4806011
4806565
4806747
4807022
4807144
4807285
4807836
4808606
4808992
4809562
4809652
4810172
4810214
4810245
4810295
4810424
4811022
4811650
4812121
4812378
4846755
4847517
4847916
4850599
4851955
4853372
4855102
4855919
4856981
4858296
4988625
4989468
4989728
4989958
4991062
4993912
4997622
4998215
4999086
5000521
5000541
5000958
5001254
5001575
5001736
5001845
5002106
5002546
5002671
5002780
5003192
5003285
5003327
5003639
5003710
5004755
5004792
5005237
5005756
5006208
5006334
5006344
5006399
5006527
5007273
5007647
5007886
5008378
5008789
5008895
5009179
5009657
5009840
5009873
5009947
5010193
5010667
5011040
5011125
5011204
5012125
5012153
5012178
5012541
5012684
5013812
5013952
5014010
5014738
5015183
5015888
5017459
5017651
5018678
5019567
5021364
5022082
5023652
5025351
5025688
5027114
5027944
5029102
5044456
5044659
5045459
5046473
5046811
5047106
5047596
5047832
5048035
5048059
5048171
5049091
5050016
5050031
5050490
5050923
5051282
5052217
5052740
5052938
5053175
5053182
5053504
5053662
5053754
5054173
5054537
5056981
5058581
5059725
5060000
5060052
5060430
5061021
5061368
5062180
5062706
5063246
5063521
5064982
5065009
5065394
5065607
5065782
5065820
5065898
5066101
5066864
5066903
5067110
5067648
5068473
5068657
5069330
5070326
5145721
5151036
5154085
5154184
5156153
5159439
5160165
5161302
5162441
5162700
5162892
5164216
5164377
5164413
5165183
5165819
5165945
5166051
5169759
5169846
5253838
5260998
5322976
5323387
5329292
5330898
5331774
5333807
5335255
5354874
5364283
5371279
5371879
5373924
5374624
5375094
5376021
5377779
5377886
5379005
5381958
5383780
5384864
5468866
5468899
5468904
5469996
5470185
5470250
5470743
5470857
5471282
5471611
5471827
5471829
5473364
5473727
5474061
5475675
5475980
5476382
5476771
5477034
5477740
5478009
5478126
5478751
5478900
5479004
5479593
5479732
5479915
5480101
5480944
5481546
5481760
5482354
5482492
5482840
5483082
5483149
5483315
5484378
5484835
5514935
5515284
5515381
5548214
5550633
5553366
5554020
5684001
5684382
5684414
5684594
5684687
5684696
5684774
5684779
5684870
5685307
5685364
5685837
5685840
5686181
5686597
5686701
5686913
5687929
5688120
5688299
5688960
5689619
5689784
5690281
5690367
5690621
5690710
5690715
5690757
5690892
5690974
5691622
5692069
5692137
5692668
5692924
5692988
5693007
5693292
5693721
5693821
5693859
5694001
5694167
5694261
5694492
5694618
5694732
5694878
5695073
5695130
5695280
5695541
5695727
5695763
5695767
5695780
5695925
5696025
5696122
5696178
5696275
5696602
5696621
5696683
5697350
5697607
5697958
5697963
5698002
5698171
5698626
5698689
5699876
5700013
5700802
5701180
5701269
5701270
5701512
5701690
5702888
5702957
5703587
5703629
5704432
5705061
5705085
5705818
5705903
5706897
5706952
5707024
5707053
5707717
5707728
5708002
5708022
5708472
5708694
5708746
5708761
5709424
5709503
5709729
5710062
5711286
5712019
5712164
5712976
5713253
5713298
5713650
5713658
5714908
5722788
5808127
5811169
5826569
5826691
5826702
5826773
5827141
5827160
5827367
5827420
5827722
5828003
5828886
5829229
5829390
5829604
5830092
5830198
5830838
5830925
5831046
5831165
5831552
5831650
5831764
5832814
5833228
5833807
5833850
5835088
5835380
5835535
5835728
5835815
5836083
5836301
5836737
5836927
5851145
5851258
5851507
5855411
5856035
5856553
5857213
5857232
5858241
5859052
5859177
5859479
5860246
5860954
5861067
5861278
5861454
5865538
5865543
5865562
5865600
5866718
5867721
5867943
5869789
5903084
5904658
5904725
5905073
5905250
5905313
5905329
5906742
5906993
5907518
5907777
5907886
5908155
5908687
5909603
5909917
5910090
5910263
5910849
5910980
5911027
5911290
5911702
5911996
5912512
5912568
5913145
5913755
5913830
5914442
5914762
5915341
5916045
5919372
5921739
5922365
5922408
5922488
5923106
5923203
5923410
5923454
5923612
5923738
5923825
5924562
5925767
5925950
5926100
5926731
5970567
6009431
6016439
6016782
6018279
6025606
6025651
6059374
6059617
6060571
6060574
6060862
6061140
6061303
6062396
6062947
6063487
6064618
6065388
6065472
6066246
6066758
6067421
6067469
6067521
6067590
6068082
6068545
6068610
6068825
6069126
6069281
6070238
6070429
6071427
6072015
6072113
6072264
6073352
6073712
6074003
6074251
6074311
6074691
6074791
6075471
6076055
6076506
6077486
6077616
6077655
6077667
6077730
6078191
6078414
6078491
6078800
6079127
6079685
6079758
6080077
6080811
6081646
6081925
6082092
6082120
6082170
6082666
6082822
6082870
6083032
6083369
6083762
6084207
6084277
6084325
6084454
6118021
6121167
6148139
6148478
6150848
6152833
6153228
6154499
6155917
6156137
6157080
6157124
6158119
6159317
6162311
6162957
6163073
6164345
6164776
6165004
6169513
6170190
6170684
6176571
6177584
6232790
6233013
6233147
6233403
6233522
6234037
6234362
6234404
6235104
6235152
6235238
6235460
6236105
6236328
6236484
6237074
6237085
6237297
6237518
6237826
6238266
6238368
6238783
6238998
6239061
6239112
6239136
6239250
6239456
6239799
6240561
6240722
6241239
6241308
6241422
6241631
6242174
6242210
6242272
6242350
6242561
6243326
6243448
6243557
6243589
6243822
6244017
6244212
6244311
6244341
6244347
6244609
6245069
6246673
6246745
6246904
6247450
6247459
6247480
6248211
6248816
6248990
6249340
6249951
6250067
6250514
6250631
6251262
6252275
6252431
6252486
6252744
6252800
6253311
6253569
6253884
6254407
6254873
6255270
6255320
6255764
6255882
6256125
6256157
6256342
6256416
6257591
6257729
6257768
6258005
6258129
6258361
6258679
6259961
6260034
6260125
6260156
6260816
6261125
6261482
6261544
6262782
6262848
6263091
6263172
6263243
6263342
6263552
6263835
6264173
6264757
6264890
6265490
6265517
6265753
6266320
6266583
6266694
6266821
6266886
6267122
6267455
6267559
6267629
6268411
6268544
6268688
6268903
6268948
6268956
6269157
6270032
6270043
6270058
6270151
6270247
6270857
6271214
6271407
6271633
6271786
6271801
6271866
6271980
6272537
6272844
6272883
6272986
6272991
6273334
6273560
6273627
6273965
6273982
6274014
6275288
6275340
6275343
6275382
6275860
6276110
6276205
6276241
6276652
6277911
6278002
6278186
6278373
6278732
6278906
6278978
6279404
6279589
6279609
6279654
6375217
6452290
6457208
6460329
6549020
6553712
6556425
6558390
6560807
6560851
6562061
6564153
6564268
6564382
6564627
6565675
6566827
6566880
6567914
6568342
6568572
6569103
6571472
6572372
6572646
6572718
6572875
6629467
6629688
6630199
6630259
6630429
6630857
6631878
6632010
6632291
6632686
6634039
6634915
6635443
6636552
6637043
6637149
6637528
6637944
6637981
6638433
6638771
6639781
6639914
6639933
6640905
6640935
6641009
6641495
6641848
6642057
6642086
6643112
6643113
6643190
6643528
6643578
6643989
6644322
6644348
6644392
6682834
6684628
6705719
6705851
6705965
6706363
6706648
6706782
6707359
6708921
6709027
6709048
6709672
6709977
6710025
6710852
6711755
6711909
6712263
6713092
6713135
6713627
6713724
6714352
6714581
6714901
6714935
6715213
6715329
6715412
6715753
6715812
6716171
6716449
6716637
6716748
6716752
6716868
6717347
6717593
6717771
6718633
6719327
6719429
6719818
6719941
6720107
6720739
6721699
6721747
6721969
6721986
6722045
6722191
6722930
6723419
6724057
6724117
6724552
6724596
6724956
6725945
6726260
6726368
6726378
6726677
6726945
6727302
6727527
6727976
6728049
6728106
6728331
6729074
6729429
6729663
6729724
6730002
6730025
6730317
6730556
6731564
6732337
6732371
6750766
6751268
6753815
6757882
6760302
6777522
6899421
6901181
6903213
6903434
6903597
6904020
6904117
6907227
6909170
6910147
6927486
6928808
6928820
6929172
6929388
6929419
6929637
6929658
6930307
6930532
6930785
6931040
6931378
6931806
6933000
6933345
6933361
6933709
6933739
6933845
6934014
6934022
6934642
6934730
6935746
6935792
6935807
6936377
6936530
6936577
6936605
6936835
6936903
6937061
6937120
6937147
6937278
6937477
6937767
6938077
6938206
6938289
6938606
6939086
6939150
6939422
6939533
6939719
6940279
6940690
7146304
7146356
7146678
7146734
7146762
7146941
7147206
7147220
7147277
7147286
7147422
7147481
7147540
7148522
7148569
7148973
7149192
7149245
7149323
7149618
7149631
7149781
7150140
7150496
7151281
7151414
7151615
7152367
7153924
7153958
7154006
7154024
7154591
7154833
7154930
7155240
7155308
7155383
7156061
7156171
7156370
7156392
7156495
7156771
7156872
7157031
7157045
7157342
7157528
7157558
7157744
7157745
7158301
7159546
7159765
7159820
7175478
7175729
7176708
7177032
7179545
7179680
7179927
7180313
7180664
7181259
7181699
7181860
7181874
7182261
7183591
7184042
7184232
7184843
7184986
7185395
7185574
7185610
7186073
7186153
7186206
7186264
7186274
7187145
7187505
7188509
7188716
7188951
7280730
7283691
7283958
7297675
7299316
7299587
7300026
7300049
7300134
7300190
7301341
7301384
7302225
7303710
7304184
7304240
7305016
7306267
7307340
7307492
7309394
7310087
7310105
7310360
7310434
7310600
7312799
7312948
7313036
7313971
7314176
7314551
7314588
7314782
7315079
7315163
7315265
7315463
7315521
7315611
7315741
7315867
7315944
7316450
7316586
7316711
7317243
7317475
7317839
7318045
7318069
7318247
7318806
7319279
7320047
7320237
7321098
7321509
7321531
7321739
7322711
7322967
7323259
7323349
7324215
7324436
7324547
7324951
7325457
7326497
7326827
7326858
7327762
7327916
7328081
7328139
7328727
7328779
7329012
7329425
7341832
7343021
7343178
7344089
7345996
7346981
7349543
7351075
7351988
7352213
7353617
7354442
7354829
7355118
7357506
7377416
7377627
7380089
7382893
7383094
7383469
7384541
7387637
7387823
7387830
7392511
7394346
7394845
7395277
7395675
7395911
7396014
7396031
7397769
7397853
7397945
7400000
7401042
7402700
7402820
7403576
7440163
7440533
7440923
7441310
7441740
7442602
7443096
7443230
7443606
7444008
7444067
7444978
7445020
7445429
7445755
7446719
7447621
7447809
7447895
7448082
7448543
7448544
7448735
7449154
7449538
7449561
7449641
7450226
7450346
7450650
7451250
7451260
7451319
7451587
7452119
7452844
7452867
7452881
7452933
7452993
7453301
7453443
7453469
7453760
7453913
7454233
7454621
7455296
7455440
7455637
7455726
7468563
7468916
7468930
7472871
7473274
7474651
7474676
7476481
7476876
7478028
7478721
7482997
7483591
7511187
7519861
7622154
7622320
7622668
7623113
7623144
7623254
7623286
7623607
7623813
7623854
7624295
7624492
7624558
7625186
7625264
7625311
7625429
7626021
7626042
7626913
7627147
7627382
7627857
7628370
7628438
7629269
7629780
7629871
7629891
7630104
7630371
7630413
7630551
7630554
7631009
7632200
7633572
7634353
7634408
7635726
7637077
7640988
7642625
7642803
7643720
7643914
7645766
7646179
7653814
7656802
7657542
7658597
7660586
7661287
7661743
7748524
7748749
7749277
7749362
7749600
7749644
7749666
7751312
7751713
7752179
7752660
7752690
7752871
7753085
7753247
7753518
7755670
7755711
7755988
7757059
7757136
7757883
7757888
7758951
7759129
7759505
7760728
7762178
7762653
7762746
7763257
7763810
7764278
7764316
7765791
7821891
7822914
7823081
7823137
7823589
7824012
7824136
7824165
7824315
7824526
7824682
7824885
7824891
7825848
7825962
7826513
7826629
7826748
7827071
7827161
7827553
7827707
7827955
7827971
7828146
7828173
7828223
7828261
7829556
7829688
7829909
7830379
7830612
7830696
7830907
7830998
7831353
7831378
7831585
7831839
7831847
7831930
7831995
7832940
7833590
7833723
7833973
7834497
7834600
7834993
7835243
7835347
7835376
7909778
7909786
7909839
7910154
7910675
7911015
7911050
7911275
7912457
7912763
7912880
7912970
7913120
7913239
7913262
7914129
7914410
7914438
7914457
7915226
7915315
7915386
7915552
7915636
7915644
7915833
7916329
7916697
7916810
7917018
7917302
7917423
7917577
7917920
7918718
7918881
7918895
7918919
7919705
7936650
7937823
7940724
7995314
7999971
8007015
8013045
8023156
8023350
8026001
8027252
8028472
8030191
8030955
8031731
8032445
8033231
8033424
8033752
8034578
8034592
8034607
8035140
8037169
8037304
8039188
8039189
8039477
8081804
8081891
8082026
8082485
8082592
8082693
8083804
8083873
8083915
8084106
8084770
8084802
8085374
8085437
8085654
8086029
8086076
8086125
8086156
8086548
8086736
8087066
8087197
8087221
8087440
8087474
8087972
8088054
8088115
8088500
8088525
8088556
8088882
8089172
8089216
8089559
8089604
8089857
8090025
8090718
8090830
8090926
8091005
8091078
8091298
8091486
8092246
8092725
8093080
8093136
8227504
8227625
8227767
8227966
8228590
8228673
8229086
8229220
8229468
8229673
8230145
8230255
8230831
8230861
8231074
8231105
8231164
8231467
8231545
8231850
8232408
8232495
8232535
8232612
8232767
8232973
8232999
8233020
8233266
8233404
8233606
8234171
8234964
8235328
8235490
8235576
8235654
8236089
8236285
8236914
8237446
8237449
8238411
8238467
8238487
8238954
8239281
8239345
8239522
8240061
8240932
8241023
8241222
8241935
8242238
8242531
8242617
8242763
8242996
8243254
8243298
8243550
8243805
8244728
8244866
8245207
8245705
8245797
8245819
8246214
8246735
8247442
8247931
8248055
8248213
8248419
8248575
8248671
8249071
8249160
8250872
8251574
8252083
8252250
8252455
8280994
8280994
8281371
8283726
8284233
8284605
8284967
8286898
8287650
8288605
8288997
8400788
8402602
8402652
8404531
8405577
8406976
8407668
8410205
8483765
8484147
8484208
8484708
8484790
8484815
8485016
8485130
8485794
8486806
8487047
8487212
8487818
8488101
8488303
8488343
8489225
8489760
8489886
8489903
8489954
8490268
8490683
8491256
8491415
8491580
8491661
8492287
8492363
8492701
8492753
8492875
8493633
8493679
8494092
8494882
8494903
8494996
8495215
8495383
8495395
8497811
8497890
8497951
8498176
8498254
8498382
8498403
8498541
8498548
8498748
8498911
8499322
8499438
8499713
8500141
8500262
8500555
8500727
8500764
8500842
8501188
8501912
8501927
8502129
8502202
8502271
8502518
8502758
8503466
8503686
8503691
8504066
8504078
8504142
8504462
8504701
8504911
8505441
8505513
8505648
8505948
8506044
8506056
8506098
8506442
8506744
8506807
8507235
8507267
8507555
8507985
8508025
8508109
8508571
8509139
8509238
8509473
8509477
8510177
8510353
8510389
8510430
8510580
8510796
8511239
8511565
8511572
8512270
8513821
8514360
8514450
8514467
8514548
8514603
8514845
8515454
8515644
8515936
8516471
8516813
8516887
8516888
8517185
8517257
8517651
8517668
8517709
8517750
8518005
8518031
8518244
8518523
8519112
8519406
8519443
8519465
8567944
8568075
8568325
8568447
8568704
8568713
8570058
8570245
8570621
8570943
8571807
8572144
8572385
8572395
8572442
8572450
8572793
8572866
8572880
8573094
8573360
8573988
8574124
8574967
8575032
8575076
8575150
8575739
8575949
8576698
8577771
8577893
8578549
8578853
8580001
8580007
8580029
8580356
8580820
8581143
8581669
8582159
8582786
8582899
8583702
8584357
8584614
8585452
8585683
8585863
8585951
8586089
8586409
8586622
8586815
8586896
8586987
8626683
8627146
8628659
8629159
8629793
8630121
8631290
8632787
8633714
8635560
8635650
8636991
8637991
8638300
8638343
8640188
8641810
8642467
8644229
8644580
8645077
8645417
8645866
8646046
8646051
8646517
8646799
8647557
8647608
8648133
8648511
8648655
8648899
8649413
8649683
8649744
8649996
8650024
8650142
8650331
8650785
8651012
8651297
8651437
8651439
8651470
8651860
8652068
8652158
8653703
8653756
8653921
8653990
8654082
8654624
8654645
8655041
8655404
8655634
8656119
8656137
8656373
8656662
8656993
8657042
8657152
8657323
8657572
8657822
8657956
8658250
8658671
8658743
8660173
8660475
8660808
8660822
8677791
8679595
8680642
8797833
8797928
8797949
8798226
8799043
8800039
8800115
8800481
8800606
8801348
8801356
8801584
8802063
8802486
8802909
8804193
8804538
8804759
8806032
8806727
8806853
8840864
8841776
8841851
8841941
8842291
8842507
8842727
8843398
8844315
8844802
8845080
8846348
8846593
8847268
8847682
8848263
8848637
8848888
8849504
8849773
8850276
8851429
8852393
8888039
8890881
8949820
8950403
8950579
8951372
8951480
8951649
8952340
8952805
8953366
8955507
8956179
8956979
8958195
8958234
8958485
8959261
8960422
8960454
8960625
8961007
8962926
8963341
8963393
8963439
8963608
8963665
8963932
8964069
8964418
8964498
8964593
8966326
8966378
8966775
8967133
8967221
8967341
8967488
9009654
9011079
9012198
9012615
9012624
9012968
9013142
9014033
9015405
9015473
9015774
9016947
9017070
9017163
9017509
9017670
9018025
9018627
9019253
9019404
9019420
9019915
9020493
9021555
9021838
9021977
9022099
9023444
9023493
9023771
9023890
9023938
9024432
9024580
9024590
9025100
9025747
9025826
9025838
9026201
9027072
9027393
9028087
9028237
9028735
9028819
9029055
9029311
9029537
9029705
9029810
9029966
9030088
9030777
9031179
9031549
9031627
9031734
9032017
9032591
9032953
9033074
9033642
9033779
9034147
9034453
9034776
9035276
9035539
9035649
9035718
9035847
9035872
9036973
9037528
9037965
9038015
9038294
9038374
9038510
9038623
9135390
9135523
9135580
9135679
9136026
9136375
9136395
9136871
9137241
9137707
9137949
9138192
9138707
9138849
9139189
9139375
9139551
9139615
9139701
9139744
9139778
9140259
9140466
9140687
9140897
9140899
9141321
9141503
9141528
9141837
9142075
9142150
9142198
9142315
9143137
9144004
9144117
9144137
9145325
9145518
9145636
9146357
9150021
9150820
9152418
9152506
9155983
9156325
9157514
9159711
9221691
9222506
9222948
9223580
9226110
9226811
9228624
9229529
9230164
9231220
9231232
9231536
9231580
9232532
9233662
9233949
9233983
9338403
9338771
9338907
9339574
9339726
9339861
9340491
9340654
9340683
9340761
9340805
9341631
9341694
9341849
9341924
9341966
9342000
9342250
9342727
9343130
9343195
9343645
9343786
9343959
9344046
9344253
9345820
9346553
9346561
9347492
9348154
9348310
9348336
9348390
9348567
9348576
9349415
9350075
9350665
9351083
9351120
9351578
9351657
9352024
9352400
9352682
9353479
9353673
9353788
9353929
9354064
9354204
9354206
9354700
9355828
9356521
9356655
9356979
9357308
9357574
9358107
9358332
9359023
9359201
9360273
9361133
9363101
9368372
9382761
9395227
9500754
9545329
9545429
9545492
9545524
9545716
9546174
9546546
9546708
9546764
9546805
9547942
9548000
9548278
9548723
9548758
9549007
9549140
9549370
9549563
9549709
9550020
9550049
9550154
9550204
9550340
9550449
9550839
9551261
9551285
9552009
9552281
9552843
9553255
9553567
9553575
9553671
9553999
9554102
9554163
9554218
9554861
9556176
9556339
9587762
9590761
9597197
9635211
9635345
9635374
9635594
9641368
9836589
9836608
9836762
9837331
9837441
9837744
9838357
9838480
9838545
9838577
9838888
9838962
9839050
9839596
9839706
9839938
9839991
9840000
9840117
9840260
9840319
9840376
9840687
9841089
9842062
9842255
9843723
9843868
9844140
9844261
9844338
9844619
9844686
9845520
9845608
9845856
9845993
9846255
9846284
9846556
9846781
9847296
9847372
9847837
9847916
9848029
9848088
9927695
9927730
9927793
9928141
9928262
9928424
9928901
9928976
9929464
9929968
9930002
9930852
9930876
9931151
9931417
9931506
9931574
9932066
9932516
9932589
9932631
9932869
9933032
9933434
9933488
9933562
9934366
9934765
9934780
9934837
9934943
9935045
9935347
9935713
9936241
9936616
9936700
9936876
9936951
9937529
9937552
9937573
9937679
9937691
9937938
9938015
9938505
9938862
9938873
9939313
9939777
9939974
9940033
9940265
9940484
9940535
9940673
10048784
10061578
10061910
10064535
10131327
10131381
10131432
10131513
10132639
10132939
10133007
10133066
10133202
10133303
10133595
10133951
10134362
10134427
10134590
10135700
10136271
10136359
10136710
10136984
10137053
10137466
10137649
10137760
10138180
10138448
10138809
10139466
10139794
10139796
10140127
10140200
10140672
10140921
10141335
10141397
10141497
10142038
10142292
10142400
10142601
10142945
10143030
10143182
10143183
10143228
10144232
10144580
10145270
10145274
10146321
10146415
10146464
10146639
10146996
10147226
10147349
10147672
10148446
10149827
10150347
10150384
10151819
10152223
10152382
10153310
10153411
10153681
10153826
10154046
10154356
10154521
10155754
10156408
10156899
10157132
10157307
10157695
10158031
10158284
10158423
10159717
10159843
10160445
10160762
10160893
10161065
10161107
10187845
10189802
10193854
10197941
10198305
10248001
10254204
10255526
10257462
10298366
10299448
10299657
10300028
10300635
10300760
10300943
10301249
10301359
10301845
10301922
10302283
10302546
10303131
10303363
10303740
10303992
10304071
10304241
10304362
10304417
10304618
10305536
10305607
10305685
10305810
10306071
10306450
10306646
10306802
10306901
10307211
10307691
10308233
10308570
10338372
10338455
10338750
10339224
10339372
10339397
10340502
10341490
10341753
10341956
10342792
10343074
10343495
10343837
10343848
10343917
10343949
10344073
10344443
10344785
10344866
10345433
10346063
10346384
10346761
10347349
10347848
10347940
10348168
10348470
10348978
10349080
10349151
10349174
10349373
10350531
10350952
10351101
10353320
10353533
10354305
10377668
10378080
10378127
10378526
10378981
10379064
10379241
10379581
10381455
10381570
10381752
10381779
10381993
10382366
10382701
10383811
10384110
10384226
10384734
10384846
10385101
10385807
10385990
10386474
10386615
10386658
10386811
10387013
10387373
10387630
10387725
10387820
10388733
10388953
10389050
10389068
10389118
10389174
10389187
10389914
10390080
10443136
10443144
10443463
10444948
10445389
10445577
10445856
10446958
10447181
10447241
10447475
10447593
10447764
10447834
10448226
10448373
10449219
10449437
10449578
10450140
10450216
10450300
10450339
10450388
10450516
10450774
10450942
10451236
10451954
10451971
10452624
10453067
10453078
10453493
10454572
10454876
10456042
10456064
10499919
10500021
10533747
10533847
10534365
10534546
10535752
10535771
10535968
10536244
10536372
10536743
10536761
10536893
10538025
10538235
10538384
10539050
10539074
10539446
10540085
10540756
10542153
10542264
10542417
10542480
10542618
10543662
10543752
10544803
10544839
10545074
10545696
10546166
10546480
10546951
10547325
10547644
10548010
10549137
10553904
10681371
10682395
10682825
10683913
10686211
10686384
10689559
10739706
10746033
10795736
10797843
10798257
10798685
10803093
10804880
10805243
10805699
10807541
10810612
10811689
10878607
10879144
10879511
10880924
10884559
10884835
10886897
10891725
10915239
10915294
10918160
10947968
10948749
10948907
10949263
10949528
10950612
10951470
10951750
10952272
10954023
10956604
10958132
10959070
10959957
10960931
10961722
11022087
11022200
11022256
11022320
11022429
11023594
11023759
11023892
11023980
11025065
11025705
11026156
11026167
11026800
11026829
11027314
11028253
11029367
11029484
11030265
11030340
11030352
11030628
11030694
11030749
11030915
11031378
11032011
11032754
11033257
11033474
11033624
11033769
11034004
11034015
11034444
11034471
11034599
11034819
11035130
11036080
11036222
11036322
11036486
11036728
11037130
11037137
11037214
11037476
11038126
11038156
11089114
11271051
11271052
11271863
11271947
11272045
11272243
11273241
11274454
11276524
11276923
11277023
11277179
11277923
11278400
11279299
11279573
11279606
11279621
11280233
11280664
11280741
11280975
11281069
11281505
11296273
11299425
11303334
11322554
11323943
11325684
11326337
11327869
11327917
11328473
11329222
11329378
11329555
11329630
11329636
11330320
11330329
11331275
11331416
11332568
11333877
11334651
11335779
11335803
11336707
11337124
11337204
11337631
11337817
11338604
11339611
11339952
11382077
11382147
11382169
11382247
11382909
11382951
11383024
11384144
11385006
11385692
11386222
11386970
11387886
11388403
11389059
11389157
11389182
11389529
11389587
11389778
11390074
11390299
11390318
11390441
11390494
11390609
11390642
11391216
11391769
11391772
11391896
11392265
11393024
11393283
11393295
11394198
11394338
11394600
11395013
11396651
11397260
11397300
11397345
11397853
11397946
11398899
11399360
11400160
11401547
11402697
11404249
11406350
11406590
11408062
11408082
11410210
11413113
11415786
11418562
11423651
11424348
11424568
11429747
11429828
11432160
11467984
11468450
11468614
11468751
11470109
11470447
11471080
11471502
11471623
11471761
11472374
11473262
11473759
11473914
11474024
11474870
11474940
11474999
11475271
11475796
11475878
11477016
11477236
11477457
11477608
11477854
11478137
11478213
11479099
11479202
11479298
11479364
11479712
11480018
11480385
11480438
11480777
11481028
11482434
11497873
11501702
11502750
11504224
11506235
11506646
11507315
11507512
11509490
11511608
11512675
11513133
11536365
11537760
11538368
11538726
11538870
11539034
11539249
11539729
11540515
11540863
11541089
11541618
11541710
11541827
11543251
11543821
11544129
11545203
11545679
11545807
11546975
11631448
11631595
11631716
11631726
11631824
11632626
11632934
11633520
11634388
11635078
11635489
11636725
11637053
11637242
11637605
11638059
11638388
11639516
11639827
11639839
11639987
11640080
11640295
11640595
11641187
11641484
11641637
11642221
11642483
11642926
11643489
11643674
11643818
11643900
11643933
11644129
11644532
11645012
11645406
11645857
11676943
11678193
11678941
11679423
11680613
11682108
11683224
11749902
11749935
11750140
11750258
11750264
11751194
11751292
11752117
11752537
11752675
11753218
11753322
11753336
11753345
11753646
11753694
11753871
11754643
11754926
11755194
11755848
11755926
11756065
11756312
11756420
11756645
11757156
11757458
11757545
11757576
11757599
11757642
11758122
11758166
11758424
11758985
11759260
11759615
11759925
11760171
11760188
11760351
11761021
11761179
11761217
11761929
11761930
11762006
11762111
11762419
11762555
11762767
11762848
11809212
11809606
11810555
11810624
11811588
11813438
11813871
11814264
11815929
11816577
11816862
11817019
11818334
11818504
11818603
11890114
11890336
11890348
11890361
11891021
11891717
11892469
11892546
11892681
11892723
11892861
11892916
11893978
11894772
11895936
11896245
11896269
11896671
11896870
11897245
11897264
11897432
11897789
11898074
11898326
11899032
11899651
11899816
11899818
11899953
11900162
11900243
11900521
11900606
11901393
11901880
11902225
11902577
11902668
11903066
11903089
11903749
11903855
11903947
11904193
11904243
11904274
11904418
11904451
11904765
11905097
11905160
11905387
11905594
11905854
11906085
11906467
11907156
11907505
11907922
11907936
11908113
11908139
11908438
11908486
11908825
11909091
11909494
11909732
11909821
11909923
11910155
11910166
11910276
11910390
11910451
11910740
11910899
11911015
11911026
11911050
11911497
11911643
11911844
11912329
11912597
11913033
11913078
11913198
11913290
11913344
11913402
11913449
11913999
11914453
11914777
11914803
11915094
11915404
11915900
11916077
11935160
11936616
11937903
11938050
11939504
11940367
11940554
11940626
11943062
11943727
11944730
11945020
11945053
11945158
11946126
11946283
11946461
11946556
11947182
11947211
11948367
11949202
11949340
11950348
11953514
11954322
11955479
11955734
11955886
11956356
11956937
11957086
11957218
11957662
11957743
11958621
11959526
11960017
11961410
11962487
11962530
11962602
11962608
11962744
11963039
11963192
11964067
12039490
12039863
12040327
12040719
12040804
12040924
12041159
12041222
12041440
12041450
12042513
12042702
12042864
12042868
12042921
12042979
12043205
12043487
12043583
12044155
12045304
12045412
12045455
12045582
12045706
12045718
12045774
12045782
12046180
12046348
12046531
12046721
12046851
12047129
12047273
12047432
12047580
12048012
12048724
12049282
12049285
12049945
12050407
12050500
12050941
12051297
12051381
12051529
12051833
12052571
12052721
12052740
12053573
12053781
12054064
12054425
12054690
12054922
12055309
12055977
12056258
12056495
12057313
12057539
12057846
12057895
12058415
12059098
12059701
12060071
12060604
12060771
12060951
12061528
12062051
12063618
12063829
12064220
12065079
12065364
12065372
12065486
12066692
12066704
12066866
12066871
12069055
12069514
12097738
12098621
12100289
12100946
12100967
12101487
12102431
12103317
12104251
12104417
12106123
12106400
12106830
12124651
12124720
12124746
12125667
12128687
12128964
12131302
12132331
12132367
12134505
12135126
12139402
12140930
12183785
12183795
12184228
12184329
12184510
12185051
12185123
12185367
12186258
12186391
12186828
12186891
12187475
12187507
12187838
12188493
12188556
12188673
12189179
12189664
12189798
12190046
12190469
12190557
12190646
12190737
12190822
12190942
12191072
12191246
12191580
12191977
12192022
12192342
12192966
12193354
12193367
12193444
12193612
12194231
12194449
12194597
12196198
12196518
12196565
12196589
12196833
12196912
12196971
12197125
12197241
12197455
12197508
12198731
12198822
12216927
12216939
12217428
12217682
12217959
12218104
12218484
12218872
12218898
12219431
12219530
12219654
12219726
12220472
12220703
12221086
12221167
12221359
12221401
12221407
12221631
12221641
12221777
12221826
12221830
12221981
12222177
12222267
12222341
12222681
12223020
12223172
12223245
12223677
12223774
12224120
12224593
12224611
12224640
12225421
12225476
12225784
12225998
12226110
12226171
12226385
12226417
12226627
12226914
12227089
12227810
12228008
12228419
12228682
12229226
12229311
12229519
12229990
12230213
12230412
12230506
12231215
12231267
12231567
12232067
12304804
12304927
12305145
12305581
12305624
12305907
12306220
12306671
12306703
12306858
12307006
12307086
12307290
12307530
12307636
12307648
12307675
12308031
12308832
12309240
12309611
12309762
12310346
12310539
12310744
12310758
12310847
12311246
12311536
12311590
12312039
12312292
12312630
12313277
12313512
12313645
12314147
12320967
12321542
12321974
12322299
12322779
12324082
12324410
12325195
12325931
12360974
12361068
12361210
12361448
12361511
12361526
12361661
12361778
12362306
12362434
12362811
12363142
12363279
12363501
12363629
12363843
12363958
12364010
12364015
12364422
12364545
12364667
12365075
12365104
12365556
12366380
12367414
12367811
12367918
12368069
12368084
12368130
12368951
12369073
12369089
12369653
12369806
12369921
12370150
12370170
12370317
12370763
12370916
12371158
12371552
12371568
12371662
12373884
12374062
12375533
12376002
12376499
12376854
12377149
12377936
12379212
12379552
12380381
12380471
12380486
12381821
12382445
12383221
12383346
12384725
12386641
12387898
12477017
12501384
12501850
12501961
12502092
12502710
12502781
12503253
12503456
12503571
12504194
12504682
12505465
12505810
12506661
12507919
12508252
12508457
12508877
12509133
12509395
12509663
12510352
12511608
12511618
12511799
12511896
12512417
12512606
12513188
12513526
12513602
12514112
12514245
12514481
12514850
12515138
12530105
12530274
12531050
12531137
12531431
12532010
12532331
12532363
12532381
12532663
12534349
12534782
12534848
12534904
12534971
12535437
12535546
12535905
12536293
12536337
12536714
12537125
12537284
12538387
12539072
12539174
12539213
12539397
12539807
12539841
12540011
12540046
12540642
12541155
12541455
12541528
12541644
12542205
12542217
12542299
12542329
12542571
12542721
12543271
12543318
12543461
12543935
12544060
12544356
12544570
12545239
12545700
12546143
12546397
12546689
12546924
12629850
12630916
12631329
12631765
12631966
12633985
12634779
12636295
12637079
12637500
12639026
12639478
12639504
12640278
12642276
12663733
12663893
12664210
12665066
12665174
12665377
12665693
12666955
12667413
12667770
12667826
12667883
12667922
12668517
12668520
12668564
12669502
12669800
12670093
12670320
12670405
12670767
12671103
12671547
12671783
12671818
12672304
12672481
12673469
12673571
12673750
12673921
12673922
12675328
12675414
12675859
12675922
12677316
12677364
12677567
12677636
12677755
12678208
12678603
12678625
12678802
12679297
12679417
12679708
12679794
12680120
12680267
12680424
12680717
12680992
12681612
12681900
12681991
12682256
12682457
12682553
12683229
12683405
12684046
12684049
12684259
12684644
12684741
12684959
12684979
12685473
12685598
12685908
12686120
12686233
12686346
12686507
12686606
12703619
12703795
12704009
12704309
12704492
12704558
12705289
12705394
12705509
12705687
12705880
12705923
12706418
12706878
12706978
12707031
12707078
12707269
12707440
12707919
12708135
12708474
12709758
12710922
12710933
12710956
12711684
12711851
12712619
12713061
12713184
12713258
12713810
12714257
12714257
12714371
12715550
12715726
12715781
12716093
12716178
12716302
12716450
12716532
12716741
12717246
12717599
12717844
12718366
12718653
12718732
12719495
12720302
12720347
12720543
12720778
12720870
12720990
12721608
12779528
12780378
12780697
12780827
12781102
12783051
12783138
12784337
12784417
12787127
12788849
12788984
12789056
12789463
12790294
12791082
12792108
12792782
12838381
12838695
12839031
12839360
12840656
12840933
12841018
12841272
12841561
12841768
12842135
12842425
12842483
12842646
12842854
12843280
12843521
12843615
12843660
12843746
12843874
12844164
12844749
12845223
12845655
12845833
12846029
12846122
12846174
12846212
12846274
12846510
12846957
12847295
12847690
12847727
12848485
12848696
12848847
12849747
12850097
12850213
12850441
12851255
12851458
12851631
12851911
12852179
12852495
12852704
12853071
12853142
12853183
12853189
12853384
12853603
12853686
12853738
12853798
12853860
12854025
12854229
12854294
12854414
12885218
12885541
12885903
12886268
12886695
12887144
12887294
12887413
12887429
12887831
12888145
12888239
12888773
12888802
12889306
12889377
12889672
12889864
12890295
12890375
12891611
12892584
12892775
12893375
12894434
12894655
12894946
12894949
12895518
12896238
12896340
12896638
12896691
12897036
12897864
12898395
12899451
12899490
12899727
12899845
12899974
12900132
12900920
12901344
12901688
12901888
12902011
12902242
12902421
12902500
12902782
12902866
12902940
12903342
12903532
12903553
12977823
12977970
12978333
12978345
12979440
12979728
12980607
12981330
12981436
12981766
12982148
12982652
12983272
12983613
12983671
12984254
12984362
12984499
12984999
12985353
12985456
12986676
12987313
12987639
12988481
12988885
12989375
12990315
12990483
12990662
12990953
12991170
12991548
12991986
12992127
12992665
12993399
12993706
12993746
12994141
13100966
13106103
13106158
13111137
13111357
13112537
13112540
13113520
13113672
13113685
13113933
13114091
13114325
13114367
13114860
13114927
13115332
13115582
13115737
13116529
13116723
13117623
13118201
13118323
13118503
13119613
13119716
13119843
13119974
13120435
13120599
13120969
13121145
13121410
13129216
13150637
13151001
13161281
13163124
13163337
13167594
13178685
13179004
13179218
13179635
13179799
13179804
13181008
13181333
13181909
13183237
13183728
13183877
13184616
13184856
13185519
13185892
13186257
13186944
13187580
13187723
13188315
13188881
13189520
13189652
13190406
13190458
13190602
13190640
13191751
13192466
13192807
13193088
13194545
13194685
13194721
13218163
13218958
13219391
13219669
13220701
13222134
13223123
13224439
13225543
13225796
13227527
13228658
13229346
13230640
13232929
13234595
13235250
13238241
13238764
13239510
13240040
13240666
13241140
13241232
13241330
13243554
13244409
13244904
13245172
13245216
13245606
13246290
13247215
13247944
13249578
13250328
13251222
13251473
13251489
13252144
13252355
13253005
13255557
13256164
13256505
13257447
13257662
13258229
13258241
13258564
13259528
13259715
13260167
13260400
13260775
13261961
13262408
13262493
13262721
13263277
13263567
13264004
13264299
13264859
13264917
13265026
13266197
13267185
13267236
13267334
13267510
13267774
13268282
13268345
13269327
13269896
13270301
13270574
13270886
13271220
13271398
13271432
13271732
13272367
13272383
13272897
13273041
13273418
13273470
13273516
13273682
13273973
13274226
13274306
13274644
13276109
13278938
13280856
13282125
13287028
13288218
13289410
13291210
13291427
13306180
13306258
13306260
13306305
13306868
13307447
13307879
13307887
13307955
13308034
13309247
13309505
13309567
13309640
13309747
13310310
13310685
13310894
13311036
13311257
13311659
13311800
13312288
13312297
13312346
13312644
13313544
13313548
13313643
13313803
13313830
13314289
13315170
13315269
13315439
13315458
13315814
13316133
13316597
13316733
13316791
13316800
13316841
13317244
13317462
13317902
13318182
13318272
13319046
13319300
13319607
13319634
13320074
13320106
13320112
13320336
13320427
13320550
13377955
13378388
13378750
13378858
13378871
13379583
13380086
13380166
13380701
13380733
13381059
13381433
13381686
13382326
13382483
13382559
13382593
13382871
13383305
13383371
13383382
13383733
13384105
13384418
13384596
13385217
13385527
13385570
13385696
13386036
13386132
13386328
13386971
13387662
13387677
13388040
13388250
13388726
13388797
13388903
13389239
13389252
13389527
13389707
13389935
13390302
13390334
13390515
13390687
13390990
13391091
13391310
13391465
13391478
13391901
13392223
13392394
13392473
13392558
13392780
13395650
13396362
13396889
13397057
13397391
13397677
13400097
13400100
13401447
13401554
13401782
13402426
13403337
13403461
13403779
13404186
13404374
13411387
13432310
13432723
13433676
13433786
13434023
13434655
13435139
13435252
13436344
13436706
13437013
13437851
13438190
13438212
13438894
13439011
13439095
13439862
13439873
13440030
13440470
13442247
13444661
13444666
13445262
13446495
13446792
13447839
13447987
13448701
13448754
13449556
13449623
13449854
13449862
13450086
13450830
13450864
13451112
13451548
13452448
13452696
13452705
13452886
13453126
13453888
13454843
13455093
13455977
13456030
13456330
13456365
13456430
13456900
13457025
13457256
13457397
13457432
13457478
13457481
13458075
13458267
13458713
13458790
13458877
13459790
13459975
13460309
13472922
13473343
13474050
13478153
13482049
13482978
13483134
13483842
13484789
13487225
13492647
13493364
13494178
13496049
13502781
13504025
13504173
13505312
13522065
13523288
13523676
13523747
13524397
13524801
13525809
13527092
13528518
13529031
13529098
13529767
13531028
13531613
13531613
13531892
13532836
13534654
13535366
13536004
13537011
13537839
13537970
13538508
13539540
13539566
13587244
13587300
13587386
13588172
13588517
13588667
13589197
13589210
13589703
13589798
13589863
13591211
13591644
13591786
13592988
13594110
13594358
13594365
13594467
13595382
13595543
13595665
13595806
13595832
13595985
13596757
13597264
13597319
13597449
13598204
13598768
13599588
13599849
13599941
13600254
13600387
13600526
13600541
13600550
13600926
13601211
13601313
13601434
13601501
13601616
13601663
13601925
13602062
13602269
13602548
13648684
13655924
13801739
13802162
13802701
13802939
13803015
13804346
13805005
13805886
13807450
13807500
13808198
13808639
13808651
13809148
13809692
13810884
13810928
13811028
13811116
13812076
13812612
13812814
13813905
13814125
13814379
13814554
13814713
13815663
13856390
13857414
13857855
13858239
13858260
13858496
13859525
13860032
13860479
13860744
13861682
13862253
13862519
13863621
13864148
13865240
13866714
13866803
13867338
13869362
13869925
13870203
13870455
13890736
13894104
13894481
13897429
13898222
13899668
13901708
13903080
13931870
13934184
13934566
13934692
13935368
13935764
13936902
13937091
13937817
13938013
13938238
13939818
13939902
13940456
13941508
13941787
13984639
13985336
13985376
13985405
13987292
13988998
13989343
13989716
13990618
13990793
13990987
13991570
13991709
13991833
13992563
13993585
13994777
13995547
13997232
13997886
13997964
13998532
13998972
13999358
14000614
14001053
14004754
14009766
14011099
14014318
14014636
14014803
14014885
14014897
14014985
14015012
14015086
14015241
14015412
14015462
14015859
14016194
14016281
14016402
14016925
14017002
14017277
14018495
14018572
14018776
14019508
14019680
14019856
14020140
14020341
14020449
14020683
14021145
14021197
14021231
14021311
14022064
14022158
14022216
14022228
14022310
14022381
14022431
14022527
14022777
14023078
14023555
14023765
14024405
14024548
14024775
14025084
14025317
14025341
14026082
14026164
14026251
14026299
14026419
14026562
14026651
14026810
14027190
14027995
14028059
14028156
14028484
14028809
14029128
14029155
14029432
14029446
14029598
14029781
14029996
14030178
14034684
14038671
14039920
14043493
14047551
14053346
14053979
14056928
14056938
14057497
14057624
14057666
14057682
14057732
14058133
14058252
14058565
14058725
14059136
14059144
14059678
14060097
14060186
14060823
14060865
14060985
14061560
14062555
14062601
14062901
14063543
14063821
14063999
14064844
14065489
14066118
14066169
14066346
14066415
14066573
14066581
14066701
14066710
14067381
14139485
14140724
14140865
14141177
14142207
14142298
14142449
14142528
14143069
14143239
14143410
14143791
14144295
14144383
14144736
14144974
14145037
14145329
14145983
14146243
14146685
14147228
14147378
14148594
14148706
14148974
14149189
14149226
14149313
14149774
14150087
14150533
14150697
14151030
14151365
14151767
14151836
14152183
14152946
14153269
14153361
14153690
14154024
14154474
14154830
14155067
14155188
14155416
14155720
14155828
14155859
14156137
14156184
14156254
14157190
14157287
14157360
14157386
14157872
14158107
14158864
14158953
14159170
14159176
14159272
14160130
14160298
14160672
14160802
14161108
14161184
14161631
14161752
14161860
14162301
14162302
14162427
14162608
14163200
14163398
14163553
14163623
14164106
14164850
14164972
14165114
14165321
14165431
14166182
14166708
14167293
14167463
14167501
14168043
14168630
14168648
14168787
14168828
14168873
14168918
14169039
14169934
14224461
14224524
14227984
14228930
14229927
14231023
14232469
14234673
14236845
14237647
14239118
14239149
14240511
14266030
14266376
14266450
14266563
14266709
14266731
14266814
14267620
14268131
14268198
14269045
14269284
14271016
14271290
14271665
14271689
14271989
14273376
14273793
14273977
14274246
14274318
14274511
14274618
14275142
14275678
14275738
14276609
14276851
14276878
14277590
14277698
14277734
14278079
14278737
14279042
14279090
14279106
14279144
14279411
14279854
14279886
14279975
14279982
14280248
14281112
14281267
14281344
14281898
14281925
14282228
14282272
14282278
14282335
14282602
14283063
14283067
14283109
14308283
14308393
14308791
14308866
14309112
14309290
14309331
14309460
14309489
14309736
14309956
14310123
14310283
14310409
14310529
14310843
14311132
14311207
14311373
14311527
14312237
14312404
14312825
14313204
14313288
14313306
14313629
14313772
14313799
14314047
14314458
14314511
14315039
14315109
14315457
14315527
14315577
14315867
14315954
14316103
14316122
14316266
14316304
14316433
14316442
14316507
14316508
14316661
14316715
14316727
14317660
14317790
14317942
14318373
14318560
14318668
14318797
14319082
14319199
14319326
14340225
14340743
14340877
14343458
14343651
14344445
14365275
14438493
14444986
14448929
14465339
14493028
14500229
14509149
14510337
14511232
14511641
14566313
14566353
14567053
14568975
14570534
14570792
14571251
14571639
14572630
14572889
14572895
14573259
14575324
14613630
14613807
14614038
14614381
14614406
14614602
14614771
14615994
14616110
14616112
14616172
14616345
14616477
14616490
14617270
14617585
14617722
14617766
14618069
14618647
14618706
14618751
14618866
14619091
14619153
14619161
14619307
14619606
14619788
14619851
14620050
14620119
14620237
14620315
14620371
14620846
14621016
14621069
14621902
14622021
14622397
14622733
14623131
14623466
14623678
14623987
14624503
14625101
14625637
14625774
14625958
14626389
14626502
14626745
14626852
14626886
14627879
14628244
14628427
14628473
14628838
14629252
14629393
14629471
14629899
14630053
14630180
14630508
14630675
14630833
14631009
14631197
14631631
14632689
14643775
14644141
14644774
14644896
14645570
14647461
14647960
14648414
14648690
14649167
14649541
14650327
14651004
14651100
14651304
14652412
14698237
14698368
14698461
14698883
14699130
14699137
14699140
14699635
14699762
14699851
14699897
14700419
14700534
14700583
14701023
14701492
14701822
14702283
14702503
14702544
14702624
14702899
14703165
14703170
14703399
14703522
14703796
14703972
14704201
14704363
14704378
14704599
14704610
14704653
14704734
14704980
14705195
14705348
14705506
14706212
14706533
14706579
14706924
14707020
14707084
14707265
14707316
14707995
14708991
14709230
14709582
14709713
14709960
14710710
14710741
14711108
14711202
14712016
14712158
14712333
14712402
14712599
14712643
14712930
14732529
14735043
14742996
14743786
14746034
14749122
14750132
14751008
14769829
14770921
14771381
14772132
14772738
14773362
14773763
14775117
14776016
14776913
14778698
14778994
14779071
14779123
14780025
14780422
14780950
14781816
14781974
14782272
14782337
14782347
14782513
14783609
14783992
14784002
14784149
14784307
14784314
14784766
14785154
14785407
14785818
14786004
14786151
14787006
14787071
14787550
14787948
14788156
14788574
14788834
14788980
14790438
14790584
14790852
14790900
14792328
14792514
14792592
14793062
14793187
14793508
14793790
14794585
14795576
14797339
14797680
14797746
14798794
14799461
14799753
14800082
14800134
14800460
14802157
14803336
14803554
14803874
14893749
14897285
14905816
14906652
14907122
14907698
14907834
14908016
14908558
14908585
14908879
14908881
14909058
14909681
14909879
14910336
14910891
14910955
14911971
14912860
14912986
14913159
14913213
14913575
14913710
14913912
14914204
14914206
14914276
14914405
14915064
14915679
14915786
14915829
14916436
14916648
14916716
14916867
14917759
14917923
14918719
14918785
14918821
14918878
14919273
14919774
14920031
14920071
14920413
14920448
14920730
14920742
14920746
14920753
14921156
14921641
14921783
14922819
14922862
14923234
14923506
14923620
14924859
14924990
14925395
14925601
14926259
14926458
14926572
14926992
14927338
14927561
14927570
14928020
14928260
14928292
14929354
14929565
14929584
14929638
14929894
14929989
14930126
14930456
14930755
14930858
14931050
14931562
14931573
14931649
14931668
14931670
14932205
14932594
14932622
14932862
14932950
14933215
14933288
14933386
14933411
14934041
14934074
14934182
14934488
14934563
14935214
14936115
14938301
14938392
14938713
14938800
14939317
14940180
14940778
14941419
14942364
14942424
14942779
14943432
14944108
14944571
14944804
14945413
14945437
14945994
14946295
14946946
14947029
14947548
14948720
14967935
14968207
14968243
14968358
14968691
14968740
14969110
14969494
14969701
14970652
14971602
14971957
14972257
14972439
14972445
14972453
14972575
14972605
14972655
14973303
14974114
14974768
14974854
14974877
14974898
14975061
14975130
14975437
14975852
14975893
14976427
14976553
14976603
14976717
14976797
14977602
14978704
14978937
14979067
14979076
14979225
14979239
14979460
14979535
14979710
14979954
14980138
14980494
14980524
14980792
14980892
14981772
14981866
14981949
14982235
14982818
14983174
14983200
14983327
14983698
14983768
14983989
14984186
14984197
14984329
14984933
14985165
14985421
14985504
14985576
14994323
14995847
15024619
15028288
15055370
15055966
15056864
15058144
15060639
15063091
15064635
15065452
15067104
15071201
15104116
15104583
15104885
15105476
15105768
15107484
15109612
15110997
15111256
15111484
15113465
15113793
15114035
15114116
15115044
15115080
15115125
15115467
15115767
15116113
15116378
15116515
15116636
15117043
15117185
15117393
15117575
15117941
15118072
15118912
15119045
15119363
15119514
15119648
15119813
15120136
15120475
15120964
15121562
15122086
15122430
15122547
15123002
15124209
15124246
15124524
15124568
15124686
15125551
15125688
15125732
15126071
15126102
15126476
15126757
15126785
15127155
15127194
15127208
15128097
15128147
15181740
15198929
15199173
15199558
15199941
15200158
15200512
15201225
15201992
15202021
15202119
15202710
15203362
15204099
15204156
15204282
15204350
15204510
15204722
15204847
15204862
15205072
15205435
15205579
15205764
15206013
15206355
15206689
15207216
15207774
15208132
15208531
15209287
15209579
15209980
15210107
15210493
15210499
15211116
15212134
15212175
15212246
15212979
15213568
15214356
15214449
15233147
15233555
15233889
15235010
15235654
15238002
15238022
15238129
15238666
15239465
15239577
15243266
15244445
15244845
15245651
15245679
15247242
15248582
15309937
15312924
15316811
15317365
15318294
15336477
15340255
15341000
15341885
15342811
15343124
15344232
15344632
15346629
15409706
15417247
15417449
15418855
15419442
15420476
15423791
15423914
15424040
15424809
15424849
15425422
15425868
15426631
15427559
15427870
15429271
15429322
15429560
15430158
15431114
15431347
15431871
15432763
15433064
15433611
15434423
15434962
15435037
15435543
15440704
15445897
15452439
15452491
15452844
15453279
15453851
15454609
15455135
15455910
15456171
15456220
15456421
15457735
15457903
15458539
15458611
15458662
15458758
15458885
15459269
15460946
15461605
15462883
15462925
15463486
15464092
15464837
15464947
15465051
15465241
15465318
15465851
15466086
15510963
15511263
15515148
15515356
15515607
15516340
15518107
15519000
15519206
15523186
15524035
15524412
15575807
15576126
15576465
15576563
15576778
15577131
15577408
15578088
15578144
15578903
15579143
15579205
15579248
15579748
15580390
15580417
15580482
15580724
15580729
15581044
15581046
15581114
15582023
15582325
15582645
15582657
15582858
15583000
15583252
15583333
15584637
15585092
15585513
15585666
15585931
15586078
15586188
15586490
15587825
15588609
15588821
15589809
15590604
15590757
15591621
15592341
15594359
15594810
15598296
15650451
15650568
15650870
15651101
15652101
15652269
15652300
15652660
15653066
15653429
15653437
15653471
15653893
15653922
15653988
15654174
15655739
15656064
15656073
15656456
15656883
15656932
15658459
15659175
15660346
15660693
15661745
15661970
15662419
15662523
15662600
15662652
15663411
15663423
15663608
15663708
15663762
15664256
15664736
15665807
15665994
15666285
15666677
15666688
15666815
15666993
15667045
15667200
15667451
15667473
15667480
15667890
15667906
15667916
15668089
15668119
15668515
15668925
15668994
15669328
15669470
15669628
15669971
15670034
15670145
15670830
15671961
15672232
15673230
15673500
15673928
15674043
15674741
15674830
15674888
15674984
15675628
15695253
15697052
15697126
15698237
15698986
15703086
15703825
15704742
15704761
15707048
15743640
15744485
15744486
15745148
15745894
15746045
15747189
15747803
15748301
15749640
15750074
15750188
15750545
15752019
15756527
15758400
15760662
15761020
15761370
15849634
15849796
15850283
15850476
15851328
15851859
15852352
15852936
15853342
15853496
15853557
15853640
15854074
15854547
15855101
15855117
15855268
15855279
15856736
15857121
15857585
15857860
15857885
15858565
15858868
15903533
15904644
15906394
15928521
15940951
15941143
15941202
15941380
15941680
15941777
15941815
15942076
15942085
15942908
15942962
15943378
15943994
15944246
15944538
15944737
15944924
15945271
15946089
15947339
15947675
15948008
15948888
15949174
15949793
15950166
15950512
15950761
15950902
15951105
15951197
15952553
15952702
15953589
15953606
15953884
15954360
15954503
15954555
15955282
15955774
15955980
15956348
15957281
15957390
15957449
16009382
16036601
16037037
16037108
16037885
16039357
16041774
16042019
16042041
16042731
16043143
16043830
16045930
16046251
16047254
16047486
16047997
16048812
16049024
16049413
16049477
16050147
16050229
16050546
16050804
16050962
16051033
16051511
16051654
16052328
16052725
16052783
16053012
16053279
16053298
16054283
16054434
16054473
16054635
16055188
16055215
16055217
16055305
16055372
16056085
16056302
16056560
16056992
16057008
16057226
16057304
16057346
16057696
16057806
16057903
16057959
16058462
16058617
16059106
16059274
16059378
16059533
16059627
16059891
16060153
16060154
16060270
16060801
16061131
16061403
16061564
16061738
16061758
16147360
16215423
16215583
16215614
16216372
16216420
16216522
16216557
16216960
16216976
16217156
16217176
16217573
16217787
16218113
16218141
16218323
16218498
16218901
16218924
16219053
16219325
16219541
16220528
16220698
16220699
16220872
16220908
16221090
16221275
16221434
16221494
16221513
16221662
16222511
16222579
16222726
16222733
16222906
16223231
16223293
16223360
16223679
16223765
16224099
16224245
16224910
16226975
16228469
16228641
16228817
16229144
16229212
16229411
16229496
16229564
16229597
16238110
16298742
16299795
16300081
16300134
16300408
16300625
16300799
16301079
16301308
16301595
16301803
16301847
16302052
16302308
16302461
16302722
16302815
16302914
16303171
16303195
16303617
16303725
16303846
16304102
16304991
16305635
16305688
16305711
16305807
16306129
16306319
16306541
16306751
16307080
16307158
16307315
16307580
16308101
16308584
16308896
16309085
16309230
16309375
16309451
16309975
16310712
16327260
16332605
16333547
16333612
16334011
16334166
16334593
16335141
16336739
16337008
16337010
16337553
16338199
16350730
16350758
16351051
16351253
16351607
16352003
16352009
16352128
16352334
16353066
16353126
16353199
16353254
16353469
16353819
16353892
16354093
16354285
16354469
16354880
16355332
16355494
16355569
16355784
16356062
16356535
16356669
16356722
16356785
16356840
16357208
16358064
16358146
16358169
16358403
16358870
16359835
16359958
16360182
16360202
16360394
16361215
16361241
16361447
16361826
16362217
16362325
16362335
16362395
16362908
16363108
16363456
16363807
16363867
16363952
16364363
16364447
16364511
16364520
16364709
16364791
16364968
16365223
16365616
16366022
16366408
16366472
16366556
16366843
16366946
16388614
16388632
16390391
16396071
16396586
16399100
16399721
16400107
16400546
16400994
16401267
16402100
16402879
16402948
16403394
16403400
16404459
16404681
16404694
16404933
16405192
16405752
16405814
16406013
16406085
16406395
16406422
16406825
16406953
16407068
16407885
16409321
16409864
16410146
16410671
16410986
16411059
16411116
16411220
16411400
16411683
16411989
16412087
16447389
16448074
16450630
16453426
16455442
16457114
16457299
16458114
16459486
16460716
16461665
16465055
16466100
16466589
16466971
16467218
16471198
16471298
16472145
16472150
16472257
16473670
16473928
16474959
16475380
16475791
16475913
16476062
16476992
16477109
16477554
16477580
16477921
16478777
16479665
16481291
16575657
16577048
16577916
16579382
16580060
16582104
16582193
16583331
16583610
16584382
16584704
16585928
16586669
16586803
16587552
16589761
16592718
16594440
16596819
16606404
16609386
16612906
16644533
16644830
16645040
16645333
16646354
16646407
16646552
16646616
16647248
16647401
16647553
16647768
16648229
16648324
16648512
16649107
16649233
16649273
16649688
16649764
16649832
16650343
16650911
16651858
16652028
16652047
16652089
16652202
16652432
16652543
16652589
16653711
16654434
16655220
16655354
16655385
16655405
16655498
16655587
16655868
16655920
16655988
16656208
16656896
16656952
16657041
16657296
16657416
16657734
16657750
16658016
16658061
16658195
16658337
16658350
16658854
16658964
16659080
16659281
16659476
16659672
16659687
16659710
16659949
16660218
16660730
16660773
16660793
16660902
16660992
16661025
16661750
16661797
16662103
16662443
16663289
16663361
16663400
16663413
16663763
16664053
16664596
16664666
16664808
16665009
16665155
16665636
16666043
16667251
16667807
16667856
16668169
16668638
16668976
16669308
16669510
16669544
16669710
16669933
16671272
16671652
16671686
16671757
16688713
16780888
16912103
16912746
16913569
16913596
16913603
16913851
16913984
16914043
16914406
16914511
16914618
16915369
16915559
16916222
16916489
16917039
16917069
16917119
16917155
16917341
16917865
16918162
16918181
16918240
16918396
16918447
16918468
16918768
16919027
16919323
16919360
16919394
16919541
16919737
16919778
16919790
16919979
16920023
16920466
16920937
16921275
16922032
16922040
16922205
16922515
16922739
16923077
16923700
16923728
16924041
16924424
16924485
16987492
16988196
16988228
16988316
16988348
16989093
16989789
16989841
16990300
16990436
16990661
16992090
16992447
16992514
16992652
16992813
16993061
16993221
16993458
16993490
16993586
16993635
16994156
16994179
16994397
16994680
16994886
16994902
16995516
16996363
16996387
16996633
16997817
16997916
16997940
16998101
16998420
16999027
16999259
16999430
16999981
17000020
17000146
17000416
17000679
17000729
17000833
17001311
17001413
17002269
17002710
17021592
17028899
17175400
17176412
17181762
17187982
17188908
17212109
17216996
17219141
17220665
17279760
17282876
17289980
17346545
17346988
17347380
17347883
17348062
17348218
17348964
17349011
17349412
17350176
17350290
17351234
17351279
17351514
17351691
17351969
17352175
17354318
17354928
17356124
17356557
17357633
17357919
17358185
17358355
17387047
17387182
17387484
17387622
17387752
17388367
17389675
17390102
17390227
17390261
17390332
17390535
17390770
17390861
17391839
17392572
17393093
17393485
17393606
17393634
17393753
17393867
17394401
17394814
17394914
17395422
17395459
17395583
17395995
17396080
17396099
17396591
17396723
17397183
17397822
17398159
17398656
17399150
17399987
17400450
17400522
17400968
17401173
17401241
17401307
17401473
17402374
17402903
17403075
17403124
17404035
17404160
17404649
17404819
17405299
17405416
17405706
17406166
17406472
17406919
17408223
17408294
17408312
17408655
17408874
17409118
17409253
17409584
17410331
17410505
17410732
17410888
17411097
17411517
17411518
17411527
17412441
17412770
17413043
17413426
17413437
17413442
17414265
17414314
17415523
17415666
17416667
17417218
17417361
17417569
17418433
17418444
17419003
17419181
17420438
17420638
17420794
17420873
17420915
17422730
17424431
17424635
17424771
17426776
17428210
17428735
17429715
17431468
17432786
17433417
17434470
17439879
17440476
17443736
17444435
17446842
17447677
17447869
17448116
17475521
17476248
17477183
17477574
17477723
17477798
17477818
17477846
17477890
17477896
17477919
17478522
17478616
17478617
17478916
17479019
17479052
17479533
17479569
17479597
17479623
17479634
17480045
17480070
17480290
17480616
17480662
17480712
17480962
17481019
17481073
17481311
17481474
17481509
17482053
17482174
17482273
17482487
17482555
17483243
17483527
17483795
17484040
17484192
17484685
17485005
17485169
17485764
17485785
17485832
17485869
17485945
17485978
17486273
17486430
17486464
17486640
17486760
17487642
17488133
17488270
17488319
17630240
17631687
17637797
17638506
17640707
17640820
17640926
17641578
17641700
17642260
17642327
17642791
17642946
17643377
17643383
17643948
17644100
17645573
17646344
17646436
17646694
17647559
17647937
17648194
17648945
17649204
17649888
17650280
17650961
17651028
17651029
17651233
17651902
17652124
17652223
17652342
17652896
17652913
17654891
17655184
17655327
17656693
17657182
17657514
17657638
17658098
17658299
17658344
17690167
17690651
17690769
17690881
17691358
17691515
17691809
17692122
17692638
17692688
17692839
17693179
17693382
17693383
17694255
17694345
17694647
17694659
17694668
17694786
17695050
17695492
17695533
17695816
17696193
17696374
17696411
17696474
17696822
17697662
17698317
17699383
17699432
17699542
17699740
17699987
17700568
17700784
17700808
17700911
17701254
17701575
17701615
17701840
17701945
17702067
17702156
17702426
17702437
17702449
17702479
17702501
17702558
17702651
17702830
17758670
17758945
17760020
17761843
17762800
17763580
17763916
17764355
17764798
17764840
17765105
17765422
17765590
17767166
17768327
17768504
17769079
17769126
17781686
17781776
17781854
17782699
17782786
17782827
17783128
17783228
17783333
17783511
17783781
17784027
17784220
17784377
17785199
17785225
17785610
17785711
17785714
17785934
17786015
17786144
17786800
17786895
17786912
17787663
17787772
17788569
17788582
17789977
17790220
17791326
17791406
17791945
17792007
17792941
17792992
17793146
17793603
17793755
17794914
17795918
17796361
17796681
17797385
17797675
17797905
17800052
17800146
17800676
17801151
17802313
17802373
17802996
17803058
17803307
17805430
17805483
17805989
17806365
17806895
17807096
17808540
17808698
17810036
17810646
17810957
17811507
17811943
17812817
17813008
17814282
17814487
17815163
17815274
17815821
17815823
17815845
17815922
17816281
17816841
17818220
17818686
17819480
17819536
17819756
17819967
17820485
17820623
17820679
17820827
17821212
17821237
17821669
17822332
17822551
17822803
17822939
17822977
17823076
17823482
17823703
17823773
17823854
17824078
17824308
17824728
17824746
17826340
17826486
17826562
17826563
17826751
17827423
17827530
17827721
17827832
17828637
17828998
17829203
17829571
17829914
17830179
17830340
17830499
17830646
17831994
17832170
17832297
17834147
17834692
17834918
17835177
17835677
17836478
17836501
17837199
17837932
17838342
17838626
17838748
17839113
17839428
17839854
17840386
17840689
17841118
17841231
17841408
17841409
17841708
17841962
17842609
17843204
17845908
17847039
17848531
17849413
17859143
17859220
17864686
17868743
17868859
17874124
17875744
17878984
17879184
17879935
17883803
17887030
17887957
17888680
17889208
17889232
17899292
17908866
17909061
17909901
17910879
17911070
17911236
17911556
17911616
17912183
17912444
17912890
17914668
17915575
17915630
17915831
17915927
17916004
17916110
17916394
17916510
17916953
17917131
17918032
17918243
17918521
17918720
17919546
17919748
17919794
17920935
17921379
17922681
17923064
17923321
17923622
17925000
17926833
17927377
17927625
17928652
17929246
17929602
17929630
17929649
17929761
17930038
17930282
17930407
17930702
17931175
17931763
17933039
17933413
17933513
17933564
17934382
17934832
17934867
17934891
17934964
17935134
17935161
17935241
17935283
17935563
17935731
17936427
17937153
17937465
17937719
17938635
17938825
17939035
17939507
17939530
17939630
17940025
17940055
17940065
17941742
17941802
17942020
17942036
17942729
17942830
17942891
17943115
17943993
17944044
17944204
17944317
17945056
17945510
17945525
17945709
17945767
17946131
17947136
17947336
17947472
17947609
17966755
17967307
17967553
17967916
17968553
17968997
17969029
17969156
17969296
17969533
17969538
17969954
17970706
17970836
17971128
17971359
17971613
17971826
17971961
17972107
17972117
17972737
17972777
17973597
17973799
17973923
17974747
17974962
17975229
17975389
17975425
17976889
17977911
17978099
17978335
17979365
17979374
17979931
17980196
17981058
17981066
17981164
17981314
17981387
17981607
17981953
17982095
17982150
17983029
17983150
17983337
17983443
17983802
17983937
17985133
17986167
17986581
17986617
17986991
17987149
17988399
17988658
17989436
17989869
17990137
17990267
17991579
17993153
17993460
17995176
17995692
17998005
18000685
18000739
18001584
18001880
18002001
18002297
18002591
18002713
18003427
18003702
18003713
18003870
18003936
18004565
18004825
18004924
18005065
18005693
18005717
18005871
18005890
18005915
18005972
18006147
18006714
18007445
18007765
18008431
18008483
18008584
18008650
18008681
18008729
18009618
18009723
18009851
18009944
18010033
18010202
18010593
18010862
18011034
18011052
18011431
18012664
18013426
18013981
18014305
18014616
18014641
18015490
18015903
18016196
18016440
18016759
18017101
18017181
18017206
18017520
18018088
18022912
18023705
18025172
18029143
18029440
18041467
18074063
18078488
18079834
18082633
18084000
18085577
18117483
18138326
18138648
18138677
18138769
18138821
18139092
18139651
18140220
18140364
18140489
18140665
18140749
18140792
18140905
18141235
18141435
18141438
18142075
18142214
18142669
18142678
18143243
18143670
18143696
18143925
18144032
18144058
18144400
18145604
18145612
18145762
18146452
18147379
18148270
18148359
18148386
18148468
18148698
18148868
18148898
18148906
18149161
18149230
18149455
18149655
18149845
18151156
18151382
18151608
18152383
18152440
18152990
18153652
18154346
18154615
18154627
18154794
18154816
18154965
18155331
18155931
18156180
18156427
18156684
18186722
18186988
18187260
18187509
18187671
18187847
18187920
18188236
18188336
18188661
18188971
18189450
18189746
18189816
18190382
18190525
18191172
18191262
18191553
18191814
18192242
18192380
18192397
18193091
18193173
18194460
18194529
18194792
18196395
18196771
18196818
18197348
18198687
18198922
18199651
18199657
18199827
18200449
18200812
18200869
18200896
18200966
18201146
18201507
18201533
18201559
18203046
18203111
18203336
18203525
18278615
18283852
18294019
18314592
18314674
18315452
18316264
18316687
18317012
18317483
18318146
18318360
18319156
18319723
18319769
18320159
18321330
18321364
18321914
18322036
18322138
18323203
18324132
18325144
18325687
18326446
18326613
18381567
18382502
18385748
18387509
18388761
18390081
18408137
18408710
18408858
18409596
18412179
18413015
18413908
18414319
18415092
18415122
18417003
18418442
18419908
18420250
18549479
18552473
18554117
18555116
18556387
18556825
18558285
18559573
18560812
18565512
18566086
18566217
18567483
18567666
18567777
18568153
18568565
18568567
18568971
18570890
18571305
18571314
18571790
18572935
18573930
18574043
18574067
18574893
18575153
18575176
18575376
18576232
18576676
18577968
18578096
18578847
18579388
18579424
18579878
18580110
18580310
18580464
18581025
18581458
18581591
18581612
18582074
18582178
18582650
18582690
18583360
18583786
18584302
