242
486
871
1254
1471
1825
2538
3305
3334
3432
4023
4675
5412
5469
5595
5663
5823
6035
6160
6175
6385
6748
6892
7077
7326
7668
8002
8529
9087
9445
9844
10600
10892
11293
11420
11806
11812
12429
13447
13488
13559
14292
14881
15669
15762
117105
120104
126540
162213
162583
162973
163360
163790
164652
165146
165280
165656
166058
166117
167028
167070
167479
167805
168769
169671
169859
169945
170132
170593
170594
170785
171204
171588
171611
171691
172276
172396
172700
173300
173310
173369
173637
174169
174894
174917
174931
174983
175043
175351
175493
175519
175810
175963
176283
176671
177346
177490
177687
177776
178282
179521
179662
179974
181004
181095
181246
181325
181866
182036
182207
182588
183092
183180
183533
183771
183834
184126
184780
185040
185482
186025
186175
187391
187503
187771
187986
188023
188110
188571
188884
189330
189494
189827
190162
190564
190633
190980
191743
192066
192158
192487
192821
193271
193627
193864
193985
194213
194517
194625
194656
194934
194981
195051
195987
196084
196157
196183
196669
196904
316243
360282
364939
371983
458632
458898
459170
459419
459581
459757
459830
460146
460246
460571
460881
461360
461656
461726
462292
462435
463082
463172
463463
463724
464152
464290
464307
465001
465083
466370
466439
466702
468305
468681
468728
469258
470597
470832
471561
471567
471737
472359
472722
472779
472806
472876
473056
473417
473443
473469
474956
475021
475246
475435
477008
478078
478185
478508
478751
479100
479518
479611
479717
479733
481096
481900
482485
482749
483046
483270
483532
483555
483624
484394
484978
485129
485259
485459
485588
485838
486220
486319
487097
487153
487231
487241
487833
488785
488845
488900
488996
489887
490053
490333
491091
491410
491566
492397
492878
493367
493420
548768
549162
550111
550180
551144
552994
553427
553820
555485
556133
556418
556575
557890
558060
558159
579835
583664
584712
586186
588197
588608
589277
589474
591452
593570
594637
595095
595996
596055
597165
598501
599411
600255
600513
600540
600561
601066
601170
601200
601297
601998
602117
602948
603100
603339
604385
604403
605952
606607
606717
606775
619359
619449
619527
620372
620459
620500
620801
620901
621006
621184
621454
621700
621893
622050
622872
622898
623283
623384
623387
623607
623688
623817
624473
624568
624585
625336
625445
626242
626255
627650
627893
628999
629079
629618
629680
630614
630665
630819
631276
672953
673529
674721
674955
675220
675703
676602
676612
677901
678378
678742
679416
679670
679693
679998
680473
680957
682483
683089
683331
684046
684090
684359
686118
686397
687185
687510
687556
688527
688775
689187
689234
689633
690088
690171
690348
690688
692562
692677
692859
692886
693100
693473
693808
694918
695217
695333
695841
695953
696208
696914
697097
697581
697722
697765
697918
698120
698480
698737
698832
698927
699840
700060
700157
700175
700225
700281
700294
701021
701187
706019
707207
708102
708511
734185
735214
740709
741552
741812
742042
743146
745996
749706
750299
751170
795017
795145
795176
795309
795520
795557
795698
795762
796159
796298
796322
796345
796564
796628
796743
796944
797132
797167
797255
797349
797428
797584
797719
798038
798147
798204
798493
799747
799814
800047
800191
800503
800614
800841
801611
801654
801935
802361
802420
802631
802683
802715
802764
803585
803706
803822
804839
804898
805170
805302
805432
805473
805861
805996
806373
806807
806955
806998
807350
807351
807438
807539
808117
808145
808170
808469
808532
808558
808628
808651
808652
808695
808927
809038
809331
809367
810070
810109
810583
811157
811331
812150
812227
812638
813079
813165
863345
864280
867526
869287
870539
871859
968961
969058
969073
969386
969675
970109
970343
970688
971175
971219
971296
971778
971993
972050
972078
972609
972940
973205
973569
973570
973868
974151
974461
974685
974692
974817
974850
974974
975560
975812
976321
976352
976380
976435
976624
977348
977357
978065
978070
978457
978890
979024
979104
979393
979697
980366
980440
980663
980935
980971
981086
981419
981468
981838
982222
982429
983380
984330
984685
984985
985167
985173
985181
985303
985333
985383
986031
986842
987496
987582
987605
987626
987789
987858
988165
988580
988621
989155
989281
989331
989445
989525
990330
991432
991665
991795
991804
991953
991967
992188
992263
992438
992682
992866
993222
993252
993520
993620
994500
994594
994677
994963
995546
995902
995928
996055
996426
996496
996717
996914
996925
997057
997661
997893
998149
998232
998304
1051793
1058953
1077576
1078369
1079836
1083807
1084104
1130514
1130533
1130687
1131256
1131366
1131669
1132282
1132405
1132470
1132502
1132813
1132887
1132975
1133521
1133631
1133863
1133916
1133925
1134042
1134185
1134244
1134301
1134612
1135014
1135987
1136180
1137648
1137793
1138065
1138186
1138263
1138544
1138611
1139445
1139533
1139781
1139918
1140180
1140209
1140481
1140706
1141221
1141297
1141762
1141841
1141954
1142013
1297871
1299030
1300034
1300477
1300797
1301501
1301791
1302021
1304168
1304262
1304792
1305267
1306429
1306489
1307112
1307174
1307423
1309546
1309599
1310105
1310481
1311011
1311212
1312656
1312814
1314152
1314762
1315073
1315623
1316059
1372346
1404557
1514854
1532028
1532250
1532262
1532275
1532935
1533631
1534383
1534460
1534595
1534637
1534775
1534830
1535892
1536686
1537850
1538159
1538183
1538585
1538784
1539159
1539178
1539346
1539703
1539988
1540240
1540946
1541565
1541730
1541732
1541867
1542076
1542157
1542435
1542520
1543307
1543794
1544139
1544491
1544582
1544980
1545003
1545663
1545769
1545861
1546107
1546157
1546188
1546332
1546365
1546679
1549957
1549975
1551734
1557414
1557929
1560443
1561647
1561687
1562387
1564309
1565868
1566126
1566585
1566973
1567964
1568223
1568229
1568593
1570658
1584093
1584253
1584284
1585042
1585090
1585192
1585227
1585630
1585646
1585826
1585846
1586243
1586457
1586783
1586811
1586993
1587168
1587571
1587594
1587723
1587995
1588211
1589198
1589368
1589369
1589542
1589578
1589760
1589945
1590104
1590164
1590183
1590332
1591181
1591249
1591396
1591403
1591576
1591901
1591963
1592030
1592349
1592435
1592769
1592915
1593580
1595645
1597139
1597311
1597487
1597814
1597882
1598081
1598166
1598234
1598267
1639649
1646968
1648632
1658216
1658671
1677354
1677856
1680403
1684470
1686890
1695819
1698928
1701715
1702085
1763592
1764058
1764169
1764300
1764918
1764989
1765461
1765664
1765779
1766402
1766890
1767673
1768018
1768869
1770127
1770460
1770665
1771085
1771341
1771603
1771871
1772560
1773816
1773826
1774007
1774104
1774625
1774814
1775396
1775734
1775810
1776320
1776453
1776689
1777058
1777346
1880267
1880618
1881115
1881455
1881904
1882084
1882089
1882555
1882837
1883595
1883646
1884171
1884549
1884693
1884937
1885451
1885721
1885782
1886034
1886062
1886180
1886369
1886823
1887050
1887335
1887475
1887477
1887508
1887898
1888106
1888196
1889741
1889794
1889959
1890028
1890120
1890662
1890683
1891079
1891442
1891672
1892157
1892175
1892411
1892700
1893031
1893080
1893190
1893361
1893610
1893860
1893994
1894288
1894709
1894781
1896211
1896513
1896846
1896860
1909907
1910038
1910288
1910410
1910667
1910676
1912021
1912208
1912584
1912906
1913770
1914107
1914348
1914358
1914405
1914413
1914756
1914829
1914843
1915057
1915323
1915951
1916087
1916930
1916995
1917039
1917113
1917702
1917912
1918661
1919734
1919856
1920512
1920816
1921964
1921970
1921992
1922319
1922783
1923106
1923632
1924122
1924749
1924862
1925665
1926320
1926577
1927415
1927646
1927826
1927914
1928052
1928372
1928585
1928778
1928859
1928950
1995505
1997241
1997620
1997883
1997975
1997977
1998456
1998531
1998725
1999536
1999814
1999956
2000294
2000658
2001630
2002334
2002427
2002514
2002528
2002660
2002697
2003045
2003174
2003365
2004165
2004405
2004520
2004864
2005006
2005197
2005326
2005332
2005472
2005514
2005729
2006041
2006262
2006452
2006692
2007151
2007310
2007529
2007625
2007985
2008112
2008697
2008763
2009292
2009498
2009551
2009598
2009636
2010185
2010211
2010450
2010635
2010874
2010885
2010993
2011167
2011385
2011686
2011706
2011855
2011932
2011947
2013025
2013259
2013384
2014146
2014324
2014526
2014693
2015036
2059668
2059837
2060613
2060700
2060994
2061573
2061894
2061926
2061944
2062226
2063912
2064345
2064411
2064467
2064534
2065000
2065109
2065468
2065856
2065900
2066277
2066688
2066847
2067950
2068635
2068737
2068776
2068960
2069370
2069404
2069574
2069609
2070205
2070718
2071018
2071091
2071207
2071768
2071780
2071862
2071892
2072134
2072284
2072834
2072881
2073024
2073498
2073623
2073919
2074133
2074802
2075263
2075706
2075960
2076252
2076487
2106596
2106644
2107226
2107250
2108168
2109026
2109119
2109715
2109792
2110003
2110035
2110108
2110163
2110798
2111002
2111048
2111189
2111319
2111369
2112157
2112367
2112398
2112492
2112827
2112848
2113351
2113884
2114669
2114902
2115281
2115647
2116047
2116314
2116679
2116695
2117113
2133860
2134675
2135117
2135749
2138279
2138980
2140793
2141698
2142333
2143389
2143401
2143705
2143749
2144701
2145831
2146118
2146152
2146165
2146173
2146226
2146541
2147062
2147402
2147437
2147662
2148844
2149150
2149267
2149357
2149507
2149626
2149649
2150516
2150797
2150825
2150844
2151613
2151702
2151773
2151939
2152023
2152031
2152220
2152716
2153084
2153197
2153405
2153689
2153810
2153964
2154307
2155105
2155268
2155282
2155306
2156092
2262111
2262554
2262946
2263449
2263628
2263784
2264530
2264577
2264978
2265742
2265856
2266800
2266845
2267080
2267257
2267535
2267741
2269884
2270494
2271690
2272123
2273199
2273485
2273751
2273921
2274250
2274554
2274760
2275008
2275208
2276367
2276702
2276746
2276888
2277239
2277490
2277699
2278514
2278741
2279044
2279324
2279671
2279988
2280122
2280145
2280238
2280551
2280746
2281522
2281720
2281989
2282724
2282855
2282974
2283108
2283253
2283271
2283412
2283578
2284290
2284455
2284575
2284672
2284807
2284887
2285444
2286351
2286447
2286456
2286548
2287020
2287063
2287126
2287551
2288251
2288368
2288658
2288929
2289173
2289187
2291275
2296412
2296467
2329563
2329860
2330070
2330363
2331384
2331437
2331582
2331646
2332278
2332431
2332583
2332798
2333259
2333354
2333542
2334137
2334263
2334303
2334718
2334794
2334862
2335373
2335941
2336888
2337058
2337077
2337119
2337232
2337462
2337573
2337619
2338741
2339464
2340250
2340384
2340415
2340435
2340528
2340617
2340898
2340950
2341018
2341238
2341926
2341982
2342071
2342326
2342446
2342764
2342780
2343046
2343091
2343225
2343367
2343380
2344306
2344587
2344805
2346108
2346368
2348661
2350423
2350625
2352933
2358832
2359401
2477206
2479720
2487673
2488463
2490711
2493799
2494809
2495685
2515727
2528521
2528853
2531478
2547092
2551035
2589602
2590668
2591081
2591517
2591718
2593737
2594531
2596047
2596831
2597252
2598778
2599230
2599256
2600030
2602028
2644884
2645016
2645130
2645528
2645813
2645947
2646524
2648086
2648192
2648213
2648837
2649142
2649190
2650017
2650920
2651074
2651428
2652257
2652300
2652792
2652889
2653517
2653746
2654066
2654100
2654378
2654494
2654577
2654918
2654977
2655336
2655614
2655802
2655913
2655917
2656033
2656512
2656758
2656936
2657798
2658492
2658594
2658983
2659106
2659272
2672658
2682889
2772380
2772641
2772886
2773198
2773481
2773525
2773622
2773635
2773741
2773772
2774252
2774342
2774541
2774720
2775028
2775151
2775630
2775758
2775883
2775942
2776149
2776259
2776734
2776985
2777044
2777121
2777757
2777903
2778097
2778150
2779650
2779883
2779910
2779969
2780043
2780312
2780492
2780593
2781008
2781055
2781122
2781508
2781554
2782269
2782380
2782673
2783342
2784579
2786128
2786319
2786524
2788068
2788271
2788333
2788340
2788456
2788706
2788768
2788897
2816478
2817903
2819022
2819439
2819448
2819792
2819966
2820857
2822229
2822297
2822598
2823771
2823894
2823987
2824333
2824494
2824849
2825451
2826077
2826228
2826244
2826739
2827317
2828379
2828662
2828801
2828923
2830268
2830317
2830595
2830714
2830762
2831256
2831404
2831414
2831924
2832571
2832650
2832662
2833025
2833896
2834217
2868127
2868494
2868636
2869587
2869709
2869848
2870574
2870789
2871521
2871551
2871649
2871704
2872231
2872896
2873495
2874160
2874557
2875314
2876120
2876740
2876763
2876939
2877395
2878172
2881309
2883130
2895958
2945220
2945275
2948141
3023685
3024568
3026236
3026893
3026914
3027434
3028378
3029264
3030198
3030364
3032070
3032347
3032777
3082753
3082867
3082995
3083041
3083141
3083779
3083931
3084016
3084133
3084482
3084502
3084652
3085013
3085263
3085911
3087037
3087230
3087952
3088490
3088717
3089378
3089390
3089737
3089748
3089848
3090170
3090413
3090680
3091066
3091756
3091909
3092099
3092395
3092605
3092741
3092758
3093806
3093837
3094232
3094581
3094935
3094945
3094951
3094981
3095600
3095929
3096251
3096425
3096461
3096475
3096574
3096944
3097564
3097759
3097793
3098547
3098553
3098566
3098817
3099046
3099211
3099724
3100260
3100334
3132966
3137733
3177332
3178904
3216382
3219235
3219598
3220871
3224306
3226674
3227580
3228112
3228981
3229397
3291324
3291547
3291602
3292114
3292383
3293069
3293895
3294087
3295178
3295815
3296405
3296753
3296803
3296881
3297096
3297381
3297758
3297869
3298192
3299656
3301078
3301739
3302624
3302756
3302913
3303108
3303132
3303782
3304719
3305179
3305416
3305575
3306806
3307517
3307706
3307794
3307949
3309411
3309442
3310102
3476648
3479523
3485165
3487878
3525483
3525499
3525593
3527815
3527993
3529464
3529933
3530430
3530785
3531080
3531867
3533143
3533483
3534312
3534402
3534417
3535752
3536376
3537152
3537277
3538656
3540572
3541829
3616941
3617062
3617197
3617484
3618124
3618795
3618881
3618966
3619062
3619162
3619398
3619537
3619903
3620046
3620748
3621024
3621564
3621616
3621627
3622730
3623195
3623660
3623673
3624269
3624359
3624423
3624807
3624813
3624923
3625572
3625716
3626450
3626664
3627050
3627526
3627623
3627825
3627924
3627953
3628005
3628284
3628317
3628404
3628456
3628677
3630270
3631149
3631244
3631255
3631531
3631592
3631742
3632023
3632414
3632487
3632732
3632777
3633663
3635054
3635922
3637388
3638066
3640110
3640199
3641337
3641616
3642388
3642710
3643934
3644675
3644809
3645558
3647767
3650724
3652446
3670820
3671517
3671557
3671586
3673473
3675179
3675524
3675897
3676799
3676974
3677168
3677751
3677890
3678014
3678744
3679766
3680958
3681728
3683413
3684067
3684145
3684713
3685153
3685539
3686795
3687234
3689046
3689451
3689587
3690546
3691196
3691471
3691910
3692175
3692481
3694758
3694900
3695542
3695831
3696690
3697889
3743863
3743945
3744723
3745535
3745958
3746283
3746754
3747417
3747631
3748427
3748994
3749040
3749430
3750601
3750635
3751185
3751307
3751409
3752474
3753403
3754415
3754958
3755717
3755884
3775458
3775831
3776295
3776687
3776772
3776892
3777127
3777190
3777408
3777418
3778481
3778670
3778832
3778836
3778889
3778947
3779173
3779455
3779551
3780123
3781272
3781380
3781423
3781550
3781674
3781686
3781742
3781750
3782148
3782316
3782499
3782689
3782819
3783097
3783241
3783400
3783548
3783980
3784692
3785250
3785253
3785913
3786375
3786468
3786909
3787265
3787349
3787497
3787801
3788539
3788689
3788708
3856444
3858405
3859697
3918832
3924974
3925068
3925210
3925448
3925511
3925526
3925661
3925778
3926306
3926434
3926811
3927142
3927279
3927501
3927629
3927843
3927958
3928010
3928015
3928422
3928545
3928667
3929075
3929104
3929556
3930380
3931414
3931811
3931918
3932069
3932084
3932130
3932951
3933073
3933089
3933653
3933806
3933921
3934150
3934170
3934317
3934763
3934916
3935158
3981874
3982174
3986059
3986267
3986518
3987251
3989018
3989911
3990117
3994097
3994946
3995323
3997271
3998660
4000401
4001054
4002586
4002634
4003190
4003939
4004095
4004272
4004347
4004353
4005037
4005046
4005992
4006133
4007285
4008594
4009368
4010496
4010520
4011424
4011841
4011921
4012348
4012534
4013321
4014328
4014669
4027675
4028061
4028500
4028948
4029221
4030054
4030833
4030902
4031348
4031354
4032413
4032635
4032648
4032887
4033146
4033706
4033768
4033967
4034039
4034349
4034376
4034779
4034907
4035022
4035839
4037275
4037818
4038100
4038625
4038940
4039013
4039070
4039174
4039354
4039637
4039943
4040041
4089039
4089174
4089476
4089614
4089744
4090359
4091667
4092094
4092219
4092253
4092324
4092527
4092762
4092853
4093831
4094564
4095085
4095477
4095598
4095626
4095745
4095859
4096393
4096806
4096906
4097414
4097451
4097575
4097987
4098072
4098091
4098583
4098715
4099175
4099814
4100151
4100648
4101142
4101979
4102442
4102514
4102960
4103165
4103233
4103299
4103465
4104499
4105344
4105345
4106007
4106753
4106904
4108048
4108662
4109160
4110499
4110933
4111047
4111404
4112878
4117386
4119259
4121521
4121879
4122229
4212370
4213481
4215231
4235344
4243224
4312485
4312518
4312723
4312841
4312847
4313777
4313875
4314700
4315120
4315258
4315801
4315905
4315919
4315928
4316229
4316277
4316454
4317226
4317509
4317777
4318431
4318509
4318648
4318895
4319003
4319228
4319739
4320041
4320128
4320159
4320182
4320225
4320705
4320749
4321007
4321568
4321843
4322198
4322508
4322754
4322771
4322934
4323604
4323762
4323800
4324512
4324513
4324589
4324694
4325002
4325138
4325350
4325431
4343375
4345133
4346527
4346940
4351853
4354691
4402991
4402999
4403318
4404803
4405244
4405432
4405711
4406813
4407036
4407096
4407330
4407448
4407619
4407689
4408081
4408228
4409074
4409292
4409433
4409995
4410071
4410155
4410194
4410243
4410371
4410629
4410797
4411091
4411809
4411826
4412479
4412922
4412933
4413348
4414427
4414731
4415897
4415919
4416509
4417356
4417361
4417468
4418881
4419139
4420170
4420591
4421002
4421124
4421273
4422203
4422320
4422765
4422791
4423132
4423988
4424876
4426502
4458174
4459186
4464536
4470756
4471682
4588289
4588465
4588592
4590442
4590987
4591213
4591472
4591972
4592773
4592796
4593494
4594227
4594637
4594921
4595043
4595408
4595723
4596149
4596681
4596984
4597413
4597526
4597703
4597704
4598003
4598257
4598904
4716479
4716548
4717178
4717220
4718023
4718652
4718676
4719409
4719494
4720488
4720543
4720615
4720644
4721308
4721319
4721593
4721613
4722063
4722285
4722337
4722352
4723015
4723094
4723320
4723653
4724877
4725610
4725755
4726567
4726844
4726889
4727241
4727249
4738478
4775036
4777350
4777732
4777858
4778534
4778930
4780068
4780257
4780983
4781179
4781404
4782984
4783068
4783622
4784674
4784953
4821187
4851426
4851758
4852445
4852451
4852621
4852992
4853166
4853408
4853623
4853859
4855379
4855780
4856409
4856556
4857468
4857480
4857912
4858262
4858327
4858682
4858832
4859098
4859834
4860440
4861101
4861462
4861525
4861535
4862387
4862856
4863467
4864154
4864463
4864608
4864667
4865136
4865411
4865548
4866393
4867628
4867840
4868163
4869135
4960139
4960260
4960402
4960601
4961225
4961308
4961721
4961855
4962103
4962308
4962780
4962890
4963466
4963496
4963709
4963740
4963799
4964102
4964180
4964485
4965043
4965130
4965170
4965247
4965402
4965608
4965634
4965655
4965901
4966039
4966241
4966806
4967599
4967963
4968125
4968211
4968289
4968724
4968920
4969549
4970081
4970084
4987107
4988085
4988276
4988442
4988762
4988822
4989389
4989650
4990096
4991874
4992781
4992836
4993037
4993133
4993210
4993316
4993600
4993716
4994159
4994337
4995238
4995449
4995727
4995926
4996752
4996954
4997000
4998141
4998585
4999887
5000270
5000527
5000828
5002206
5004039
5004583
5004831
5005858
5092650
5093354
5093386
5093474
5093506
5094251
5094947
5094999
5095458
5095594
5095819
5097248
5097605
5097672
5097810
5097971
5098219
5098379
5098616
5098648
5098744
5098793
5099314
5099337
5099555
5099838
5100044
5100060
5100674
5101521
5101545
5101791
5102975
5103074
5103098
5103259
5103578
5104185
5104417
5104588
5105139
5105178
5105304
5105574
5105837
5105887
5105991
5106469
5106571
5107427
5107868
5121937
5121991
5122836
5123132
5123253
5123549
5123843
5123965
5124679
5124954
5124965
5125122
5125188
5125817
5126077
5126176
5126317
5126945
5126969
5127123
5127142
5127167
5127224
5127399
5127966
5128697
5129017
5129683
5129735
5129836
5129902
5129933
5129981
5130870
5130975
5131103
5131196
5131285
5131454
5131845
5132114
5132286
5132304
5132683
5133916
5134678
5135233
5135557
5135868
5135893
5136742
5137155
5137448
5137692
5138011
5138353
5138433
5138458
5138772
5139340
5140002
5140358
5140386
5140405
5140517
5140794
5141038
5141163
5141458
5141931
5142519
5143795
5144169
5144269
5144320
5145138
5145588
5145623
5145647
5145720
5145890
5145917
5145997
5146039
5146319
5146487
5147183
5147909
5148221
5148475
5149391
5149581
5149791
5150263
5150286
5150386
5150781
5150811
5150821
5152498
5152558
5152776
5152792
5153485
5153586
5153647
5153871
5154749
5154800
5154960
5155073
5155812
5156266
5156281
5156465
5156523
5156887
5157892
5158092
5158228
5158365
5364810
5365438
5365861
5366368
5366858
5366922
5366941
5367022
5367566
5367669
5367868
5369139
5369425
5369559
5369619
5369725
5369886
5369943
5370583
5370630
5372069
5372622
5373460
5373992
5374504
5374519
5375098
5375165
5375187
5375618
5375778
5376289
5376352
5376516
5376524
5378683
5379088
5379229
5379351
5379724
5379964
5379981
5380172
5380657
5381374
5381525
5381810
5381849
5381991
5382370
5382573
5382880
5383143
5383173
5383704
5383794
5383846
5384070
5384220
5385083
5385202
5385981
5386024
5386067
5386919
5387164
5387587
5387672
5388291
5388546
5388588
5388614
5389131
5389698
5389808
5389920
5389962
5390016
5390280
5390426
5390952
5391228
5391491
5391611
5391863
5392049
5392108
5393213
5393224
5436864
5440769
5446403
5573681
5675719
5676679
5676727
5676949
5676966
5677025
5677171
5677910
5678399
5679037
5679097
5679532
5679576
5679936
5680925
5681240
5681348
5681358
5681657
5681925
5682282
5682507
5682956
5683029
5683086
5683311
5684054
5684409
5684643
5684704
5684982
5685005
5685297
5685536
5686544
5687317
5687351
5725376
5725552
5725766
5726066
5726249
5726315
5727046
5727151
5727266
5727444
5727637
5727680
5728175
5728635
5728735
5728788
5728835
5729026
5729197
5729676
5729892
5730231
5731515
5732679
5732690
5732713
5733441
5733608
5734376
5734818
5734941
5735015
5735567
5736014
5736014
5736128
5737307
5737483
5737538
5737850
5737935
5738059
5738207
5738289
5738498
5739003
5739356
5739601
5740123
5740410
5740489
5741252
5742059
5742104
5742300
5742535
5742627
5742747
5743365
5807511
5807974
5809487
5809987
5810621
5810949
5812118
5813615
5814542
5816388
5816478
5817819
5818819
5819128
5819171
5821016
5822638
5823295
5825094
5825690
5826588
5827868
5830363
5832815
5834359
5835176
5836828
5840925
5847910
5941266
5955177
5960414
5970581
5987272
5987846
5987977
5989243
5989426
5989537
5989913
5990325
5990327
5990731
5992650
5993065
5993074
5993550
5994695
5995690
5995803
5995827
5996653
5996913
5996936
5997136
5997992
5998436
5999728
5999856
6000607
6001148
6001184
6001638
6001870
6002070
6002224
6002785
6003218
6003351
6003372
6003834
6003938
6004410
6004450
6005120
6005546
6006062
6011144
6011821
6012315
6018202
6019215
6023581
6023920
6026290
6028275
6028670
6029941
6031359
6031579
6032522
6032566
6033561
6034759
6037753
6038399
6038515
6039787
6040218
6040446
6041063
6041073
6041632
6041759
6041801
6041817
6041867
6042268
6042387
6042700
6042860
6043271
6043279
6043813
6044232
6044321
6044958
6045000
6045120
6045695
6046690
6046736
6047036
6047678
6047956
6048134
6048979
6049624
6050253
6050304
6050481
6050550
6050708
6050716
6050836
6050845
6051516
6055311
6055311
6055688
6058043
6058550
6058922
6059284
6061215
6061967
6062922
6063314
6149548
6152542
6154186
6155185
6156456
6156894
6158354
6159642
6160881
6233303
6233791
6234621
6234626
6234640
6234789
6234935
6235119
6235135
6235173
6235914
6236372
6236492
6236882
6236892
6236963
6237124
6237242
6237747
6238208
6238480
6238692
6238840
6239084
6239131
6239139
6240083
6241331
6241644
6242162
6242791
6242829
6242955
6243118
6243144
6244161
6244522
6244678
6245288
6245393
6246355
6247534
6247645
6247751
6249453
6249964
6250194
6250651
6250781
6251064
6251101
6251522
6252470
6257091
6303852
6306424
6309524
6312719
6314440
6314835
6322182
6324785
6326966
6330398
6333234
6337178
6367517
6367744
6369782
6371817
6372409
6374828
6377655
6378964
6381491
6381706
6382281
6382585
6382598
6382994
6389403
6425024
6426218
6427806
6428824
6429401
6429470
6429735
6429772
6430486
6430595
6431897
6434001
6437314
6481731
6481854
6482072
6482508
6482551
6482834
6483147
6483598
6483630
6483785
6483933
6484013
6484217
6484457
6484563
6484575
6484602
6484958
6485759
6486167
6486538
6486689
6487273
6487466
6487671
6487685
6487774
6488173
6488463
6488517
6488966
6489219
6489557
6490204
6490439
6490572
6491074
6491696
6491888
6491947
6492125
6492425
6492522
6492560
6492821
6492830
6493653
6493707
6494123
6494739
6494991
6495283
6495482
6495669
6496016
6496834
6498084
6498420
6498753
6499633
6499919
6500538
6500911
6501257
6501506
6501647
6501850
6501942
6503298
6503447
6504334
6504351
6504629
6505105
6505248
6505300
6506027
6506519
6506725
6507093
6508026
6508135
6508194
6569047
6572163
6579267
6582206
6582259
6583061
6583128
6583359
6583367
6583591
6584335
6584369
6584617
6585053
6585953
6586201
6586210
6586391
6586631
6587393
6588348
6588598
6589482
6589535
6589835
6589870
6589935
6590405
6590530
6590761
6590902
6590937
6590983
6590986
6591580
6591772
6592218
6592295
6592382
6593295
6593480
6593814
6634764
6634820
6635432
6635559
6635687
6636192
6636544
6637514
6637539
6637577
6637619
6637638
6639015
6639376
6639403
6639677
6640057
6640295
6640598
6640992
6641683
6642633
6643386
6643514
6644050
6645609
6645665
6646214
6646397
6646802
6647067
6647076
6647085
6647095
6647172
6647641
6647648
6647719
6648325
6648596
6649492
6653549
6653562
6655103
6656216
6657011
6658525
6661751
6662733
6663290
6663379
6663596
6663602
6663698
6664556
6664724
6665098
6665228
6665534
6665610
6666057
6666178
6666286
6666727
6666728
6666853
6667034
6667626
6667824
6667979
6668049
6668532
6669276
6669398
6669540
6669747
6669857
6670608
6671134
6671719
6671889
6671927
6672469
6673056
6673074
6673213
6673254
6673299
6673344
6673465
6674360
6690963
6692920
6696972
6701059
6701423
6762048
6763101
6763387
6763440
6763714
6763931
6764105
6764385
6764614
6764901
6765109
6765153
6765358
6765614
6765767
6766028
6766121
6766220
6766477
6766501
6766923
6767031
6767152
6767408
6768297
6768941
6768994
6769017
6769113
6769435
6769625
6769847
6770057
6770386
6770464
6770621
6770886
6771407
6771890
6772202
6772391
6772536
6772681
6772757
6773281
6774018
6774934
6776694
6778726
6778947
6779110
6779533
6779630
6782740
6784683
6785660
6868212
6868364
6868466
6868468
6868541
6868707
6868817
6869195
6870195
6870373
6870593
6870640
6870680
6870685
6870769
6870994
6871760
6872104
6872903
6872942
6873215
6873583
6873989
6874183
6874263
6874818
6874884
6875512
6875583
6875744
6875982
6876090
6876523
6876531
6876850
6877018
6877333
6877646
6877851
6877972
6878105
6878124
6878238
6878376
6878580
6878871
6879264
6879371
6879435
6879876
6880170
6880648
6880867
6880876
6880999
6881616
6881782
6881953
6882783
6883056
6887048
6891473
6892819
6895618
6896985
6898562
6905867
6919557
6926758
6932535
6932558
6933674
6933952
6934077
6934124
6934602
6935118
6935390
6935798
6935867
6936548
6937281
6937596
6939343
6939692
6940171
6941078
6941219
6941857
6941873
6941979
6942921
6943379
6943497
6970535
7000000
7001524
7006004
7006120
7006567
7006684
7007315
7008328
7008484
7008539
7008797
7008853
7009364
7009622
7009937
7010460
7010926
7011323
7011373
7011817
7011935
7012178
7012210
7012395
7012469
7013644
7013782
7013821
7014058
7014182
7014414
7014732
7016014
7016087
7016178
7016209
7016869
7017178
7017535
7017597
7018835
7018901
7019144
7019225
7019296
7019395
7019605
7019888
7020226
7020810
7020943
7021543
7021570
7021806
7022373
7022636
7022747
7022874
7022939
7023175
7023508
7023612
7023682
7024464
7024597
7024741
7024956
7025001
7025009
7070843
7071020
7071251
7071594
7071619
7071815
7071984
7073207
7073323
7073325
7073385
7073558
7073690
7073703
7074483
7074798
7074935
7074979
7075282
7075860
7075919
7075964
7076079
7076304
7076366
7076374
7076520
7076819
7077001
7077064
7077263
7077332
7077450
7077528
7077584
7078059
7078229
7078282
7079115
7079234
7079610
7079946
7080344
7080679
7080891
7081200
7081716
7082314
7082850
7082987
7083171
7083602
7083715
7083958
7084065
7084099
7085092
7085457
7085640
7085686
7086051
7086465
7086606
7086684
7087112
7087266
7087393
7087721
7087888
7088046
7088222
7088410
7088844
7089902
7134935
7137842
7140088
7141113
7142015
7144216
7146656
7148769
7192111
7193284
7196185
7204505
7212046
7212248
7213654
7214241
7215275
7350745
7352201
7353488
7353635
7355089
7355952
7356139
7356211
7358647
7359312
7360315
7360605
7360638
7360743
7361711
7361868
7362046
7362141
7362767
7362796
7363952
7364787
7364925
7365933
7471800
7474642
7488858
7489271
7490224
7490334
7490571
7491203
7491687
7491800
7492892
7493254
7493561
7494399
7494738
7494760
7495442
7495559
7495643
7496410
7496421
7496578
7497018
7498795
7501209
7501214
7501810
7503043
7503340
7504387
7504535
7515727
7515972
7516030
7516099
7516257
7516646
7517129
7517208
7517319
7517641
7518265
7518298
7518549
7518609
7518640
7519196
7519437
7519554
7519836
7519992
7520002
7520711
7520801
7521366
7521439
7521912
7521962
7522041
7522175
7522352
7522838
7523409
7523704
7523735
7523872
7524520
7524524
7525006
7525062
7525702
7526286
7526646
7526720
7527488
7527953
7527958
7528479
7529286
7529578
7529795
7529933
7529982
7530103
7530116
7530833
7531610
7531687
7563454
7563662
7563945
7564306
7564571
7564803
7565190
7565858
7566139
7566376
7567194
7567420
7567727
7567776
7568296
7568979
7569582
7569952
7570485
7570652
7570832
7571409
7571932
7573499
7573710
7574101
7574960
7575245
7575253
7575367
7576573
7576585
7576747
7576752
7578936
7579395
7597982
7598557
7598989
7599314
7599794
7601097
7601425
7602210
7602946
7604901
7604919
7605214
7605305
7605322
7605763
7605859
7606386
7608320
7609727
7611838
7613337
7613420
7615009
7616943
7618735
7618857
7619803
7661566
7667096
7777405
7779219
7779269
7781148
7782194
7783593
7784285
7786822
7788263
7789650
7790800
7792352
7794453
7794693
7796165
7796185
7798313
7801216
7803889
7880398
7880461
7883921
7884867
7885864
7886960
7888406
7890610
7892782
7893584
7895055
7895086
7896448
7904552
7907698
7981323
7982405
7982614
7982985
7983592
7983717
7983900
7984206
7984316
7984802
7984879
7985240
7985503
7986088
7986320
7986697
7986949
7987028
7987198
7987319
7987374
7987575
7988493
7988564
7988642
7988767
7989028
7989407
7989603
7989759
7989858
7990168
7990648
7991190
7991527
7991971
7991971
7992742
7994175
7994452
7994595
7994617
7994879
7995735
7995869
7996182
7996408
7996611
7996641
7996670
7996789
7997692
7997779
7997801
7997886
7998021
7998621
7999622
7999793
8000402
8000809
8000951
8001077
8001205
8001383
8001498
8002115
8002308
8002598
8003109
8003972
8005129
8005964
8006393
8006964
8006969
8007289
8007319
8007686
8060329
8061460
8062517
8067172
8067179
8067500
8070706
8070962
8074140
8077653
8077654
8131002
8133065
8133224
8136381
8136674
8138497
8142161
8142696
8143301
8144166
8144275
8145309
8145892
8146068
8146861
8146969
8147138
8147829
8148294
8148855
8150996
8151668
8152468
8153684
8153723
8153974
8154750
8155911
8155943
8156114
8156496
8158415
8158830
8158882
8158928
8159097
8159154
8159421
8159558
8159907
8159987
8160082
8161815
8161867
8162264
8162622
8162710
8162830
8162977
8220071
8221466
8222074
8222432
8222576
8222740
8222955
8223435
8224221
8224569
8224795
8225324
8225416
8225533
8226957
8227527
8227835
8228909
8229385
8229513
8230681
8341127
8347182
8350623
8356005
8357194
8357351
8358262
8360169
8361154
8363716
8365248
8366161
8366386
8367790
8368615
8369002
8369291
8371679
8403271
8403794
8404540
8405070
8405696
8406170
8406262
8406360
8408584
8409439
8409934
8410202
8410246
8410636
8411320
8412245
8412974
8414608
8415358
8416252
8416503
8416519
8417174
8417385
8418035
8420587
8421194
8421535
8422955
8423072
8423374
8423605
8424605
8424773
8424804
8425164
8425570
8425933
8425941
8425975
8426397
8426426
8426492
8426678
8428243
8428568
8428577
8428960
8429387
8429436
8430963
8431679
8432850
8433197
8434249
8434474
8434923
8435027
8435104
8435156
8476363
8523480
8523799
8524013
8524430
8524594
8524599
8525803
8526128
8526704
8528032
8528523
8528672
8529411
8529651
8530314
8530687
8531052
8531739
8532375
8532518
8533110
8533676
8534315
8534447
8535201
8535253
8535397
8535435
8536546
8537261
8537602
8537883
8539340
8539480
8539516
8539676
8541540
8541840
8542482
8543243
8543940
8544121
8544322
8545219
8546264
8546702
8547310
8547774
8548610
8548950
8551920
8552948
8553389
8553467
8664315
8664535
8665715
8665718
8666698
8666850
8666863
8667111
8667269
8667503
8667545
8668038
8668105
8668510
8668760
8668915
8669707
8669901
8670801
8671379
8671501
8671681
8672791
8672894
8673021
8673152
8673613
8673777
8674147
8674323
8674588
8689570
8690046
8692132
8693256
8695848
8697015
8698103
8761051
8767778
8768160
8768221
8768721
8768803
8768828
8769029
8769143
8769807
8770819
8771060
8771225
8771831
8772114
8772316
8772356
8773238
8773773
8773899
8773916
8773967
8774281
8774696
8775269
8775428
8775593
8775674
8776300
8776376
8776714
8776766
8776888
8777646
8777692
8778105
8778895
8778916
8779009
8779228
8779396
8779408
8781824
8781903
8781964
8782189
8782267
8782395
8782416
8782554
8782561
8782761
8782924
8783335
8783451
8783726
8784154
8784275
8784568
8784740
8784777
8784855
8785201
8785925
8785940
8786142
8786215
8786284
8786531
8803943
8804065
8804076
8804147
8804515
8804534
8804741
8804794
8805096
8805377
8806260
8806603
8806764
8806978
8807466
8807572
8808212
8808299
8808420
8808539
8808926
8809024
8809138
8810188
8810602
8811181
8811224
8812462
8812754
8812909
8813102
8813189
8813457
8813675
8814111
8814301
8814726
8814826
8814889
8814921
8815113
8815571
8815943
8816105
8816161
8816202
8817339
8817397
8817675
8818120
8818155
8818404
8818537
8818767
8818960
8819106
8819417
8819446
8819551
8819601
8819737
8819846
8820236
8820658
8820682
8821406
8821678
8822240
8822652
8822964
8822972
8823068
8823396
8823499
8823560
8823615
8824258
8825573
8825736
8899432
8900879
8906989
8907698
8909893
8909913
8910330
8910626
8910947
8911108
8911217
8911478
8911918
8912043
8912152
8912564
8912657
8912699
8913011
8913082
8914127
8914164
8914609
8915128
8915580
8915706
8915716
8915771
8915899
8916645
8917019
8917258
8917750
8918161
8918267
8918551
8919029
8919212
8919245
8919319
8919565
8920039
8920412
8920497
8920576
8921497
8921525
8921550
8921913
8922056
8923184
8923324
8923382
8924110
8924555
8925260
8926831
8927023
8928050
8928939
8944516
8946090
8946157
8946505
8946682
8946745
8946761
8948174
8948425
8948950
8949209
8949318
8949587
8950119
8951035
8951349
8951522
8951695
8952281
8952412
8952459
8952722
8953134
8953428
8953944
8954000
8954577
8955187
8955262
8955874
8956194
8956386
8956398
8956887
8957141
8957418
8957563
8957943
8958331
8958357
8958890
8958989
8959113
8959185
8959931
8960162
8960545
8960626
8960818
8960860
8960866
8961090
8961100
8961236
8961285
8961289
8961440
8961636
8961726
8961800
8962140
8962479
8962631
8962704
8963136
8963233
8963579
8964052
8964070
8964099
8964880
8964935
8965243
8965457
8965569
8965630
8965844
8965876
8966086
8966373
8966548
8967269
8967467
8967878
8968141
8968685
8968770
8968978
8969449
8969672
8969871
8969965
8970674
8970726
8971026
8971526
8972516
8972835
8973174
8973272
8973487
8973840
8974117
8974797
8974853
8975612
8975852
8975914
8975957
8976457
8977099
8977126
8977191
8977433
8977438
8977753
8977755
8977823
8978732
8979034
8979354
8979366
8979567
8979709
8979961
8980042
8981346
8981801
8982222
8982375
8982919
8985748
8987666
8988935
8993838
8995028
8996220
8998020
8998237
9031561
9031615
9031666
9031747
9032873
9033173
9033241
9033300
9033436
9033537
9033829
9034185
9034596
9034661
9034824
9035934
9036505
9036593
9036944
9037218
9037287
9037700
9037883
9037994
9038414
9038682
9039043
9039700
9040028
9040030
9040361
9040434
9040906
9041155
9041569
9041631
9041731
9042272
9042526
9042634
9042835
9043179
9043264
9043416
9043417
9043462
9044466
9044814
9045504
9045508
9046555
9046649
9046698
9046873
9047230
9047460
9047583
9047906
9072341
9072892
9073035
9073243
9074107
9074118
9074677
9074855
9076112
9076312
9076468
9076547
9076589
9078404
9080105
9080309
9080445
9082450
9083884
9084409
9085389
9087142
9088460
9089091
9090144
9144375
9144845
9145421
9145557
9145739
9146281
9146308
9146602
9146604
9146781
9147404
9147602
9148059
9148614
9148678
9149694
9150583
9150709
9150882
9150936
9151298
9151433
9151635
9151927
9151929
9151999
9152128
9152787
9153402
9153509
9153552
9154159
9154371
9154439
9154590
9155482
9155646
9156442
9156508
9156544
9156601
9156996
9157497
9157754
9157794
9158136
9158171
9158453
9158465
9158469
9158476
9158879
9159364
9159506
9173217
9173273
9173293
9173760
9174087
9174151
9174328
9174867
9175738
9175829
9176028
9176741
9177044
9177337
9177423
9177569
9177802
9178060
9178104
9178356
9178611
9179534
9179672
9180013
9180511
9180603
9180625
9181020
9181541
9182248
9182737
9182861
9183019
9183225
9183381
9183477
9183877
9183966
9185678
9186380
9186889
9187056
9187261
9188106
9188590
9188708
9188820
9189297
9189454
9189748
9190061
9190577
9190627
9190778
9191118
9191321
9191322
9192194
9192284
9192586
9192598
9192607
9192725
9192989
9193431
9193472
9193755
9194132
9194313
9194350
9194413
9194761
9195601
9196256
9197322
9197371
9197481
9197679
9197926
9198507
9198723
9198747
9198850
9199193
9199514
9199554
9199779
9199884
9200006
9200095
9200365
9200376
9200388
9200418
9200440
9200497
9200590
9200769
9201427
9201510
9201805
9202279
9202427
9202452
9203557
9204545
9204808
9205011
9205847
9206129
9206550
9206892
9206903
9206972
9207004
9207128
9207498
9207840
9207921
9208488
9209118
9209439
9209816
9210404
9210903
9210995
9211223
9211525
9212033
9212135
9212206
9212229
9212428
9213586
9214007
9214156
9216375
9216588
9217360
9296865
9297031
9297379
9297824
9297855
9297965
9297997
9298318
9298524
9298565
9299006
9299203
9299269
9299897
9299975
9300022
9300140
9300732
9300753
9301624
9301858
9302093
9302568
9303081
9303149
9303980
9304491
9304582
9304602
9304815
9305082
9305124
9305262
9305265
9305720
9306911
9334267
9337309
9342279
9343295
9343312
9343581
9343855
9344223
9344727
9344954
9345771
9346651
9347633
9347887
9348306
9348609
9349396
9349629
9349996
9350043
9350268
9351006
9351697
9351746
9351854
9352040
9352307
9352577
9352665
9353427
9353475
9353804
9354439
9354741
9354898
9355788
9357242
9357256
9357297
9357490
9358134
9358162
9358233
9358350
9358460
9358935
9359087
9359726
9375853
9376557
9379884
9382251
9382877
9382920
9383000
9383618
9383715
9383922
9383966
9384124
9384250
9384337
9385074
9386279
9386462
9386612
9387243
9397442
9397791
9397888
9414954
9415866
9415941
9416031
9416381
9416597
9416817
9417488
9418405
9418892
9419170
9420438
9420683
9421358
9421772
9422353
9422727
9422978
9423594
9423863
9424366
9425519
9426483
9504873
9505188
9505248
9505634
9506122
9506735
9506845
9507055
9507215
9507237
9507587
9507633
9508510
9508762
9508882
9509024
9509462
9509565
9509756
9509847
9509961
9510481
9510714
9510722
9511123
9511572
9512036
9512095
9512226
9512572
9512743
9513213
9513398
9513628
9513662
9513870
9513939
9514027
9514343
9514390
9514397
9514530
9514541
9514625
9514779
9515361
9515761
9515767
9516476
9516497
9517080
9517562
9517841
9517967
9518079
9518091
9518124
9518637
9518743
9518771
9519021
9519162
9519249
9519274
9519568
9519617
9519802
9519944
9520079
9524121
9549061
9549769
9550557
9550764
9550894
9551034
9551074
9551571
9552260
9552507
9552712
9553107
9553173
9553196
9553783
9554397
9554440
9555043
9556046
9556081
9556476
9557354
9557480
9557545
9557821
9558009
9558317
9559148
9560286
9560404
9560426
9560557
9560970
9561276
9561334
9561341
9561342
9561602
9561643
9561691
9562331
9562550
9562554
9562857
9562926
9563010
9563179
9564303
9564662
9564690
9564699
9564830
9565358
9565762
9565880
9566110
9566113
9566509
9566546
9567173
9567271
9567664
9567835
9568994
9569141
9569262
9569272
9569370
9570172
9570480
9571066
9571934
9572624
9573035
9574271
9574599
9574788
9575151
9575605
9575934
9577062
9577373
9577385
9577533
9577626
9577841
9578141
9578733
9579030
9579183
9579767
9580029
9580472
9581035
9581220
9581364
9581446
9581479
9581675
9582078
9582558
9582952
9583403
9683550
9683864
9684200
9684529
9685825
9686102
9686187
9686441
9686730
9686937
9687304
9687594
9687652
9687815
9688023
9688449
9688690
9688784
9688829
9688915
9689043
9689333
9689918
9690392
9690824
9691002
9691198
9691291
9691343
9691381
9691443
9691679
9692126
9692464
9692859
9692896
9693654
9693865
9694016
9694916
9695266
9695382
9695610
9696424
9696627
9696800
9697080
9697348
9697664
9697873
9698240
9698311
9698352
9698358
9698553
9698772
9698855
9698907
9698967
9699029
9699194
9699398
9699463
9699583
9779947
9780446
9780878
9781276
9781512
9781615
9781632
9783370
9783454
9783546
9785601
9786643
9788301
9788421
9789177
9790157
9790432
9791507
9793330
9794287
9795067
9795403
9795842
9796285
9796327
9796592
9796909
9797077
9798653
9799814
9799991
9800566
9800613
9801861
9802656
9803089
9803367
9804399
9805832
9806821
9808137
9809241
9809494
9811225
9812356
9813044
9814338
9816627
9818293
9818948
9826774
9849075
9849627
9849873
9850236
9850873
9851317
9851349
9851476
9851616
9851853
9851858
9852274
9853026
9853156
9853448
9853679
9853933
9854146
9854281
9854427
9854437
9855057
9855097
9855917
9856119
9856243
9857067
9857282
9857549
9857709
9857745
9859209
9860231
9860419
9860655
9861685
9861694
9862251
9862516
9863378
9863386
9863484
9863634
9863707
9863927
9864273
9864415
9864470
9865349
9865470
9865657
9865763
9866122
9866257
9908882
9908952
9908974
9909052
9909714
9909756
9909829
9910949
9911811
9912497
9913027
9913775
9914691
9915208
9915864
9915962
9915987
9916334
9916392
9916583
9916879
9917104
9917123
9917246
9917299
9917414
9917447
9918021
9918574
9918577
9918701
9919070
9919829
9920088
9920100
9921003
9921143
9921405
9921818
9923456
9924065
9924105
9924150
9924658
9924751
9925704
9926165
9926990
9928129
9928308
9931515
9932015
9932062
9938266
9938758
9938837
9941765
9945062
10007647
10010986
10011551
10012672
10054907
10055634
10056569
10056960
10057109
10057184
10057204
10057232
10057276
10057282
10057305
10057908
10058002
10058003
10058302
10058405
10058438
10058919
10058955
10058983
10059009
10059020
10059431
10059456
10059676
10060002
10060048
10060098
10060348
10060405
10060459
10060697
10060860
10060895
10061439
10061560
10061659
10061873
10061941
10062629
10062913
10063181
10063426
10063578
10064071
10064391
10064555
10065150
10065171
10065218
10065255
10065331
10065364
10065659
10065816
10065850
10066026
10066146
10067028
10067519
10067656
10067705
10130603
10131167
10131755
10131925
10132152
10132384
10133591
10134391
10134427
10134497
10135480
10135563
10135934
10136206
10136970
10137759
10138595
10141170
10181815
10183614
10183688
10184799
10185548
10189648
10190387
10191304
10191323
10193610
10243627
10243637
10244070
10244171
10244352
10244893
10244965
10245209
10246100
10246233
10246670
10246733
10247317
10247349
10247680
10248335
10248398
10248515
10249021
10249506
10249640
10249888
10250311
10250399
10250488
10250579
10250664
10250784
10250914
10251088
10251422
10251819
10251864
10252184
10252808
10253196
10253209
10253286
10253454
10254073
10254291
10254439
10256040
10256360
10256407
10256431
10256675
10256754
10256813
10256967
10257083
10257297
10257350
10258573
10258664
10275502
10288452
10289714
10314891
10315082
10316356
10316561
10317237
10317348
10317895
10317897
10317919
10317996
10318355
10318915
10320294
10320760
10321554
10321610
10321830
10322041
10322559
10322697
10322753
10322901
10323286
10323311
10323743
10324406
10324625
10324877
10325013
10325051
10325150
10325556
10325777
10325847
10325928
10326152
10326382
10326802
10326820
10328414
10328560
10328636
10328637
10328825
10329497
10329604
10329795
10329906
10330711
10331072
10331277
10331645
10331988
10332253
10332414
10332573
10332720
10360398
10360998
10363043
10363743
10364213
10365140
10366898
10367005
10368124
10371077
10372899
10373983
10380918
10384180
10458609
10460366
10461076
10463037
10464523
10465775
10466069
10467259
10467523
10467729
10468975
10469686
10470553
10471131
10471512
10472836
10481727
10485396
10492998
10493067
10493093
10494014
10497034
10497311
10499649
10500678
10500714
10502852
10503473
10507749
10509277
10569848
10570080
10570591
10571406
10571618
10572007
10572071
10572741
10572823
10573140
10573398
10573556
10573627
10574105
10574248
10574922
10575319
10575377
10575606
10575873
10575892
10576877
10577028
10577067
10577229
10577782
10577809
10577811
10577899
10577966
10578679
10578896
10579154
10579586
10579602
10579820
10579898
10579940
10580290
10580400
10580497
10580553
10581056
10581211
10581700
10581868
10581972
10582127
10582221
10582485
10582747
10582748
10582864
10583395
10583725
10583997
10584158
10584332
10584352
10639091
10639306
10639873
10639885
10640208
10641172
10641359
10641811
10642044
10642419
10643605
10644052
10644137
10644365
10644921
10645211
10645648
10645943
10646503
10646561
10646670
10647841
10648829
10648880
10648978
10649154
10649418
10649926
10649989
10650971
10651540
10651945
10652218
10652530
10652864
10653042
10653076
10653376
10654011
10654027
10654541
10654685
10655062
10655114
10655160
10655326
10655617
10655870
10655950
10656288
10664357
10665042
10667598
10670394
10672410
10673392
10675809
10675853
10677063
10679155
10679270
10679384
10679629
10680677
10681829
10681882
10682916
10683344
10683574
10684105
10686474
10687374
10687648
10687720
10687877
10692724
10692801
10698267
10702324
10702440
10711613
10712950
10714602
10715905
10716555
10716726
10718380
10719028
10722702
10724221
10724841
10725779
10725978
10726702
10726907
10727250
10728068
10728336
10728703
10728798
10729670
10729729
10729840
10729878
10730398
10730401
10730429
10730830
10731209
10731285
10731681
10732225
10732466
10732487
10733391
10734484
10734718
10735083
10735166
10735239
10742437
10828856
10830497
10830768
10831207
10831230
10831315
10831371
10832522
10832565
10833406
10834891
10835365
10835421
10836197
10837448
10838521
10838673
10840575
10875764
10875869
10876744
10877303
10878227
10880135
10880662
10882241
10882249
10882565
10882572
10882929
10883038
10884638
10885173
10885923
10886217
10886790
10887455
10887576
10888251
10889314
10890078
10890134
10890720
10891579
11021474
11022282
11023439
11023694
11023846
11024316
11024897
11025046
11025178
11025622
11025703
11026581
11027486
11027977
11029370
11030447
11030490
11030562
11030568
11030704
11030999
11031152
11032027
11067798
11068480
11068512
11068708
11068840
11070676
11071172
11073011
11077188
11077896
11078116
11078121
11078496
11078508
11078572
11078892
11079131
11079341
11079871
11079943
11080078
11080378
11080474
11080486
11080528
11080872
11081174
11081237
11081665
11081697
11081985
11082415
11082455
11082539
11083001
11083569
11083668
11083903
11083907
11084607
11084783
11084819
11084860
11085010
11085226
11085669
11085995
11086002
11086700
11088251
11088790
11088880
11088897
11088978
11089033
11089275
11089884
11090074
11090366
11090901
11091243
11091317
11091318
11091615
11091687
11092081
11092098
11092139
11092180
11092435
11092461
11092674
11092953
11093542
11093836
11093873
11093895
11140346
11140540
11143191
11144442
11145662
11147381
11148145
11148921
11149635
11150421
11150614
11150942
11151768
11151782
11151797
11152330
11154359
11154494
11156378
11156379
11156667
11172413
11175572
11177293
11177426
11178562
11178664
11179130
11179211
11179529
11179796
11180181
11180535
11227066
11227251
11228066
11229438
11230668
11231617
11235007
11236052
11236541
11236923
11237170
11241150
11272455
11285637
11285724
11285859
11286318
11286425
11286526
11287637
11287706
11287748
11287939
11288603
11288635
11289207
11289270
11289487
11289862
11289909
11289958
11289989
11290381
11290569
11290899
11291030
11291054
11291273
11291307
11291805
11291887
11291948
11292333
11292358
11292389
11292715
11293005
11293049
11293392
11293437
11293690
11293858
11294551
11294663
11294759
11294838
11294911
11295131
11295319
11296079
11296558
11296913
11296969
11297177
11297491
11297729
11297841
11297870
11298034
11298424
11298472
11298733
11298784
11298790
11299343
11299479
11299878
11299919
11300108
11300141
11300740
11301272
11301681
11301844
11301887
11302196
11302601
11302894
11303693
11303920
11304772
11305241
11305408
11305432
11305505
11306360
11306550
11306637
11306831
11307408
11307829
11308692
11308892
11309383
11309407
11310234
11310572
11310951
11312017
11312657
11312862
11313388
11313481
11313791
11315162
11316477
11316549
11317108
11317963
11318605
11319224
11319422
11319819
11320162
11320746
11322384
11322457
11322560
11322981
11323373
11323602
11323732
11323801
11324201
11324519
11324539
11325016
11325310
11325343
11325407
11325495
11325553
11325670
11325738
11325754
11325911
11326492
11326655
11327021
11327056
11327320
11328115
11328282
11328546
11329043
11329197
11329411
11329759
11329894
11329927
11329979
11330117
11330198
11330264
11330328
11330363
11330646
11330820
11331038
11331068
11331723
11332298
11332681
11332788
11332883
11332943
11333858
11333883
11334159
11334243
11334603
11334640
11335088
11335244
11335515
11335788
11335892
11335915
11336097
11336208
11336399
11336601
11336667
11336965
11337128
11337447
11337533
11337585
11338292
11338411
11338670
11338754
11338788
11338821
11338931
11339312
11339409
11339588
11339784
11359078
11359113
11359176
11359524
11359645
11359807
11360284
11360359
11360847
11361351
11361385
11362235
11362259
11362534
11362800
11362889
11362957
11363449
11363899
11363972
11364014
11364252
11364415
11364817
11364871
11364945
11365749
11366148
11366163
11366220
11366326
11366428
11366730
11367096
11367624
11367999
11368083
11368259
11368334
11368912
11368935
11368956
11369062
11369074
11369321
11369398
11369888
11370245
11370256
11370696
11371160
11371357
11371416
11371648
11371867
11371918
11372056
11398867
11398942
11399593
11400494
11402680
11402771
11403092
11403179
11403696
11404559
11405157
11405798
11406743
11406803
11407158
11407811
11408487
11408950
11409183
11409792
11409816
11410373
11410674
11411325
11411408
11411927
11413099
11483959
11489152
11510080
11510230
11510728
11510812
11511048
11511304
11511530
11511698
11511803
11511959
11512081
11512770
11513172
11513542
11513620
11513727
11514010
11514584
11514946
11515067
11515635
11515772
11516140
11516446
11516769
11517269
11517532
11517642
11517711
11517840
11517865
11518966
11519521
11519958
11520008
11520287
11520367
11520503
11520616
11552211
11552678
11552980
11553571
11553863
11555579
11557707
11559092
11559351
11559579
11630459
11637699
11720377
11725124
11742965
11743099
11743128
11743348
11749122
11750350
11750368
11750623
11750697
11750863
11753062
11753211
11753299
11754234
11754439
11754814
11754851
11755045
11755342
11755426
11755528
11755726
11755784
11755874
11756004
11756130
11756207
11756713
11756849
11756974
11757506
11757738
11758102
11758308
11758332
11758510
11759069
11759542
11760310
11760500
11761361
11761772
11761794
11762002
11762974
11763230
11763522
11763612
11764478
11764699
11764810
11765214
11765720
11766760
11767090
11767121
11768025
11768179
11768344
11768402
11768990
11769042
11769275
11769688
11789465
11789783
11789950
11790032
11790044
11790132
11790159
11790233
11790388
11790559
11790609
11791006
11791341
11791428
11791549
11792072
11792149
11792424
11793642
11793719
11793923
11794655
11794827
11795003
11795287
11795488
11795596
11795830
11796292
11796344
11796378
11796458
11797211
11797305
11797363
11797375
11797457
11797528
11797578
11797674
11797924
11798225
11798702
11798912
11799552
11799695
11799922
11800231
11800464
11800488
11801229
11801311
11801398
11801446
11801566
11801709
11801798
11801957
11802337
11803142
11803206
11803303
11803631
11803956
11804275
11804302
11804579
11804593
11804745
11804928
11805143
11805325
11806063
11806592
11806764
11806813
11807724
11807849
11808338
11808508
11808988
11809105
11809395
11809855
11810161
11810608
11811912
11811983
11812001
11812344
11812563
11812807
11812942
11813273
11814020
11814194
11814421
11814577
11814786
11815206
11815207
11815216
11816130
11816459
11816732
11817115
11817126
11817131
11817954
11818003
11819212
11819355
11819471
11819696
11820224
11820309
11820547
11820591
11820613
11822259
11822660
11823126
11823607
11823637
11823818
11824032
11824194
11824465
11826617
11826658
11826935
11828006
11828083
11828830
11828835
11829898
11830076
11830452
11831675
11833125
11833600
11833693
11834204
11834757
11835225
11835263
11836738
11882289
11882389
11882907
11883088
11884294
11884313
11884510
11884786
11884914
11885285
11885303
11885435
11886567
11886777
11886926
11887592
11887616
11887988
11888627
11889298
11890695
11890806
11890959
11891022
11891160
11892204
11892294
11893345
11893381
11893616
11894238
11894708
11895022
11895493
11895867
11896186
11896552
11933287
11979644
11981824
11982542
11984112
11985811
11986148
11987574
11988404
11989562
12033483
12033799
12034235
12034493
12034585
12034707
12036458
12037339
12037406
12037991
12038115
12038227
12038311
12039194
12039576
12039609
12039855
12039948
12039959
12040186
12040576
12040655
12041261
12041603
12041633
12042003
12042033
12042079
12042547
12042675
12043189
12043619
12043748
12043917
12043995
12044146
12044452
12044724
12044993
12045300
12045528
12045709
12047542
12048154
12048393
12049298
12049818
12049820
12049861
12050012
12050106
12050559
12050796
12050848
12050957
12072210
12072586
12074022
12074460
12075664
12076017
12076079
12076401
12076457
12077353
12077624
12077791
12077827
12077976
12077981
12078279
12078544
12078570
12078688
12078864
12078883
12078951
12079158
12079567
12080007
12080459
12080620
12080685
12081019
12081044
12081344
12081382
12081760
12082023
12082083
12082259
12083010
12124015
12143891
12145538
12145868
12146973
12149156
12150752
12151180
12151396
12153288
12153958
12154908
12155523
12156114
12156521
12157055
12158934
12162267
12163301
12163715
12163751
12164125
12164283
12165533
12165792
12166570
12167003
12167271
12167401
12168713
12170287
12170594
12172310
12172826
12175139
12196299
12196665
12197298
12197420
12198094
12199985
12200484
12200938
12201214
12201691
12202065
12202851
12203528
12203624
12203828
12204936
12271969
12272021
12272374
12272809
12273381
12274139
12274665
12275440
12275701
12275750
12275951
12277265
12277433
12278069
12278141
12278192
12278288
12278415
12278799
12280476
12281135
12282413
12282455
12283016
12283622
12284367
12284477
12284581
12284771
12284848
12285381
12285616
12397513
12397820
12397823
12397833
12398022
12398116
12398479
12398557
12398997
12399261
12399753
12399920
12400239
12400326
12401037
12401114
12401289
12401383
12401609
12401683
12401704
12401777
12402835
12403077
12404232
12404367
12404657
12405225
12405302
12405985
12406333
12406365
12407133
12407357
12407397
12407451
12407913
12407957
12408018
12408059
12408458
12408481
12408679
12408780
12408816
12409283
12409358
12409732
12409877
12410014
12410052
12410156
12411040
12411068
12411163
12411362
12411401
12411519
12411812
12412242
12412460
12412700
12412825
12412877
12412995
12413345
12414156
12449603
12449774
12450022
12450352
12450575
12451200
12451216
12451548
12452262
12452658
12453095
12453549
12453623
12454624
12455117
12455911
12456129
12457688
12459279
12461637
12461784
12462147
12462159
12463254
12463542
12464421
12465144
12465250
12465580
12465962
12466466
12467086
12467427
12467485
12468068
12468176
12468313
12468813
12469167
12469270
12470490
12471127
12471453
12472295
12472699
12473189
12474129
12474297
12474476
12474767
12474984
12475362
12475800
12475941
12476479
12477213
12477520
12477560
12477955
12521564
12523172
12524378
12526586
12529267
12532287
12535770
12537662
12539505
12570750
12570850
12570920
12571040
12571094
12571120
12571611
12571718
12571722
12573076
12573437
12573475
12573513
12573660
12574400
12574950
12575367
12575746
12575785
12576017
12576682
12576951
12577131
12577298
12577307
12577566
12578434
12578437
12578475
12578680
12579142
12579327
12579433
12579799
12580259
12580293
12581140
12611560
12611568
12611939
12612284
12612368
12612519
12612592
12612920
12612940
12612970
12613034
12613847
12613957
12614423
12614431
12614574
12614647
12614783
12614989
12615265
12615467
12615985
12616121
12616655
12617123
12617242
12617856
12618642
12619040
12619515
12619876
12619949
12620239
12620262
12620337
12620659
12620825
12621061
12621475
12622279
12622671
12622756
12622852
12623191
12623234
12623283
12623306
12623518
12623871
12665571
12671898
12749925
12822310
12822353
12822725
12822997
12823111
12824350
12824481
12824886
12825092
12825750
12825949
12826063
12826483
12826829
12827052
12827061
12827511
12827751
12827783
12828845
12829056
12829075
12829129
12829385
12829480
12829617
12829947
12830246
12830349
12830541
12831053
12831064
12831140
12831159
12831161
12831696
12832085
12832113
12832353
12832441
12832706
12832779
12832877
12832902
12833532
12833565
12833673
12853417
12853550
12853607
12853706
12854053
12854402
12854422
12854898
12855268
12855734
12855976
12856219
12856734
12856876
12857216
12857402
12857578
12857642
12857728
12857771
12857805
12858286
12858493
12858714
12858924
12858926
12859348
12859530
12859555
12859864
12860102
12860177
12860225
12860342
12861164
12862031
12862144
12862164
12863352
12863545
12945387
12945439
12945761
12945817
12945845
12946024
12946289
12946303
12946360
12946369
12946505
12946564
12946623
12947605
12947652
12948056
12948275
12948328
12948406
12948701
12948714
12948864
12949223
12949579
12950364
12950497
12950698
12951450
12953007
12953041
12953089
12953107
12953674
12953916
12954013
12954323
12954391
12954466
12955144
12955254
12955453
12955475
12955578
12955854
12955955
12956114
12956128
12956425
12956611
12956641
12956827
12956828
12957384
12958629
12958848
12958903
12985532
12995117
12998099
13023647
13024364
13025178
13027049
13033781
13035025
13035173
13036312
13037236
13037773
13038140
13039553
13043188
13043464
13045526
13050354
13100427
13101070
13101893
13101920
13101927
13102175
13102308
13102367
13102730
13102835
13102942
13103693
13103883
13104546
13104813
13105363
13105393
13105443
13105479
13105665
13106189
13106486
13106505
13106564
13106720
13106771
13106792
13107092
13107351
13107647
13107684
13107718
13107865
13108061
13108102
13108114
13108303
13108347
13108790
13109261
13109599
13110356
13110364
13110529
13110839
13111063
13111401
13112024
13112052
13112365
13112748
13112809
13198688
13199048
13202156
13203161
13203206
13203329
13205894
13206847
13282113
13282223
13282621
13282696
13282942
13283120
13283161
13283290
13283319
13283566
13283786
13283953
13284113
13284239
13284359
13284673
13284962
13285037
13285203
13285357
13286067
13286234
13286655
13287034
13287118
13287136
13287459
13287602
13287629
13287877
13288288
13288341
13288869
13288939
13289287
13289357
13289407
13289697
13289784
13289933
13289952
13290096
13290134
13290263
13290272
13290337
13290338
13290491
13290545
13290557
13291490
13291620
13291772
13292203
13292390
13292498
13292627
13292912
13293029
13293156
13313831
13339249
13339657
13339991
13341112
13341756
13344104
13344124
13344231
13344768
13345567
13345679
13349368
13350547
13350947
13351753
13351781
13353344
13354684
13440550
13440971
13441678
13445781
13449677
13450606
13450762
13451470
13452417
13454853
13455551
13455754
13456554
13457568
13457906
13458201
13458691
13458927
13459130
13459154
13459266
13460186
13461111
13461126
13461585
13462018
13462377
13463312
13463835
13464033
13464270
13464277
13464599
13464757
13464849
13465268
13465632
13468076
13469676
13470820
13471095
13471147
13471525
13471980
13472308
13472550
13472631
13473559
13473595
13473640
13473982
13474282
13474628
13474893
13475030
13475151
13475558
13475700
13475908
13476090
13476456
13476587
13477427
13477560
13477878
13478029
13478163
13478328
13478651
13478990
13479479
13480077
13480601
13480945
13481062
13481517
13482724
13482761
13483039
13483083
13483201
13484066
13484203
13484247
13484586
13484617
13484991
13485272
13485300
13485670
13485709
13485723
13486612
13486662
13488647
13492015
13492392
13495340
13496133
13497579
13499619
13500991
13535329
13536710
13537230
13537267
13538702
13539106
13539265
13540193
13540294
13540564
13540709
13540929
13541239
13541404
13542637
13543291
13543782
13544015
13544190
13544578
13544914
13545167
13545306
13546600
13546726
13547328
13547645
13547776
13547948
13547990
13563047
13563178
13563271
13563693
13563940
13563947
13563950
13564445
13564572
13564661
13564707
13565229
13565344
13565393
13565833
13566302
13566632
13567093
13567313
13567354
13567434
13567709
13567975
13567980
13568209
13568332
13568606
13568782
13569011
13569173
13569188
13569409
13569420
13569463
13569544
13569790
13570005
13570158
13570316
13571022
13571343
13571389
13571734
13571830
13571894
13572075
13572126
13572805
13573801
13574040
13574392
13574523
13574770
13575520
13575551
13575918
13576012
13576826
13576968
13577143
13577212
13577409
13577453
13577740
13627449
13627559
13627675
13627876
13628071
13628267
13628282
13628305
13628544
13628813
13629325
13629368
13629388
13629497
13629587
13629620
13630345
13630392
13630698
13631038
13631884
13631956
13631995
13632008
13632358
13632648
13633191
13633261
13633403
13633604
13633750
13634231
13634638
13635846
13636402
13636451
13636764
13637233
13637571
13637903
13638105
13638139
13638305
13638528
13639867
13640247
13640281
13640352
13699588
13708997
13727810
13727889
13727962
13728069
13728174
13728917
13729330
13729368
13729495
13730028
13730170
13730558
13730627
13730734
13731376
13731394
13731486
13731751
13732168
13732627
13732677
13733477
13733653
13733830
13733905
13733980
13734534
13734716
13734991
13735113
13735254
13735805
13736575
13736961
13737531
13737621
13738141
13738183
13738214
13738264
13738393
13738991
13739619
13740090
13740347
13807919
13808769
13809088
13809218
13809493
13811442
13811529
13812728
13812808
13815518
13817240
13817375
13817447
13817854
13818685
13819473
13820499
13821173
14011676
14015454
14016199
14017084
14018010
14018323
14019431
14019831
14021828
14022889
14022901
14023086
14023186
14023240
14023734
14024214
14025285
14025472
14025763
14026155
14026166
14026293
14026471
14026523
14026678
14026929
14026951
14026958
14027368
14027384
14027394
14027567
14027597
14027993
14028403
14028472
14028806
14028948
14029106
14029449
14029512
14029623
14030308
14031439
14031710
14032708
14032978
14033406
14033521
14034219
14034308
14034366
14034462
14035106
14048188
14115502
14118489
14122376
14122930
14123859
14165751
14170669
14173790
14176197
14176989
14177208
14177367
14180289
14181090
14181985
14182854
14182998
14183094
14183963
14184552
14184866
14185181
14185329
14185554
14187361
14187893
14188455
14189363
14189666
14189715
14191114
14191741
14191833
14191887
14192869
14196998
14197710
14198237
14198405
14198739
14199025
14201445
14201448
14202795
14202902
14203130
14203774
14204685
14204809
14205127
14205534
14205722
14238951
14239713
14240112
14242795
14244151
14245568
14247298
14248115
14249177
14250492
14251220
14252001
14252056
14253374
14254725
14258636
14260273
14260451
14261368
14261562
14263414
14263827
14264698
14264821
14264947
14265716
14265756
14266329
14266775
14267538
14268466
14268777
14270178
14270229
14270467
14271065
14272021
14272254
14272778
14273670
14273971
14274518
14275330
14275869
14275944
14276450
14293341
14293694
14293708
14297649
14298052
14299429
14299454
14301259
14301654
14302806
14303499
14307775
14308369
14343549
14343872
14344234
14344599
14345026
14345475
14345625
14345744
14345760
14346162
14346476
14346570
14347104
14347133
14347637
14347708
14348003
14348195
14348626
14348706
14349942
14350915
14351106
14351706
14352765
14352986
14353277
14353280
14353849
14354569
14354671
14354969
14355022
14355367
14356195
14356726
14357782
14357821
14358058
14358176
14358305
14358463
14359251
14359675
14360019
14360219
14360342
14360573
14360752
14360831
14361113
14361197
14361271
14361673
14361863
14361884
14412898
14413026
14413285
14413432
14413997
14414002
14414502
14414824
14414854
14415498
14415761
14416015
14416748
14417267
14417426
14417598
14417617
14417982
14418461
14420219
14420519
14421239
14421861
14422103
14422522
14423063
14423152
14423203
14424501
14424967
14425131
14425268
14426626
14426964
14427597
14428019
14428140
14428278
14428891
14429779
14430276
14430431
14430541
14431387
14431457
14431516
14431788
14432313
14432395
14433533
14433753
14433974
14434125
14434371
14434654
14434730
14435616
14435719
14435815
14435881
14436229
14436535
14436902
14436955
14437294
14437545
14438951
14457193
14466288
14484088
14534508
14534759
14535738
14536062
14538575
14538710
14538957
14539343
14539694
14540289
14540729
14540890
14540904
14541291
14542621
14543072
14543262
14543873
14544016
14544425
14544604
14544640
14545103
14545183
14545236
14545294
14545304
14546175
14546535
14547539
14547746
14547981
14548371
14548561
14548727
14548885
14549185
14549581
14551211
14551495
14551845
14551981
14552014
14552053
14552290
14552850
14553294
14553302
14553709
14554811
14555514
14555530
14556129
14556192
14556297
14557834
14558055
14558216
14558438
14558652
14559357
14560381
14560487
14560744
14560931
14561288
14561360
14563478
14563508
14563672
14564026
14564053
14564193
14564805
14565035
14565093
14565217
14565548
14565715
14566209
14566996
14567504
14567632
14568519
14568903
14568946
14568985
14569022
14569153
14570122
14570425
14570875
14571261
14571780
14571792
14572133
14572761
14573152
14573262
14573984
14575745
14576181
14576415
14576854
14577170
14577500
14577599
14578006
14579309
14602058
14603862
14604909
14616890
14617914
14618355
14618739
14618760
14618996
14620025
14620532
14620979
14621244
14622182
14622753
14623019
14624121
14624648
14625740
14627214
14627303
14627838
14629862
14630425
14630703
14630955
14634183
14635505
14637441
14737158
14737271
14737377
14738029
14738151
14738711
14738778
14739242
14739397
14739828
14739834
14740399
14740551
14742024
14742795
14742887
14743145
14744010
14744388
14744645
14745396
14745655
14746339
14746731
14747412
14747479
14747480
14747684
14748353
14748575
14748674
14748793
14749347
14749364
14751342
14751635
14751778
14753144
14753633
14753965
14754089
14754549
14754750
14754795
14788024
14793036
14794369
14813293
14815400
14815814
14816242
14820650
14822437
14822800
14823256
14825098
14828169
14829246
14844755
14845101
14845175
14845288
14845434
14845456
14845539
14846345
14846856
14846923
14847770
14848009
14849741
14850015
14850390
14850414
14850714
14852101
14852518
14852702
14852971
14853043
14853236
14853343
14853867
14854403
14854463
14855334
14855576
14855603
14856315
14856423
14856459
14856804
14857462
14857767
14857815
14857831
14857869
14858136
14858579
14858611
14858700
14858707
14858973
14859837
14859992
14860069
14860623
14860650
14860953
14860997
14861003
14861060
14861327
14861788
14861792
14861834
14955633
14956056
14956595
14956833
14956909
14958240
14958899
14959780
14961344
14961394
14962092
14962533
14962545
14963042
14963586
14964778
14964822
14964922
14965010
14965970
14966506
14966708
14967799
14968019
14968273
14968448
14968607
14969557
14997931
14998023
14998125
14998270
14998326
14999524
15000002
15000594
15000746
15000765
15000795
15001143
15001352
15001589
15001834
15001900
15002109
15002449
15002450
15002454
15002459
15002553
15002610
15002805
15003213
15003341
15003420
15003440
15003705
15004587
15004683
15005238
15005576
15005812
15005826
15005901
15005942
15006020
15006075
15006161
15006198
15006216
15006284
15006401
15006505
15006685
15006876
15006999
15007003
15007110
15007629
15007696
15008069
15023988
15024335
15025147
15025673
15026213
15026488
15027949
15027976
15028361
15028574
15028749
15028787
15028865
15029068
15029831
15029870
15030077
15030615
15031440
15031624
15032297
15033293
15095584
15096834
15097582
15098064
15099254
15100749
15101865
15146489
15150547
15156342
15156975
15172798
15172835
15173293
15173372
15173739
15174115
15174397
15175194
15175388
15175503
15175644
15175779
15175919
15175921
15176415
15177543
15178236
15178370
15178694
15179023
15179289
15179822
15180047
15180738
15180916
15181988
15182848
15184816
15227997
15235005
15235348
15236845
15244172
15244217
15313301
15313379
15313381
15313426
15313989
15314568
15315000
15315008
15315076
15315155
15316368
15316626
15316688
15316761
15316868
15317431
15317806
15318015
15318157
15318378
15318780
15318921
15319409
15319418
15319467
15319765
15320665
15320669
15320764
15320924
15320951
15321410
15322291
15322390
15322560
15322579
15322935
15323254
15323718
15323854
15323912
15323921
15323962
15324365
15324583
15325023
15325303
15325393
15326167
15326421
15326728
15326755
15327195
15327227
15327233
15327457
15327548
15327671
15422225
15422593
15422729
15423396
15423548
15423683
15424313
15424476
15424505
15424583
15424627
15425453
15425516
15425671
15425746
15425788
15425822
15426072
15426549
15426952
15427017
15427467
15427608
15427781
15427868
15428075
15429642
15430375
15430383
15431314
15431976
15432132
15432158
15432212
15432389
15432398
15433237
15433897
15434487
15435881
15441196
15444245
15444344
15446313
15464768
15467472
15468603
15470095
15470977
15544614
15544825
15547287
15550091
15550292
15550667
15551739
15554835
15555021
15555028
15559709
15586783
15586835
15587187
15588652
15590137
15591621
15593968
15594068
15595287
15595315
15596506
15598078
15598321
15599275
15599278
15599566
15599844
15600007
15601100
15601651
15602191
15603322
15604092
15604176
15604950
15605462
15606125
15606173
15606225
15606294
15606786
15607249
15607314
15607529
15607830
15607985
15608942
15609133
15610131
15610719
15610817
15610968
15612056
15645253
15671768
15673432
15675793
15675887
15676304
15677446
15677800
15678397
15678563
15680466
15680883
15681897
15701647
15702671
15703101
15704189
15706487
15706660
15709835
15848649
15851610
15851877
15878880
15918428
15918456
15918749
15918951
15919305
15919701
15919707
15919826
15920032
15920764
15920824
15920897
15920952
15921167
15921517
15921590
15921791
15921983
15922167
15922578
15923030
15923192
15923267
15923482
15923760
15924233
15924367
15924420
15924483
15924538
15924906
15925762
15925844
15925867
15926101
15926568
15927533
15927656
15927880
15927900
15928092
15928913
15928939
15929145
15929524
15929915
15930023
15930033
15930093
15930606
15930806
15931154
15931505
15931565
15931650
15932061
15932145
15932209
15932218
15932407
15932489
15932666
15932921
15933314
15933720
15934106
15934170
15934254
15934541
15934644
15934919
15936241
15936253
15936605
15936821
15936852
15937070
15937091
15937740
15937965
15938218
15938473
15938811
15939239
15940433
15940778
15940794
15941142
15941172
15941278
15941447
15941455
15942075
15942163
15943179
15943225
15943240
15943810
15943963
15944010
15944038
15944268
15944336
15944494
15944553
15944580
15944711
15944910
15945200
15945510
15945639
15945722
15946039
15946519
15946583
15946855
15946966
15947152
15947712
15948123
15982885
15983047
15983534
15983727
15984579
15985110
15985603
15986187
15986593
15986747
15986808
15986891
15987325
15987798
15988352
15988368
15988519
15988530
15989987
15990372
15990836
15991111
15991136
15991816
15992119
16053701
16054298
16057558
16058257
16060664
16061499
16061691
16061938
16142260
16142418
16142774
16143039
16144123
16144981
16145261
16145783
16147534
16150115
16151643
16152581
16153468
16154442
16155233
16156512
16156923
16162828
16164434
16165310
16167343
16168791
16188495
16188558
16188785
16188992
16189252
16189483
16189865
16190554
16190903
16191320
16191334
16191511
16191537
16191836
16191884
16192223
16192489
16192892
16193130
16193219
16193321
16193553
16193564
16193674
16193788
16193849
16194138
16194297
16194413
16194424
16194448
16194895
16195041
16195242
16195727
16195995
16196431
16196476
16196596
16196688
16196742
16196800
16196847
16197397
16197851
16198175
16198201
16198492
16198802
16199298
16199475
16246208
16249360
16253269
16276678
16277233
16277289
16277546
16277637
16277897
16278125
16278662
16278761
16279609
16279645
16279792
16279825
16280243
16280472
16281109
16282513
16282694
16282757
16282879
16283124
16283148
16283316
16283348
16283409
16283466
16283519
16284067
16284284
16284289
16284298
16284587
16284772
16284800
16284930
16285085
16285167
16285534
16286248
16286427
16286522
16286537
16286721
16286907
16287306
16287716
16287834
16288020
16288114
16288866
16288958
16289542
16289893
16290207
16290383
16290581
16291966
16292212
16292572
16292619
16292947
16293651
16294381
16294654
16295092
16295567
16295764
16295944
16297059
16298177
16299821
16299903
16300533
16301444
16302258
16302320
16302936
16308996
16392062
16392164
16399954
16400109
16406978
16408393
16408514
16410014
16414316
16416816
16421743
16425730
16426979
16479440
16480663
16481051
16481122
16481772
16482176
16483184
16484467
16485893
16486406
16486473
16487142
16488403
16488988
16488988
16489267
16490211
16492029
16492741
16493379
16494386
16495214
16495345
16495883
16496915
16496941
16622919
16622977
16623460
16623574
16624684
16624912
16625397
16625587
16626334
16626341
16626532
16626782
16628000
16628358
16628541
16628742
16629568
16630527
16630742
16631737
16631785
16631908
16632632
16632959
16633138
16633204
16633698
16633983
16634039
16634092
16634376
16634622
16634705
16634811
16635002
16635285
16635928
16636528
16636687
16683473
16684046
16684194
16684932
16687515
16688351
16689244
16689655
16690428
16690458
16692339
16693778
16695244
16695586
16736946
16738740
16770043
16770561
16770695
16773276
16773469
16774263
16783192
16783556
16793836
16795679
16795892
16800149
16817316
16817392
16817622
16818365
16818784
16818831
16818834
16819092
16819941
16820056
16820519
16821529
16822228
16822334
16822505
16822982
16823128
16823511
16824506
16824539
16825014
16825141
16825223
16825556
16825883
16826486
16826623
16826806
16826978
16827037
16827055
16828278
16828478
16828881
16828949
16829821
16830143
16830902
16831102
16831175
16832002
16832272
16832507
16832855
16833155
16833157
16880876
16882496
16885736
16885936
16886687
16890555
16893782
16894709
16895432
16895960
16895984
16944261
16944484
16944618
16944874
16944993
16945508
16945833
16945875
16946575
16946623
16946709
16946931
16947576
16947799
16947955
16948545
16948556
16948768
16948989
16949297
16949737
16949839
16950254
16950469
16950532
16950583
16950607
16950721
16950927
16951270
16952032
16952193
16952710
16952779
16952893
16953102
16953645
16953681
16953743
16953821
16954032
16954797
16954919
16955028
16955060
16955293
16955488
16955683
16955782
16955812
16955818
16956080
16956540
16958144
16958216
16958375
16958921
16958930
16958951
16959682
16960287
16960461
16960811
16963602
16964038
16964109
16964886
16966358
16968775
16969020
16969042
16969732
16970144
16970831
16972931
16973252
17057883
17057916
17057921
17059013
17059202
17059267
17059760
17059874
17060299
17060628
17060844
17060846
17062381
17062744
17063078
17064692
17064997
17065399
17065788
17066051
17066757
17067026
17067143
17067768
17067917
17068021
17068610
17068749
17068932
17069118
17069961
17070563
17070777
17071371
17071509
17071857
17072099
17072166
17072332
17073395
17073852
17170308
17170741
17171103
17171211
17171224
17171936
17172439
17172519
17173054
17173086
17173412
17173786
17174039
17174679
17174836
17174912
17174946
17175224
17175658
17175724
17175735
17176086
17176458
17176771
17176949
17177570
17177880
17177923
17178049
17178389
17178485
17178681
17179324
17180015
17180030
17180393
17180603
17181079
17181150
17181256
17181592
17181605
17181880
17182060
17182288
17182655
17182687
17182868
17183040
17183343
17183444
17183663
17183818
17183831
17184254
17184576
17184747
17184826
17184911
17185133
17185960
17186008
17186211
17186280
17186399
17186852
17187247
17187269
17187446
17187941
17188061
17188352
17188438
17188764
17188911
17189068
17189361
17189636
17190256
17190544
17190635
17190900
17191101
17191197
17191873
17192049
17192690
17192693
17192903
17193288
17193385
17193603
17193623
17194117
17194242
17194552
17194764
17194877
17194990
17195151
17195250
17247122
17247279
17247919
17248129
17248275
17249167
17249263
17249275
17249426
17249479
17249594
17250087
17250358
17250381
17250637
17250729
17250759
17251078
17251511
17251562
17251676
17251841
17251882
17252497
17252874
17253007
17253216
17254207
17254390
17254586
17255270
17255334
17255670
17255988
17256086
17256169
17256498
17256545
17256653
17257085
17257133
17257514
17257562
17257690
17257760
17258098
17258221
17258367
17288740
17288785
17288815
17289124
17289266
17289676
17290406
17290577
17290864
17290897
17291814
17291880
17292350
17292587
17292641
17292845
17292966
17293247
17293745
17294105
17295041
17295523
17295657
17295921
17296115
17296115
17296236
17296406
17296862
17297044
17297711
17297741
17297874
17298043
17298089
17298787
17298841
17299016
17299099
17299290
17299553
17299573
17299722
17300366
17301778
17302870
17303330
17304081
17304687
17305311
17305712
17307066
17307965
17308862
17310647
17310943
17311020
17311072
17311974
17312371
17312899
17313765
17313923
17314221
17314286
17314296
17314462
17315558
17315941
17315951
17316098
17316256
17316263
17316715
17317103
17317356
17317767
17317953
17318100
17318955
17319020
17319499
17319897
17320105
17320523
17320783
17362555
17367442
17369587
17371111
17433454
17433549
17433570
17433847
17434664
17435660
17435736
17436102
17436227
17436969
17436977
17437205
17437684
17438107
17438530
17439814
17440159
17440380
17441653
17442348
17442474
17443850
17445153
17450354
17450948
17451232
17456504
17456581
17457163
17458122
17458535
17459135
17549027
17549174
17549284
17549586
17550921
17551705
17551917
17552905
17553700
17553853
17554717
17555437
17557455
17557906
17561392
17596859
17597150
17597398
17597458
17597838
17597938
17598618
17599202
17599653
17600633
17600763
17600802
17600814
17600877
17601338
17601561
17601638
17601947
17602274
17602832
17602905
17603224
17603958
17604793
17605072
17605239
17605267
17605317
17605813
17605969
17606017
17606179
17606516
17606909
17607354
17607424
17607472
17607601
17614789
17617777
17618517
17619572
17621561
17622262
17622718
17643670
17643671
17644482
17644566
17644664
17644862
17645860
17647073
17649143
17649542
17649642
17649798
17650542
17651019
17651918
17652192
17652225
17652240
17652852
17653283
17653360
17653594
17653688
17654124
17654513
17654835
17654864
17654956
17655008
17655279
17655838
17656407
17656551
17656676
17656852
17656936
17656979
17657092
17657422
17657622
17657625
17658262
17658401
17658856
17658865
17659430
17659857
17659883
17660112
17660219
17660245
17660587
17661791
17661799
17661949
17662639
17663566
17664457
17664546
17664573
17664655
17664885
17665055
17665085
17665093
17665348
17665417
17665642
17665842
17666032
17667343
17667569
17667795
17668570
17668627
17669177
17669839
17670533
17670802
17670814
17670981
17671003
17671152
17671518
17672118
17672367
17672614
17672871
17674257
17681564
17708488
17718062
17718257
17748610
17749633
17749800
17749856
17750308
17750731
17750855
17750884
17751034
17751245
17751401
17751604
17751610
17752567
17752681
17753232
17753348
17753467
17753790
17753880
17754272
17754426
17754674
17754690
17754865
17754892
17754942
17754980
17756275
17756407
17756628
17757098
17757331
17757415
17757626
17757717
17758072
17758097
17758304
17758558
17758566
17758649
17758714
17759659
17760309
17760442
17760692
17761216
17761319
17761712
17761962
17762066
17762095
17763472
17764198
17765335
17766474
17766733
17766925
17768249
17768410
17768446
17769216
17769852
17769978
17770084
17773792
17773879
17947638
17952983
17953925
17953990
17954389
17954544
17954971
17955519
17957117
17957386
17957388
17957931
17958577
17959821
17959934
17959990
17960054
17960163
17961328
17961493
17961626
17961714
17962799
17963439
17963890
17963901
17964534
17964563
17965048
17965987
17967101
17967218
17967999
17968074
17968086
17968362
17968428
17968483
17968649
17969112
17969745
17970488
17970991
17971208
17971358
17971503
17971738
17971749
17972178
17972205
17972333
17972553
17972864
17973814
17973956
17974056
17974220
17974462
17974864
17974871
17974948
17975210
17975860
17975890
17976215
17976596
17976628
17976808
17976901
17976910
17976988
17976993
17977084
17977521
17977578
17978051
17978054
17978395
17978811
17978915
17979127
17980143
17980334
17980513
17981174
17981833
17981998
17982495
17982581
17982835
17982924
17982929
17982971
17983106
17983188
17983836
17984283
17984351
17984882
17985138
17985202
17985221
17985506
17985935
17986035
17986073
17986215
17986381
17986475
17986706
17986832
17986946
17987092
17987287
17987344
17987494
17987755
17987941
17987977
17987981
17987994
17988139
17988239
17988336
17988392
17988489
17988816
17988835
17988897
17989564
17989821
17990172
17990177
17990216
17990385
17990840
17990903
17992090
17992227
17993016
17993394
17993483
17993484
17993726
17993904
17995135
17995191
17995277
17996063
17996408
17996558
17997088
17997101
17997594
17997689
17997754
17999102
17999535
17999677
18000879
18002001
18002249
18002256
18002358
18003273
18003434
18003556
18003697
18003723
18003876
18004648
18005155
18005210
18005340
18006095
18006659
18007479
18007740
18007832
18008145
18008278
18008417
18008432
18008441
18008817
18009102
18009204
18009325
18009392
18009507
18009554
18009816
18009953
18010160
18010439
18013380
18022054
18089724
18089945
18090456
18090516
18090686
18091114
18092135
18092267
18092548
18092943
18094296
18095172
18095700
18096809
18097300
18097406
18097785
18098201
18098238
18098690
18099028
18100038
18100171
18100190
18101162
18101192
18101266
18101752
18102105
18102314
18102343
18103369
18103370
18103447
18103785
18103835
18104246
18104579
18104605
18104649
18104943
18105056
18105305
18109209
18109833
18110351
18111011
18111030
18112039
18112850
18112975
18113277
18114044
18114752
18114865
18115076
18115252
18119336
18119341
18119360
18119398
18120516
18121519
18121741
18123587
18124342
18129431
18130128
18130348
18135527
18135608
18137940
18144504
18159520
18163056
18171587
18175947
18180639
18183352
18202063
18202938
18202949
18202964
18203057
18203153
18203763
18204120
18204313
18204539
18204692
18204707
18204772
18204886
18205443
18205750
18205789
18205892
18205897
18206240
18206466
18206533
18206871
18206888
18206920
18208194
18208246
18208249
18208288
18208766
18209016
18209111
18209147
18209558
18210817
18210908
18211092
18211279
18211638
18211812
18211884
18212310
18212495
18212515
18212560
18264196
18268064
18279722
18282141
18284874
18285528
18357447
18358905
18359051
18359319
18359367
18360795
18360981
18361059
18361529
18361654
18361975
18362257
18363052
18364043
18365806
18366147
18366213
18367261
18367928
18368220
18368549
18368601
18368927
18370624
18371803
18372021
18372341
18403238
18403959
18407623
18408422
18410020
18410108
18413585
18413927
18415116
18417313
18461635
18462746
18463475
18463499
18465823
18466851
18467162
18467781
18468411
18468518
18468991
18469023
18469094
18470042
18470152
18474512
18475287
18475289
18475388
18477321
18477771
18477972
18478082
18478128
18479178
18479505
18479519
18479641
18479753
18480226
18480605
18480944
18481260
18481557
18481637
18482145
18482230
18482617
18482692
18482855
18483199
18483473
18483806
18484084
18484365
18484409
18484974
18484984
18485488
18485685
18486990
18487038
18487201
18487429
18487452
18487526
18488203
18488365
18488505
18488608
18489010
18489066
18489114
18489180
18489198
18489319
18489744
18489803
18489912
18489916
18503557
18503717
18504034
18504890
18504998
18505201
18505517
18506779
18507237
18507594
18507650
18507707
18507746
18508341
18508344
18508388
18509326
18509624
18509917
18510144
18510229
18510591
18510927
18511371
18511607
18511642
18512128
18512305
18513293
18513395
18513574
18513745
18513746
18515152
18515238
18515683
18515746
18530846
18530915
18531601
18533800
18533940
18534599
18534807
18535682
18535821
18536062
18537558
18538226
18538749
18539161
18540119
18541355
18544531
18545434
18546230
18546852
18547337
18547766
18548981
18549188
18583181
