1133
3930
5715
11322
13098
14427
21490
22960
24903
25792
26212
27401
29639
29956
30430
30503
31878
32265
34207
34375
34625
34755
34972
37971
38764
39177
42699
45183
47723
48509
48756
51964
52672
55606
56079
58911
59022
59739
61526
64122
65569
66273
70895
71333
72047
72234
72913
73685
74307
75093
76312
80902
81224
89419
89454
90834
96693
98418
99580
100416
102683
105426
105715
106964
108086
109551
110636
113167
113962
114698
116011
119462
122060
125284
126746
128599
129285
132264
135260
135779
137031
138126
141080
144602
145484
147771
149451
151011
152349
152707
154782
156957
162810
164655
166572
166923
167390
167853
168394
171491
172508
175561
177462
178197
178505
179204
182717
182913
183183
185128
186768
188259
189080
189853
192059
193992
194732
195120
196786
199752
202091
203090
204004
208847
209927
213040
213898
214297
217156
219375
221710
224543
225364
225410
225719
225834
225979
227393
230213
231124
232234
232966
233399
236233
237318
243353
250110
252579
253402
255708
256123
256937
258767
259234
261294
261572
263212
264030
264272
265069
265348
266682
270055
273572
277147
277152
278419
279011
279650
279794
286749
294604
296281
300182
300324
300799
301510
303772
305321
307225
307427
308639
311009
312965
313779
313880
314368
314405
316793
316816
319870
324240
326124
327367
327451
327871
332816
333880
334388
334980
335065
337058
339112
341153
345947
351379
354641
355522
356853
358487
361934
364736
366617
368306
368414
372486
374303
375409
376333
376439
377697
378467
379156
381073
385640
390777
395109
396030
396457
396935
398167
398659
398800
401218
403844
404341
405343
408640
410238
411293
411560
413771
413999
419447
420248
423496
424997
426419
428613
429373
439240
439627
440509
441208
441219
441412
441874
446209
447164
447471
447507
449796
452947
455303
455825
459470
461106
463664
464605
470481
470600
471205
473223
475856
477096
480852
480963
483507
484271
486351
486417
488785
489955
493012
494766
495414
496098
497259
497943
498745
500058
501552
506343
506758
507840
507869
509411
514560
519168
521054
521167
524286
525648
526912
529571
532458
534424
534690
538310
544242
546623
546796
547511
552247
553220
555444
556972
557626
560434
561099
561789
565554
569124
569793
570963
571096
577236
577468
580859
584732
585398
588093
588489
589573
590979
592012
592300
593106
593401
594542
595959
602307
602373
603128
605901
606563
607503
608378
609673
609715
610632
610779
612992
614530
615169
619784
624416
624771
625233
627528
627710
627797
629411
632243
632732
634085
634464
639233
640274
643090
643477
644877
644954
645249
651261
651954
654607
659766
663572
664007
666292
672393
672725
673193
674247
674704
679119
680545
681968
681990
682532
683038
686892
688977
692791
695310
696914
697569
703581
705525
712180
713428
715218
720127
720705
721818
722027
724090
725616
729590
730785
731696
732858
737602
740192
740749
743509
746941
750957
751211
753238
757440
759123
759271
761241
761735
763624
766643
766969
768113
769648
774472
775864
775949
776578
780623
781661
781744
782312
783556
785643
786643
786757
790727
791751
795096
796145
800534
802695
804316
805857
811252
813645
816144
817955
821526
821703
824411
824830
826510
829029
832630
834277
836764
837119
838130
839320
839620
842404
843176
845004
848115
849544
851155
851931
853628
854130
854483
856757
858523
859674
862309
862525
863934
864287
864413
867744
868139
872205
873558
878438
878965
881766
884142
885597
889286
889947
893943
894439
894554
898100
898502
899951
901262
901797
902693
903996
911983
912262
914771
915015
915235
919319
921090
921483
924146
925656
925886
927652
929556
930609
931900
932457
935868
938060
941267
942619
944057
946076
947035
947079
947440
948624
949308
959928
960145
964328
964473
966138
968990
973273
973496
973788
976645
978242
979948
981013
981586
982115
986048
986119
988444
990706
994972
998993
1001958
1002538
1002568
1011427
1011851
1012066
1016912
1017180
1017862
1019261
1019516
1021835
1023352
1025836
1027814
1031928
1033739
1035220
1035694
1039837
1043520
1043868
1045829
1049186
1049891
1050889
1051148
1053113
1053316
1055220
1058124
1060991
1062375
1069211
1070339
1071399
1072759
1073011
1073903
1077216
1078905
1080139
1080853
1081611
1081915
1082959
1087009
1092393
1092756
1093176
1096480
1102846
1103275
1105388
1107811
1108910
1109200
1109201
1110616
1112163
1114066
1116068
1116634
1118901
1118908
1120481
1121672
1122119
1126132
1127269
1128338
1129013
1133361
1138187
1141471
1147659
1147968
1148948
1155145
1157573
1158890
1158937
1163550
1166996
1167035
1167495
1173607
1175140
1176092
1176292
1181577
1181818
1183246
1184900
1185671
1189018
1189761
1191351
1193417
1194688
1197154
1201530
1202439
1203306
1204382
1206002
1206212
1211054
1211470
1211916
1214028
1218699
1219355
1221563
1222884
1223172
1224942
1226434
1227684
1230506
1233260
1240261
1243365
1243552
1244804
1245793
1247628
1250967
1259418
1259455
1260043
1260388
1261250
1264058
1265440
1267077
1267561
1270758
1280857
1282553
1282957
1283602
1287573
1288227
1290829
1296951
1297295
1298280
1298917
1299930
1302359
1305748
1311455
1312785
1313374
1316477
1317330
1318088
1318499
1319019
1319915
1322182
1323815
1324950
1326447
1328341
1329339
1330008
1330966
1333390
1333402
1337724
1339526
1339823
1343237
1345101
1346859
1347628
1348124
1352610
1353157
1354923
1356065
1357054
1358329
1358894
1361910
1365979
1371444
1371649
1373470
1374900
1379810
1383374
1386290
1386849
1389574
1389990
1392195
1398524
1400945
1405054
1407127
1407161
1409086
1412293
1413767
1414867
1415770
1417641
1419559
1421410
1422438
1423676
1426738
1430960
1432195
1432837
1433451
1435928
1441408
1445011
1446990
1449698
1450688
1451208
1452553
1455089
1460106
1460425
1460642
1462074
1462445
1464256
1466059
1467825
1470775
1472236
1473053
1473302
1473512
1474938
1476170
1479152
1479641
1481884
1485852
1486364
1486989
1490436
1494179
1496674
1502034
1502889
1503151
1503697
1508393
1509588
1510766
1513138
1516533
1522569
1523763
1525455
1534818
1541345
1543596
1546310
1549884
1552917
1553918
1554146
1554400
1556197
1556887
1562780
1563091
1565102
1569393
1569787
1570515
1575131
1575619
1575710
1583702
1588615
1591408
1596110
1596471
1596494
1596647
1596792
1599628
1600769
1601140
1604431
1610113
1611346
1616382
1616605
1617009
1617188
1617543
1621703
1623129
1623448
1623572
1624574
1627617
1628533
1629101
1629127
1633182
1635297
1636370
1636612
1637766
1638488
1638671
1638904
1641950
1644776
1648929
1649720
1655130
1655576
1655680
1657221
1657615
1657639
1661261
1662599
1662701
1667224
1669578
1672026
1672382
1674730
1675961
1685007
1685598
1687154
1698626
1706136
1707978
1715454
1716757
1722084
1723334
1724871
1725029
1727520
1728978
1729049
1729511
1729692
1731992
1733783
1734727
1735497
1736612
1737175
1737481
1737607
1738950
1739030
1741185
1743522
1746742
1752161
1759258
1760684
1763405
1767033
1768370
1770361
1774315
1774800
1776309
1777893
1777996
1779390
1779433
1781026
1782365
1784857
1784984
1787338
1789654
1789997
1790433
1791059
1791189
1792401
1796133
1800043
1801527
1802174
1802178
1802955
1809388
1810112
1812375
1813385
1813728
1816480
1817456
1818306
1819693
1822856
1827245
1829536
1832654
1833189
1838881
1840618
1841333
1841566
1841863
1844983
1848681
1850879
1853200
1853359
1856156
1859299
1859871
1860267
1861370
1861469
1864088
1865772
1868072
1876104
1876819
1877615
1878791
1879613
1880291
1880627
1880696
1888868
1891352
1896837
1899833
1900453
1901567
1901819
1902954
1904088
1905244
1905597
1906015
1907620
1911539
1913736
1914127
1914245
1914381
1915147
1917566
1917962
1918099
1919852
1922374
1922982
1927123
1929233
1932986
1933198
1935699
1938536
1941237
1942163
1945688
1951378
1951893
1952539
1953619
1955161
1956560
1957432
1957694
1961400
1962435
1967630
1970366
1974043
1974740
1977814
1978511
1980312
1980990
1981928
1982321
1986374
1989093
1989342
1990634
1991385
1994123
1999104
1999216
2000003
2000358
2003282
2005952
2006769
2007044
2009278
2011281
2016499
2017674
2021489
2027780
2029157
2030873
2030922
2031388
2033030
2033526
2038434
2038675
2040116
2043100
2043827
2045184
2047017
2047853
2048706
2048822
2048980
2054028
2054136
2059342
2062952
2063427
2064071
2064664
2066401
2067494
2068069
2068865
2069006
2069064
2069844
2072505
2080570
2080785
2082147
2083830
2084506
2086322
2087586
2088052
2088563
2089564
2092064
2092941
2098821
2101899
2105380
2105593
2109236
2112796
2115580
2117377
2122692
2130822
2132322
2132436
2135571
2137319
2138529
2141884
2146234
2146699
2146819
2149981
2150320
2153302
2153744
2162263
2164178
2168329
2168373
2169942
2173780
2174208
2177110
2177441
2179924
2181701
2182987
2183078
2184124
2187532
2190798
2190972
2192372
2193268
2193499
2195864
2199450
2199821
2202841
2203044
2207519
2209177
2209349
2211816
2214458
2216540
2217346
2218071
2218472
2222041
2222451
2225440
2229519
2229791
2231068
2231877
2233660
2234858
2237541
2237668
2237740
2238128
2238373
2239377
2245133
2245805
2245973
2246469
2246607
2246696
2248289
2249248
2249923
2252829
2255388
2255639
2256560
2256616
2258756
2262046
2266871
2270628
2271151
2271316
2272539
2275318
2275483
2276517
2276803
2279932
2280520
2281287
2290339
2291014
2292782
2294153
2295124
2295159
2299418
2299666
2300112
2300660
2300899
2303260
2308296
2314657
2315240
2318778
2319636
2322231
2323079
2331726
2332930
2333485
2334896
2336801
2337165
2338870
2342244
2342477
2343485
2345006
2345050
2351309
2351700
2352742
2354181
2355753
2360240
2361582
2362580
2364981
2365348
2368003
2373349
2374827
2381209
2387050
2388762
2389423
2389963
2391678
2392344
2394900
2394935
2395308
2397775
2398111
2398356
2405447
2409501
2409735
2410856
2411448
2412499
2412875
2415158
2419001
2420360
2420635
2422569
2424069
2425060
2425551
2428466
2429254
2430823
2434361
2435901
2436281
2437596
2439553
2441238
2442065
2442572
2443015
2443076
2444768
2446128
2446274
2448030
2448919
2449721
2451655
2454097
2454949
2455857
2456845
2457800
2458171
2465549
2465598
2466721
2471367
2472081
2473988
2474856
2475206
2476845
2477945
2479472
2482995
2483110
2483559
2485716
2486319
2488240
2490779
2490897
2493155
2494145
2495818
2495896
2497110
2498594
2501253
2501631
2504484
2505378
2506450
2507946
2509276
2511372
2512657
2515093
2516612
2517217
2520655
2526076
2527006
2531401
2532357
2533328
2539292
2539466
2539914
2540362
2540499
2542550
2544196
2544232
2545244
2547540
2548715
2548727
2551073
2553565
2554411
2555072
2555545
2555889
2557231
2560264
2562148
2562776
2565162
2565856
2566927
2573040
2578654
2580093
2583060
2589910
2590277
2590733
2591451
2592773
2592817
2593211
2593244
2593723
2594640
2595235
2597528
2601096
2602529
2603059
2604308
2606597
2607851
2609861
2611694
2612137
2612491
2614596
2615853
2616391
2616708
2617030
2618882
2618897
2624435
2628473
2632587
2635151
2641360
2641441
2642899
2647506
2648332
2649679
2650034
2650125
2653432
2653455
2654660
2656729
2658069
2660443
2662151
2664006
2666668
2667808
2668297
2669480
2669531
2674492
2674507
2674865
2676058
2677565
2681075
2681383
2681885
2683976
2684620
2685364
2685634
2686254
2686645
2688563
2689397
2691121
2699464
2704806
2705571
2705634
2708402
2708794
2710214
2711265
2711427
2714571
2716404
2716751
2718043
2721241
2721311
2722533
2724627
2724812
2726382
2726569
2727881
2728888
2731318
2733325
2738171
2741277
2745016
2746363
2746588
2747261
2748782
2749856
2753049
2754261
2758644
2759102
2759464
2759859
2760218
2762528
2765377
2765671
2767465
2768556
2768811
2769623
2770051
2774870
2775696
2776874
2782403
2787723
2788386
2788654
2788977
2790312
2798408
2799454
2799841
2801336
2802802
2802805
2803698
2803961
2805268
2807551
2808118
2808259
2809100
2810712
2810940
2811072
2813811
2814374
2815057
2816890
2817379
2819221
2820306
2830725
2833874
2835549
2836433
2845131
2846646
2850500
2855472
2857918
2868803
2871233
2872118
2872944
2879835
2879972
2881657
2882686
2884676
2885209
2886749
2892915
2894954
2895172
2897568
2899065
2899438
2899462
2899737
2903926
2905075
2905973
2906611
2906737
2907848
2910927
2911673
2913444
2913886
2916379
2917213
2917357
2920186
2922273
2922546
2923679
2930334
2930586
2934578
2939033
2939055
2939766
2940682
2942286
2943049
2943794
2944661
2947557
2948618
2951941
2957705
2959246
2965479
2966052
2966290
2967142
2968732
2971147
2973460
2974883
2978682
2978774
2978813
2982545
2983423
2983876
2985138
2985214
2986705
2986941
2989141
3001328
3002344
3004742
3006249
3007419
3010605
3011152
3014686
3017038
3017840
3018096
3018501
3021038
3021722
3022055
3023922
3025310
3026183
3030632
3031232
3031338
3032482
3032503
3035827
3037323
3038481
3039468
3040809
3041029
3043158
3043749
3047036
3052006
3054822
3054961
3057274
3059489
3062059
3064387
3064617
3064770
3064935
3064955
3066289
3068166
3068352
3068946
3069984
3071336
3075704
3076243
3077268
3080102
3084587
3086865
3087356
3094124
3094774
3101063
3103887
3104534
3110007
3112123
3113140
3114796
3124300
3129444
3131528
3133567
3136826
3137598
3139836
3142815
3144872
3145541
3145635
3146039
3146844
3147923
3148616
3149148
3150778
3151393
3152596
3155402
3155420
3155988
3156805
3157913
3157984
3159716
3161116
3164545
3165818
3167580
3169481
3170855
3171882
3174518
3175705
3176156
3177454
3179845
3186644
3186840
3186997
3188066
3188377
3190242
3194843
3197904
3200917
3201154
3202009
3202127
3205929
3208600
3210589
3211307
3213282
3213521
3214524
3214929
3216600
3217111
3217233
3219424
3219593
3221276
3221712
3222528
3224857
3225420
3231230
3234887
3237061
3238406
3238409
3239992
3240479
3242439
3246914
3247808
3249294
3250130
3250482
3252758
3259346
3262260
3262571
3264346
3265128
3278583
3279019
3281421
3281460
3289194
3289555
3292255
3294367
3295191
3300644
3307181
3308049
3309015
3314876
3320599
3320893
3324454
3325318
3326050
3328048
3334302
3334503
3335253
3335571
3337325
3338237
3343360
3347706
3352647
3354234
3358306
3358312
3358452
3358817
3362979
3364203
3364742
3364783
3365236
3365853
3366545
3367465
3375076
3380413
3383757
3385000
3387709
3390214
3391198
3393123
3395475
3398734
3400819
3401228
3407995
3408612
3409078
3409541
3411895
3414530
3415127
3419534
3420341
3420538
3421698
3423194
3425109
3425754
3425928
3426127
3427214
3429443
3431387
3431529
3432485
3433258
3433393
3435355
3437006
3438816
3439343
3442445
3442724
3444911
3445552
3445722
3451465
3452692
3456809
3458238
3459998
3462057
3462743
3464827
3467201
3472297
3473240
3473657
3475187
3476336
3476437
3476646
3476887
3478333
3480196
3484825
3484938
3485208
3485644
3487157
3489893
3489971
3491253
3493395
3493512
3493986
3494490
3495550
3496186
3496899
3498305
3499076
3499918
3502201
3503617
3509371
3509913
3512381
3512844
3512860
3513084
3513939
3514691
3515100
3517674
3519622
3520712
3522964
3525012
3526033
3529441
3531056
3532056
3535659
3543049
3546105
3546946
3548800
3550748
3553313
3555071
3559277
3561190
3561910
3562613
3562767
3566633
3567307
3570238
3571388
3571592
3573795
3574106
3577845
3581882
3582110
3584342
3585787
3585843
3585887
3585890
3587303
3588845
3590121
3591198
3592731
3596841
3598534
3599050
3599817
3602656
3603415
3604739
3606134
3606473
3606801
3608550
3612275
3613757
3618701
3618795
3618920
3620344
3620606
3621265
3621971
3622380
3624798
3625386
3625424
3626061
3629140
3630545
3631636
3636208
3638754
3640325
3641883
3642327
3642342
3642609
3643577
3653220
3653841
3655628
3656471
3659197
3659598
3662316
3663246
3666034
3666161
3672874
3674028
3678117
3678668
3680068
3681747
3682118
3683352
3690570
3692263
3692458
3693472
3693749
3694562
3696306
3697353
3697688
3703626
3705283
3707154
3708322
3708600
3709844
3710932
3711713
3714892
3715124
3716988
3720529
3722559
3733150
3733702
3736006
3736010
3738313
3744777
3746184
3751492
3752424
3753255
3755649
3756864
3757790
3762624
3764217
3765320
3767175
3768386
3768553
3770744
3778036
3781317
3781425
3782106
3782699
3783082
3783108
3786820
3791954
3792890
3793398
3794292
3797783
3800989
3801233
3803318
3805430
3805851
3810481
3813367
3814662
3818409
3820754
3821656
3822778
3825067
3826244
3827518
3829698
3831174
3833934
3838382
3840065
3843263
3848524
3849215
3850478
3853179
3857875
3859780
3861613
3861645
3863265
3863483
3866313
3866439
3866671
3868795
3870262
3872020
3875246
3875707
3880232
3882579
3882835
3889795
3891420
3894753
3905475
3910755
3912165
3912416
3919273
3919290
3921222
3921310
3923388
3928117
3933300
3935258
3935640
3938136
3940432
3941832
3941900
3945632
3949821
3950188
3951931
3953827
3953864
3954376
3955180
3955603
3956055
3956933
3958095
3959178
3959842
3963111
3963659
3963706
3963897
3963978
3964190
3966612
3966816
3968029
3968219
3968662
3970113
3975252
3975590
3978529
3978625
3984456
3987002
3988661
3988716
3990907
3992245
3992449
3993209
3994623
3997555
3997975
4000285
4002374
4002583
4004517
4005334
4019401
4019717
4020113
4021130
4021523
4022624
4024089
4026712
4029204
4029920
4034172
4034682
4036693
4037060
4046698
4049737
4051365
4053165
4054331
4055106
4055448
4056092
4061998
4063564
4064864
4065609
4066207
4066516
4067466
4068238
4072852
4074229
4075162
4075896
4077627
4077822
4080543
4081439
4082063
4084443
4090449
4093442
4095821
4095868
4096507
4101093
4105660
4106169
4106716
4108999
4110470
4111536
4113113
4113376
4114855
4117128
4118712
4118888
4123219
4124892
4126535
4130073
4132704
4133013
4133769
4135052
4137407
4138605
4142430
4146190
4147624
4150544
4150740
4151335
4152882
4157904
4160813
4161428
4162082
4163062
4163344
4163956
4164735
4165112
4165390
4169343
4169680
4175433
4180465
4181732
4182036
4184903
4187645
4188860
4189632
4190193
4191095
4195131
4195495
4196893
4197524
4201670
4202176
4203802
4204191
4207547
4208599
4212200
4213240
4214715
4216784
4220021
4221389
4221600
4222160
4222760
4223530
4228171
4228953
4232483
4235182
4236469
4236939
4239053
4239163
4239507
4240550
4240850
4241560
4244627
4251061
4257006
4258603
4259404
4259651
4264773
4266699
4267694
4271212
4271229
4272116
4272642
4272976
4273026
4275654
4275944
4283178
4286427
4287863
4289875
4290545
4290680
4290779
4291931
4292761
4293227
4296569
4299038
4301209
4305042
4305875
4307977
4314750
4316752
4319020
4320076
4328291
4332348
4334745
4337086
4337660
4342757
4343459
4344744
4350211
4350587
4352344
4353955
4354556
4360126
4360293
4361640
4362176
4364844
4367615
4368291
4370611
4371367
4374556
4376025
4376208
4376876
4380423
4380979
4381172
4381685
4383472
4385894
4391303
4392952
4393495
4393715
4397816
4399880
4399909
4400858
4401646
4402025
4402906
4403952
4404816
4407048
4410290
4411671
4415154
4415977
4417598
4418094
4418708
4418940
4420267
4424258
4425331
4428420
4431845
4433665
4434698
4435846
4437824
4437834
4439110
4440303
4441482
4442200
4442228
4445038
4446884
4449508
4451697
4453879
4458070
4458838
4458854
4460161
4460458
4461887
4463604
4465097
4465910
4468097
4470547
4472407
4474320
4474773
4476108
4480936
4485004
4489474
4489978
4490046
4491112
4491249
4491981
4492142
4495448
4504294
4506940
4509450
4513921
4514110
4520084
4522826
4523504
4524361
4529862
4530142
4530332
4530618
4535199
4536613
4539393
4541120
4544099
4544402
4546505
4546511
4546737
4547651
4549295
4556000
4556189
4560703
4561450
4565990
4566329
4566655
4570147
4571231
4572794
4574268
4578032
4579589
4580647
4582654
4586991
4589053
4589323
4589987
4590757
4591400
4591729
4592913
4593897
4596484
4596855
4602089
4602664
4602917
4603732
4603780
4604274
4604529
4607136
4612098
4613834
4616598
4617713
4619286
4619840
4628075
4628700
4628722
4628833
4631904
4632067
4633011
4633264
4637694
4639726
4641539
4642120
4642607
4642680
4642991
4643077
4643200
4645198
4645365
4645911
4646218
4647278
4648247
4650972
4651427
4652399
4654946
4658637
4659252
4662333
4663571
4665809
4666065
4666416
4667400
4667562
4671232
4672062
4675731
4676709
4682794
4683158
4683417
4684045
4684959
4696354
4699280
4699393
4702292
4705915
4707050
4707588
4709665
4710323
4712949
4712958
4713437
4716383
4716990
4719354
4721537
4723021
4723796
4725830
4728042
4732975
4735986
4738590
4740498
4741761
4744537
4744973
4744998
4752085
4752147
4756121
4760943
4760947
4765547
4766333
4767441
4769366
4769457
4769842
4772612
4774414
4776845
4778191
4778204
4780467
4781777
4783171
4786638
4787976
4794241
4795473
4796910
4798114
4800797
4801094
4807464
4808012
4809079
4813715
4814197
4815657
4815951
4817060
4818691
4818880
4819502
4821444
4823348
4824650
4824768
4827368
4832224
4832667
4835344
4836102
4838732
4838944
4845224
4846842
4851343
4852376
4855281
4856385
4856711
4857600
4861935
4867773
4871724
4872125
4876678
4877201
4878407
4879696
4880409
4881736
4881963
4885300
4889562
4889625
4890293
4893806
4901204
4901588
4904604
4906671
4906913
4908845
4910886
4911835
4911859
4911866
4916199
4917088
4918356
4920068
4921428
4921865
4924895
4926039
4926559
4927222
4927500
4928059
4934108
4934437
4935292
4938788
4941856
4942304
4945431
4947916
4950148
4951868
4952807
4956137
4963267
4963813
4966962
4967915
4968873
4972105
4973149
4973394
4974924
4976769
4979118
4983492
4984089
4985168
4988720
4989364
4990655
4991278
4995281
5003131
5004420
5005026
5006161
5007394
5009768
5010167
5010191
5010267
5013391
5013753
5013802
5017899
5018171
5018256
5020223
5022085
5023525
5023553
5027626
5029229
5033227
5033870
5034355
5035051
5038767
5039149
5040126
5042261
5045426
5048510
5050569
5051444
5051941
5054611
5065623
5066646
5066991
5067275
5067359
5068131
5069262
5074200
5074416
5076753
5078063
5081381
5081765
5082401
5084900
5087769
5089197
5089620
5092565
5092659
5092810
5093923
5099024
5100512
5103645
5104264
5104856
5105961
5108427
5110477
5114678
5115119
5117856
5119068
5119343
5119995
5120800
5122056
5125024
5125472
5127439
5128738
5129364
5130211
5130245
5130488
5134969
5135111
5137070
5137660
5138251
5138759
5140304
5141725
5142610
5142927
5143172
5143605
5148315
5148710
5149025
5149710
5150621
5153413
5154317
5155741
5155906
5158299
5163087
5164429
5168211
5173240
5174456
5175605
5177195
5178887
5181056
5182942
5186661
5191404
5194594
5205649
5205733
5206604
5206978
5208675
5210296
5210691
5212546
5214798
5215238
5215966
5217848
5220508
5225354
5227454
5228665
5228761
5228965
5229094
5231486
5232375
5237371
5237698
5238740
5244708
5244827
5251223
5251288
5251624
5252423
5252483
5254464
5255631
5257500
5258545
5258624
5258995
5263644
5266004
5266097
5268579
5269294
5269560
5270971
5271518
5271530
5271678
5272826
5276370
5278081
5280509
5282330
5282968
5285246
5287723
5291141
5291534
5291908
5292525
5298648
5301169
5302376
5302381
5307595
5308306
5308752
5314272
5315170
5317771
5319797
5320050
5320904
5321535
5324376
5324391
5326998
5330774
5332881
5333577
5335372
5337039
5339523
5341493
5350191
5350791
5353527
5354084
5356643
5362161
5362814
5363522
5364363
5366283
5366752
5366835
5367022
5368602
5371143
5371839
5372637
5373269
5373752
5373921
5374184
5374791
5376942
5378010
5378378
5379221
5382839
5383801
5387764
5389148
5394989
5397592
5398657
5403125
5403170
5403773
5404327
5404463
5406438
5407456
5409386
5416268
5417581
5420269
5420734
5428837
5428882
5429033
5429534
5430114
5434748
5438442
5442092
5442218
5442624
5443727
5445876
5448517
5448834
5452478
5453344
5455033
5459501
5465860
5466385
5470059
5470083
5470376
5472093
5479633
5479893
5486657
5486761
5488203
5489204
5489484
5491057
5491564
5495161
5497443
5497942
5503550
5507694
5508067
5508147
5509835
5511382
5511417
5512080
5512626
5515486
5517043
5521317
5523291
5523464
5527028
5531568
5533873
5538309
5538814
5539537
5540125
5542169
5542534
5542855
5548012
5551958
5552106
5554220
5554682
5557250
5559787
5560695
5561366
5562669
5565941
5567684
5568606
5569614
5570944
5571477
5571676
5575326
5575467
5577244
5578005
5579258
5579437
5580415
5581278
5583146
5586225
5588561
5591536
5592954
5595077
5596138
5599373
5600436
5600489
5601132
5601385
5605902
5609082
5609953
5613318
5616481
5618457
5622268
5623558
5623812
5625294
5626098
5627223
5627922
5628078
5633836
5636454
5640283
5644045
5644809
5646113
5647708
5648547
5649358
5651595
5653784
5657387
5662276
5667607
5676002
5676067
5677040
5678588
5678658
5679002
5681392
5685628
5685966
5688696
5689015
5689241
5691192
5694223
5694413
5695602
5696815
5698082
5700311
5702423
5703634
5704224
5704317
5708071
5708978
5709312
5709463
5709469
5712035
5713151
5713481
5718390
5720607
5721617
5723791
5726514
5729935
5730530
5733693
5735425
5737141
5741056
5745700
5750028
5750727
5752903
5752961
5754501
5754610
5755387
5757900
5761925
5762811
5763565
5764568
5764595
5766130
5767542
5767553
5769991
5772829
5776492
5782125
5782726
5785411
5789833
5790787
5791206
5791617
5791972
5792781
5796899
5797804
5804226
5804950
5807921
5808074
5808627
5812640
5817593
5818687
5819036
5822419
5822912
5826889
5828055
5829168
5830063
5832923
5835796
5837815
5840780
5841048
5842463
5846109
5851507
5863645
5865711
5867314
5869215
5872136
5873409
5873728
5874649
5877564
5877797
5880280
5882701
5883056
5886537
5887671
5891414
5891765
5892612
5894970
5899018
5901135
5906472
5916018
5916375
5924090
5927722
5930161
5931318
5931521
5934206
5937271
5940570
5942162
5942214
5942238
5942599
5944765
5945227
5947091
5948351
5948459
5948509
5948894
5950301
5955533
5955604
5960093
5961173
5961259
5963646
5964917
5966063
5967716
5968083
5968325
5968695
5971450
5974221
5977113
5977669
5977914
5978178
5979265
5980224
5981480
5983135
5984968
5986004
5991429
5994257
5996617
5998220
5998339
5999060
5999736
6004796
6006283
6007756
6009303
6011246
6014475
6018513
6023021
6023272
6023413
6026679
6027276
6028436
6028885
6031333
6032234
6032989
6033196
6033655
6035319
6036266
6036586
6043743
6044123
6045319
6054809
6055485
6057971
6058723
6059232
6061783
6064527
6065619
6065819
6070598
6071201
6072121
6074529
6075863
6084689
6086737
6086773
6087228
6087986
6089166
6092988
6094576
6096495
6097094
6098358
6099791
6102852
6104238
6105818
6108331
6110161
6111511
6112168
6112312
6122544
6124309
6133066
6135479
6136706
6136945
6137406
6140688
6140752
6147704
6148347
6148646
6149158
6151778
6152610
6156124
6161948
6161957
6162262
6169557
6170127
6172469
6176026
6178140
6180605
6182024
6182935
6183306
6183472
6184257
6190597
6190843
6192082
6192768
6193078
6193304
6193306
6194380
6203710
6203916
6209826
6211302
6215871
6216056
6218282
6220609
6224986
6225016
6227505
6232948
6235324
6238529
6239069
6243818
6245100
6245472
6247275
6247728
6248859
6251768
6252577
6254026
6254765
6255143
6255842
6259258
6261247
6266388
6267997
6268704
6269947
6271344
6273144
6273942
6275323
6275711
6275984
6279082
6280006
6280993
6281636
6283689
6284030
6284068
6284412
6284466
6286031
6294281
6296076
6296380
6298282
6300988
6308902
6308999
6309217
6309358
6309764
6311386
6312953
6316031
6316091
6319608
6321359
6322493
6323368
6325924
6328162
6330990
6331123
6336252
6336928
6337201
6338311
6339328
6342683
6343639
6346692
6347117
6350342
6352041
6356298
6356817
6357907
6358645
6360389
6362131
6362771
6366852
6370876
6374032
6376159
6377507
6385954
6387629
6388761
6392917
6395018
6395459
6396452
6397000
6397258
6398042
6398063
6401016
6403789
6404535
6408679
6408865
6410116
6411682
6412002
6412114
6413921
6416546
6416989
6418021
6418440
6419118
6420478
6425379
6425933
6426258
6426531
6428008
6429747
6430096
6431542
6433039
6433594
6437265
6442558
6442677
6442846
6446538
6447426
6447946
6451232
6451286
6452435
6453106
6456341
6457243
6460423
6463989
6465707
6471052
6476901
6480593
6482450
6484895
6486098
6487698
6492968
6494032
6496438
6501488
6502720
6503662
6504016
6505066
6505462
6507821
6510151
6510246
6511457
6512852
6513778
6514445
6515811
6517833
6518076
6520105
6521842
6529607
6529995
6531972
6532116
6532764
6534514
6534745
6534757
6536170
6537709
6537956
6538110
6543055
6545051
6546242
6547949
6547993
6548068
6557364
6559197
6561612
6562361
6563284
6563907
6564089
6570335
6570467
6571201
6571270
6571331
6582854
6583823
6585594
6586911
6592331
6593773
6595443
6597564
6597749
6600641
6605126
6607104
6608861
6611168
6613642
6620213
6623751
6624181
6624777
6629766
6634342
6635996
6639329
6640654
6643319
6645633
6646107
6648825
6654678
6656232
6657334
6659528
6660477
6660944
6662588
6663105
6667518
6669626
6683041
6684150
6686672
6692776
6693276
6693924
6694231
6698877
6700525
6700564
6703271
6704272
6704304
6714246
6718630
6722285
6727217
6730601
6731641
6737435
6737467
6742030
6744483
6744908
6748236
6752720
6754124
6756089
6761007
6761738
6763380
6765233
6766398
6767441
6774420
6775123
6779514
6782077
6783069
6784330
6784476
6786810
6788189
6793800
6794405
6800400
6801522
6805939
6806078
6806431
6806743
6807911
6811765
6817404
6817683
6819204
6820276
6824483
6829357
6830277
6832639
6833603
6835432
6835518
6835608
6840136
6840922
6841325
6841910
6841951
6842317
6845077
6854545
6857330
6858224
6858999
6860874
6861615
6861916
6863525
6864468
6865343
6866730
6867035
6867370
6868112
6873996
6874642
6875843
6880476
6884787
6885276
6888698
6890019
6891329
6891888
6892802
6895330
6895873
6897211
6897394
6901593
6908603
6909507
6909651
6910772
6910879
6911173
6911753
6912065
6913389
6916955
6917839
6920436
6925521
6927169
6928022
6932384
6934851
6939042
6939239
6939461
6944162
6946208
6947001
6950934
6951643
6954330
6959461
6961426
6964856
6965250
6967408
6968193
6970972
6971574
6972252
6979206
6983289
6984365
6985003
6992187
6995979
6999622
7002360
7002714
7003803
7008681
7009996
7011392
7016092
7023978
7024661
7025120
7026405
7029369
7029804
7030227
7032086
7034912
7035415
7035851
7042463
7045395
7045934
7053587
7055991
7057102
7057533
7057927
7061331
7062908
7063387
7064208
7064868
7067775
7069264
7070543
7070689
7075940
7083336
7086327
7087690
7088090
7090110
7090651
7093070
7093177
7094128
7095551
7095922
7099078
7099776
7101125
7102885
7107307
7108652
7109772
7112021
7112533
7114878
7116237
7121578
7127898
7128185
7128383
7129902
7132406
7133006
7133058
7135771
7136049
7139555
7142807
7144351
7144510
7146513
7146880
7146958
7147036
7147429
7149820
7152388
7155318
7157205
7160464
7160897
7163286
7164545
7165507
7170709
7171114
7171646
7172719
7175747
7177614
7181088
7183551
7183759
7185741
7187964
7194974
7195489
7195607
7196491
7196611
7197158
7197401
7198168
7198468
7200735
7202809
7203707
7204187
7204696
7212054
7212354
7212771
7213366
7214344
7215556
7216690
7217430
7218273
7222841
7223556
7223789
7224539
7225064
7226559
7228463
7228731
7229946
7231107
7233728
7234132
7234498
7235394
7235905
7236838
7240867
7241687
7242640
7244049
7244424
7244910
7246815
7247107
7249618
7253316
7253978
7256004
7256524
7259131
7263759
7265218
7265631
7268160
7269985
7270001
7271847
7275708
7276438
7276993
7277182
7277220
7277847
7278629
7281746
7288358
7290762
7291703
7293013
7293097
7294229
7296112
7296205
7296661
7297604
7300568
7301481
7301657
7306764
7307279
7310643
7310894
7311017
7314299
7314357
7316980
7317318
7319312
7322534
7323307
7325121
7325492
7325698
7325744
7327685
7330625
7331486
7334086
7335466
7338247
7342703
7343020
7344425
7345468
7348727
7349119
7349689
7349972
7350050
7351048
7352679
7353482
7354236
7360373
7361258
7368138
7368256
7368722
7369005
7369121
7369712
7377300
7378179
7381347
7381495
7382257
7382824
7384743
7385223
7386769
7389139
7389407
7391724
7394800
7398921
7403281
7405260
7408373
7409184
7409710
7410222
7410562
7412359
7414155
7415364
7415375
7417513
7420557
7421566
7422430
7423643
7424447
7427414
7428073
7429189
7432607
7438129
7438655
7439435
7442478
7443552
7448539
7450763
7455668
7456540
7457023
7457580
7458777
7461727
7467331
7469614
7469910
7470265
7470325
7470523
7471665
7471857
7473417
7476243
7476672
7478730
7478945
7479410
7482816
7483268
7483927
7484292
7490438
7491594
7491862
7491933
7493190
7494550
7495476
7499005
7501831
7503605
7506308
7507369
7508747
7510516
7511251
7511686
7513801
7516352
7516774
7522079
7522208
7522434
7522649
7524119
7525526
7528307
7528553
7530960
7530965
7532953
7534395
7535769
7537060
7537668
7537797
7540441
7542706
7543871
7544585
7544861
7547879
7549143
7549316
7566057
7567574
7567702
7568001
7571506
7574349
7582503
7583181
7587377
7587963
7590535
7590968
7593944
7600473
7601870
7603391
7605112
7607382
7607756
7608083
7608726
7611231
7615400
7616197
7617115
7617505
7617665
7621156
7622260
7625247
7626754
7627353
7629021
7631291
7635858
7636304
7636765
7638459
7639171
7643737
7649655
7650924
7652311
7652622
7654312
7654437
7655159
7656024
7656440
7661732
7662199
7663274
7664446
7664511
7665015
7669231
7671573
7671695
7671975
7672211
7673271
7673911
7677308
7681099
7682386
7683777
7686306
7690425
7692228
7692579
7693824
7694334
7694931
7699476
7701038
7701517
7705069
7707030
7707940
7710072
7711424
7712045
7712112
7712549
7714682
7721462
7721615
7727558
7727647
7727906
7728702
7733159
7735677
7736512
7740215
7740990
7742377
7742774
7743762
7746442
7748179
7748846
7750250
7750622
7751100
7753993
7754115
7755087
7755789
7764267
7766424
7767379
7770510
7773208
7773610
7774225
7775059
7775227
7778763
7785985
7786282
7786969
7789950
7797566
7800438
7800999
7802876
7804321
7805809
7808460
7808938
7810914
7816255
7818462
7821051
7821121
7822309
7824525
7826595
7826648
7826765
7827018
7827248
7833505
7834893
7838134
7838766
7845726
7847140
7848870
7852554
7854652
7855519
7858323
7860238
7861235
7862077
7863490
7864120
7866284
7868327
7871326
7872572
7873126
7873837
7876723
7883176
7885655
7891854
7897588
7900277
7902472
7906003
7909791
7912381
7913520
7915626
7915754
7916819
7922102
7922591
7933653
7933712
7933959
7934450
7936821
7938267
7938364
7939416
7940842
7941254
7942418
7944688
7949630
7949731
7951916
7952101
7952136
7953541
7956295
7965098
7966876
7968713
7969620
7970077
7972001
7972112
7973712
7974220
7976337
7979816
7981703
7982271
7982654
7985727
7986095
7986545
7990897
7993110
7995437
8001136
8001557
8006374
8008400
8009210
8011464
8012953
8013369
8014073
8016115
8016273
8016740
8017492
8018681
8019203
8021484
8021965
8023074
8023516
8025490
8026169
8026249
8030133
8030667
8035242
8035845
8036073
8039942
8040034
8044844
8049874
8051905
8052874
8057101
8058474
8060131
8062463
8063166
8068438
8069462
8071218
8078949
8079140
8082413
8084683
8086546
8088884
8088931
8089567
8090437
8090625
8094453
8094998
8098712
8103765
8108693
8112666
8113352
8114115
8115713
8116507
8116768
8117298
8119643
8119812
8119869
8120518
8120760
8121436
8121466
8122719
8122913
8124177
8126282
8129767
8132569
8134974
8135646
8136924
8142381
8145652
8147171
8147175
8147723
8150780
8151030
8151384
8152351
8160689
8161682
8163739
8166055
8166223
8168851
8169695
8170849
8171553
8172091
8173471
8173599
8173720
8174167
8176290
8176933
8177090
8177385
8177481
8185064
8186882
8188813
8202873
8203808
8204595
8205393
8206350
8209597
8212170
8212645
8213076
8215479
8218209
8220076
8221487
8222991
8226192
8226215
8226547
8227465
8228150
8231374
8232111
8236476
8237690
8238583
8241956
8242462
8244432
8246213
8250699
8252559
8254956
8255828
8260277
8263566
8264280
8268745
8268843
8271681
8272163
8273987
8275186
8278354
8279512
8282705
8283565
8283902
8284166
8286801
8291195
8292338
8302541
8303211
8304085
8308207
8309888
8310147
8311695
8313477
8315972
8316435
8317542
8319481
8321358
8321623
8323317
8324198
8324768
8324950
8329256
8329483
8329491
8329915
8331107
8335676
8339650
8344074
8345902
8346645
8347967
8351413
8353358
8355881
8356142
8359662
8361284
8361512
8362104
8362827
8368412
8368994
8369136
8370650
8371201
8371421
8378503
8378834
8381009
8381301
8384747
8386471
8386772
8388479
8390051
8390653
8394840
8396327
8400580
8401196
8407449
8407665
8408302
8410207
8410361
8412696
8412706
8412739
8417347
8418366
8422782
8423003
8424905
8426389
8427330
8427546
8429263
8431776
8437340
8441056
8443219
8446650
8451732
8454154
8461711
8463024
8463294
8464017
8464240
8464721
8466011
8471233
8472087
8472659
8474167
8478413
8480549
8480837
8483857
8487843
8489843
8491358
8494714
8496228
8496764
8497326
8499255
8503070
8503782
8510318
8510771
8514343
8515467
8515569
8516340
8516621
8517363
8524046
8526147
8528804
8532964
8533319
8535727
8537766
8541251
8541969
8542757
8543652
8545164
8547682
8547847
8547942
8548463
8550370
8554324
8556062
8556132
8557391
8559235
8560574
8560777
8560873
8563358
8565320
8570757
8572443
8574948
8575345
8580558
8580675
8583263
8583613
8584884
8587786
8588206
8591617
8592793
8594515
8596570
8599938
8602984
8603100
8603135
8604962
8606320
8608283
8609072
8616404
8617954
8618285
8618694
8619218
8619288
8621100
8622737
8627481
8628428
8628833
8632651
8635748
8638352
8641822
8642557
8645060
8645945
8647440
8649508
8651820
8652956
8653223
8653376
8654022
8654355
8655601
8656256
8656955
8658811
8660293
8660552
8660908
8662326
8668109
8669405
8674269
8675671
8675980
8676010
8676324
8677401
8680501
8680762
8681695
8682305
8684006
8684185
8685246
8686386
8688934
8688937
8689932
8690809
8699964
8701070
8701674
8703084
8703606
8703767
8707683
8708127
8709711
8709919
8712397
8712544
8717520
8717798
8718410
8721001
8721207
8725302
8725547
8730539
8730946
8732768
8732913
8738598
8742296
8748099
8750473
8750986
8753999
8755317
8760804
8761175
8763345
8764887
8768072
8770208
8770407
8771263
8778507
8778664
8782840
8784194
8785313
8785692
8785711
8786108
8786564
8786754
8786868
8787224
8787967
8788932
8793565
8793577
8794851
8795316
8796492
8804171
8805375
8806249
8806939
8810431
8811338
8812118
8812982
8817273
8820299
8821558
8825789
8826111
8827713
8830113
8832494
8832673
8834977
8837341
8839657
8841898
8849681
8850351
8851131
8852298
8853747
8855355
8855659
8856516
8856801
8857524
8859507
8860044
8862617
8866964
8871545
8871686
8874066
8874336
8875976
8876893
8877845
8879825
8880884
8883769
8888284
8889435
8891286
8891772
8892024
8894070
8895587
8897009
8900351
8900589
8900872
8903016
8904530
8905703
8908648
8912816
8914079
8917023
8920279
8920788
8924297
8925010
8925980
8927518
8930428
8931061
8931277
8931387
8932087
8938221
8939682
8940195
8944121
8944802
8945329
8945560
8947890
8950011
8950760
8956151
8958241
8959861
8960810
8967636
8967998
8973234
8978671
8979351
8981464
8983696
8984536
8985246
8985788
8985931
8990194
8991595
8992482
8999858
9001253
9003070
9006367
9008249
9011347
9017497
9020992
9025117
9025346
9028258
9030441
9031732
9031876
9032680
9033096
9033459
9039918
9040731
9041625
9042384
9045224
9049484
9049739
9050419
9052727
9055710
9055777
9055800
9056270
9057130
9059331
9062140
9064835
9067301
9071168
9073442
9075298
9076224
9077199
9077400
9079423
9080781
9085826
9087916
9087991
9094153
9094241
9097076
9097141
9103733
9104151
9106285
9108722
9110508
9115703
9121151
9128474
9131778
9132310
9139121
9140532
9144404
9152283
9153666
9156739
9158631
9158864
9159182
9159733
9167408
9167974
9168868
9174435
9177740
9180820
9185146
9187567
9188824
9189785
9189906
9193246
9193824
9195814
9198428
9201090
9203084
9204856
9206330
9206442
9206670
9207579
9208152
9208433
9209485
9209525
9216323
9216720
9217177
9218102
9219896
9220537
9221180
9222890
9223397
9225065
9226447
9231424
9231539
9235750
9235793
9236440
9236583
9236730
9237100
9237745
9240956
9242957
9246487
9249554
9251808
9254795
9256154
9257394
9257416
9257925
9257985
9259408
9260006
9261211
9261620
9264362
9264920
9271471
9273192
9273224
9273719
9278233
9279525
9280395
9285627
9286399
9286640
9288658
9290618
9291532
9293279
9294205
9295181
9296455
9298703
9301908
9302938
9304440
9304681
9307529
9309734
9310461
9311378
9313928
9314171
9316482
9319748
9325232
9326659
9327428
9333635
9339070
9339677
9341220
9344451
9344543
9350056
9353107
9355348
9359763
9362035
9364631
9366345
9370178
9373303
9376077
9376548
9381670
9382746
9383328
9383362
9384519
9390411
9393280
9396188
9397380
9404956
9409735
9409970
9411602
9412311
9414728
9415245
9416141
9425013
9425866
9426554
9427515
9428689
9429105
9432018
9432501
9432965
9433553
9433774
9434476
9434510
9435111
9435856
9437066
9439159
9439826
9444455
9447871
9450184
9450304
9452623
9453561
9455068
9456284
9456924
9458522
9459307
9460266
9460950
9461416
9466416
9466506
9466667
9466730
9468039
9468613
9468713
9470862
9471141
9471365
9471435
9473336
9473724
9474380
9474884
9476060
9476462
9478611
9479183
9483099
9485531
9487154
9488224
9489138
9495275
9498212
9501597
9502947
9510482
9512686
9514390
9516640
9523380
9527449
9528530
9529232
9529321
9530829
9534340
9534934
9535057
9539006
9540198
9542538
9543905
9550146
9550244
9551497
9552226
9552342
9553543
9553624
9556967
9557338
9561903
9563546
9563880
9566277
9568281
9571307
9573106
9574671
9575068
9575670
9576266
9579128
9583636
9584337
9585516
9587833
9591535
9598255
9599149
9600360
9602037
9603129
9604221
9605882
9611030
9611888
9613646
9615497
9616244
9620486
9623960
9624176
9624379
9626898
9627048
9627671
9628247
9628933
9630282
9630404
9631801
9638181
9638228
9638803
9644055
9644279
9644930
9645701
9646131
9649296
9650983
9655901
9656582
9657432
9657797
9660679
9664100
9664625
9668223
9668273
9669776
9674596
9679244
9681334
9683977
9685410
9686744
9686820
9687693
9693670
9696186
9699059
9699974
9703031
9704290
9705122
9705628
9706778
9707233
9708768
9710435
9712312
9712838
9713653
9714753
9715957
9716238
9717039
9718163
9723755
9732976
9733263
9734614
9736323
9736488
9738226
9738324
9738953
9741478
9743629
9743743
9745346
9745936
9747408
9753369
9756237
9759663
9763606
9766129
9766217
9766399
9769809
9770426
9770507
9772935
9775091
9779526
9779829
9782003
9784564
9785103
9788223
9790245
9794588
9795043
9799151
9800229
9800630
9802441
9803351
9804405
9805797
9806229
9807900
9808107
9809957
9810110
9811404
9813656
9815086
9815355
9815651
9816292
9820048
9823653
9825241
9826780
9832613
9833050
9833129
9834928
9835936
9837959
9838459
9845630
9846987
9849482
9849898
9850099
9850216
9852994
9854404
9858570
9861598
9862641
9865831
9868015
9873141
9874755
9874916
9876759
9877976
9887203
9887515
9889631
9889751
9891120
9891845
9897262
9898686
9902091
9905087
9905181
9905269
9907257
9907928
9908011
9908452
9911146
9912308
9913814
9914747
9916132
9916325
9918990
9922577
9926750
9929402
9932254
9933403
9934546
9934850
9938523
9940031
9942364
9942739
9944420
9945492
9947129
9947424
9949628
9952493
9952577
9954972
9956880
9959629
9963772
9965053
9965973
9966868
9969767
9970347
9970876
9971196
9972040
9972922
9974258
9975152
9975273
9976706
9976839
9979740
9984356
9984678
9988406
9994832
9994836
9995604
9997856
9998614
10002709
10004381
10011916
10011976
10012980
10014133
10015450
10017618
10021197
10022419
10022504
10024248
10025344
10025706
10027688
10028156
10030419
10031179
10034227
10035559
10039411
10042116
10043324
10045673
10046625
10048713
10049846
10050609
10050981
10052707
10054022
10057330
10060608
10061030
10062003
10062795
10063478
10071441
10073027
10076257
10083009
10084635
10087612
10093518
10100734
10102141
10103209
10105153
10106846
10115095
10115340
10118648
10120719
10121235
10122351
10123266
10124198
10131260
10131874
10135150
10135179
10136172
10136528
10137896
10138537
10141090
10142371
10142529
10143943
10144478
10149588
10151763
10154251
10156143
10158332
10158871
10166838
10171486
10173196
10173285
10174141
10174974
10175527
10181577
10181760
10181886
10184037
10184810
10186524
10186934
10187646
10187873
10188399
10192664
10193545
10196162
10198543
10199592
10200803
10201688
10202209
10205012
10205252
10206194
10207870
10208781
10209802
10213790
10214220
10214872
10215052
10218158
10219307
10221942
10223158
10228699
10229226
10230596
10232001
10234408
10234486
10235474
10237499
10237731
10239224
10250692
10250845
10256925
10258933
10261161
10261483
10261771
10265040
10267033
10269251
10269496
10271414
10273186
10278175
10279227
10280212
10281299
10282647
10287035
10287791
10289635
10289691
10290847
10291871
10292146
10294677
10299032
10309574
10310401
10310877
10311387
10312649
10316811
10318110
10319504
10320951
10321328
10321494
10323449
10326679
10328884
10330008
10330298
10331814
10333361
10334157
10336059
10337745
10345543
10348350
10348805
10349891
10353909
10356292
10367501
10367845
10370741
10372182
10376827
10379612
10382177
10382288
10382600
10385338
10389032
10389761
10389781
10391079
10394917
10395945
10397330
10402129
10403240
10404004
10406722
10407197
10411501
10412492
10412787
10419493
10420660
10422517
10427946
10431633
10431852
10432236
10432807
10436567
10443114
10444635
10447952
10448924
10449327
10451137
10453107
10454407
10455400
10458283
10458477
10458481
10459601
10460232
10461603
10462011
10462522
10465192
10466535
10467402
10467938
10468214
10470978
10471998
10472337
10472377
10473039
10473525
10474778
10475801
10480335
10480736
10484802
10486448
10487171
10492774
10496110
10496322
10497312
10498932
10502525
10502657
10504673
10509239
10510655
10512661
10513789
10514371
10514559
10516173
10524373
10525382
10525857
10527654
10527880
10528128
10529008
10529477
10530804
10534734
10536594
10537704
10538750
10539672
10540294
10541767
10544539
10544951
10550604
10551966
10553726
10553767
10556882
10561866
10563623
10563627
10566314
10566813
10567021
10577463
10579382
10580211
10586300
10587102
10587616
10588645
10591720
10592613
10595106
10597172
10597500
10599683
10601555
10602372
10604062
10606760
10609811
10612154
10612595
10612640
10613165
10614019
10616487
10618481
10619902
10620250
10624132
10624540
10624700
10627741
10628377
10628705
10628867
10630638
10630981
10633215
10633368
10633456
10639402
10642756
10644338
10646050
10646090
10646100
10646197
10646884
10647696
10651516
10653198
10654788
10655659
10657427
10661540
10667279
10671068
10674721
10677903
10680205
10684940
10690663
10691994
10693921
10697222
10697400
10701000
10701421
10701621
10710346
10710918
10714132
10717159
10718928
10720884
10722676
10723007
10725700
10725859
10728453
10731025
10731578
10737908
10739691
10741980
10742768
10743119
10745431
10746059
10746875
10749066
10750900
10751819
10754241
10755744
10758888
10759517
10759523
10762589
10766564
10771750
10772439
10772670
10773522
10775044
10776184
10777065
10779282
10779618
10779766
10782366
10782701
10783235
10784566
10785440
10792778
10795322
10795895
10797815
10799130
10800876
10803919
10804832
10805374
10805603
10806917
10807515
10808415
10810113
10810515
10811238
10814175
10814682
10815112
10815932
10821192
10821460
10821869
10822561
10824405
10824609
10825148
10825431
10827807
10829809
10832114
10834844
10834877
10837704
10838043
10838316
10838482
10838753
10839209
10842246
10845113
10849114
10849650
10853329
10854072
10854194
10864173
10864738
10867413
10869284
10873301
10875460
10875688
10877821
10880381
10882095
10889163
10891361
10891852
10895574
10900072
10903127
10904765
10905156
10905303
10907109
10908618
10908818
10912588
10916192
10916255
10917822
10918191
10918543
10918810
10919384
10919430
10922481
10923720
10923910
10925582
10932339
10933241
10934971
10940465
10942602
10944121
10944422
10945709
10946060
10947354
10948640
10948680
10950961
10952451
10957096
10957272
10958226
10959190
10962492
10964299
10964500
10971916
10979569
10981746
10984179
10984868
10986797
10988784
10990223
10990786
10992767
10995291
10995465
10995888
10996373
11005504
11008310
11011435
11013716
11014289
11015079
11020135
11023180
11027012
11027521
11028329
11029885
11036034
11041084
11041690
11046796
11048470
11048884
11050826
11051447
11053078
11054468
11054708
11055323
11056204
11059658
11064075
11064811
11065141
11070610
11071459
11072361
11073542
11077862
11080575
11081742
11082223
11082582
11082870
11084109
11084827
11085240
11087229
11087465
11087822
11088544
11089591
11093841
11094035
11094058
11100547
11106222
11106878
11107723
11112234
11112303
11112386
11113800
11115626
11116632
11118711
11121801
11124907
11125801
11130419
11132058
11132793
11135474
11136233
11139024
11139862
11140040
11142006
11145645
11146062
11149996
11153686
11158508
11160530
11161577
11162467
11162971
11165045
11167383
11167571
11168147
11173236
11173638
11176109
11176855
11177521
11178724
11179036
11184654
11189408
11192159
11192687
11193142
11197538
11202638
11204337
11207717
11211236
11212927
11213190
11216327
11217569
11220059
11220484
11222018
11222051
11223924
11225245
11227110
11227166
11229050
11230598
11231433
11232345
11232903
11233195
11233346
11235296
11235939
11238313
11239474
11239925
11241614
11241939
11245165
11247215
11248349
11253284
11253672
11254996
11257906
11258370
11264060
11264151
11268577
11268626
11270503
11271546
11274603
11276536
11276641
11277383
11277799
11282123
11283251
11283799
11284127
11285552
11288451
11288596
11289611
11291579
11294611
11295837
11301180
11301986
11302897
11303329
11304047
11305014
11306654
11308278
11309614
11316520
11317315
11319602
11319910
11326385
11327306
11331443
11332046
11333738
11334490
11335581
11336013
11336518
11338736
11338756
11339712
11339962
11341452
11341916
11342981
11343472
11343593
11344087
11344403
11344412
11345422
11349586
11353661
11359215
11359793
11365596
11365830
11366103
11369103
11369934
11371361
11374376
11374427
11375485
11379832
11380254
11384829
11385135
11385439
11385838
11385866
11390733
11390764
11393900
11395148
11395265
11397353
11406092
11408700
11410075
11410757
11411764
11413142
11413780
11416446
11418544
11422667
11423906
11426962
11427037
11427343
11429003
11429969
11430392
11430905
11434919
11437475
11438434
11439129
11443119
11443698
11443788
11444237
11444727
11445967
11446328
11449473
11449915
11450613
11452257
11457010
11457275
11457375
11459022
11459109
11460113
11460821
11465156
11465850
11467679
11467831
11473934
11474117
11475375
11475752
11475764
11478643
11478912
11482008
11483129
11484897
11485410
11487400
11489774
11498840
11499509
11500377
11501953
11504809
11504888
11512441
11512643
11514901
11517039
11517064
11518484
11520276
11523495
11523813
11524165
11524955
11526806
11532013
11544647
11550816
11554024
11554239
11556502
11559036
11559266
11560265
11561157
11561188
11561920
11562239
11562828
11564073
11566626
11566753
11569788
11569984
11571036
11572511
11575142
11577274
11577799
11579146
11579783
11579890
11580676
11581866
11584357
11585630
11586412
11586934
11587370
11594193
11594325
11594466
11598112
11599037
11599359
11599393
11600525
11602451
11611981
11615632
11617794
11619004
11619282
11621270
11621561
11621578
11622086
11622297
11622862
11623012
11624254
11624603
11630042
11648420
11649751
11655539
11655747
11656055
11656359
11656690
11657257
11658256
11661046
11662779
11666154
11666216
11666525
11667478
11667689
11669986
11670746
11683134
11685385
11685437
11686218
11686653
11687922
11688626
11691349
11697199
11698872
11701866
11703009
11710733
11713732
11716359
11717477
11717717
11721532
11722312
11722542
11723187
11724056
11725109
11725468
11726083
11726728
11726918
11727300
11731714
11733172
11733455
11734270
11736434
11736870
11738217
11738402
11742766
11745355
11746102
11747368
11749422
11752740
11755031
11757648
11759893
11760818
11760905
11761194
11765154
11768472
11768922
11775188
11777625
11778759
11779983
11782315
11782492
11786663
11788323
11790006
11790191
11790384
11791300
11791358
11793022
11793890
11799203
11800882
11801012
11801802
11801992
11803162
11803234
11804762
11804773
11808290
11808361
11809723
11810766
11811725
11813088
11818112
11822509
11824748
11826443
11831762
11832671
11832950
11834499
11837439
11838449
11840237
11841330
11843109
11843244
11843262
11844566
11845917
11846566
11848143
11852052
11857409
11858177
11860066
11860947
11864067
11864594
11865831
11869111
11869407
11869731
11871339
11872458
11877656
11881293
11885623
11885862
11888121
11889199
11890929
11895510
11899249
11900296
11904644
11905744
11905894
11907720
11908774
11910421
11911086
11913565
11913820
11915287
11915746
11918684
11920274
11924851
11925812
11927947
11928323
11932238
11932792
11936407
11938050
11939506
11943059
11943638
11944087
11944833
11949313
11950730
11953660
11954575
11957174
11958740
11960516
11964113
11964393
11964395
11967869
11968777
11970687
11973040
11973402
11975243
11976828
11980412
11982593
11985915
11991753
11995660
11996277
12001963
12002859
12008360
12009510
12010792
12011905
12013026
12015338
12016625
12018197
12019544
12023944
12025717
12026782
12027017
12027533
12028810
12029843
12031059
12033152
12035434
12038242
12039788
12049945
12051456
12054320
12056548
12058375
12059183
12059362
12059643
12062768
12063766
12064342
12066121
12067071
12067784
12068152
12073424
12073995
12074320
12075878
12076054
12076291
12078280
12082960
12086359
12087016
12087555
12087834
12088326
12088842
12089979
12094862
12097895
12102604
12102640
12103001
12104241
12104449
12106093
12106625
12106756
12109440
12110398
12115108
12121974
12122517
12122575
12123943
12123964
12125186
12126254
12127769
12132207
12133012
12133442
12134898
12136026
12136441
12139455
12139627
12141889
12143222
12145813
12147554
12148109
12152252
12152598
12154224
12154339
12156414
12159302
12163146
12164652
12167747
12170809
12170926
12171416
12172095
12176389
12177969
12179413
12179659
12181110
12181317
12184454
12184661
12187891
12191138
12192187
12194527
12195004
12195005
12196053
12196541
12197962
12198659
12198798
12203036
12206816
12206874
12207559
12208246
12210213
12210561
12210755
12211297
12211525
12211547
12211695
12211767
12213280
12216074
12217594
12219486
12222553
12223375
12223808
12224644
12225814
12228351
12232325
12234688
12235811
12236155
12238610
12238638
12241607
12241741
12243137
12243571
12244654
12245775
12246751
12246953
12251491
12252834
12256492
12257288
12260395
12261883
12262701
12268440
12269139
12277302
12278165
12282299
12284113
12284236
12286212
12298998
12302464
12302703
12305664
12307442
12308217
12308864
12315197
12315827
12318958
12319429
12323236
12328470
12328690
12330706
12337408
12338114
12339391
12339887
12340363
12344097
12348669
12352756
12356131
12356797
12359323
12362755
12362917
12364374
12367693
12370266
12371274
12371799
12374238
12374863
12375140
12375157
12375625
12377490
12379464
12381468
12382621
12383674
12384510
12387656
12390395
12391377
12391476
12391612
12395398
12400216
12400825
12402231
12402430
12404349
12406501
12406648
12407916
12411460
12412088
12412334
12412609
12413615
12413845
12416221
12419015
12419885
12421052
12422909
12426049
12426289
12427444
12430290
12430368
12430931
12431049
12432627
12433237
12434517
12438590
12438759
12439755
12440682
12442416
12445552
12447128
12447157
12452742
12453363
12457527
12458360
12458874
12459297
12461359
12462355
12462421
12462429
12463164
12467244
12467585
12469410
12470422
12471622
12473182
12474463
12475299
12476527
12476618
12476854
12476935
12480860
12480992
12481704
12484110
12485971
12487819
12488058
12489190
12493787
12494609
12496318
12499561
12502009
12505748
12505786
12510300
12511477
12511941
12512642
12512665
12517715
12518580
12520704
12521498
12524890
12530142
12531067
12535305
12536977
12537557
12538511
12538674
12538996
12538998
12545963
12548230
12550867
12553936
12554087
12554708
12555556
12556848
12559692
12560826
12562914
12563144
12565627
12566203
12569221
12571638
12579480
12581029
12581633
12582448
12582483
12585991
12590987
12592611
12592890
12597946
12598034
12599716
12602569
12602739
12604254
12607487
12613198
12613628
12614245
12615757
12616883
12618708
12621777
12625102
12625634
12626366
12626998
12627179
12628223
12628371
12628810
12632176
12634757
12634945
12639451
12639817
12640569
12640786
12641867
12643686
12645789
12647150
12647601
12648253
12649117
12650231
12650352
12650747
12651412
12651464
12655165
12660625
12662464
12664230
12666864
12667958
12673974
12674474
12676030
12677610
12677860
12678288
12678519
12679412
12682435
12683934
12693472
12694411
12695974
12695993
12697652
12698485
12699602
12700983
12703153
12703342
12703551
12704359
12705066
12708324
12708589
12708909
12710428
12712058
12714212
12714292
12716880
12718094
12718625
12718940
12719601
12719801
12721932
12722115
12723572
12724797
12728765
12729979
12730750
12732027
12735168
12735404
12736029
12737503
12739799
12743628
12743797
12744978
12746533
12747168
12747500
12748366
12751087
12754212
12755816
12758916
12759377
12760448
12762855
12763489
12763985
12766580
12767807
12767972
12768450
12770830
12771231
12772337
12774040
12774799
12776132
12776176
12778142
12780624
12782193
12786647
12787676
12789065
12789554
12792645
12793683
12795794
12796197
12802821
12804499
12807228
12813104
12815053
12817012
12818667
12819556
12819731
12819820
12822422
12823785
12826643
12827733
12827960
12829997
12834213
12834315
12835569
12837668
12838274
12840100
12841327
12841876
12842639
12844336
12845822
12846115
12850158
12850266
12850440
12851512
12856879
12858244
12860783
12861268
12862664
12864878
12867414
12869817
12870932
12872459
12873460
12874524
12875489
12875811
12877558
12877559
12878602
12881826
12886765
12886917
12888453
12890876
12891364
12892344
12894223
12895608
12897416
12899815
12900619
12902821
12903900
12906630
12907212
12908899
12909686
12911013
12912835
12917715
12922428
12922449
12925303
12929266
12930566
12932389
12932570
12937222
12937986
12941405
12941584
12942535
12945219
12948090
12949464
12950239
12955674
12957955
12958407
12960084
12967689
12969709
12971154
12975553
12977275
12978201
12980395
12980415
12981748
12984842
12984892
12987038
12987800
12988146
12989255
12992906
12995157
12995286
12999213
12999757
12999760
13000773
13001155
13001351
13001923
13002632
13003169
13008286
13009502
13010477
13011288
13011583
13011794
13013617
13013747
13014275
13015291
13017079
13018050
13021844
13026857
13028495
13028723
13035254
13038384
13038468
13038684
13039727
13040680
13041244
13041476
13041804
13042403
13043088
13046681
13048554
13052505
13054423
13055340
13063095
13064937
13069588
13069820
13070030
13071102
13071373
13071415
13072792
13073509
13075815
13078396
13079826
13079949
13079972
13082235
13084311
13086505
13088288
13089247
13089633
13094900
13096744
13104795
13105693
13109933
13112559
13113668
13116076
13117155
13118746
13119123
13120623
13122949
13123979
13126321
13127701
13129182
13132968
13136457
13137243
13140401
13144052
13146990
13149181
13150461
13151815
13151990
13152794
13155985
13159576
13162326
13162350
13162380
13164859
13166185
13167684
13169165
13169583
13169752
13171149
13174849
13177050
13178000
13178675
13178755
13182956
13183915
13187108
13187136
13187932
13188238
13190040
13194720
13197870
13197996
13204909
13205430
13205690
13207074
13207130
13208689
13213920
13214823
13216931
13222888
13222967
13223830
13225255
13226036
13233722
13234240
13235138
13235756
13236103
13237678
13239316
13240573
13242107
13242359
13243471
13245373
13247707
13247945
13249144
13249212
13252251
13253909
13254876
13255181
13256266
13259911
13263951
13265575
13267070
13273613
13277687
13279579
13280556
13280928
13281408
13281910
13284429
13285584
13288150
13290612
13293084
13296642
13297280
13299977
13301341
13303037
13307118
13307406
13310366
13316439
13327122
13332004
13332609
13333323
13335229
13335757
13336275
13336624
13340966
13342338
13342587
13346248
13348476
13350007
13350969
13351202
13353683
13354106
13361524
13362433
13365261
13365659
13368092
13369529
13370442
13371276
13374750
13374751
13376155
13380325
13381758
13381987
13383424
13384185
13385031
13385246
13385818
13385993
13386921
13388794
13391559
13392098
13394402
13399776
13400070
13402127
13402722
13402760
13403707
13404167
13404415
13404780
13415093
13415095
13416136
13416983
13424690
13427310
13429832
13429993
13433274
13433990
13434609
13435425
13436407
13438610
13440387
13441831
13445351
13451046
13451132
13451355
13452530
13454108
13454750
13459309
13460643
13461535
13463731
13467016
13467729
13468135
13469681
13472613
13473194
13476539
13476730
13477162
13478115
13482146
13483035
13491003
13492985
13494653
13494954
13495595
13498869
13499258
13499366
13502698
13508647
13510614
13512848
13518900
13519018
13520541
13521479
13524276
13524942
13526632
13528685
13528964
13530946
13533925
13534993
13535152
13542409
13542591
13543276
13543393
13544937
13547614
13551276
13551730
13552271
13552324
13556318
13557544
13559731
13559812
13560952
13561544
13561558
13566008
13569351
13571566
13573562
13574394
13574511
13574533
13575198
13576635
13576876
13578517
13580070
13580321
13581016
13581828
13586592
13586601
13587612
13588701
13592594
13593439
13595271
13595404
13595970
13597274
13597802
13599075
13599981
13601508
13602634
13604271
13605113
13607951
13608061
13608194
13608340
13609175
13614065
13615047
13616789
13617784
13618230
13620484
13620774
13622422
13622431
13622881
13623680
13626822
13628516
13629217
13629716
13631101
13631469
13633395
13638603
13638996
13640761
13645074
13649526
13650044
13650522
13651367
13651599
13656730
13657035
13657170
13659669
13662912
13665749
13666883
13667694
13667855
13673009
13674487
13677373
13678848
13683041
13685868
13688755
13688816
13690142
13690381
13690452
13690719
13690824
13691209
13691530
13692679
13693200
13697746
13698308
13702492
13704136
13704770
13705841
13706318
13707263
13711456
13711638
13711934
13712023
13717969
13719467
13720482
13721756
13723476
13723932
13725084
13725819
13726268
13730641
13730712
13733474
13740521
13745238
13745648
13747956
13749123
13751405
13751648
13757510
13759356
13761618
13764272
13765649
13768337
13771493
13772565
13772925
13773637
13776344
13778968
13782398
13783762
13784116
13787047
13787437
13789977
13789990
13791676
13794523
13794746
13794914
13798593
13798776
13799803
13800729
13801141
13802558
13804263
13805743
13809792
13814197
13816682
13817597
13818097
13819062
13820502
13822198
13824082
13826136
13826855
13827333
13827357
13834379
13834766
13837216
13837429
13843834
13844609
13850799
13851568
13853019
13853414
13858177
13858567
13858675
13858806
13859475
13862518
13866017
13867643
13868025
13868554
13868683
13869280
13874722
13875439
13876991
13877903
13878084
13878781
13879656
13880881
13881929
13882881
13886554
13888770
13890068
13892387
13892619
13892737
13893085
13900843
13903775
13904082
13907228
13913442
13915247
13919315
13919654
13920791
13924884
13925111
13930674
13932151
13934602
13937789
13944784
13950889
13951415
13951923
13952049
13954286
13954344
13955822
13956929
13958355
13960243
13961391
13962616
13972393
13973080
13978489
13982632
13985219
13986289
13986325
13986503
13986904
13989043
13991594
13991814
13994640
13996479
14002091
14004937
14007125
14007759
14009600
14010409
14011234
14012143
14013396
14016263
14016344
14018059
14021042
14021518
14023725
14024661
14025709
14032093
14035224
14035512
14035660
14037388
14039550
14046147
14046776
14048060
14052036
14059093
14060850
14061186
14069770
14070056
14077185
14079233
14084418
14087695
14089174
14091427
14092501
14092631
14094500
14096316
14096424
14096517
14098201
14100077
14101961
14102764
14102937
14103625
14105919
14105958
14113141
14115514
14115573
14119257
14119864
14121507
14125773
14126748
14127157
14128573
14131992
14135985
14136180
14139175
14139205
14139390
14141272
14142097
14145569
14148580
14148654
14154638
14156085
14156908
14160117
14160307
14160648
14162919
14167671
14168125
14169229
14170479
14181581
14183624
14186449
14187053
14190389
14191806
14197237
14200759
14201470
14204191
14207880
14210532
14214496
14214535
14215330
14217907
14218054
14218726
14219449
14221429
14221720
14224636
14226244
14228595
14230271
14231753
14232840
14238502
14241167
14241334
14242305
14242447
14245219
14245837
14247093
14247429
14249241
14250222
14250425
14250931
14252399
14253506
14255238
14257998
14258658
14265562
14265617
14266718
14275561
14277215
14277583
14278720
14278938
14279542
14279832
14281045
14283228
14283920
14285577
14287226
14287532
14289644
14292372
14293556
14297765
14300930
14300947
14304539
14306627
14309510
14309622
14310924
14311128
14314089
14314887
14315572
14315687
14315698
14316511
14320690
14325337
14325493
14325755
14329275
14331414
14332677
14335650
14337105
14339456
14341124
14341369
14342867
14343316
14343734
14345059
14350129
14350591
14353043
14358220
14359223
14361001
14361602
14362723
14363250
14364400
14372091
14375327
14375415
14376832
14380506
14381519
14381837
14383716
14384707
14385625
14387370
14388328
14390107
14392201
14393159
14395123
14396745
14401581
14401805
14401849
14402327
14402590
14404325
14404542
14405131
14412725
14415272
14415791
14420730
14430271
14432067
14432447
14432655
14433740
14436603
14437285
14441071
14442592
14442633
14445758
14446250
14448344
14449636
14450293
14451002
14452637
14452731
14452985
14455552
14455640
14458111
14459977
14467245
14471674
14473164
14474328
14475465
14476462
14477259
14477630
14478669
14484086
14484934
14486851
14487725
14488460
14491092
14492433
14492546
14495153
14495681
14496112
14497405
14497915
14501549
14504156
14512369
14515135
14520648
14521985
14522862
14523153
14524789
14525670
14528048
14531835
14533321
14534914
14538205
14540368
14540919
14541054
14541278
14544840
14545359
14545407
14548723
14554279
14555443
14557465
14558375
14558802
14559037
14560619
14560807
14560921
14561556
14563299
14569220
14571568
14571820
14571915
14573378
14573607
14574116
14576205
14576640
14580516
14582046
14588441
14588886
14590915
14591155
14591630
14592375
14596671
14599134
14599164
14600570
14602726
14603455
14606532
14608007
14608510
14609501
14611253
14613265
14613510
14613677
14616200
14618959
14620687
14622191
14622315
14623226
14624099
14625573
14626391
14627711
14629006
14630430
14631432
14632014
14634952
14635859
14639531
14640203
14640774
14643378
14643808
14648502
14648807
14650111
14652057
14653019
14654736
14655691
14656880
14656898
14658009
14658226
14663036
14667250
14668215
14668344
14670368
14675726
14675908
14676508
14678370
14678720
14680575
14683050
14685276
14689024
14690521
14692305
14692319
14694446
14696470
14696609
14697469
14698005
14698638
14700042
14701626
14703728
14704216
14706598
14707035
14708617
14717286
14718436
14719660
14727553
14729101
14731045
14733901
14735619
14736880
14737012
14737064
14737137
14737724
14738544
14740908
14743567
14744451
14749068
14749115
14754000
14754554
14758169
14759301
14760852
14761287
14761827
14762232
14764340
14768482
14769950
14770927
14771472
14771893
14780348
14782915
14785563
14786284
14787099
14787377
14787389
14794734
14796337
14800052
14802220
14802421
14803486
14803768
14804096
14806978
14807347
14808418
14813143
14814786
14818039
14818302
14818725
14819392
14822604
14823565
14823867
14823960
14827183
14828804
14829195
14832753
14839199
14840670
14841341
14841643
14841657
14843115
14848605
14849706
14850170
14850714
14850879
14851026
14851424
14854097
14860398
14860782
14862208
14862990
14863752
14864547
14864991
14865509
14865902
14866934
14869811
14871812
14872202
14873187
14873748
14874604
14878327
14879356
14881812
14883210
14886468
14888553
14888627
14889522
14889998
14890205
14892025
14893012
14893665
14896093
14896768
14899741
14902473
14907291
14908033
14909048
14910070
14910395
14912736
14913493
14919255
14922436
14923173
14923591
14923820
14925912
14929591
14929979
14931410
14934269
14937677
14937927
14939016
14940633
14941767
14942624
14942826
14944807
14945661
14949193
14955618
14958709
14960177
14962846
14964184
14964888
14965609
14966099
14969361
14970263
14973927
14974003
14974593
14975052
14975832
14977127
14979767
14990080
14991599
14991862
14993488
14997271
14998645
15001712
15002527
15002716
15005782
15014199
15017118
15019221
15019964
15022213
15024010
15033663
15041258
15044686
15044835
15045041
15046796
15048506
15049021
15049287
15050785
15051322
15052799
15052895
15057767
15058252
15060381
15060830
15061128
15061461
15061918
15064439
15064649
15064666
15065097
15067916
15069875
15069982
15076085
15076370
15077425
15077433
15078886
15079364
15079635
15082437
15084106
15084396
15086073
15091983
15093048
15093105
15093593
15094275
15097318
15098643
15100544
15102112
15104802
15105116
15105178
15106228
15109334
15110861
15118249
15119250
15121036
15121416
15128070
15129195
15130699
15131901
15132783
15133991
15134910
15137911
15140500
15140737
15145866
15146932
15147328
15150995
15151237
15153478
15153500
15153817
15154523
15155546
15156670
15157620
15160697
15165324
15166187
15169213
15170746
15171481
15174052
15174767
15178686
15185862
15186905
15194654
15195909
15195956
15199949
15200732
15203375
15203649
15204445
15205393
15205612
15213688
15214431
15218873
15222486
15224136
15224369
15225772
15226291
15228023
15229119
15229482
15230040
15230191
15230369
15231462
15231661
15232764
15238218
15240715
15241086
15241294
15243314
15246818
15248004
15248810
15250508
15253865
15254763
15256666
15256723
15267346
15267850
15269201
15270068
15272360
15276037
15276400
15280191
15282336
15282685
15284926
15293531
15293680
15297827
15299508
15306637
15313407
15314059
15315938
15316643
15316849
15319482
15319535
15323245
15329123
15329427
15333863
15335270
15341029
15341405
15342136
15342222
15345501
15350738
15350959
15353760
15354431
15356289
15359805
15360831
15366584
15368892
15378027
15380632
15382730
15385053
15385217
15386383
15395277
15396269
15400879
15400970
15403562
15404615
15404789
15410606
15411845
15412193
15415318
15418486
15418790
15424851
15426646
15430133
15433105
15433414
15435114
15436990
15441474
15442587
15444549
15446744
15448332
15449190
15452295
15454652
15454953
15455898
15456123
15461773
15463778
15467163
15468479
15469959
15471185
15476683
15478982
15481142
15482756
15484130
15484191
15484563
15485296
15486736
15490996
15492454
15492859
15492891
15493561
15494066
15496770
15497272
15498953
15499806
15506158
15507463
15507973
15508554
15509531
15509820
15513667
15514112
15519394
15521169
15522142
15525984
15526493
15527089
15528121
15528476
15529833
15532574
15533776
15536175
15538192
15542603
15544645
15544784
15546354
15547706
15549720
15551560
15552782
15553558
15559553
15559795
15560048
15563132
15566132
15570513
15579607
15579761
15581190
15582901
15582974
15583072
15583910
15584433
15586987
15587887
15590910
15593001
15593939
15595121
15595148
15595689
15597885
15600360
15602764
15603431
15613942
15614595
15618253
15619863
15624072
15627595
15631066
15633707
15634476
15638056
15638223
15639332
15641523
15641933
15656997
15659102
15661636
15662418
15665268
15667115
15667376
15667744
15671001
15671408
15671438
15672026
15675676
15677749
15682149
15682372
15683788
15686159
15689169
15690003
15696532
15698316
15701058
15705146
15705744
15707598
15708305
15709480
15714943
15718663
15720060
15720217
15720770
15723690
15725652
15727213
15727448
15728037
15732006
15738050
15739115
15743179
15748470
15750031
15750250
15752812
15756228
15762428
15763096
15765428
15773977
15778505
15779303
15780716
15787798
15788049
15788524
15788903
15789434
15797460
15800960
15806764
15807963
15808125
15809050
15809623
15813037
15814650
15815436
15816201
15820229
15822323
15825317
15828044
15833059
15833563
15833967
15834725
15838052
15838480
15840444
15843084
15844323
15847246
15847954
15848271
15850571
15853294
15857681
15860163
15864933
15868246
15870084
15870350
15871722
15871828
15872013
15874169
15876649
15885512
15889342
15890914
15901761
15903002
15904221
15904391
15906736
15909351
15909862
15911096
15912067
15914730
15919905
15919986
15923881
15930660
15931582
15931915
15933635
15934150
15934274
15934957
15935462
15937321
15939068
15939895
15941579
15942850
15943247
15943307
15944726
15947933
15951900
15952235
15952963
15956854
15960438
15962132
15963962
15965173
15966337
15966508
15968549
15974443
15979839
15980290
15980698
15982532
15982906
15984443
15985609
15985951
15989647
15989847
15992419
15995712
15997617
16000373
16000462
16001031
16001339
16001913
16002204
16005540
16008127
16008740
16009002
16010343
16011543
16012546
16013406
16014905
16019394
16019456
16019612
16023478
16024825
16025850
16028650
16031914
16033115
16034186
16034459
16040791
16041393
16043181
16046922
16047232
16047954
16049981
16050356
16052232
16052528
16052548
16057557
16058265
16059872
16065126
16069660
16072967
16075146
16075704
16079213
16081899
16083366
16083903
16085428
16086837
16087077
16088262
16088850
16089064
16089074
16090197
16091464
16092425
16094731
16094766
16096876
16099847
16100149
16101131
16105721
16106338
16106340
16108958
16109062
16110194
16115198
16116121
16118898
16119033
16120864
16123285
16123590
16123931
16125188
16133162
16134697
16135932
16138639
16139392
16140524
16140826
16142047
16143290
16143993
16146101
16146125
16148757
16150711
16156203
16156302
16159263
16160220
16162405
16165281
16169232
16169990
16171587
16172425
16173317
16174018
16174856
16175247
16176855
16177334
16178593
16180973
16181097
16181981
16189341
16189467
16192302
16192873
16195252
16209437
16209815
16213786
16216154
16217633
16217639
16218113
16218970
16219068
16221420
16222865
16223630
16225287
16227915
16230557
16230954
16231160
16232513
16233257
16236667
16246938
16251577
16251808
16254120
16256398
16257150
16257980
16260045
16262943
16264628
16268338
16270442
16270833
16271763
16272082
16272635
16273997
16274331
16275780
16280421
16281765
16281970
16284425
16284996
16285438
16287785
16288486
16289117
16289172
16291094
16291319
16293425
16296614
16296880
16297488
16297898
16299301
16300712
16302850
16303221
16305718
16306594
16309377
16309959
16314194
16315967
16316607
16319905
16320474
16321325
16325741
16325813
16325851
16333244
16333280
16333788
16336417
16338020
16338603
16345089
16348812
16349202
16353509
16354180
16354939
16356215
16356305
16357134
16357601
16359509
16359697
16362786
16363714
16365392
16366356
16369161
16369930
16372933
16373108
16373448
16376770
16377231
16377345
16378774
16380159
16380948
16384485
16384882
16385069
16385320
16385691
16386098
16386451
16387298
16389348
16391011
16394619
16395345
16397933
16399111
16399826
16401111
16402343
16404141
16404469
16407536
16410557
16412144
16414312
16419382
16420182
16420690
16426029
16426039
16426617
16432093
16434970
16438445
16439128
16440327
16442064
16443471
16445872
16446652
16447503
16449090
16449578
16453346
16454413
16454714
16456490
16458700
16462555
16465424
16465506
16466737
16467570
16468374
16468760
16470863
16475915
16476819
16478663
16482476
16486250
16486571
16490869
16492427
16497121
16497453
16497474
16498761
16499069
16500764
16500943
16502828
16506126
16507402
16507523
16511189
16513642
16514934
16516668
16523124
16523533
16525204
16528708
16529460
16529871
16530567
16532562
16532578
16533667
16535287
16536572
16539166
16539375
16542201
16544558
16544864
16549482
16549490
16550799
16556713
16560918
16561171
16561840
16562689
16564350
16564986
16568407
16568780
16571177
16572366
16574075
16576399
16578190
16579085
16580120
16583121
16583732
16584435
16584602
16585493
16585946
16591057
16591278
16592889
16594158
16596245
16596815
16597860
16599139
16599503
16599815
16599944
16603218
16603446
16607870
16610785
16611705
16611818
16621417
16624659
16624863
16628946
16632595
16633161
16638343
16641329
16641507
16642604
16644905
16646337
16646512
16646854
16649198
16649539
16650125
16650381
16651949
16653664
16655164
16659224
16660320
16661235
16661688
16662719
16665953
16666701
16666958
16668568
16669404
16669858
16671859
16673572
16674896
16680261
16680836
16683326
16684371
16685002
16686506
16687403
16687957
16693968
16698030
16705594
16709892
16710762
16710888
16711812
16712275
16713102
16714847
16715137
16720286
16722973
16723460
16723753
16723856
16724558
16726293
16729785
16730098
16731418
16732627
16733473
16734473
16734613
16735563
16737693
16738006
16739752
16744289
16746268
16747458
16749608
16753924
16754124
16755690
16757836
16758068
16758945
16766275
16767151
16767514
16771633
16776522
16783042
16783550
16784527
16784676
16785504
16786897
16787119
16789556
16789783
16791604
16792194
16793522
16793913
16796489
16797320
16798241
16803573
16804218
16811073
16812926
16813581
16817144
16817357
16827404
16828744
16831982
16835301
16836306
16843007
16848959
16850652
16853567
16855131
16855707
16856887
16857059
16857111
16857790
16861014
16862465
16864952
16871275
16876039
16876231
16877720
16879143
16880312
16880808
16880890
16882732
16884751
16887172
16889115
16893623
16895390
16897515
16900064
16900828
16901055
16902666
16906397
16907016
16913450
16914636
16915843
16915963
16918741
16919102
16919293
16919503
16920522
16923618
16924037
16925270
16927889
16929394
16930614
16930869
16932733
16934324
16935482
16937947
16938238
16939057
16941298
16943749
16945101
16945829
16946206
16947087
16947386
16947527
16952024
16952695
16953075
16953248
16961705
16962888
16963160
16963805
16963821
16964599
16967445
16968644
16969374
16971130
16971545
16973113
16973175
16975357
16975574
16979442
16985858
16988601
16990025
16990046
16990817
16991268
16992327
16993443
16996152
17000915
17001004
17002378
17005450
17006560
17007797
17008482
17009411
17011191
17012343
17012498
17012915
17013108
17014529
17016265
17016367
17017042
17017975
17018322
17021336
17024103
17027486
17029202
17031225
17033483
17034269
17034462
17035163
17035375
17035791
17038236
17039650
17041569
17041711
17041856
17043324
17047748
17050014
17053302
17055567
17056378
17056556
17056597
17062079
17062836
17064583
17065641
17068017
17070429
17070936
17073279
17082545
17085850
17086129
17086775
17087293
17087743
17089518
17089599
17089967
17090466
17098146
17098364
17098988
17099992
17103619
17103950
17106069
17106746
17107115
17107204
17108094
17108611
17109492
17111003
17115172
17117804
17121715
17122218
17122260
17123249
17124849
17125961
17127836
17128210
17128516
17129532
17130799
17131408
17131743
17132951
17139337
17139922
17140656
17141179
17142492
17142925
17143989
17144842
17145913
17146618
17148186
17149647
17149758
17150968
17153242
17155732
17161080
17161773
17162206
17166721
17172092
17173082
17175249
17176238
17177913
17178316
17179425
17186881
17187933
17188777
17189901
17192430
17193169
17196071
17197481
17201493
17204460
17208926
17213519
17214895
17215418
17216049
17222121
17223862
17226410
17226452
17226888
17228157
17232329
17237346
17239338
17240167
17243456
17243905
17247469
17248018
17251764
17254235
17255058
17256060
17256532
17256744
17257640
17257907
17262775
17264761
17266869
17267951
17272873
17275944
17280369
17280655
17282039
17285269
17285676
17288100
17288359
17291219
17295206
17296665
17300284
17302512
17302598
17302612
17304391
17308150
17309912
17311256
17313643
17314692
17316834
17324089
17325554
17326343
17326477
17327577
17327629
17335422
17337151
17342890
17343118
17344610
17345458
17347443
17348512
17350059
17352100
17355186
17356012
17361345
17363361
17363377
17364654
17369727
17370758
17371072
17371098
17371188
17376970
17377269
17377452
17379255
17381254
17383658
17383724
17385840
17387244
17389195
17392011
17394336
17399852
17400510
17400677
17402099
17405057
17406690
17408024
17409556
17410428
17411606
17417779
17419389
17419507
17424301
17424687
17425664
17426918
17433538
17438794
17441442
17445545
17446131
17448023
17448050
17449051
17449277
17451251
17451417
17456958
17457572
17457785
17460009
17460184
17460508
17461262
17462037
17463138
17466100
17466179
17466865
17467383
17468539
17468898
17470684
17471987
17473620
17480081
17480574
17482462
17483544
17485763
17487166
17490492
17492098
17493172
17494115
17494368
17495184
17496374
17498974
17502609
17503436
17503912
17504697
17505381
17508743
17508953
17509844
17512758
17513284
17513366
17518147
17518583
17520745
17521919
17522085
17524089
17525544
17526132
17526178
17528084
17528254
17531415
17532791
17534594
17538073
17540268
17543081
17543396
17544621
17545435
17546630
17547132
17548129
17550247
17551634
17554280
17554999
17559056
17564236
17565347
17566682
17568179
17568473
17574141
17576453
17578181
17579106
17585919
17586469
17587455
17587493
17591614
17594879
17596842
17597155
17598219
17600977
17602091
17609486
17611016
17611497
17614170
17615517
17616187
17616707
17616994
17618283
17618343
17618606
17620650
17621191
17621683
17623376
17624993
17625259
17629480
17635763
17637291
17637708
17642684
17643722
17644617
17645210
17653178
17653679
17654495
17660051
17661017
17663450
17664588
17665656
17666161
17666602
17668336
17669724
17669903
17670294
17672617
17676560
17679053
17679186
17679866
17682070
17682292
17682974
17685549
17686825
17691839
17693036
17694696
17695365
17695816
17698557
17699231
17700307
17701783
17701896
17704843
17704937
17706193
17706413
17709641
17710195
17711661
17712315
17716416
17716814
17720494
17726615
17726902
17731023
17733736
17734299
17740214
17742988
17743175
17744103
17744618
17747909
17749321
17751570
17752728
17755142
17755704
17758360
17759410
17760643
17760745
17763735
17763897
17763977
17770033
17770166
17771561
17771662
17771938
17772186
17772351
17776026
17777207
17777902
17780535
17781363
17781451
17782187
17788810
17795049
17803305
17804005
17808192
17808909
17809316
17809813
17811276
17811518
17813269
17813480
17814705
17817838
17818743
17821720
17828206
17829882
17832244
17832356
17835255
17835465
17838948
17841078
17842228
17846829
17848671
17850115
17856206
17859078
17859648
17860332
17861083
17863520
17863720
17863954
17866127
17866174
17866620
17869225
17870970
17870977
17871143
17873751
17875925
17877017
17880048
17881033
17881642
17882579
17884886
17886962
17887690
17889078
17889749
17889980
17890928
17893089
17893632
17897656
17900763
17904168
17904432
17905646
17906627
17908477
17913206
17914475
17914491
17914537
17917261
17917402
17918738
17920331
17923975
17925510
17925896
17929174
17931604
17934742
17935378
17939755
17941183
17945653
17947016
17947848
17949453
17949716
17951913
17952188
17952926
17954112
17956402
17958868
17960669
17961626
17961826
17962200
17963975
17965420
17970383
17971161
17977906
17979108
17981561
17986230
17986413
17987175
17987289
17991797
17993000
17993516
17994156
17996418
17997678
17997909
17999184
17999752
18004352
18005577
18006754
18010850
18011785
18014358
18015111
18015960
18016331
18019654
18020901
18021500
18025496
18025519
18025604
18027242
18029084
18030770
18032659
18033537
18034333
18034657
18036584
18037394
18042974
18043442
18044116
18044394
18044774
18057645
18058075
18060968
18061975
18065998
18067024
18070039
18070107
18073898
18078050
18078359
18078559
18078597
18079499
18089913
18090028
18090798
18092786
18093972
18095365
18095877
18096522
18099787
18100776
18101063
18105567
18107747
18111444
18112911
18113225
18114326
18115595
18116435
18117832
18119022
18121450
18123120
18131981
18133245
18135137
18138239
18138819
18140143
18147413
18148355
18149859
18152540
18152553
18153602
18154458
18155878
18156977
18165687
18165778
18167680
18169941
18171255
18173313
18174232
18174550
18174568
18175123
18176491
18177280
18177300
18179328
18181373
18181801
18185872
18186554
18187439
18191915
18193829
18193884
18195051
18199357
18200057
18201672
18202474
18204827
18205608
18207782
18210112
18211346
18212546
18213863
18213893
18215246
18217388
18219656
18220639
18222546
18225623
18226839
18227038
18228167
18229363
18232418
18236105
18237379
18238108
18239537
18241679
18241682
18241898
18242172
18244181
18248203
18248541
18253123
18255314
18257708
18258153
18258582
18261986
18263887
18264256
18265919
18267565
18271948
18273835
18285882
18286792
18293427
18295316
18295996
18298511
18298800
18302398
18302458
18304944
18305916
18310235
18310404
18312991
18313761
18320738
18324950
18325892
18326372
18327936
18331021
18334504
18335477
18336580
18336843
18336989
18337984
18338777
18340880
18345212
18345468
18346116
18346431
18351375
18351684
18352040
18356231
18357868
18358974
18361003
18364475
18364525
18368547
18372697
18372717
18381037
18388385
18390425
18392330
18394100
18396036
18397454
18399485
18403159
18405725
18408049
18412539
18412876
18418074
18419504
18420137
18420194
18422175
18422737
18423522
18425699
18426101
18427512
18427981
18435893
18439374
18446772
18450112
18451101
18452224
18452305
18454103
18455947
18458197
18459564
18461410
18462059
18462900
18463347
18468416
18470696
18474227
18476788
18479798
18481185
18483629
18484298
18484992
18485229
18488013
18488034
18488393
18490839
18492690
18496959
18497921
18506863
18509743
18510291
18514256
18514966
18515688
18518097
18519168
18519305
18521426
18523357
18525222
18528253
18530434
18530709
18533741
18539738
18540832
18541470
18541674
18542426
18543934
18544135
18545761
18546181
18547843
18548348
18549093
18550905
18551314
18551634
18552938
18553753
18554683
18555039
18555769
18555900
18558455
18558511
18560578
18561373
18561536
18565490
18565989
18568229
18569928
18570133
18572123
18572785
18577433
18578569
18579766
18582677
18582759
18583195
18583378
18583759
18584580
