1133
3930
5715
11322
13098
14427
21490
22960
24903
25792
26212
27401
29639
29956
30430
30503
31878
32265
34207
34375
34625
34755
34972
37971
38764
39177
42699
45183
47723
48509
48756
51964
52672
55606
56079
58911
59022
59739
61526
65048
67514
71381
73655
76980
77302
85497
85532
86912
92771
94496
95658
96494
98761
101504
101793
103042
104164
105629
106714
109245
110040
110776
112089
115540
118138
121362
122824
124677
125363
128342
131338
131857
133109
134204
137158
140680
141562
143849
145529
147089
148427
148785
150860
153035
158888
160733
162650
163001
163468
163931
164472
167569
168586
171639
173540
174275
174583
175282
178795
178991
179261
181206
182846
184337
185158
185931
188137
190070
190810
191198
192864
195830
198169
199168
200082
204925
206005
209118
209976
210375
213234
215453
217788
220621
221442
221488
221797
221912
222057
223471
226291
227202
228312
229044
229477
232311
233396
239431
246188
248657
249480
251786
252201
253015
254845
255312
257372
257650
259290
260108
260350
261147
261426
262760
266133
269650
273225
273230
274497
275089
275728
275872
282827
291269
291914
298769
300622
301277
304840
305053
307314
309270
310084
310185
310673
310710
313098
313121
316175
320545
322429
323672
323756
324176
329121
330185
330693
331285
331370
333363
335417
337458
342252
347684
350946
351827
353158
354792
358239
361041
362922
364611
364719
368791
370608
371714
372638
372744
374002
374772
375461
377378
381945
387082
391414
392335
392762
393240
394472
394964
395105
397523
400149
400646
401648
404945
406543
407598
407865
410076
410304
415752
416553
419801
421302
422724
424918
425678
435545
435932
436814
437513
437524
437717
438179
442514
443469
443776
443812
446101
449252
451608
452130
455775
457411
459969
460910
466786
466905
467510
469528
472161
473401
477157
477268
479812
480576
482656
482722
485090
486260
489317
491071
491719
492403
493564
494248
495050
496363
497857
502648
503063
504145
504174
505716
510865
515473
517359
517472
520591
521953
523217
525876
528763
530729
530995
534615
540547
542928
543101
543816
548552
549525
551749
553277
553931
556739
557404
558094
561859
565429
566098
567268
567401
573541
573773
577164
581037
581703
584398
584794
585878
587284
588317
588605
589411
589706
590847
592264
598612
598678
599433
602206
602868
603808
604683
605978
606020
606937
607084
609297
610835
611474
616089
620721
621076
621538
623833
624015
624102
625716
628548
629037
630390
630769
635538
636579
639395
639782
641182
641259
641554
647566
648259
650912
656071
659877
660312
662597
668698
669030
669498
670552
671009
675424
676850
678273
678295
678837
679343
683197
685282
689096
691615
693219
693874
699886
701830
708485
709733
711523
716432
717010
718123
718332
720395
721921
725895
727090
728001
729163
733907
736497
737054
739814
743246
747262
747516
749543
753745
755428
755576
757546
758040
759929
762948
763274
764418
765953
770777
772169
772254
772883
776928
777966
778049
778617
779861
781948
782948
783062
787032
788056
791401
792450
796839
799000
800621
802162
807557
809950
812449
814260
817831
818008
820716
821135
822815
825334
828935
830582
833069
833424
834435
835625
835925
838709
839481
841309
844420
845849
847460
848236
849933
850435
850788
853062
854828
855979
858614
858830
860239
860592
860718
864049
864444
868510
869863
874743
875270
878071
880447
881902
885591
886252
890248
890744
890859
894405
894807
896256
897567
898102
898998
900301
908288
908567
911076
911320
911540
915624
917395
917788
920451
921961
922191
923957
925861
926914
928205
928762
932173
934365
937572
938924
940362
942381
943340
943384
943745
944929
945613
956233
956450
960633
960778
962443
965295
969578
969801
970093
972950
974547
976253
977318
977891
978420
982353
982424
984749
987011
991277
995298
998263
998843
998873
1007732
1008156
1008371
1013217
1013485
1014167
1015566
1015821
1018140
1019657
1022141
1024119
1028233
1030044
1031525
1031999
1036142
1039825
1040173
1042134
1045491
1046196
1047194
1047453
1049418
1049621
1051525
1054429
1057296
1058680
1065516
1066644
1067704
1069064
1069316
1070208
1073521
1075210
1076444
1077158
1077916
1078220
1079264
1083314
1088698
1089061
1089481
1092785
1099151
1099580
1101693
1104116
1105215
1105505
1105506
1106921
1108468
1110371
1112373
1112939
1115206
1115213
1116786
1117977
1118424
1122437
1123574
1124643
1125318
1129666
1134492
1137776
1143964
1144273
1145253
1151450
1153878
1155195
1155242
1159855
1163301
1163340
1163800
1169912
1171445
1172397
1172597
1177882
1178123
1179551
1181205
1181976
1185323
1186066
1187656
1189722
1190993
1193459
1197835
1198744
1199611
1200687
1202307
1202517
1207359
1207775
1208221
1210333
1215004
1215660
1217868
1219189
1219477
1221247
1222739
1223989
1226811
1229565
1236566
1239670
1239857
1241109
1242098
1243933
1247272
1255723
1255760
1256348
1256693
1257555
1260363
1261745
1263382
1263866
1267063
1277162
1278858
1279262
1279907
1283878
1284532
1287134
1293256
1293600
1294585
1295222
1296235
1298664
1302053
1307760
1309090
1309679
1312782
1313635
1314393
1314804
1315324
1316220
1318487
1320120
1321255
1322752
1324646
1325644
1326313
1327271
1329695
1329707
1334029
1335831
1336128
1339542
1341406
1343164
1343933
1344429
1348915
1349462
1351228
1352370
1353359
1354634
1355199
1358215
1362284
1367749
1367954
1369775
1371205
1376115
1379679
1382595
1383154
1385879
1386295
1388500
1394829
1397250
1401359
1403432
1403466
1405391
1408598
1410072
1411172
1412075
1413946
1415864
1417715
1418743
1419981
1423043
1427265
1428500
1429142
1429756
1432233
1437713
1441316
1443295
1446003
1446993
1447513
1448858
1451394
1456411
1456730
1456947
1458379
1458750
1460561
1462364
1464130
1467080
1468541
1469358
1469607
1469817
1471243
1472475
1475457
1475946
1478189
1482157
1482669
1483294
1486741
1490484
1492979
1498339
1499194
1499456
1500002
1504698
1505893
1507071
1509443
1512838
1518874
1520068
1521760
1531123
1537650
1539901
1542615
1546189
1549222
1550223
1550451
1550705
1552502
1553192
1559085
1559396
1561407
1565698
1566092
1566820
1571436
1571924
1572015
1580007
1584920
1587713
1592415
1592776
1592799
1592952
1593097
1595933
1597074
1597445
1600736
1606418
1607651
1612687
1612910
1613314
1613493
1613848
1618008
1619434
1619753
1619877
1620879
1623922
1624838
1625406
1625432
1629487
1631602
1632675
1632917
1634071
1634793
1634976
1635209
1638255
1641081
1645234
1646025
1651435
1651881
1651985
1653526
1653920
1653944
1657566
1658904
1659006
1663529
1665883
1668331
1668687
1671035
1672266
1681312
1681903
1683459
1691892
1695966
1697858
1698835
1699207
1699687
1700189
1702708
1703863
1706429
1708891
1710260
1711563
1716890
1718140
1719677
1719835
1722326
1723784
1723855
1724317
1724498
1726798
1728589
1729533
1730303
1731418
1731981
1732287
1732413
1733756
1733836
1735991
1738328
1741548
1746967
1754064
1755490
1758211
1761839
1763176
1765167
1769121
1769606
1771115
1772699
1772802
1774196
1774239
1775832
1777171
1779663
1779790
1782144
1784460
1784803
1785239
1785865
1785995
1787207
1790939
1794849
1796333
1796980
1796984
1797761
1804194
1804918
1807181
1808191
1808534
1811286
1812262
1813112
1814499
1817662
1822051
1824342
1827460
1827995
1833687
1835424
1836139
1836372
1836669
1839789
1843487
1845685
1848006
1848165
1850962
1854105
1854677
1855073
1856176
1856275
1858894
1860578
1862878
1870910
1871625
1872421
1873597
1874419
1875097
1875433
1875502
1883674
1886158
1891643
1894639
1895259
1896373
1896625
1897760
1898894
1900050
1900403
1900821
1902426
1906345
1908542
1908933
1909051
1909187
1909953
1912372
1912768
1912905
1914658
1917180
1917788
1921929
1924039
1927792
1928004
1930505
1933342
1936043
1936969
1940494
1946184
1946699
1947345
1948425
1949967
1951366
1952238
1952500
1956206
1957241
1962436
1965172
1968849
1969546
1972620
1973317
1975118
1975796
1976734
1977127
1981180
1983899
1984148
1985440
1986191
1988929
1993910
1994022
1994809
1995164
1998088
2000758
2001575
2001850
2004084
2006087
2011305
2012480
2016295
2022586
2023963
2025679
2025728
2026194
2027836
2028332
2033240
2033481
2034922
2037906
2038633
2039990
2041823
2042659
2043512
2043628
2043786
2048834
2048942
2054148
2057758
2058233
2058877
2059470
2061207
2062300
2062875
2063671
2063812
2063870
2064650
2067311
2075376
2075591
2076953
2078636
2079312
2081128
2082392
2082858
2083369
2084370
2086870
2087747
2093627
2096705
2100186
2100399
2104042
2107602
2110386
2112183
2117498
2125628
2127128
2127242
2130377
2132125
2133335
2136690
2141040
2141505
2141625
2144787
2145126
2148108
2148550
2157069
2158984
2163135
2163179
2164748
2168586
2169014
2171916
2172247
2174730
2176507
2177793
2177884
2178930
2182338
2185604
2185778
2187178
2188074
2188305
2190670
2194256
2194627
2197647
2197850
2202325
2203983
2204155
2206622
2209264
2211346
2212152
2212877
2213278
2216847
2217257
2220246
2224325
2224597
2225874
2226683
2228466
2229664
2232347
2232474
2232546
2232934
2233179
2234183
2239939
2240611
2240779
2241275
2241413
2241502
2243095
2244054
2244729
2247635
2250194
2250445
2251366
2251422
2253562
2256852
2261677
2265434
2265957
2266122
2267345
2270124
2270289
2271323
2271609
2274738
2275326
2276093
2285145
2285820
2287588
2288959
2289930
2289965
2294224
2294472
2294918
2295466
2295705
2298066
2303102
2309463
2310046
2313584
2314442
2317037
2317885
2326532
2327736
2328291
2329702
2331607
2331971
2333676
2337050
2337283
2338291
2339812
2339856
2346115
2346506
2347548
2348987
2350559
2355046
2356388
2357386
2359787
2360154
2362809
2368155
2369633
2376015
2381856
2383568
2384229
2384769
2386484
2387150
2389706
2389741
2390114
2392581
2392917
2393162
2400253
2404307
2404541
2405662
2406254
2407305
2407681
2409964
2413807
2415166
2415441
2417375
2418875
2419866
2420357
2423272
2424060
2425629
2429167
2430707
2431087
2432402
2434359
2436044
2436871
2437378
2437821
2437882
2439574
2440934
2441080
2442836
2443725
2444527
2446461
2448903
2449755
2450663
2451651
2452606
2452977
2460355
2460404
2461532
2463971
2464596
2464873
2464890
2465358
2467223
2469197
2471201
2472354
2473407
2476092
2476207
2476656
2478813
2479416
2481337
2483876
2483994
2486252
2487242
2488915
2488993
2490207
2491691
2494350
2494728
2497581
2498475
2499547
2501043
2502373
2504469
2505754
2508190
2509709
2510314
2513752
2519173
2520103
2524498
2525454
2526425
2532389
2532563
2533011
2533459
2533596
2535647
2537293
2537329
2538341
2540637
2541812
2541824
2544170
2546662
2547508
2548169
2548642
2548986
2550328
2553361
2555245
2555873
2558259
2558953
2560024
2566137
2571751
2573190
2576157
2583007
2583374
2583830
2584548
2585870
2585914
2586308
2586341
2586820
2587737
2588332
2590625
2594193
2595626
2596156
2597405
2599694
2600948
2602958
2604791
2605234
2605588
2607693
2608950
2609488
2609805
2610127
2611979
2611994
2617532
2621570
2625684
2628248
2634457
2634538
2635996
2640603
2641429
2642776
2643131
2643222
2646529
2646552
2647757
2649826
2651166
2653540
2655248
2657103
2659765
2660905
2661394
2662577
2662628
2667589
2667604
2667962
2669155
2670662
2674172
2674480
2674982
2677073
2677717
2678461
2678731
2679351
2679742
2681660
2682494
2684218
2692561
2697903
2698668
2698731
2701499
2701891
2703311
2704362
2704524
2707668
2709501
2709848
2711140
2714338
2714408
2715630
2717724
2717909
2719479
2719666
2720978
2721985
2724415
2726422
2731268
2734374
2738113
2739460
2739685
2740358
2741879
2742953
2746146
2747358
2751741
2752199
2752561
2752956
2753315
2755625
2758474
2758768
2760562
2761653
2761908
2762720
2763148
2767967
2768793
2769971
2775500
2780820
2781483
2781751
2782074
2783409
2791505
2792551
2792938
2794433
2795899
2795902
2796795
2797058
2798365
2800648
2801215
2801356
2802197
2803809
2804037
2804169
2806908
2807471
2808154
2809987
2810476
2812318
2813403
2823822
2826971
2828646
2829530
2838228
2839743
2843597
2848569
2851015
2861900
2864330
2865215
2866041
2872932
2873069
2874754
2875783
2877773
2878306
2879846
2886012
2888051
2888269
2890665
2892162
2892535
2892559
2892834
2897023
2898172
2899070
2899708
2899834
2900945
2904024
2904770
2906541
2906983
2909476
2910310
2910454
2913283
2915370
2915643
2916776
2923431
2923683
2927675
2932130
2932152
2932863
2933779
2935383
2936146
2936891
2937758
2940654
2941715
2945038
2950802
2952343
2958576
2959149
2959387
2960239
2961829
2964244
2966557
2967980
2971779
2971871
2971910
2975642
2976520
2976973
2978235
2978311
2979802
2980038
2982238
2994425
2995441
2997839
2999346
3000516
3003702
3004249
3007783
3010135
3010937
3011193
3011598
3014135
3014819
3015152
3017019
3018407
3019280
3023729
3024329
3024435
3025579
3025600
3028924
3030420
3031578
3032565
3033906
3034126
3036255
3036846
3040133
3045103
3047919
3048058
3050371
3052586
3055156
3057484
3057714
3057867
3058032
3058052
3059386
3061263
3061449
3062043
3063081
3064433
3068801
3069340
3070365
3073199
3077684
3079962
3080453
3087221
3087871
3094160
3096984
3097631
3103104
3105220
3106237
3107893
3117397
3122541
3124625
3126664
3129923
3130695
3132933
3135912
3137969
3138638
3138732
3139136
3139941
3141020
3141713
3142245
3143875
3144490
3145693
3148499
3148517
3149085
3149902
3151010
3151081
3152813
3154213
3157642
3158915
3160677
3162578
3163952
3164979
3167615
3168802
3169253
3170551
3172942
3179741
3179937
3180094
3181163
3181474
3183339
3187940
3191001
3194014
3194251
3195106
3195224
3199026
3201697
3203686
3204404
3206379
3206618
3207621
3208026
3209697
3210208
3210330
3212521
3212690
3214373
3214809
3215625
3217954
3218517
3224327
3227984
3230158
3231503
3231506
3233089
3233576
3235536
3240011
3240905
3242391
3243227
3243579
3245855
3252443
3255357
3255668
3257443
3258225
3271680
3272116
3274518
3274557
3282291
3282652
3285352
3287464
3288288
3293741
3300278
3301146
3302112
3307973
3313696
3313990
3317551
3318415
3319147
3321145
3327399
3327600
3328350
3328668
3330422
3331334
3336457
3340803
3345744
3347331
3351403
3351409
3351549
3351914
3356076
3357300
3357839
3357880
3358333
3358950
3359642
3360562
3368173
3373510
3376854
3378097
3380806
3383311
3384295
3386220
3388572
3391831
3393916
3394325
3401092
3401709
3402175
3402638
3404992
3407627
3408224
3412631
3413438
3413635
3414795
3416291
3418206
3418851
3419025
3419224
3420311
3422540
3424484
3424626
3425582
3426355
3426490
3428452
3430103
3431913
3432440
3435542
3435821
3438008
3438649
3438819
3444562
3445789
3449906
3451335
3453095
3455154
3455840
3457924
3460298
3465394
3466337
3466754
3468284
3469433
3469534
3469743
3469984
3471430
3473293
3477922
3478035
3478305
3478741
3480254
3482990
3483068
3484350
3486492
3486609
3487083
3487587
3488647
3489283
3489996
3491402
3492173
3493015
3495298
3496714
3502468
3503010
3505478
3505941
3505957
3506181
3507036
3507788
3508197
3510771
3512719
3513809
3516061
3518109
3519130
3522538
3524153
3525153
3528756
3536146
3539202
3540043
3541897
3543845
3546410
3548168
3552374
3554287
3555007
3555710
3555864
3559730
3560404
3563335
3564485
3564689
3566892
3567203
3570942
3574979
3575207
3577439
3578884
3578940
3578984
3578987
3580400
3581942
3583218
3584295
3585828
3589938
3591631
3592147
3592914
3595753
3596512
3597836
3599231
3599570
3599898
3601647
3605372
3606854
3611798
3611892
3612017
3613441
3613703
3614362
3615068
3615477
3617895
3618483
3618521
3619158
3622237
3623642
3624733
3629305
3631851
3633422
3634980
3635424
3635439
3635706
3636674
3646317
3646938
3648725
3649568
3652294
3652695
3655413
3656343
3659131
3659258
3665971
3667125
3671214
3671765
3673165
3674844
3675215
3676449
3683667
3685360
3685555
3686569
3686846
3687659
3689403
3690450
3690785
3696723
3698380
3700251
3701419
3701697
3702941
3704029
3704810
3707989
3708221
3710085
3713626
3715656
3726247
3726799
3729103
3729107
3731410
3737874
3739281
3744589
3745521
3746352
3748746
3749961
3750887
3755721
3757314
3758417
3760272
3761483
3761650
3763841
3771133
3774414
3774522
3775203
3775796
3776179
3776205
3779917
3785051
3785987
3786495
3787389
3790880
3794086
3794330
3796415
3798527
3798948
3803578
3806464
3807759
3811506
3813851
3814753
3815875
3818164
3819341
3820615
3822795
3824271
3827031
3831479
3833162
3836360
3841621
3842312
3843575
3846276
3850972
3852877
3854710
3854742
3856362
3856580
3859410
3859536
3859768
3861892
3863359
3865117
3868343
3868804
3873329
3875676
3875932
3882892
3884517
3887850
3898572
3903852
3905262
3905513
3912370
3912387
3914319
3914407
3916485
3921214
3926397
3928355
3928737
3931233
3933529
3934929
3934997
3938729
3942918
3943285
3945028
3946924
3946961
3947473
3948277
3948700
3949152
3950030
3951192
3952275
3952939
3956208
3956756
3956803
3956994
3957075
3957287
3959709
3959913
3961126
3961316
3961759
3963210
3968349
3968687
3971626
3971722
3977553
3980099
3981758
3981813
3984004
3985342
3985546
3986306
3987720
3990652
3991072
3991901
4008168
4008484
4008880
4009897
4010290
4011391
4012856
4015479
4017971
4018687
4022939
4023449
4025460
4025827
4035465
4038504
4040132
4041932
4043098
4043873
4044215
4044859
4050765
4052331
4053631
4054376
4054974
4055283
4056233
4057005
4061619
4062996
4063929
4064663
4066394
4066589
4069310
4070206
4070830
4073210
4079216
4082209
4084588
4084635
4085274
4089860
4094427
4094936
4095483
4097766
4099237
4100303
4101880
4102143
4103622
4105895
4107479
4107655
4111986
4113659
4115302
4118840
4121471
4121780
4122536
4123819
4126174
4127372
4131197
4134957
4136391
4139311
4139507
4140102
4141649
4146671
4149580
4150195
4150849
4151829
4152111
4152723
4153502
4153879
4154157
4158110
4158447
4164200
4169232
4170499
4170803
4173670
4176412
4177627
4178399
4178960
4179862
4183898
4184262
4185660
4186291
4190437
4190943
4192569
4192958
4196314
4197366
4200967
4202007
4203482
4205551
4208788
4210156
4210367
4210927
4211527
4212297
4216938
4217720
4221250
4223949
4225236
4225706
4227820
4227930
4228274
4229317
4229617
4230327
4233394
4239828
4245773
4247370
4248171
4248418
4253540
4255466
4256461
4259979
4259996
4260883
4261409
4261743
4261793
4264421
4264711
4271945
4275194
4276630
4278642
4279312
4279447
4279546
4280698
4281528
4281994
4285336
4287805
4289976
4293809
4294642
4296744
4303517
4305519
4307787
4308843
4317058
4321115
4323512
4325853
4326427
4333894
4334251
4341966
4346898
4347065
4348412
4348948
4351616
4354387
4355063
4357383
4358139
4361328
4362797
4362980
4363648
4367195
4367751
4367944
4368457
4370244
4372666
4378075
4379724
4380267
4380487
4384588
4386652
4386681
4387630
4388418
4388797
4389678
4390724
4391588
4393820
4397062
4398443
4401926
4402749
4404370
4404866
4405480
4405712
4407039
4411030
4412103
4415192
4418617
4420437
4421470
4422618
4424596
4424606
4425882
4427075
4428254
4428972
4429000
4431810
4433656
4436280
4438469
4440651
4444842
4445610
4445626
4446933
4447230
4448659
4450376
4451869
4452682
4454869
4457319
4459179
4461092
4461545
4462880
4467708
4471776
4476246
4476750
4476818
4477884
4478021
4478753
4478914
4482220
4491066
4493712
4496222
4500693
4500882
4506856
4509598
4510276
4511133
4516634
4516914
4517104
4517390
4521971
4523385
4526165
4527892
4530871
4531174
4533277
4533283
4533509
4534423
4536067
4542772
4542961
4547475
4548222
4552762
4553101
4553427
4556919
4558003
4559566
4561040
4564804
4566361
4567419
4569426
4573763
4575825
4576095
4576759
4577529
4578172
4578501
4579685
4580669
4583256
4583627
4588861
4589436
4589689
4590504
4590552
4591046
4591301
4593908
4598870
4600606
4603370
4604485
4606058
4606612
4614847
4615472
4615494
4615605
4618676
4618839
4619783
4620036
4624466
4626498
4628311
4628892
4629379
4629452
4629763
4629849
4629972
4631970
4632137
4632683
4632990
4634050
4635019
4637744
4638199
4639171
4641718
4645409
4646024
4649105
4650343
4652581
4652837
4653188
4654172
4654334
4658004
4658834
4662503
4663481
4669566
4669930
4670189
4670817
4671731
4683126
4686052
4686165
4689064
4692687
4693822
4694360
4696437
4697095
4699721
4699730
4700209
4703155
4703762
4706126
4708309
4709793
4710568
4712602
4714814
4719747
4722758
4725362
4727270
4728533
4731309
4731745
4731770
4738857
4738919
4742893
4747715
4747719
4752319
4753105
4754213
4756138
4756229
4756614
4759384
4761186
4763617
4764963
4764976
4767239
4768549
4769943
4773410
4774748
4781013
4782245
4783682
4784886
4787569
4787866
4794236
4794784
4795851
4800487
4800969
4802429
4802723
4803832
4805463
4805652
4806274
4808216
4810120
4811422
4811540
4814140
4818996
4819439
4822116
4822874
4825504
4825716
4831996
4833614
4838115
4839148
4842053
4843157
4843483
4844372
4848707
4854545
4858496
4858897
4863450
4863973
4865179
4866468
4867181
4868508
4868735
4872072
4875362
4880001
4880232
4882544
4884822
4885574
4886404
4888469
4891367
4892556
4892940
4895956
4898023
4898265
4900197
4902238
4903187
4903211
4903218
4907551
4908440
4909708
4911420
4912780
4913217
4916247
4917391
4917911
4918574
4918852
4919411
4925460
4925789
4926644
4930140
4933208
4933656
4936783
4939268
4941500
4943220
4944159
4947489
4954619
4955165
4958314
4959267
4960225
4963457
4964501
4964746
4966276
4968121
4970470
4974844
4975441
4976520
4980072
4980716
4982007
4982630
4986633
4994483
4995772
4996378
4997513
4998746
5001120
5001519
5001543
5001619
5004743
5005105
5005154
5009251
5009523
5009608
5011575
5013437
5014877
5014905
5018978
5020581
5024579
5025222
5025707
5026403
5030119
5030501
5031478
5033613
5036778
5039862
5041921
5042796
5043293
5045963
5056975
5057998
5058343
5058627
5058711
5059483
5060614
5065552
5065768
5068105
5069415
5072733
5073117
5073753
5076252
5079121
5080549
5080972
5083917
5084011
5084162
5085275
5090376
5091864
5094997
5095616
5096208
5097313
5099779
5101829
5106030
5106471
5109208
5110420
5110695
5111347
5112152
5113408
5116376
5116824
5118791
5120090
5120716
5121563
5121597
5121840
5126321
5126463
5128422
5129012
5129603
5130111
5131656
5133077
5133962
5134279
5134524
5134957
5139667
5140062
5140377
5141062
5141973
5144765
5145669
5147093
5147258
5149651
5154439
5155781
5159563
5164592
5165808
5166957
5168547
5170239
5172408
5174294
5178013
5182756
5185946
5197001
5197085
5197956
5198330
5200027
5201648
5202043
5203898
5206150
5206590
5207318
5209200
5211860
5216706
5218806
5220017
5220113
5220317
5220446
5222838
5223727
5228723
5229050
5230092
5236060
5236179
5242575
5242640
5242976
5243775
5243835
5245816
5246983
5248852
5249897
5249976
5250347
5254996
5257356
5257449
5259931
5260646
5260912
5262323
5262870
5262882
5263030
5264178
5267722
5269433
5271861
5273682
5274320
5276598
5279075
5282493
5282886
5283260
5283877
5290000
5292521
5293728
5293733
5298947
5299658
5300104
5305624
5306522
5309123
5311149
5311402
5312256
5312887
5315728
5315743
5318350
5322126
5324233
5324929
5326724
5328391
5330875
5332845
5341543
5342143
5344879
5345436
5347995
5353513
5354166
5354874
5355715
5357635
5358104
5358187
5358374
5359954
5362495
5363191
5363989
5364621
5365104
5365273
5365536
5366143
5368294
5369362
5369730
5370573
5374191
5375153
5379116
5380500
5386341
5388944
5390009
5394477
5394522
5395125
5395679
5395815
5397790
5398808
5400738
5407385
5407404
5409063
5409896
5411013
5412394
5414564
5414753
5414962
5415770
5416477
5419735
5420000
5420320
5421839
5423469
5426702
5430396
5434046
5434172
5434578
5435681
5437830
5440471
5440788
5444432
5445298
5446987
5451455
5457814
5458339
5462013
5462037
5462330
5464047
5471587
5471847
5478611
5478715
5480157
5481158
5481438
5483011
5483518
5487115
5489397
5489896
5495504
5499648
5500021
5500101
5501789
5503336
5503371
5504034
5504580
5507440
5508997
5513271
5515245
5515418
5518982
5523522
5525827
5530263
5530768
5531491
5532079
5534123
5534488
5534809
5539966
5543912
5544060
5546174
5546636
5549204
5551741
5552649
5553320
5554623
5557895
5559638
5560560
5561568
5562898
5563431
5563630
5567280
5567421
5569198
5569959
5571212
5571391
5572369
5573232
5575100
5578179
5580515
5583490
5584908
5587031
5588092
5591327
5592390
5592443
5593086
5593339
5597856
5601036
5601907
5605272
5608435
5610411
5614222
5615512
5615766
5617248
5618052
5619177
5619876
5620032
5625790
5628408
5632237
5635999
5636763
5638067
5639662
5640501
5641312
5643549
5645738
5649341
5654230
5659561
5667956
5668021
5668994
5670542
5670612
5670956
5673346
5677582
5677920
5680650
5680969
5681195
5683146
5686177
5686367
5687556
5688769
5690036
5692265
5694377
5695588
5696178
5696271
5700025
5700932
5701266
5701417
5701423
5703989
5705105
5705435
5710344
5712561
5713571
5715745
5718468
5721889
5722484
5725647
5727379
5729095
5733010
5737654
5741982
5742681
5744857
5744915
5746455
5746564
5747341
5749854
5753879
5754765
5755519
5756522
5756549
5758084
5759496
5759507
5761945
5764783
5768446
5774079
5774680
5777365
5781787
5782741
5783160
5783571
5783926
5784735
5788853
5789758
5796180
5796904
5799875
5800028
5800581
5804594
5809547
5810641
5810990
5814373
5814866
5818843
5820009
5821122
5822017
5824877
5827750
5829769
5832734
5833002
5834417
5838063
5843461
5855599
5857665
5859268
5861169
5864090
5865363
5865682
5866603
5869518
5869751
5872234
5874655
5875010
5878491
5879625
5883368
5883719
5884566
5886924
5890972
5893089
5898426
5905602
5906304
5907589
5913056
5913432
5915189
5916800
5917401
5921671
5924110
5925267
5925470
5928155
5931220
5934519
5936111
5936163
5936187
5936548
5938714
5939176
5941040
5942300
5942408
5942458
5942843
5944250
5949482
5949553
5954042
5955122
5955208
5957595
5958866
5960012
5961665
5962032
5962274
5962644
5965399
5968170
5971062
5971618
5971863
5972127
5973214
5974173
5975429
5977084
5978917
5979953
5985378
5988206
5990566
5992169
5992288
5993009
5993685
5998745
6000232
6001705
6003252
6005195
6008424
6012462
6016970
6017221
6017362
6020628
6021225
6022385
6022834
6025282
6026183
6026938
6027145
6027604
6029268
6030215
6030535
6037692
6038072
6039268
6048758
6049434
6051920
6052672
6053181
6055732
6058476
6059568
6059768
6064547
6065150
6066070
6068478
6069812
6078638
6080686
6080722
6081177
6081935
6083115
6086937
6088525
6090444
6091043
6092307
6093740
6096801
6098187
6099767
6102280
6104110
6105460
6106117
6106261
6116493
6118258
6127015
6129428
6130655
6130894
6131355
6134637
6134701
6141653
6142296
6142595
6143107
6145727
6146559
6150073
6155897
6155906
6156211
6163506
6164076
6166418
6169975
6172089
6174554
6175973
6176884
6177255
6177421
6178206
6184546
6184792
6186031
6186717
6187027
6187253
6187255
6188329
6197659
6197865
6203775
6205251
6209820
6210005
6212231
6214558
6218935
6218965
6221454
6226897
6229273
6232478
6233018
6237767
6239049
6239421
6241224
6241677
6242808
6245717
6246526
6247975
6248714
6249092
6249791
6253207
6255196
6260337
6261946
6262653
6263896
6265293
6267093
6267891
6269272
6269660
6269933
6273031
6273955
6274942
6275585
6277638
6277979
6278017
6278361
6278415
6279980
6288230
6290025
6290329
6292231
6294937
6302851
6302948
6303166
6303307
6303713
6305335
6306902
6309980
6310040
6313557
6315308
6316442
6317317
6319873
6322111
6324939
6325072
6330201
6330877
6331150
6332260
6333277
6336632
6337588
6340641
6341066
6344291
6345990
6350247
6350766
6351856
6352594
6354338
6356080
6356720
6360801
6364825
6367981
6370108
6371456
6379903
6381578
6382710
6386866
6388967
6389408
6390401
6390949
6391207
6391991
6392012
6394965
6397738
6398484
6402628
6402814
6404065
6405631
6405951
6406063
6407870
6410495
6410938
6411970
6412389
6413067
6414427
6419328
6419882
6420207
6420480
6421957
6423696
6424045
6425491
6426988
6427543
6431214
6436507
6436626
6436795
6440487
6441375
6441895
6445181
6445235
6446384
6447055
6450290
6451192
6454372
6457938
6459656
6465001
6470850
6474542
6476399
6478844
6480047
6481647
6486917
6487981
6490387
6495437
6496669
6497611
6497965
6499015
6499411
6501770
6504100
6504195
6505406
6506801
6507727
6508394
6509760
6511782
6512025
6514054
6515791
6523556
6523944
6525921
6526065
6526713
6528463
6528694
6528706
6530119
6531658
6531905
6532059
6537004
6539000
6540191
6541898
6541942
6542017
6551313
6553146
6555561
6556310
6557233
6557856
6558038
6564284
6564416
6565150
6565219
6565280
6576803
6577772
6579543
6580860
6586280
6587722
6589392
6591513
6591698
6594590
6599075
6601053
6602810
6605117
6607591
6614162
6617700
6618130
6618726
6623715
6628291
6629945
6633278
6634603
6637268
6639582
6640056
6642774
6648627
6650181
6651283
6653477
6654426
6654893
6656537
6657054
6661467
6665056
6667145
6667354
6669288
6670105
6681320
6682429
6684951
6691055
6691555
6692203
6692510
6697156
6698804
6698843
6701550
6702551
6702583
6712525
6716909
6720564
6725496
6728880
6729920
6735714
6735746
6740309
6742762
6743187
6746515
6750999
6752403
6754368
6759286
6760017
6761659
6763512
6764677
6765720
6772699
6773402
6777793
6780356
6781348
6782609
6782755
6785089
6786468
6792079
6792684
6798679
6799801
6804218
6804357
6804710
6805022
6806190
6810044
6815683
6815962
6817483
6818555
6822762
6827636
6828556
6830918
6831882
6833711
6833797
6833887
6838415
6839201
6839604
6840189
6840230
6840596
6843356
6852824
6855609
6856503
6857278
6859153
6859894
6860195
6861804
6862747
6863622
6865009
6865314
6865649
6866391
6872275
6872921
6874122
6878755
6883066
6883555
6886977
6888298
6889608
6890167
6891081
6893609
6894152
6895490
6895673
6899872
6906882
6907786
6907930
6909051
6909158
6909452
6910032
6910344
6911668
6915234
6916118
6918715
6923800
6925448
6926301
6930663
6933130
6937321
6937518
6937740
6942441
6944487
6945280
6949213
6949922
6952609
6957740
6959705
6963135
6963529
6965687
6966472
6969251
6969853
6970531
6977485
6981568
6982644
6983282
6990466
6994258
6997901
7000639
7000993
7002082
7006960
7008275
7009671
7014371
7022257
7022940
7023399
7024684
7027648
7028083
7028506
7030365
7033191
7033694
7034130
7040742
7043674
7044213
7051866
7054270
7055381
7055812
7056206
7059610
7061187
7061666
7062487
7063147
7066054
7067543
7068822
7068968
7074219
7081615
7084606
7085969
7086369
7088389
7088930
7091349
7091456
7092407
7093830
7094201
7097357
7098055
7099404
7101164
7105586
7106931
7108051
7110300
7110812
7113157
7114516
7119857
7126177
7126464
7126662
7128181
7130685
7131285
7131337
7134050
7134328
7137834
7141086
7142630
7142789
7144792
7145159
7145237
7145315
7145708
7148099
7150667
7153597
7155484
7158743
7159176
7161565
7162824
7163786
7168988
7169393
7169925
7170998
7174026
7175893
7179367
7181830
7182038
7184020
7186243
7193253
7193768
7193886
7194770
7194890
7195437
7195680
7196447
7196747
7199014
7201088
7201986
7202466
7202975
7210333
7210633
7211050
7211645
7212623
7213835
7214969
7215709
7216552
7221120
7221835
7222068
7222818
7223343
7224838
7226742
7227010
7228225
7229386
7232007
7232411
7232777
7233673
7234184
7235117
7239146
7239966
7240919
7242328
7242703
7243189
7245094
7245386
7247897
7251595
7252257
7254283
7254803
7257410
7262038
7263497
7263910
7266439
7268264
7268280
7270126
7273987
7274717
7275272
7275461
7275499
7276126
7276908
7280025
7286637
7289041
7289982
7291292
7291376
7292508
7294391
7294484
7294940
7295883
7298847
7299760
7299936
7305043
7305558
7308922
7309173
7309296
7312578
7312636
7315259
7315597
7317591
7320813
7321586
7323400
7323771
7323977
7324023
7325964
7328904
7329765
7332365
7333745
7336526
7340982
7341299
7342704
7343747
7347006
7347398
7347968
7348251
7348329
7349327
7350958
7351761
7352515
7358652
7359537
7366417
7366535
7367001
7367284
7367400
7367991
7375579
7376458
7379626
7379774
7380536
7381103
7383022
7383502
7385048
7387418
7387686
7390003
7393079
7397200
7401560
7403539
7406652
7407463
7407989
7408501
7408841
7410638
7412434
7413643
7413654
7415792
7418836
7419845
7420709
7421922
7422726
7425693
7426352
7427468
7430886
7436408
7436934
7437714
7440757
7441831
7446818
7449042
7453947
7454819
7455302
7455859
7457056
7460006
7465610
7467893
7468189
7468544
7468604
7468802
7469944
7470136
7471696
7474522
7474951
7477009
7477224
7477689
7481095
7481547
7482206
7482571
7488717
7489873
7490141
7490212
7491469
7492829
7493755
7497284
7500110
7501884
7504587
7505648
7507026
7508795
7509530
7509965
7512080
7514631
7515053
7520358
7520487
7520713
7520928
7522398
7523805
7526586
7526832
7529239
7529244
7531232
7532674
7534048
7535339
7535947
7536076
7538720
7540985
7542150
7542864
7543140
7546158
7547422
7547595
7564336
7565853
7565981
7566280
7569785
7572628
7580782
7581460
7585656
7586242
7588814
7589247
7592223
7598752
7600149
7601670
7603391
7605661
7606035
7606362
7607005
7609510
7613679
7614476
7615394
7615784
7615944
7619435
7620539
7623526
7625033
7625632
7627300
7629570
7634137
7634583
7635044
7636738
7637450
7642016
7647934
7649203
7650590
7650901
7652591
7652716
7653438
7654303
7654719
7660011
7660478
7661553
7662725
7662790
7663294
7667510
7669852
7669974
7670254
7670490
7671550
7672190
7675458
7675620
7675700
7681756
7681889
7683284
7683385
7683661
7683909
7684074
7689311
7691114
7691465
7692710
7693220
7693817
7698362
7699924
7700403
7703955
7705916
7706826
7708958
7710310
7710931
7710998
7711435
7713568
7720348
7720501
7726444
7726533
7726792
7727588
7732045
7734563
7735398
7739101
7739876
7741263
7741660
7742648
7745328
7747065
7747732
7749136
7749508
7749986
7752879
7753001
7753973
7754675
7763153
7765310
7766265
7769396
7772094
7772496
7773111
7773945
7774113
7777649
7784871
7785168
7785855
7788836
7796452
7799324
7799885
7801762
7803207
7804695
7807346
7807824
7809800
7815141
7817348
7819937
7820007
7821195
7823411
7825481
7825534
7825651
7825904
7826134
7832391
7833779
7837020
7837652
7844612
7846026
7847756
7851440
7853538
7854405
7857209
7859124
7860121
7860963
7862376
7863006
7865170
7867213
7870212
7871458
7872012
7872723
7875609
7882062
7884541
7890740
7896474
7899163
7901358
7904889
7908677
7911267
7912406
7914512
7914640
7915705
7920988
7921477
7932539
7932598
7932845
7933336
7935707
7937153
7937250
7938302
7939728
7940140
7941304
7943574
7948516
7948617
7950802
7950987
7951022
7952427
7955181
7963984
7965762
7967599
7968506
7968963
7970887
7970998
7972598
7973106
7975223
7978702
7980589
7981157
7981540
7984613
7984981
7985431
7989783
7991996
7994323
8000022
8000443
8005260
8007286
8008096
8010350
8011839
8012255
8012959
8015001
8015159
8015626
8016378
8017567
8018089
8020370
8020851
8021960
8022402
8024376
8025055
8025135
8029019
8029553
8034128
8034731
8034959
8038828
8038920
8043730
8048760
8050791
8051760
8055987
8057360
8059017
8061349
8062052
8067324
8068348
8070104
8078313
8080612
8082772
8084386
8085760
8085821
8086193
8086926
8088366
8092626
8094084
8094489
8094521
8095418
8095465
8096101
8096971
8097159
8100987
8101532
8105246
8110299
8115227
8119200
8119886
8120649
8122247
8123041
8123302
8123832
8126177
8126346
8126403
8127052
8127294
8127970
8128000
8129253
8129447
8130711
8132816
8136301
8139103
8141508
8142180
8143458
8148915
8154482
8155385
8157493
8163450
8163529
8164392
8165745
8167802
8170118
8170286
8172914
8173758
8174912
8175616
8176154
8177534
8177662
8177783
8178230
8180353
8180996
8181153
8181448
8181544
8189127
8190945
8192876
8206936
8207871
8208658
8209456
8210413
8213660
8216233
8216708
8217139
8219542
8222272
8224139
8225550
8227054
8230255
8230278
8230610
8231528
8232213
8235437
8236174
8240539
8241753
8242646
8246019
8246525
8248495
8250276
8254762
8256622
8259019
8259891
8264340
8267629
8268343
8272808
8272906
8275744
8276226
8278050
8279249
8282417
8283575
8286768
8287628
8287965
8288229
8290864
8295258
8296401
8306604
8307274
8308148
8312270
8313951
8314210
8315758
8317540
8320035
8320498
8321605
8323544
8325421
8325686
8327380
8328261
8328831
8329013
8333319
8333546
8333554
8333978
8335170
8339739
8343713
8348137
8349965
8350708
8352030
8355476
8357421
8359944
8360205
8363725
8365347
8365575
8366167
8366890
8372475
8373057
8373199
8374713
8375264
8375484
8382566
8382897
8385072
8385364
8388810
8390534
8390835
8392542
8394114
8394716
8398903
8400390
8404643
8405259
8411512
8411728
8412365
8414270
8414424
8416759
8416769
8416802
8421410
8422429
8426845
8427066
8428968
8430452
8431393
8431609
8433326
8435839
8441403
8445119
8447282
8450713
8455795
8458217
8465774
8467087
8467357
8468080
8468303
8468784
8470074
8475296
8476150
8476722
8478230
8482476
8484612
8484900
8487920
8491906
8493906
8495421
8498777
8500291
8500827
8501389
8503318
8507133
8507845
8514381
8514834
8518406
8519530
8519632
8520403
8520684
8521426
8528109
8530210
8532867
8537027
8537382
8539790
8541829
8545314
8546032
8546820
8547715
8549227
8551745
8551910
8552005
8552526
8554433
8558387
8560125
8560195
8561454
8563298
8564637
8564840
8564936
8567421
8569383
8574820
8576506
8579011
8579408
8584621
8584738
8587326
8587676
8588947
8591849
8592269
8595680
8596856
8598578
8600633
8604001
8607047
8607163
8607198
8609025
8610383
8612346
8613135
8620467
8622017
8622348
8622757
8623281
8623351
8625163
8626800
8631544
8632491
8632896
8636714
8639811
8642415
8645885
8646620
8649123
8650008
8651503
8653571
8655883
8657019
8657286
8657439
8658085
8658418
8659664
8660319
8661018
8662874
8664356
8664615
8664971
8666389
8672172
8673468
8678332
8679734
8680043
8680073
8680387
8681464
8684564
8684825
8685758
8686368
8688069
8688248
8689309
8690449
8692997
8693000
8693995
8694872
8704027
8705133
8705737
8707147
8707669
8707830
8711746
8712190
8713774
8713982
8716460
8716607
8721583
8721861
8722473
8725064
8725270
8729365
8729610
8734602
8735009
8736831
8736976
8742661
8746359
8752162
8754536
8755049
8758062
8759380
8764867
8765238
8767408
8768950
8772135
8774271
8774470
8775326
8782570
8782727
8786903
8788257
8789376
8789755
8789774
8790171
8790627
8790817
8790931
8791287
8792030
8792995
8797628
8797640
8798914
8799379
8800555
8808234
8809438
8810312
8811002
8814494
8815401
8816181
8817045
8821336
8824362
8825621
8829852
8830174
8831776
8834176
8836557
8836736
8839040
8841404
8843720
8845961
8853744
8854414
8855194
8856361
8857810
8859418
8859722
8860579
8860864
8861587
8863570
8864107
8866680
8871027
8875608
8875749
8878129
8878399
8880039
8880956
8881908
8883888
8884947
8887832
8892347
8893498
8895349
8895835
8896087
8898133
8899650
8901072
8904414
8904652
8904935
8907079
8908593
8909766
8912711
8916879
8918142
8921086
8924342
8924851
8928360
8929073
8930043
8931581
8934491
8935124
8935340
8935450
8936150
8942284
8943745
8944258
8948184
8948865
8949392
8949623
8951953
8954074
8954823
8960214
8962304
8963924
8964873
8971000
8971176
8972130
8973094
8976396
8978203
8978404
8984921
8985601
8987714
8989946
8990786
8991496
8992038
8992181
8996444
8997845
8998732
9006108
9007503
9009320
9012617
9014499
9017597
9023747
9027242
9031367
9031596
9034508
9036691
9037982
9038126
9038930
9039346
9039709
9046168
9046981
9047875
9048634
9051474
9055734
9055989
9056669
9058977
9061960
9062027
9062050
9062520
9063380
9065581
9068390
9070159
9071606
9072310
9076932
9077370
9078084
9078271
9078950
9079722
9080344
9081130
9082349
9085470
9086396
9087371
9087572
9089595
9090953
9095998
9098088
9098163
9104325
9104413
9107248
9107313
9113905
9114323
9116457
9118894
9120680
9125875
9131323
9138646
9141950
9142482
9149293
9150704
9154576
9162455
9163838
9166911
9168803
9169036
9169354
9169905
9177580
9178146
9179040
9184607
9187912
9190992
9195318
9197739
9198996
9199957
9200078
9203418
9203996
9205986
9208600
9211262
9213256
9215028
9216502
9216614
9216842
9217751
9218324
9218605
9219657
9219697
9226495
9226892
9227349
9228274
9230068
9230709
9231352
9233062
9233569
9235237
9236619
9241596
9241711
9245922
9245965
9246612
9246755
9246902
9247272
9247917
9251128
9253129
9256659
9259726
9261980
9264967
9266326
9267566
9267588
9268097
9268157
9269580
9270178
9271383
9271792
9274534
9275092
9281643
9283364
9283396
9283891
9288405
9289697
9290567
9295799
9296571
9296812
9298830
9300790
9301704
9303451
9304377
9305353
9306627
9308875
9312080
9313110
9314612
9314853
9317701
9319906
9320633
9321550
9324100
9324343
9326654
9329920
9335404
9336831
9337600
9343807
9349242
9349849
9351392
9354623
9354715
9360228
9363279
9365520
9369935
9372207
9374803
9376517
9380350
9383475
9386249
9386720
9391842
9392918
9393500
9393534
9394691
9400583
9403452
9406360
9407552
9415128
9419907
9420142
9421774
9422483
9424900
9425417
9426313
9435185
9436038
9436726
9437687
9438861
9439277
9442190
9442673
9443137
9443725
9443946
9444648
9444682
9445283
9446028
9447238
9449331
9449998
9454627
9458043
9460356
9460476
9462795
9463733
9465240
9466456
9467096
9468694
9469479
9470438
9471122
9471588
9476588
9476678
9476839
9476902
9478211
9478785
9478885
9481034
9481313
9481537
9481607
9483508
9483896
9484552
9485056
9486232
9486634
9488783
9489355
9493271
9495703
9497326
9498396
9499310
9505447
9508384
9511769
9513119
9520654
9522858
9524562
9526812
9533552
9537621
9538702
9539404
9539493
9541001
9544512
9545106
9545229
9549178
9550370
9552710
9554077
9560318
9560416
9561669
9562398
9562514
9563715
9563796
9567139
9567510
9572075
9573718
9574052
9576449
9578453
9581479
9583278
9584843
9585240
9585842
9586438
9589300
9593808
9594509
9595688
9598005
9601707
9608427
9609321
9610532
9612209
9613301
9614393
9616054
9621202
9622060
9623818
9625669
9626416
9630658
9634132
9634348
9634551
9637070
9637220
9637843
9638419
9639105
9640454
9640576
9641973
9648353
9648400
9648975
9654227
9654451
9655102
9655873
9656303
9659468
9661155
9666073
9666754
9667604
9667969
9670851
9674272
9674797
9678395
9678445
9679948
9684768
9689416
9691506
9694149
9695582
9696916
9696992
9697865
9703842
9706358
9709231
9710146
9713203
9714462
9715294
9715800
9716950
9717405
9718940
9720607
9722484
9723010
9723825
9724925
9726129
9726410
9727211
9728335
9733927
9743148
9743435
9744786
9746495
9746660
9748398
9748496
9749125
9751650
9753801
9753915
9755518
9756108
9757580
9763541
9766409
9769835
9773778
9776301
9776389
9776571
9779981
9780598
9780679
9783107
9785263
9789698
9790001
9792175
9794736
9795275
9798395
9800417
9804760
9805215
9809323
9810401
9810802
9812613
9813523
9814577
9815969
9816401
9818072
9818279
9820129
9820282
9821576
9823828
9825258
9825527
9825823
9826464
9830220
9833825
9835413
9836952
9842785
9843222
9843301
9845100
9846108
9848131
9848631
9855802
9857159
9859654
9860070
9860271
9860388
9863166
9864576
9868742
9871770
9872813
9876003
9878187
9883313
9884927
9885088
9886931
9888148
9897375
9897687
9899803
9899923
9901292
9902017
9907434
9908858
9912263
9915259
9915353
9915441
9917429
9918100
9918183
9918624
9921318
9922480
9923986
9924919
9926304
9926497
9929162
9932749
9936922
9939574
9942426
9943575
9944718
9945022
9948695
9950203
9952536
9952911
9954592
9955664
9957301
9957596
9959800
9962665
9962749
9965144
9967052
9969801
9973944
9975225
9976145
9977040
9979939
9980519
9981048
9981368
9982212
9983094
9984430
9985324
9985445
9986878
9987011
9989912
9994528
9994850
9998578
10005004
10005008
10005776
10008028
10008786
10012881
10014553
10022088
10022148
10023152
10024305
10025622
10027790
10031369
10032591
10032676
10034420
10035516
10035878
10037860
10038328
10040591
10041351
10044399
10045731
10049166
10052828
10053282
10053823
10053876
10057870
10059096
10061283
10061364
10062504
10063096
10063110
10066133
10069441
10072719
10073141
10074114
10074906
10075589
10083552
10085138
10088368
10095120
10096746
10099723
10105629
10112845
10114252
10115320
10117264
10118957
10127206
10127451
10130759
10132830
10133346
10134462
10135377
10136309
10143371
10143985
10147261
10147290
10148283
10148639
10150007
10150648
10153201
10154482
10154640
10156054
10156589
10161699
10163874
10166362
10168254
10170443
10170982
10178949
10183597
10185307
10185396
10186252
10187085
10187638
10193688
10193871
10193997
10196148
10196921
10198635
10199045
10199757
10199984
10200510
10204775
10205656
10208273
10210654
10211703
10212914
10213799
10214320
10217123
10217363
10218305
10219981
10220892
10221913
10225901
10226331
10226983
10227163
10230269
10231418
10234053
10235269
10240810
10241337
10242707
10244112
10246519
10246597
10247585
10249610
10249842
10251335
10262803
10262956
10269036
10271044
10273272
10273594
10273882
10277151
10279144
10281362
10281607
10283525
10285297
10290286
10291338
10292323
10293410
10294758
10299146
10299902
10301746
10301802
10302958
10303982
10304257
10306788
10311143
10321685
10322512
10322988
10323498
10324760
10328922
10330221
10331615
10333062
10333439
10333605
10335560
10338790
10340995
10342119
10342409
10343925
10345472
10346268
10348170
10349856
10357654
10360461
10360916
10362002
10366020
10368403
10379612
10379956
10382852
10384293
10388938
10391723
10394288
10394399
10394711
10397449
10401143
10401872
10401892
10403190
10407028
10408056
10409441
10414240
10415351
10416115
10418833
10419308
10423612
10424603
10424898
10431604
10432771
10434628
10440057
10443744
10443963
10444347
10444918
10448678
10455225
10456746
10460800
10461176
10461907
10461993
10465272
10470509
10470730
10473531
10474202
10476060
10476426
10479096
10480439
10481306
10481842
10482118
10484882
10485902
10486241
10486281
10486943
10487429
10488682
10489705
10494239
10494640
10498706
10500352
10501075
10506678
10510014
10510226
10511216
10512836
10516429
10516561
10518577
10523143
10524559
10526565
10527693
10528275
10528463
10530077
10538277
10539286
10539761
10541558
10541784
10542032
10542912
10543381
10544708
10548638
10550498
10551608
10552654
10553576
10554198
10555671
10558443
10558855
10564508
10565870
10567630
10567671
10570786
10575770
10577527
10577531
10580218
10580717
10580925
10591367
10593286
10594115
10600204
10601006
10601520
10602549
10605624
10606517
10609010
10611076
10611404
10613587
10615459
10616276
10617966
10620664
10623715
10626058
10626499
10626544
10627069
10627923
10630391
10632385
10633806
10634154
10638036
10638444
10638604
10641645
10642281
10642609
10642771
10644542
10644885
10647119
10647272
10647360
10653306
10656660
10658242
10659954
10659994
10660004
10660101
10660788
10661600
10665420
10667102
10668692
10669563
10671331
10675444
10681183
10684972
10688625
10691807
10694109
10698844
10704567
10705898
10707825
10711126
10711304
10714904
10715325
10715525
10724250
10724822
10728036
10731063
10732832
10734788
10736580
10736911
10739604
10739763
10742357
10744929
10745482
10751812
10753595
10755884
10756672
10757023
10759335
10759963
10760779
10762970
10764804
10765723
10768145
10769648
10772792
10773421
10773427
10776493
10780468
10785654
10786343
10786574
10787426
10788948
10790088
10790969
10793186
10793522
10793670
10796270
10796605
10797139
10798470
10799344
10806682
10809226
10809799
10811719
10813034
10814780
10817823
10818736
10819278
10819507
10820821
10821419
10822319
10824017
10824419
10825142
10828079
10828586
10829016
10829836
10835096
10835364
10835773
10836465
10838309
10838513
10839052
10839335
10841711
10843713
10846018
10848748
10848781
10851608
10851947
10852220
10852386
10852657
10853113
10856150
10859017
10863018
10863554
10867233
10867976
10868098
10878077
10878642
10881317
10883188
10887205
10889364
10889592
10891725
10894285
10895999
10903067
10905265
10905756
10909478
10913976
10917031
10918669
10919060
10919207
10921013
10922522
10922722
10926492
10930096
10930159
10931726
10932095
10932447
10932714
10933288
10933334
10936385
10937624
10937814
10939553
10939748
10942743
10942773
10942958
10944840
10945665
10949661
10951798
10953317
10953618
10954905
10955256
10956550
10957836
10957876
10960157
10961647
10966991
10967353
10972589
10978925
10986578
10988755
10991188
10991877
10993806
10995793
10997232
10997795
10999776
11002300
11002474
11002897
11003382
11012513
11015319
11018444
11020725
11021298
11022088
11027144
11030189
11034021
11034530
11035338
11036894
11043043
11048093
11048699
11053805
11055479
11055893
11057835
11058456
11060087
11061477
11061717
11062332
11063213
11066667
11071084
11071820
11072150
11077619
11078468
11079370
11080551
11084871
11087584
11088751
11089232
11089591
11089879
11091118
11091836
11092249
11094238
11094474
11094831
11095553
11096600
11100850
11101044
11101067
11107556
11113231
11113887
11114732
11119243
11119312
11119395
11120809
11122635
11123641
11125720
11128810
11131916
11132810
11137428
11139067
11139802
11142483
11143242
11146033
11146871
11147049
11149015
11152654
11153071
11157005
11160695
11165517
11167539
11168586
11169476
11169980
11172054
11174392
11174580
11175156
11180245
11180647
11183118
11183864
11184530
11185733
11186045
11191663
11196417
11199168
11199696
11200151
11204547
11209647
11211346
11214726
11218245
11219936
11220199
11223336
11224578
11227068
11227493
11229027
11229060
11230933
11232254
11234119
11234175
11236059
11237607
11238442
11239354
11239912
11240204
11240355
11242305
11242948
11245322
11246483
11246934
11248623
11248948
11252174
11254224
11255358
11260293
11260681
11262005
11264915
11265379
11271069
11271160
11275586
11275635
11277512
11278555
11281612
11283545
11283650
11284392
11284808
11289132
11290260
11290808
11291136
11292561
11295460
11295605
11296620
11298588
11301620
11302846
11308189
11308995
11309906
11310338
11311056
11312023
11313663
11315287
11316623
11323529
11324324
11326611
11326919
11333394
11334315
11338452
11339055
11340747
11341499
11342590
11343022
11343527
11345745
11345765
11346721
11346971
11348461
11348925
11349990
11350481
11350602
11351096
11351412
11351421
11352431
11356595
11360670
11366224
11366802
11372605
11372839
11373112
11376112
11376943
11378370
11381385
11381436
11382494
11386841
11387263
11391838
11392144
11392448
11392847
11392875
11397742
11397773
11400909
11402157
11402274
11404362
11413101
11415709
11417084
11417766
11418773
11420151
11420789
11423455
11425553
11429676
11430915
11433971
11434046
11434352
11436012
11436978
11437401
11437914
11441928
11444484
11445443
11446138
11450128
11450707
11450797
11451246
11451736
11452976
11453337
11456482
11456924
11457622
11459266
11464019
11464284
11464384
11466031
11466118
11467122
11467830
11472165
11472859
11474688
11474840
11480943
11481126
11482384
11482761
11482773
11485652
11485921
11489017
11490138
11491906
11492419
11494409
11496783
11505849
11506518
11507386
11508962
11511818
11511897
11519450
11519652
11521910
11524048
11524073
11525493
11527285
11530504
11530822
11531174
11531964
11533815
11539022
11551656
11557825
11561033
11561248
11563511
11566045
11566275
11567274
11568166
11568197
11568929
11569248
11569837
11571082
11573635
11573762
11576797
11576993
11578045
11579520
11582151
11584283
11584808
11586155
11586792
11586899
11587685
11588875
11591366
11592639
11593421
11593943
11594379
11601202
11601334
11601475
11605121
11606046
11606368
11606402
11607534
11609460
11618990
11622641
11624803
11626013
11626291
11628279
11628570
11628587
11629095
11629306
11629871
11630021
11631263
11631612
11637051
11655429
11656760
11662548
11662756
11663064
11663368
11663699
11664266
11665265
11668055
11669788
11673163
11673225
11673534
11674487
11674698
11676995
11677755
11690143
11692394
11692446
11693227
11693662
11694931
11695635
11698358
11704208
11705881
11708875
11710018
11717742
11720741
11723368
11724486
11724726
11728541
11729321
11729551
11730196
11731065
11732118
11732477
11733092
11733737
11733927
11734309
11738723
11740181
11740464
11741279
11743443
11743879
11745226
11745411
11749775
11752364
11753111
11754377
11756431
11759749
11762040
11764657
11766902
11767827
11767914
11768203
11772163
11775481
11775931
11782197
11784634
11785768
11786992
11789324
11789501
11793672
11795332
11797015
11797200
11797393
11798309
11798367
11800031
11800899
11806212
11807891
11808021
11808811
11809001
11810171
11810243
11811771
11811782
11815299
11815370
11816732
11817775
11818734
11820097
11825121
11829518
11831757
11833452
11838771
11839680
11839959
11841508
11844448
11845458
11847246
11848339
11850118
11850253
11850271
11851575
11852926
11853575
11855152
11859061
11864418
11865186
11867075
11867956
11871076
11871603
11872840
11876120
11876416
11876740
11878348
11879467
11884665
11888302
11892632
11892871
11895130
11896208
11897938
11902519
11906258
11907305
11911653
11912753
11912903
11914729
11915783
11917430
11918095
11920574
11920829
11922296
11922755
11925693
11927283
11931860
11932821
11934956
11935332
11939247
11939801
11943416
11945059
11946515
11950068
11950647
11951096
11951842
11956322
11957739
11960669
11961584
11964183
11965749
11967525
11971122
11971402
11971404
11974878
11975786
11977696
11980049
11980411
11982252
11983837
11987421
11989602
11992924
11998762
12002669
12003286
12008972
12009868
12015369
12016519
12017801
12018914
12020035
12022347
12023634
12025206
12026553
12030953
12032726
12033791
12034026
12034542
12035819
12036852
12038068
12040161
12042443
12045251
12046797
12056954
12058465
12061329
12063557
12065384
12066192
12066371
12066652
12069777
12070775
12071351
12073130
12074080
12074793
12075161
12080433
12081004
12081329
12082887
12083063
12083300
12085289
12089969
12093368
12094025
12094564
12094843
12095335
12095851
12096988
12101871
12104904
12109613
12109649
12110010
12111250
12111458
12113102
12113634
12113765
12116449
12117407
12122117
12128983
12129526
12129584
12130952
12130973
12132195
12133263
12134778
12139216
12140021
12140451
12141907
12143035
12143450
12146464
12146636
12148898
12150231
12152822
12154563
12155118
12159261
12159607
12161233
12161348
12163423
12166311
12170155
12171661
12174756
12177818
12177935
12178425
12179104
12183398
12184978
12186422
12186668
12188119
12188326
12191463
12191670
12194900
12198147
12199196
12201536
12202013
12202014
12203062
12203550
12204971
12205668
12205807
12210045
12213825
12213883
12214568
12215255
12217222
12217570
12217764
12218306
12218534
12218556
12218704
12218776
12220289
12223083
12224603
12226495
12229562
12230384
12230817
12231653
12232823
12235360
12239334
12241697
12242820
12243164
12245619
12245647
12248616
12248750
12250146
12250580
12251663
12252784
12253760
12253962
12258500
12259843
12263501
12264297
12267404
12268892
12269710
12275449
12276148
12284311
12285174
12289308
12291122
12291245
12293221
12306007
12309473
12309712
12312673
12314451
12315226
12315873
12322206
12322836
12325967
12326438
12330245
12335479
12335699
12337715
12344417
12345123
12346400
12346896
12347372
12351106
12355678
12359765
12361074
12362548
12364844
12368673
12368842
12370023
12371578
12372213
12372545
12373411
12376132
12380077
12380228
12380849
12381697
12382989
12385833
12386967
12389055
12389285
12391768
12392344
12395362
12401338
12402976
12403204
12408735
12416577
12418126
12418730
12419545
12419580
12423088
12428084
12432592
12433621
12435010
12435499
12438590
12439884
12441578
12442279
12442778
12444163
12444531
12446457
12451665
12452058
12453823
12455010
12455652
12460211
12461545
12462437
12466407
12466409
12467450
12468297
12477275
12480102
12482989
12483050
12484376
12484615
12484686
12484953
12485058
12485443
12485764
12486913
12487434
12490188
12491322
12492133
12492294
12497448
12498926
12501812
12503287
12505990
12507206
12508181
12508992
12509287
12509498
12511321
12511451
12511979
12512995
12514783
12515754
12519548
12522229
12524071
12528722
12528954
12529164
12530236
12530507
12530549
12531926
12532643
12534949
12537530
12545312
12550194
12550799
12551513
12552187
12554048
12555896
12556135
12557267
12561864
12562686
12564395
12567638
12570547
12570770
12570938
12574617
12574800
12575827
12576753
12577165
12578582
12579556
12582176
12584698
12584859
12588140
12588856
12589475
12593113
12596602
12597388
12600546
12604197
12605896
12606175
12611231
12611319
12613001
12615854
12616024
12617539
12620498
12625144
12625858
12627765
12628633
12628983
12630622
12631722
12633249
12635408
12637247
12639013
12641647
12642741
12648757
12649257
12650813
12652393
12652643
12653071
12653302
12654195
12655139
12657250
12657653
12664277
12665955
12668872
12671100
12672631
12673593
12673826
12676307
12676730
12680808
12682306
12683321
12684595
12686315
12686771
12687923
12688658
12689107
12693480
12693551
12694433
12695415
12697618
12699395
12700839
12704359
12710054
12710140
12710363
12711538
12712602
12716642
12718266
12719761
12727300
12730625
12731157
12731889
12732521
12732702
12733746
12733894
12734333
12737215
12737406
12737838
12738791
12742822
12743711
12751679
12760014
12760923
12763751
12764149
12766582
12768019
12768932
12770364
12773069
12774277
12776626
12777578
12779666
12780799
12781562
12781934
12783660
12787769
12789268
12798806
12799745
12800483
12801920
12802161
12803802
12805355
12805606
12806301
12807113
12811877
12811886
12812897
12813986
12817879
12819675
12821155
12825204
12829316
12829896
12830850
12831013
12831335
12831337
12838302
12840569
12843206
12845586
12848732
12851471
12852453
12852552
12852688
12856474
12861292
12861901
12869007
12871027
12872472
12877989
12881139
12881265
12888178
12888699
12888959
12890343
12890399
12891958
12895480
12896559
12898150
12898527
12900027
12902353
12903383
12905725
12907105
12908586
12910955
12911035
12913623
12914837
12915368
12915683
12916344
12916544
12918675
12918858
12922143
12923013
12924180
12926037
12929177
12929417
12930572
12933418
12933496
12934059
12934177
12935755
12936365
12937645
12941731
12944481
12944505
12944535
12947014
12948340
12949839
12951320
12951738
12951907
12953304
12955944
12957169
12961137
12962351
12963122
12964399
12967540
12967776
12968926
12969720
12973112
12978364
12979289
12983527
12985239
12988524
12989237
12989643
12991189
12994121
12994702
12999685
13003424
13003462
13007976
13009153
13009617
13010318
13010341
13015391
13016256
13018642
13019170
13019688
13020037
13024379
13025751
13026000
13029432
13030745
13033433
13033898
13042001
13042046
13042197
13042698
13043278
13046285
13046891
13048717
13049944
13050493
13051256
13052953
13054439
13054732
13058890
13062448
13063086
13065783
13067147
13068843
13072924
13073212
13076581
13080532
13082450
13083367
13091988
13092096
13092270
13093342
13098709
13100074
13103113
13109186
13113690
13116820
13116904
13117120
13118163
13119116
13119680
13119912
13120240
13120839
13121524
13125117
13125984
13127151
13129433
13129676
13135538
13137384
13139646
13143463
13150973
13152815
13159455
13161940
13162855
13163355
13164320
13165760
13167456
13169226
13171329
13172690
13173141
13173793
13174657
13175771
13175892
13176287
13176952
13177004
13180705
13185670
13190383
13190404
13193258
13197739
13198224
13199620
13201834
13204370
13206773
13207888
13210372
13210482
13210615
13210761
13211596
13216486
13217468
13219210
13220205
13220651
13222905
13223195
13224843
13224852
13225302
13226101
13229418
13237469
13238367
13242607
13245233
13246342
13247916
13249584
13249885
13250526
13253800
13254189
13254297
13257629
13259864
13261820
13267696
13269645
13271604
13273259
13274148
13274323
13274412
13277978
13278373
13283136
13283526
13283634
13283765
13284434
13287477
13291348
13291547
13293466
13295618
13295765
13297033
13300577
13301205
13301451
13301726
13302732
13302962
13305338
13306906
13309487
13309675
13314181
13314547
13315299
13315516
13316597
13320954
13323145
13324425
13325779
13325954
13326758
13329997
13330935
13333732
13334398
13336088
13338141
13338420
13340402
13341021
13342625
13345725
13346186
13347257
13349664
13350298
13350794
13353389
13354616
13354781
13355259
13357639
13358040
13359040
13360119
13362849
13363431
13365118
13365905
13367232
13369054
13377537
13381989
13382507
13382985
13383830
13384062
13386025
13387544
13387548
13388096
13391153
13391403
13391757
13392724
13401062
13402666
13404388
13405314
13407508
13407528
13408861
13411955
13412005
13414151
13414913
13415259
13416368
13419338
13420406
13420565
13427822
13428004
13428689
13428806
13430350
13432885
13434717
13434850
13435416
13436720
13437248
13438521
13439427
13440954
13442080
13443717
13444559
13448607
13448776
13449772
13450699
13452433
13455569
13457145
13457174
13457827
13459881
13460600
13461078
13461102
13468124
13468511
13470961
13471174
13474970
13475636
13478162
13481594
13481756
13483213
13486532
13489105
13490113
13490287
13492112
13493124
13494324
13495884
13497165
13498001
13499229
13499320
13499556
13499637
13503562
13503694
13504406
13509818
13512069
13512198
13516125
13516669
13516672
13517685
13518067
13518263
13518835
13519544
13520081
13529713
13533141
13533290
13533496
13535251
13536594
13537189
13537227
13538174
13538634
13538882
13539247
13549582
13556629
13561346
13561756
13564347
13564470
13564493
13566756
13568832
13571026
13572809
13573768
13574154
13579421
13583818
13583970
13585506
13587929
13588417
13589397
13591276
13592661
13594469
13596868
13597672
13602842
13603147
13603282
13605781
13609024
13611784
13615258
13615259
13616663
13620833
13622266
13622495
13623932
13624693
13628891
13630858
13633092
13639144
13639262
13641823
13645166
13647381
13649377
13650209
13650326
13650348
13651493
13654117
13657547
13658911
13659265
13662196
13662586
13665126
13665139
13666825
13666982
13668516
13668768
13669880
13671782
13674116
13674354
13675553
13675621
13678660
13680318
13681285
13681590
13682675
13686908
13687123
13687695
13687870
13688798
13690671
13693436
13693975
13696279
13701653
13701947
13708613
13709388
13715578
13716347
13718161
13720362
13721312
13721987
13722067
13726268
13727227
13730420
13730448
13731244
13731550
13733352
13736091
13741802
13742232
13742849
13744361
13745487
13747312
13754482
13755103
13759267
13760100
13760614
13761037
13763099
13764095
13764161
13764169
13764904
13768984
13771087
13771649
13775833
13777477
13778111
13779182
13779659
13780604
13784797
13784979
13785275
13785364
13788367
13789667
13791490
13791671
13796323
13797087
13800506
13800685
13801636
13803145
13804848
13805607
13806940
13806984
13808950
13811432
13813001
13814070
13814851
13822537
13823055
13823953
13824571
13824918
13826493
13828131
13831331
13832708
13835396
13838552
13839624
13839984
13840696
13842947
13844310
13847168
13848258
13848485
13850522
13854738
13854840
13856094
13859185
13862056
13863430
13864205
13869640
13871921
13872373
13874050
13875583
13877209
13877591
13878120
13878249
13878846
13884288
13885005
13886557
13887469
13887650
13888347
13889222
13890447
13891495
13892447
13896120
13898336
13899634
13901953
13902185
13902303
13902651
13910409
13913341
13913648
13916794
13923008
13924813
13928881
13929220
13930357
13934450
13934677
13940240
13941717
13944168
13947355
13954350
13960455
13960981
13961489
13961615
13963852
13963910
13965388
13966495
13967921
13969809
13970957
13972182
13981959
13982646
13988055
13992198
13994785
13995855
13995891
13996069
13996470
13998609
14001160
14001380
14004206
14006045
14011657
14014503
14016691
14017325
14019166
14019975
14020800
14021709
14022962
14025829
14025910
14027625
14030608
14031084
14033291
14034227
14035275
14041659
14044790
14045078
14045226
14046954
14049116
14055713
14056342
14057626
14061602
14068659
14070416
14070752
14079336
14079622
14086751
14088799
14093984
14097261
14098740
14100993
14102067
14102197
14104066
14105882
14105990
14106083
14107767
14109643
14111527
14112330
14112503
14113191
14115485
14115524
14122707
14125080
14125139
14128823
14129430
14131073
14135339
14136314
14136723
14138139
14141558
14145484
14152241
14153143
14154873
14159843
14162854
14162928
14168912
14170359
14171182
14174391
14174581
14174922
14177193
14181945
14182399
14183503
14184753
14195855
14197898
14200723
14201327
14204663
14206080
14211511
14215033
14215744
14218465
14222154
14224806
14228770
14228809
14229604
14232181
14232328
14233000
14233723
14235703
14235994
14238910
14240518
14242869
14244545
14246027
14247114
14252776
14255441
14255608
14256579
14256721
14259493
14260111
14261367
14261703
14263515
14264496
14264699
14265205
14266673
14267780
14269512
14272272
14272932
14279836
14279891
14280992
14289835
14291489
14291857
14292994
14293212
14293816
14294106
14295319
14297502
14298194
14299851
14301500
14301806
14303918
14306646
14307830
14312039
14315204
14315221
14318813
14320901
14323784
14323896
14325198
14325402
14328363
14329161
14329846
14329961
14329972
14330785
14334964
14339611
14339767
14340029
14343549
14345688
14346951
14349924
14351379
14353730
14355398
14355643
14357141
14357590
14358008
14359333
14364403
14364865
14367317
14372494
14373497
14375275
14375876
14376997
14377524
14378674
14386365
14389601
14389689
14391106
14394780
14395793
14396111
14397990
14398981
14399899
14401644
14402602
14404381
14406475
14407433
14409397
14411019
14415855
14416079
14416123
14416601
14416864
14418599
14418816
14419405
14426999
14429546
14430065
14435004
14444545
14446341
14446721
14446929
14448014
14450877
14451559
14455345
14456866
14456907
14460032
14460524
14462618
14463910
14464567
14465276
14466911
14467005
14467259
14469826
14469914
14472385
14474251
14481519
14485948
14487438
14488602
14489739
14490736
14491533
14491904
14492943
14498360
14499208
14501125
14501999
14502734
14505366
14506707
14506820
14509427
14509955
14510386
14511679
14512189
14515823
14518430
14526643
14529409
14534922
14536259
14537136
14537427
14539063
14539944
14542322
14546109
14547595
14549188
14552479
14554642
14555193
14555328
14555552
14559114
14559633
14559681
14562997
14568553
14569717
14571739
14572649
14573076
14573311
14574893
14575081
14575195
14575830
14577573
14583494
14585842
14586094
14586189
14587652
14587881
14588390
14590479
14590914
14594790
14596320
14602715
14603160
14605189
14605429
14605904
14606649
14610945
14613408
14613438
14614844
14617000
14617729
14620806
14622281
14622784
14623775
14625527
14627539
14627784
14627951
14630474
14633233
14634961
14636465
14636589
14637500
14638373
14639847
14640665
14641985
14643280
14644704
14645706
14646288
14649226
14650133
14653805
14654477
14655048
14657652
14658082
14662776
14663081
14664385
14666331
14667293
14669010
14669965
14671154
14671172
14672283
14672500
14677310
14681524
14682489
14682618
14684642
14690000
14690182
14690782
14692644
14692994
14694849
14697324
14699550
14703298
14704795
14706579
14706593
14708720
14710744
14710883
14711743
14712279
14712912
14714316
14715900
14718002
14718490
14720872
14721309
14722891
14731560
14732710
14733934
14741827
14743375
14745319
14748175
14749893
14751154
14751286
14751338
14751411
14751998
14752818
14755182
14757841
14758725
14763342
14763389
14768274
14768828
14772443
14773575
14775126
14775561
14776101
14776506
14778614
14782756
14784224
14785201
14785746
14786167
14794622
14797189
14799837
14800558
14801373
14801651
14801663
14809008
14810611
14814326
14816494
14816695
14817760
14818042
14818370
14821252
14821621
14822692
14827417
14829060
14832313
14832576
14832999
14833666
14836878
14837839
14838141
14838234
14841457
14843078
14843469
14847027
14853473
14854944
14855615
14855917
14855931
14857389
14862879
14863980
14864444
14864988
14865153
14865300
14865698
14868371
14874672
14875056
14876482
14877264
14878026
14878821
14879265
14879783
14880176
14881208
14884085
14886086
14886476
14887461
14888022
14888878
14892601
14893630
14896086
14897484
14900742
14902827
14902901
14903796
14904272
14904479
14906299
14907286
14907939
14910367
14911042
14914015
14916747
14921565
14922307
14923322
14924344
14924669
14927010
14927767
14933529
14936710
14937447
14937865
14938094
14940186
14943865
14944253
14945684
14948543
14951951
14952201
14953290
14954907
14956041
14956898
14957100
14959081
14959935
14963467
14969892
14972983
14974451
14977120
14978458
14979162
14979883
14980373
14983635
14984537
14988201
14988277
14988867
14989326
14990106
14991401
14994041
15004354
15005873
15006136
15007762
15011545
15012919
15015986
15016801
15016990
15020056
15028473
15031392
15033495
15034238
15036487
15038284
15047937
15051810
15052811
15053875
15054840
15055162
15056909
15056910
15057953
15061177
15063361
15063876
15064142
15065640
15066177
15067654
15067750
15072622
15073107
15075236
15075685
15075983
15076316
15076773
15079294
15079504
15079521
15079952
15082771
15084730
15084837
15090940
15091225
15092280
15092288
15093741
15094219
15094490
15097292
15098961
15099251
15100928
15106838
15107903
15107960
15108448
15109130
15112173
15113498
15115399
15116967
15119657
15119971
15120033
15121083
15124189
15125716
15133104
15134105
15135891
15136271
15142925
15144050
15145554
15146756
15147638
15148846
15149765
15152766
15155355
15155592
15160721
15161787
15162183
15165850
15166092
15168333
15168355
15168672
15169378
15170401
15171525
15172475
15175552
15180179
15181042
15184068
15185601
15186336
15188907
15189622
15193541
15200717
15201760
15209509
15210764
15210811
15214804
15215587
15218230
15218504
15219300
15220248
15220467
15228543
15229286
15233728
15237341
15238991
15239224
15240627
15241146
15242878
15243974
15244337
15244895
15245046
15245224
15246317
15246516
15247619
15253073
15255570
15255941
15256149
15258169
15261673
15262859
15263665
15265363
15268720
15269618
15271521
15271578
15282201
15282705
15284056
15284923
15287215
15290892
15291255
15295046
15297191
15297540
15299781
15308386
15308535
15312682
15314363
15321492
15328262
15328914
15330793
15331498
15331704
15334337
15334390
15338100
15343978
15344282
15348718
15350125
15355147
15356119
15356522
15358332
15360302
15361602
15362595
15365478
15365672
15365676
15366796
15367427
15368798
15369206
15372867
15373893
15379646
15381954
15391089
15393694
15395792
15398115
15398279
15399445
15408339
15409331
15413941
15414032
15416624
15417677
15417851
15423668
15424907
15425255
15428380
15431548
15431852
15437913
15439708
15443195
15446167
15446476
15448176
15450052
15454536
15455649
15457611
15459806
15461394
15462252
15465357
15467714
15468015
15468960
15469185
15474835
15476840
15480225
15481541
15483021
15484247
15489267
15489458
15492731
15495001
15496864
15498975
15499480
15502184
15502686
15504367
15505220
15511572
15512877
15513387
15513968
15514945
15515234
15519081
15519526
15524808
15526583
15527556
15531398
15531907
15532503
15533535
15533890
15535247
15537988
15539190
15541589
15543606
15548017
15550059
15550198
15551768
15553120
15555134
15556974
15558196
15558972
15564967
15565209
15565462
15568546
15571546
15575927
15585021
15585175
15586604
15588315
15588388
15588486
15589324
15589847
15592401
15593301
15596324
15598415
15599353
15600535
15600562
15601103
15603299
15605774
15608178
15608845
15619356
15620009
15623667
15625277
15629486
15633009
15636480
15639121
15639890
15643470
15643637
15644746
15646937
15647347
15662411
15664516
15667050
15667832
15670682
15672529
15672790
15673158
15676415
15676822
15676852
15677440
15681090
15683163
15687563
15687786
15689202
15691573
15694583
15695417
15701946
15703730
15706472
15710560
15711158
15713012
15713719
15714894
15720357
15724077
15725474
15725631
15726184
15729104
15731066
15732627
15732862
15733451
15737420
15743464
15744529
15748593
15753884
15755445
15755664
15758226
15761642
15767842
15768510
15770842
15779391
15783919
15784717
15786130
15793212
15793463
15793938
15794317
15794848
15802874
15806374
15812178
15813377
15813539
15814464
15815037
15818451
15820064
15820850
15821615
15825643
15827737
15830731
15833458
15838473
15838977
15839381
15840139
15843466
15843894
15845858
15848498
15849737
15852660
15853368
15853685
15855985
15858708
15863095
15865577
15870347
15873660
15875498
15875764
15877136
15877242
15877427
15879583
15882063
15890926
15894756
15896328
15907175
15908416
15909635
15909805
15912150
15914765
15915276
15916510
15917481
15920144
15925319
15925400
15929295
15936074
15936996
15937329
15939049
15939564
15939688
15940371
15940876
15942735
15944482
15945309
15946993
15948264
15948661
15948721
15950140
15953347
15957314
15957649
15958377
15962268
15965852
15967546
15969376
15970587
15971751
15971922
15973963
15979857
15985253
15985704
15986112
15987946
15988320
15989857
15991023
15991365
15995061
15995261
15997833
16001126
16003031
16005787
16005876
16006445
16006753
16007327
16007618
16010954
16013541
16014154
16014416
16015757
16016957
16017960
16018820
16020319
16024808
16024870
16025026
16028892
16030239
16031264
16034064
16037328
16038529
16039600
16039873
16046205
16046807
16048595
16052336
16052646
16053368
16055395
16055770
16057646
16057942
16057962
16062971
16063679
16065286
16070540
16075074
16078381
16080560
16081118
16084627
16087313
16088780
16089317
16090842
16092251
16092491
16093676
16094264
16094478
16094488
16095611
16096878
16097839
16100145
16100180
16102290
16105261
16105563
16106545
16111135
16111752
16111754
16114372
16114476
16115608
16120612
16121535
16124312
16124447
16126278
16128699
16129004
16129345
16130602
16138576
16140111
16141346
16144053
16144806
16145938
16146240
16147461
16148704
16149407
16151515
16151539
16154171
16156125
16161617
16161716
16164677
16165634
16167819
16170695
16174646
16175404
16177001
16177839
16178731
16179432
16180270
16180661
16182269
16182748
16184007
16186387
16186511
16187395
16194755
16194881
16197716
16198287
16200666
16214851
16215229
16219200
16221568
16223047
16223053
16223527
16224384
16224482
16226834
16228279
16229044
16230701
16233329
16235971
16236368
16236574
16237927
16238671
16242081
16253324
16253387
16254055
16257568
16265462
16269172
16271276
16271667
16272597
16272916
16273469
16274831
16275165
16276614
16281255
16282599
16282804
16285259
16285830
16286272
16288619
16289320
16289951
16290006
16291928
16292153
16294259
16297448
16297714
16298322
16298732
16300135
16301546
16303684
16304055
16306552
16307428
16310211
16310793
16315028
16316801
16317441
16320739
16321308
16322159
16326575
16326647
16326685
16334078
16334114
16334622
16337251
16338854
16339437
16345923
16349646
16350036
16354343
16355014
16355773
16357049
16357139
16357968
16358435
16360343
16360531
16363620
16364548
16366226
16367190
16369995
16370764
16373767
16373942
16374282
16377604
16378065
16378179
16379608
16380993
16381782
16385319
16385716
16385903
16386154
16386525
16386932
16387285
16388132
16390182
16391845
16395453
16396179
16398767
16399945
16400660
16401945
16403177
16404975
16405303
16408370
16411391
16412978
16415146
16420216
16421016
16421524
16426863
16426873
16427451
16432927
16435804
16439279
16439962
16441161
16442898
16444305
16446706
16447486
16448337
16449924
16450412
16454180
16455247
16455548
16457324
16459534
16463389
16466258
16466340
16467571
16468404
16469208
16469594
16471697
16476749
16477653
16479497
16483310
16487084
16487405
16491703
16493261
16497955
16498287
16498308
16499595
16499903
16501598
16501777
16503662
16506960
16508236
16508357
16512023
16514476
16515768
16517502
16523958
16524367
16526038
16529542
16530294
16530705
16531401
16533396
16533412
16534501
16536121
16537406
16540000
16540209
16543035
16545392
16545698
16550316
16550324
16551633
16557547
16561752
16562005
16562674
16563523
16565184
16565820
16569241
16569614
16572011
16573200
16574909
16577233
16579024
16579919
16580954
16583955
16584566
16585269
16585436
16586327
16586780
16591891
16592112
16593723
16594992
16597079
16597649
16598694
16599973
16600337
16600649
16600778
16604052
16604280
16608704
16611619
16612539
16612652
16622251
16625493
16625697
16629780
16633429
16633995
16639177
16642163
16642341
16643438
16645739
16647171
16647346
16647688
16650032
16650373
16650959
16651215
16652783
16654498
16655998
16660058
16661154
16662069
16662522
16663553
16666787
16667535
16667792
16669402
16670238
16670692
16672693
16674406
16675730
16681095
16681670
16684160
16685205
16685836
16687340
16688237
16688791
16694802
16698864
16706428
16710726
16711596
16711722
16712646
16713109
16713936
16715681
16715971
16721120
16723807
16724294
16724587
16724690
16725392
16727127
16730619
16730932
16732252
16733461
16734307
16735307
16735447
16736397
16738527
16738840
16740586
16745123
16747102
16748292
16750442
16754758
16754958
16756524
16758670
16758902
16759779
16767109
16767985
16768348
16772467
16777356
16783876
16784384
16785361
16785510
16786338
16787731
16787953
16790390
16790617
16792438
16793028
16794356
16794747
16797323
16798154
16799075
16803820
16805497
16809398
16809540
16810015
16810726
16812988
16814537
16816441
16816643
16817855
16828011
16829351
16832589
16835908
16836913
16843614
16849566
16851259
16854174
16855738
16856314
16857494
16857666
16857718
16858397
16861621
16863072
16865559
16871882
16876646
16876838
16878327
16879750
16880919
16881415
16881497
16883339
16885358
16887779
16889722
16894230
16895997
16898122
16900671
16901435
16901662
16903273
16907004
16907623
16914057
16915243
16916450
16916570
16919348
16919709
16919900
16920110
16921129
16924225
16924644
16925877
16928496
16930001
16931221
16931476
16933340
16934931
16936089
16938554
16938845
16939664
16941905
16944356
16945708
16946436
16946813
16947694
16947993
16948134
16952631
16953302
16953682
16953855
16962312
16963495
16963767
16964412
16964428
16965206
16968052
16969251
16969981
16971737
16972152
16973720
16973782
16975964
16976181
16980049
16986465
16989208
16990632
16990653
16991424
16991875
16992934
16994050
16996759
17001522
17001611
17002985
17006057
17007167
17008404
17009089
17010018
17011798
17012950
17013105
17013522
17013715
17015136
17016872
17016974
17017649
17018582
17018929
17021943
17024710
17028093
17029809
17031832
17034090
17034876
17035069
17035770
17035982
17036398
17038843
17040257
17042176
17042318
17042463
17043931
17048355
17050621
17053909
17056174
17056985
17057163
17057204
17062686
17063443
17065190
17066248
17068624
17071036
17071543
17073886
17083152
17086457
17086736
17087382
17087900
17088350
17090125
17090206
17090574
17091073
17098753
17098971
17099595
17100599
17104226
17104557
17106676
17107353
17107722
17107811
17108701
17109218
17110099
17111610
17115779
17118411
17122322
17122825
17122867
17123856
17125456
17126568
17128443
17128817
17129123
17130139
17131406
17132015
17132350
17133558
17139944
17140529
17141263
17141786
17143099
17143532
17144596
17145449
17146520
17147225
17148793
17150254
17150365
17151575
17153849
17156339
17161687
17162380
17162813
17167328
17172699
17173689
17175856
17176845
17178520
17178923
17180032
17187488
17188540
17189384
17190508
17193037
17193776
17196678
17198088
17202100
17205067
17209533
17214126
17215502
17216025
17216656
17222728
17224469
17227017
17227059
17227495
17228764
17232936
17237953
17239945
17240774
17244063
17244512
17248076
17248625
17252371
17254842
17255665
17256667
17257139
17257351
17258247
17258514
17263382
17265368
17267476
17268558
17273480
17276551
17280976
17281262
17282646
17285876
17286283
17288707
17288966
17291826
17295813
17297272
17300891
17303119
17303205
17303219
17304998
17308757
17310519
17311863
17314250
17315299
17317441
17324696
17326161
17326950
17327084
17328184
17328236
17336029
17337758
17343497
17343725
17345217
17346065
17348050
17349119
17350666
17352707
17355793
17356619
17361952
17363968
17363984
17365261
17370334
17371365
17371679
17371705
17371795
17377577
17377876
17378059
17379862
17381861
17384265
17384331
17386447
17387851
17389802
17392618
17394943
17400459
17401117
17401284
17402706
17405664
17407297
17408631
17410163
17411035
17412213
17418386
17419996
17420114
17424908
17425294
17426271
17427525
17434145
17439401
17442049
17446152
17446738
17448630
17448657
17449658
17449884
17451858
17452024
17457565
17458179
17458392
17460616
17460791
17461115
17461869
17462644
17463745
17466707
17466786
17467472
17467990
17469146
17469505
17471291
17472594
17474227
17480688
17481181
17483069
17484151
17486370
17487773
17491099
17492705
17493779
17494722
17494975
17495791
17496981
17499581
17503216
17504043
17504519
17505304
17505988
17509350
17509560
17510451
17513365
17513891
17513973
17518754
17519190
17521352
17522526
17522692
17524696
17526151
17526739
17526785
17528691
17528861
17532022
17533398
17535201
17538680
17540875
17543688
17544003
17545228
17546042
17547237
17547739
17548736
17550854
17552241
17554887
17555606
17559663
17564843
17565954
17567289
17568786
17569080
17574748
17577060
17578788
17579713
17586526
17587076
17588062
17588100
17592221
17595486
17597449
17597762
17598826
17601584
17602698
17610093
17611623
17612104
17614777
17616124
17616794
17617314
17617601
17618890
17618950
17619213
17621257
17621798
17622290
17623983
17625600
17625866
17630087
17636370
17637898
17638315
17643291
17644329
17645224
17645817
17653785
17654286
17655102
17660658
17661624
17664057
17665195
17666263
17666768
17667209
17668943
17670331
17670510
17670901
17673224
17677167
17679660
17679793
17680473
17682677
17682899
17683581
17686156
17687432
17692446
17693643
17695303
17695972
17696423
17699164
17699838
17700914
17702390
17702503
17705450
17705544
17706800
17707020
17710248
17710802
17712268
17712922
17717023
17717421
17721101
17727222
17727509
17731630
17734343
17734906
17740821
17743595
17743782
17744710
17745225
17748516
17749928
17752177
17753335
17755749
17756311
17758967
17760017
17761250
17761352
17764471
17768262
17769549
17770940
17773469
17776026
17777207
17777902
17780535
17781363
17781451
17782187
17788810
17795049
17803305
17804005
17808192
17808909
17809316
17809813
17811276
17811518
17813269
17813480
17814705
17817838
17818743
17821720
17828206
17829882
17832244
17832356
17835255
17835465
17838948
17841078
17842228
17846829
17848671
17850115
17856206
17859078
17859648
17860332
17861083
17863520
17863720
17863954
17866127
17866174
17866620
17869225
17870970
17870977
17871143
17873751
17875925
17877017
17880048
17881033
17881642
17882579
17884886
17886962
17887690
17889078
17889749
17889980
17890928
17893089
17893632
17897656
17900763
17904168
17904432
17905646
17906627
17908477
17913206
17914475
17914491
17914537
17917261
17917402
17918738
17920331
17923975
17925510
17925896
17929174
17931604
17934742
17935378
17939755
17941183
17945653
17947016
17947848
17949453
17949716
17951913
17952188
17952926
17954112
17956402
17958868
17960669
17961626
17961826
17962200
17963975
17965420
17970383
17971161
17977906
17979108
17981561
17986230
17986413
17987175
17987289
17991797
17993000
17993516
17994156
17996418
17997678
17997909
17999184
17999752
18004352
18005577
18006754
18010850
18011785
18014358
18015111
18015960
18016331
18019654
18020901
18021500
18025496
18025519
18025604
18027242
18029084
18030770
18032659
18033537
18034333
18034657
18036584
18037394
18042974
18043442
18044116
18044394
18044774
18057645
18058075
18060968
18061975
18065998
18067024
18070039
18070107
18073898
18078050
18078359
18078559
18078597
18079499
18089913
18090028
18090798
18092786
18093972
18095365
18095877
18096522
18099787
18100776
18101063
18105567
18107747
18111444
18112911
18113225
18114326
18115595
18116435
18117832
18119022
18121450
18123120
18131981
18133245
18135137
18138239
18138819
18140143
18147413
18148355
18149859
18152540
18152553
18153602
18154458
18155878
18156977
18165687
18165778
18167680
18169941
18171255
18173313
18174232
18174550
18174568
18175123
18176491
18177280
18177300
18179328
18181373
18181801
18185872
18186554
18187439
18191915
18193829
18193884
18195051
18199357
18200057
18201672
18202474
18204827
18205608
18207782
18210112
18211346
18212546
18213863
18213893
18215246
18217388
18219656
18220639
18222546
18225623
18226839
18227038
18228167
18229363
18232418
18236105
18237379
18238108
18239537
18241679
18241682
18241898
18242172
18244181
18248203
18248541
18253123
18255314
18257708
18258153
18258582
18261986
18263887
18264256
18265919
18267565
18271948
18273835
18285882
18286792
18293427
18295316
18295996
18298511
18298800
18302398
18302458
18304944
18305916
18310235
18310404
18312991
18313761
18320738
18324950
18325892
18326372
18327936
18331021
18334504
18335477
18336580
18336843
18336989
18337984
18338777
18340880
18345212
18345468
18346116
18346431
18351375
18351684
18352040
18356231
18357868
18358974
18361003
18364475
18364525
18368547
18372697
18372717
18381037
18388385
18390425
18392330
18394100
18396036
18397454
18399485
18403159
18405725
18408049
18412539
18412876
18418074
18419504
18420137
18420194
18422175
18422737
18423522
18425699
18426101
18427512
18427981
18435893
18439374
18446772
18450112
18451101
18452224
18452305
18454103
18455947
18458197
18459564
18461410
18462059
18462900
18463347
18468416
18470696
18474227
18476788
18479798
18481185
18483629
18484298
18484992
18485229
18488013
18488034
18488393
18490839
18492690
18496959
18497921
18506863
18509743
18510291
18514256
18514966
18515688
18518097
18519168
18519305
18521426
18523357
18525222
18528253
18530434
18530709
18533741
18539738
18540832
18541470
18541674
18542426
18543934
18544135
18545761
18546181
18547843
18548348
18549093
18550905
18551314
18551634
18552938
18553753
18554683
18555039
18555769
18555900
18558455
18558511
18560578
18561373
18561536
18565490
18565989
18568229
18569928
18570133
18572123
18572785
18577433
18578569
18579766
18582677
18582759
18583195
18583378
18583759
18584580
