112427
113219
113438
113597
116519
117320
118215
119084
119228
119324
120193
120782
121096
121411
121559
121784
123591
124123
124685
125593
125896
125945
127344
127971
128063
128117
129099
130495
130756
131001
131313
131596
131640
131737
131750
131856
131887
132367
132457
132656
132835
133143
133266
133745
133873
133998
134057
134264
134374
134849
135100
135159
135236
135872
136018
136212
136265
137765
137998
138025
138084
138158
138427
138607
138708
139123
139170
139237
139623
139669
140384
140495
140788
141457
142694
144243
144434
144639
146183
146386
146448
146455
146571
146821
146883
147012
150376
151570
153158
154176
154753
154822
155087
155124
155838
155947
157249
159353
162666
206148
206347
207071
207276
207619
208437
208705
209072
209167
210039
210098
210209
210247
210767
210770
210798
211199
211578
211654
212050
212594
212835
212856
213760
214853
215087
215452
215535
215608
216586
216867
217085
218388
218648
220941
222703
222905
225213
231112
231681
310956
311032
311262
312005
312424
312471
312474
312732
313581
313696
314159
315169
315868
315974
316145
316622
316768
317151
318146
318179
318654
318781
318863
319196
319523
320126
320263
320446
320618
320677
320695
321918
322118
322521
322589
323461
323783
324542
324742
324815
325642
325912
326147
326495
326795
326797
438373
439710
441362
442665
443315
443486
445140
445788
449462
450981
451601
453566
453971
454112
454234
454607
454847
454864
455055
455540
456257
456408
456693
456732
456874
457253
457456
457763
458026
458056
458587
458677
458729
458953
459103
459966
460085
460864
460907
460950
461802
462047
462470
462555
463174
463429
463471
463497
464014
464581
464691
464803
464845
464899
465163
465309
465835
466111
466374
466494
466746
466932
466991
468096
468107
469378
469799
470662
470862
471353
471377
472204
472542
472921
473987
474627
474832
475358
475451
475761
477132
478447
478519
479078
479933
480575
481194
481392
481789
482132
482716
484354
484427
484530
485691
495922
500012
500500
501330
501335
501349
501498
501644
501828
501844
501882
502623
503081
503201
503591
503601
503672
503833
503951
504456
504917
505189
505401
505549
505793
505840
505848
506792
508040
508353
508871
509500
509538
509664
509827
509853
510870
511231
511387
511997
512102
513064
514243
514354
514460
516162
516673
516903
517360
517490
517773
517810
518231
519179
555389
555839
556040
556150
556196
557246
557573
557587
557709
557821
558294
558673
559012
559328
559625
559705
560213
560298
560685
560760
560923
561267
561541
561874
562152
562433
562477
563042
563052
563556
563753
565058
565106
565269
565497
565520
565594
566271
566433
566573
566676
567078
567134
567182
567248
567266
567387
567812
567871
567980
567984
568249
570006
570716
572677
574163
575415
575709
576899
577163
577369
578615
579326
580193
580771
581152
582476
649175
649275
649345
649465
649519
649545
650036
650143
650147
651501
651862
651900
651938
652085
652825
653375
653792
654171
654210
654442
655107
655376
655556
655723
655732
655991
656859
656862
656900
657105
657567
657752
657858
658224
658684
658718
659565
813948
815018
815125
815448
815691
816040
816458
816551
816657
816673
818036
818840
819425
819689
819986
820210
820472
820495
820564
821334
821918
822069
822199
822399
822528
822778
823160
823259
824037
824093
824171
824181
824773
825725
825785
825840
825936
826827
826993
827273
828031
828350
828506
829337
829818
830307
830360
841597
842986
844727
845380
846912
846960
847516
848265
848421
848598
848673
848679
849363
849372
850318
850459
851611
852920
853694
854822
854846
855750
856167
856247
856674
856860
857647
858654
858995
859687
859858
860106
860436
860659
861284
861300
861632
862346
862742
863179
863633
863707
864708
865201
865995
866213
867772
869363
898575
898967
899196
899326
899395
899795
900113
900133
900610
900904
900937
901001
901089
901147
901264
901332
901348
901505
902086
902249
902615
902650
902914
903709
903876
904140
904637
904791
905005
905353
905488
905521
905573
905711
905792
905858
905922
905957
906240
906414
906632
906662
907317
907892
908275
908382
908477
908537
909452
909477
909753
909837
910197
910234
910682
910838
911109
911382
911486
911509
911691
911802
911993
912195
912261
912559
912722
913041
913127
913179
913886
914005
914264
914348
914382
914415
914525
914906
915003
915182
915378
1006557
1019507
1052149
1052509
1055617
1056622
1056667
1056790
1059355
1060308
1074712
1238493
1238538
1238568
1238877
1239019
1239429
1240159
1240330
1240617
1240650
1241567
1241633
1242103
1242340
1242394
1242598
1242719
1243000
1243498
1243858
1244794
1245276
1245410
1245674
1245868
1245868
1245989
1246159
1246615
1246797
1247464
1247494
1247627
1247796
1247842
1248540
1248594
1248769
1248852
1249043
1249306
1249326
1249475
1250119
1251106
1251422
1251858
1252116
1252208
1252330
1254081
1254962
1255029
1255614
1255738
1255850
1255934
1256817
1257199
1257232
1257478
1257571
1257582
1257809
1258199
1258278
1258884
1259226
1259256
1259626
1259656
1259702
1260170
1260298
1260812
1261242
1261371
1261540
1261618
1261769
1262075
1262347
1262616
1262923
1263151
1263332
1265165
1265777
1266016
1266921
1267441
1267443
1267484
1267635
1267729
1268182
1268419
1268471
1268580
1282841
1283307
1283418
1283549
1284167
1284238
1284710
1284913
1285028
1285651
1286139
1286922
1287267
1288118
1289376
1289709
1289914
1290334
1290590
1290852
1291120
1291809
1293065
1293075
1293256
1293353
1293874
1294063
1294645
1294983
1295059
1295569
1295702
1295938
1296307
1296595
1297452
1297510
1297993
1298107
1299217
1299445
1299930
1300120
1300867
1300874
1301065
1301315
1302533
1302891
1303074
1303275
1304101
1305060
1305275
1306270
1306318
1306441
1307165
1307492
1307671
1307737
1308231
1308516
1308572
1308625
1308909
1309155
1309238
1309344
1309535
1309818
1310461
1311061
1311220
1314575
1316638
1316797
1319954
1320247
1322070
1325734
1326269
1326874
1327739
1327848
1372792
1372861
1373547
1375746
1375886
1376545
1376753
1377628
1377767
1378008
1379504
1380172
1380695
1381107
1382065
1383301
1386477
1387380
1388176
1388798
1389283
1389712
1390927
1391134
1392025
1392806
1392861
1394179
1395530
1399441
1401078
1401256
1402173
1402367
1404219
1404632
1405539
1407297
1408691
1409104
1414017
1416855
1418632
1418724
1418826
1418971
1419027
1420225
1420703
1421295
1421447
1421466
1421496
1421844
1422053
1422290
1422535
1422601
1422810
1423150
1423151
1423155
1423160
1423254
1423311
1423506
1423914
1424042
1424121
1424141
1424406
1425288
1425384
1425939
1426277
1426513
1426527
1426602
1426643
1426721
1426776
1426862
1426899
1426917
1426985
1427102
1427206
1427386
1427577
1427700
1427704
1427811
1428330
1428397
1428770
1432742
1438797
1442238
1456933
1458505
1462722
1462827
1463702
1464261
1465185
1467093
1467620
1469199
1469207
1469523
1469530
1469887
1469996
1471596
1472131
1472881
1473175
1473748
1474413
1474534
1475209
1476272
1477036
1477092
1477678
1478537
1479673
1479801
1480060
1480207
1480772
1480777
1481277
1481599
1481629
1482273
1482536
1482790
1483523
1484042
1484201
1484373
1484392
1484757
1485236
1486994
1487294
1488014
1488636
1488878
1489297
1489838
1489927
1489978
1630149
1633488
1634053
1635174
1679454
1679454
1680225
1681658
1681935
1682078
1682100
1682362
1683218
1683352
1683665
1683891
1684094
1684124
1684153
1684272
1685175
1685262
1685284
1685369
1685504
1686104
1687105
1687276
1687885
1688292
1688434
1688560
1688688
1688866
1688981
1689598
1689791
1690081
1690592
1691455
1692612
1693447
1693876
1694447
1694452
1694772
1694802
1695169
1696764
1697128
1707408
1709251
1709464
1713721
1729442
1744487
1744714
1746752
1748787
1749379
1751798
1754625
1755934
1758461
1758676
1759251
1759555
1759568
1759964
1797992
1799656
1802017
1802111
1802528
1803670
1804024
1804621
1804787
1806690
1807107
1808121
1872777
1874641
1874941
1875583
1876344
1877041
1877222
1877423
1878320
1879365
1879803
1880411
1880875
1881711
1882051
1885021
1886049
1886490
1886568
1887497
1891365
1900703
1900795
1901379
1901730
1902044
1902220
1902418
1903803
1904049
1904409
1904456
1904784
1905488
1906218
1906491
1906929
1907404
1907601
1907781
1908896
1910014
1911658
1911740
1912370
1913281
1914095
1914157
1914773
1933045
1933450
1933586
1934545
1935195
1935470
1935909
1936174
1936480
1938757
1938899
1939541
1939830
1940689
1941888
1943979
1947138
1948859
1948992
1950128
1950230
1950696
1950777
1951095
1951362
1951747
1952101
1972147
1973794
1974124
1975229
1977412
1979008
1979436
1979652
1981544
1982214
1983164
1983779
1984370
1984777
1985311
1987190
2034588
2035699
2036428
2036452
2038776
2039804
2040115
2040734
2041364
2041471
2041944
2041976
2042047
2042995
2043105
2047465
2048240
2048242
2048341
2076435
2078396
2079688
2116641
2129759
2133816
2133829
2135370
2136483
2137278
2138792
2142018
2143000
2143386
2143631
2143689
2143758
2143916
2144305
2144788
2144867
2144978
2145300
2145924
2145957
2146208
2146268
2146299
2146855
2147096
2147213
2147495
2147651
2147661
2148370
2148460
2149025
2149098
2149571
2149621
2149700
2149834
2150011
2150497
2151068
2151363
2151394
2151531
2152179
2152183
2152665
2152721
2153361
2153945
2154305
2154379
2155147
2155612
2155617
2156138
2156945
2157237
2157454
2157592
2157641
2157762
2157775
2158492
2159269
2159346
2159572
2159939
2160081
2161032
2161154
2161293
2162019
2162234
2162966
2162996
2163094
2163149
2163676
2164341
2164940
2165605
2166002
2166759
2167565
2168185
2168208
2168384
2168840
2169617
2172754
2174575
2193557
2193609
2193961
2195426
2196911
2198395
2200742
2200842
2202061
2202089
2203280
2221893
2221911
2222206
2222297
2222314
2222755
2222851
2223378
2225312
2226719
2228830
2230329
2230412
2232001
2233935
2235727
2235849
2236795
2254487
2254963
2257049
2258173
2260765
2261932
2263020
2285450
2287186
2287565
2287828
2287920
2287922
2288401
2288476
2288670
2289481
2289759
2289901
2290239
2290603
2291575
2292279
2292372
2292459
2292473
2292605
2292642
2292990
2293119
2293310
2294110
2294350
2294465
2294809
2294951
2295142
2295271
2295277
2295417
2295459
2295674
2295986
2296207
2296397
2296637
2297096
2297255
2297474
2297570
2297930
2298057
2298642
2298708
2299237
2299443
2299496
2299543
2299581
2300130
2300156
2300395
2300580
2300819
2300830
2300938
2301112
2301330
2301631
2301651
2301800
2301877
2301892
2302970
2303204
2303329
2304091
2304269
2304471
2304638
2304981
2320891
2321198
2321201
2321211
2321400
2321494
2321857
2321935
2322375
2322639
2323131
2323298
2323617
2323704
2324415
2324492
2324667
2324761
2324987
2325061
2325082
2325155
2326213
2326455
2327610
2327745
2328035
2328603
2328680
2329363
2329711
2329743
2330511
2330735
2330775
2330829
2331291
2331335
2331396
2331437
2331836
2331859
2332057
2332158
2332194
2332661
2332736
2333110
2333255
2333392
2333430
2333534
2334418
2334446
2334541
2334740
2334779
2334897
2335190
2335620
2335838
2336078
2336203
2336255
2336373
2336723
2337534
2339419
2339533
2339661
2339707
2339807
2340445
2340597
2340682
2340799
2341148
2341168
2341318
2341679
2341929
2342577
2343703
2343896
2344618
2345156
2345383
2346044
2346056
2346403
2346414
2346514
2346836
2347079
2347346
2347732
2348422
2348575
2348765
2349061
2349271
2349407
2349424
2350472
2350503
2350898
2351247
2351601
2351611
2351617
2351647
2352266
2352595
2352917
2353091
2353127
2353141
2353240
2353610
2354230
2354425
2354459
2355213
2355219
2355232
2355483
2355712
2355877
2356390
2356926
2357000
2368715
2373560
2376132
2379232
2382427
2384148
2384543
2412517
2418201
2418505
2418711
2418959
2419159
2420318
2420653
2420697
2420839
2421190
2421441
2421650
2422465
2422692
2422995
2423275
2423622
2423939
2424073
2424096
2424189
2424502
2424697
2425473
2425671
2425940
2426675
2426806
2426925
2427059
2427204
2427222
2427363
2427529
2428241
2428406
2428526
2428623
2428758
2428838
2429395
2430302
2430398
2430407
2430499
2430971
2431014
2431077
2431502
2432202
2432319
2432609
2432880
2433124
2433138
2455565
2459470
2465104
2467037
2468103
2468516
2468952
2469153
2471172
2471966
2473482
2474266
2474687
2476213
2476665
2476691
2477465
2479463
2496673
2499276
2501457
2504889
2507725
2511669
2512024
2512588
2513176
2513346
2513573
2513805
2515012
2515812
2515848
2515918
2516901
2516984
2517355
2517627
2518391
2519180
2520016
2522591
2553550
2581128
2581217
2581434
2581440
2581536
2582394
2582562
2582936
2583066
2583372
2583448
2583895
2584016
2584124
2584565
2584566
2584691
2584872
2585464
2585662
2585817
2585887
2586370
2587114
2587236
2587378
2587585
2587695
2588446
2588972
2589557
2589727
2589765
2590307
2590894
2590912
2591051
2591092
2591137
2591182
2591303
2592198
2612987
2613035
2613617
2613641
2614559
2615417
2615510
2616106
2616183
2616394
2616426
2616499
2616554
2617189
2617393
2617439
2617580
2617710
2617760
2618548
2618758
2618789
2618883
2619218
2619239
2619742
2620275
2621060
2621293
2621672
2622038
2622438
2622705
2623070
2623086
2623504
2660595
2661150
2661206
2661463
2661554
2661814
2662042
2662579
2662678
2663526
2663562
2663709
2663742
2664160
2664389
2665026
2666430
2666611
2666674
2666796
2667041
2667065
2667233
2667265
2667326
2667383
2667436
2667984
2668201
2668206
2668215
2668504
2668689
2668717
2668847
2669002
2669084
2669451
2670165
2670344
2670439
2670454
2670638
2670824
2671223
2671633
2671751
2671937
2672031
2695320
2702639
2703974
2704002
2704295
2704497
2704851
2705247
2705253
2705372
2705578
2706310
2706370
2706443
2706498
2706713
2707063
2707136
2707337
2707529
2707713
2708124
2708576
2708738
2708813
2709028
2709306
2709779
2709913
2709966
2710029
2710084
2710452
2711308
2711390
2711413
2711647
2712114
2713079
2713202
2713426
2713446
2713638
2714459
2714485
2714691
2715070
2715461
2715569
2715579
2715639
2716152
2716352
2716700
2717051
2717111
2717196
2717607
2717691
2717755
2717764
2717953
2718035
2718212
2718467
2718860
2719266
2719652
2719716
2719800
2720087
2720190
2891080
2891516
2891587
2892364
2893836
2896253
2896498
2896520
2897210
2897622
2898309
2900409
2900730
2916884
2918023
2918202
2921409
2921909
2921956
2928160
2928652
2928731
2931659
2934956
2936842
2937032
2937198
2937356
2937656
2938052
2939682
2939966
2940316
2940452
2940485
2940524
2940761
2941321
2941765
2941773
2942180
2943282
2943985
2944001
2944600
2944663
2944768
2946305
2946526
2946687
2946909
2947123
2947828
2948852
2948958
2949215
2949402
2949759
2949831
2951949
2951979
2952143
2952497
2952524
2952664
2953276
2953506
2953564
2953688
2954019
2954186
2954680
2955467
2955826
2956842
2956859
2957128
2957402
2957770
2958274
2958501
2959318
2960198
2961180
2961434
2961853
2962156
2962943
2963176
2963543
2963590
2963815
2964553
2965244
2965293
2965401
2965587
2965854
2966124
2966212
2966974
2967022
2967351
2967986
2968288
2968445
2969335
2970789
2970803
2970844
2971037
2971681
2971709
2971780
2971897
2972007
2972482
2972634
2973273
2974630
2974638
2975009
2975354
2975438
2975589
2975662
2975990
2976010
2976040
2976104
2976917
2977027
2977493
2977501
2977644
2977717
2977853
2978059
2978335
2978537
2979055
2979191
2979725
2980193
2980312
2980926
2981712
2982110
2982585
2982946
2983019
2983309
2983332
2983407
2983729
2983895
2984131
2984545
2985349
2985741
2985826
2985922
2986261
2986304
2986353
2986376
2986588
2986941
3018422
3018998
3020190
3020424
3020689
3021172
3022071
3022081
3023370
3023847
3024211
3024885
3025139
3025162
3025467
3025942
3026426
3027952
3028558
3028800
3029515
3029559
3029828
3031587
3031866
3032654
3032979
3033025
3033996
3075141
3093903
3095511
3096717
3098925
3101606
3104626
3108109
3110001
3111844
3138464
3138619
3145488
3146903
3147024
3148524
3152826
3155326
3192430
3195283
3195646
3196919
3200354
3202722
3203628
3204160
3205029
3205445
3205972
3208879
3211125
3212150
3213052
3215253
3217693
3219806
3284493
3285949
3287236
3287383
3288837
3289700
3289887
3289959
3292395
3293060
3294063
3294353
3294386
3294491
3295459
3295616
3295794
3295889
3296515
3296544
3297700
3298535
3298673
3299681
3361564
3361661
3361676
3361989
3362278
3362712
3362946
3363291
3363778
3363822
3363899
3364381
3364596
3364653
3364681
3365212
3365543
3365808
3366172
3366173
3366471
3366754
3367064
3367288
3367295
3367420
3367453
3367577
3368163
3368415
3368924
3368955
3368983
3369038
3369227
3369951
3369960
3370668
3370673
3371060
3371493
3371627
3371707
3371996
3372300
3372969
3373043
3405976
3406658
3406690
3406886
3407018
3408854
3409350
3411189
3448392
3449020
3449443
3449950
3450440
3450504
3450523
3450604
3451148
3451251
3451450
3452721
3453007
3453141
3453201
3453307
3453468
3453525
3454165
3454212
3455651
3456204
3457042
3457574
3458086
3458101
3458680
3458747
3458769
3459200
3459360
3459871
3459934
3460098
3460106
3658008
3667592
3668047
3726670
3726798
3726829
3726962
3727173
3727210
3727351
3727415
3727812
3727951
3727975
3727998
3728217
3728281
3728396
3728597
3728785
3728820
3728908
3729002
3729081
3729237
3729372
3729691
3729800
3729857
3730146
3731400
3731467
3731700
3731844
3732156
3732267
3732494
3733264
3733307
3733588
3734014
3734073
3734284
3734336
3734368
3734417
3735238
3735359
3735475
3736492
3736551
3736823
3736955
3737085
3737126
3737514
3737649
3738026
3738460
3738608
3738651
3739003
3739004
3739091
3739192
3739770
3739798
3739823
3740122
3740185
3740211
3740281
3740304
3740305
3740348
3740580
3740691
3740984
3741020
3741723
3741762
3742236
3742810
3742984
3743803
3743880
3744291
3744732
3744818
3797888
3827225
3827353
3828240
3828624
3828667
3828706
3828743
3828874
3829843
3830146
3830596
3830982
3831501
3831513
3831854
3832482
3832873
3832983
3833705
3835466
3835902
3836136
3836575
3836891
3837221
3837320
3837727
3839030
3852691
3853399
3854187
3854394
3854524
3854664
3854704
3855201
3855890
3856137
3856342
3856737
3856803
3856826
3857413
3858027
3858070
3858673
3859676
3859711
3860106
3860984
3861110
3861175
3861451
3861639
3861947
3862778
3863916
3864034
3864056
3864187
3864600
3864906
3864964
3864971
3864972
3865232
3865273
3865321
3865961
3866180
3866184
3866487
3866556
3866640
3866809
3867933
3868292
3868320
3868329
3868460
3868988
3869392
3869510
3869740
3869743
3870139
3870176
3870803
3870901
3871294
3871465
3890316
3890468
3890570
3890572
3890645
3890811
3890921
3891299
3892299
3892477
3892697
3892744
3892784
3892789
3892873
3893098
3893864
3894208
3895007
3895046
3895319
3895687
3896093
3896287
3896367
3896922
3896988
3897616
3897687
3897848
3898086
3898194
3898627
3898635
3898954
3899122
3899437
3899750
3899955
3900076
3900209
3900228
3900342
3900480
3900684
3900975
3901368
3901475
3901539
3901980
3902274
3902752
3902971
3902980
3903103
3903720
3903886
3904057
3904887
3905160
3925221
3925277
3925889
3926016
3926144
3926649
3927001
3927971
3927996
3928034
3928076
3928095
3929472
3929833
3929860
3930134
3930514
3930752
3931055
3931449
3932140
3933090
3933843
3933971
3934507
3936066
3936122
3936671
3936854
3937259
3937524
3937533
3937542
3937552
3937629
3938098
3938105
3938176
3938782
3939053
3939804
3941107
3946308
3946902
3947186
3952458
3952535
3953117
3954076
3954489
3955089
3970593
3970908
3970968
3971354
3971842
3972455
3972565
3972775
3972935
3972957
3973307
3973353
3974230
3974482
3974602
3974744
3975182
3975285
3975476
3975567
3975681
3976201
3976434
3976442
3976843
3977292
3977756
3977815
3977946
3978292
3978463
3978933
3979118
3979348
3979382
3979590
3979659
3979747
3980063
3980110
3980117
3980250
3980261
3980345
3980499
3981081
3981481
3981487
3982196
3982217
3982800
3983282
3983561
3983687
3983799
3983811
3983844
3984357
3984463
3984491
3984741
3984882
3984969
3984994
3985288
3985337
3985522
3985664
3985799
4016508
4021255
4041742
4041965
4042020
4042532
4042801
4043487
4044313
4044505
4045596
4046233
4046823
4047171
4047221
4047299
4047514
4047799
4048176
4048287
4048610
4050074
4051496
4052157
4053042
4053174
4053331
4053526
4053550
4054200
4055137
4055597
4055834
4055993
4057224
4057935
4058124
4058212
4058367
4059829
4059860
4060520
4073857
4073880
4074996
4075274
4075399
4075446
4075924
4076440
4076712
4077120
4077189
4077870
4078603
4078918
4080665
4081014
4081493
4082400
4082541
4083179
4083195
4083301
4084243
4084701
4084819
4200817
4200938
4201073
4201360
4202000
4202671
4202757
4202842
4202938
4203038
4203274
4203413
4203779
4203922
4204624
4204900
4205440
4205492
4205503
4206606
4207071
4207536
4207549
4208145
4208235
4208299
4208683
4208689
4208799
4209448
4209592
4210326
4210540
4210926
4211402
4211499
4211701
4211800
4211829
4211881
4212160
4212193
4212280
4212332
4212553
4214146
4215025
4215120
4215131
4215407
4215468
4215618
4215899
4216290
4216363
4216608
4216653
4256007
4259116
4261903
4262273
4275539
4275871
4276558
4276564
4276734
4277105
4277279
4277521
4277736
4277972
4279492
4279893
4280522
4280669
4281581
4281593
4282025
4282375
4282440
4282795
4282945
4283211
4283947
4284553
4285214
4285575
4285638
4285648
4286500
4286969
4287580
4288267
4288576
4288721
4288780
4289249
4289524
4289661
4290506
4291741
4291953
4292276
4293248
4312094
4312251
4312891
4313101
4313247
4314139
4314235
4314247
4314398
4314451
4314566
4315059
4315330
4315353
4315609
4315701
4315731
4316050
4316483
4316534
4316648
4316813
4316854
4317469
4317846
4317979
4318188
4319179
4319362
4319558
4320242
4320306
4320642
4320960
4321058
4321141
4321470
4321517
4321625
4322057
4322105
4322486
4322534
4322662
4322732
4323070
4323193
4323339
4356476
4356790
4357028
4357140
4357169
4357333
4357723
4357771
4358032
4358083
4358089
4358642
4358778
4359177
4359218
4359407
4359440
4360039
4360571
4360980
4361143
4361186
4361495
4361900
4362193
4362992
4363219
4364071
4364540
4364707
4364731
4364804
4365659
4365849
4365936
4366130
4384895
4384982
4385117
4385576
4385683
4385784
4386895
4386964
4387006
4387197
4387861
4387893
4388465
4388528
4388745
4389120
4389167
4389216
4389247
4389639
4389827
4390157
4390288
4390312
4390531
4390565
4391063
4391145
4391206
4391591
4391616
4391647
4391973
4392263
4392307
4392650
4392695
4392948
4393116
4393809
4393921
4394017
4394096
4394169
4394389
4394577
4395337
4395816
4396171
4396227
4401528
4404790
4442653
4443029
4444465
4444903
4446107
4446460
4446522
4446844
4446900
4447796
4448067
4448234
4448270
4448419
4448424
4448722
4448987
4449013
4449131
4449307
4449326
4449394
4449601
4450010
4450450
4450902
4451063
4451128
4451462
4451487
4451787
4451825
4452203
4452466
4452526
4452702
4453453
4458947
4459976
4465387
4466518
4467575
4472230
4472237
4472558
4475764
4476020
4479198
4482711
4482712
4483466
4483525
4484635
4485971
4486881
4487725
4487983
4488010
4488031
4488536
4488640
4488670
4488767
4489468
4489587
4490418
4490570
4490809
4491855
4491873
4493422
4494077
4494187
4494245
4548507
4707626
4710668
4715715
4722723
4723066
4724563
4731890
4731935
4732517
4732740
4732874
4733130
4733249
4733764
4734089
4734131
4734831
4734879
4734965
4735187
4735832
4736055
4736211
4736801
4736812
4737024
4737245
4737553
4737993
4738095
4738510
4738725
4738788
4738839
4738863
4738977
4739183
4739526
4740288
4740449
4740966
4741035
4741149
4741358
4741901
4741937
4741999
4742077
4742288
4743053
4743175
4743284
4743316
4743549
4743744
4743939
4744038
4744068
4744074
4744336
4744796
4746400
4746472
4746631
4747177
4747186
4747207
4747938
4748543
4748717
4749067
4782996
4790876
4850547
4988388
4989231
4989491
4989721
4990825
4993675
4997385
4997978
4998849
5003131
5005550
5008283
5008937
5039333
5039446
5039695
5043599
5044223
5044741
5045401
5045420
5046429
5047240
5047365
5047667
5048434
5049142
5049255
5049466
5049642
5053726
5053731
5053750
5053788
5054906
5055909
5056131
5057977
5068515
5068864
5068961
5073478
5080638
5083558
5084284
5085421
5086560
5086819
5087011
5088335
5088496
5088532
5089302
5089938
5090064
5090170
5093878
5093965
5159532
5162678
5171009
5171252
5172206
5172209
5172497
5172775
5172938
5174031
5174582
5175122
5176253
5177023
5177107
5177881
5178393
5179056
5179104
5179156
5179225
5179717
5180180
5180245
5180460
5180761
5180916
5181873
5182064
5183062
5183650
5183748
5183899
5184987
5234196
5234577
5234609
5234789
5234882
5234891
5234969
5234974
5235065
5235502
5235559
5236032
5236035
5236376
5236792
5236896
5237108
5238124
5238315
5238494
5239155
5239814
5239979
5240476
5240562
5240816
5240905
5240910
5240952
5241087
5241169
5241817
5242264
5242332
5242863
5243119
5243183
5243202
5243487
5243916
5244016
5244054
5244196
5244362
5244456
5244687
5244813
5244927
5245073
5245268
5245325
5245475
5245736
5245922
5245958
5245962
5245975
5246120
5246220
5246317
5246373
5246470
5246797
5246816
5246878
5247545
5247802
5248153
5248158
5248197
5248366
5248821
5248884
5250071
5250208
5250997
5251375
5251464
5251465
5251707
5251885
5292151
5292751
5294796
5295496
5295966
5296893
5298651
5298758
5299877
5302830
5304652
5305736
5387563
5387685
5387696
5387767
5388135
5388154
5388361
5388414
5388716
5388997
5389880
5390223
5390384
5390598
5391086
5391192
5391832
5391919
5392040
5392159
5392546
5392644
5392758
5393808
5394222
5394801
5394844
5396082
5396374
5396529
5396722
5396809
5397077
5397295
5397731
5397921
5456693
5466102
5499033
5499380
5500192
5500718
5501258
5501533
5502994
5503021
5503406
5503619
5503794
5503832
5503910
5504113
5504876
5504915
5505122
5505660
5506485
5506669
5507342
5508338
5578150
5583465
5586514
5586613
5588582
5591594
5591885
5592133
5592193
5592573
5592673
5593353
5593937
5594388
5595368
5595498
5595537
5595549
5595612
5596073
5596296
5596373
5596682
5597009
5597567
5597640
5597959
5598693
5599528
5599807
5599974
5600002
5600052
5600548
5600704
5600752
5600914
5601251
5601644
5602089
5602159
5602207
5602336
5603847
5604565
5606135
5607834
5608171
5609597
5610427
5611585
5638238
5638942
5642269
5644636
5645262
5645305
5645385
5646003
5646100
5646307
5646351
5646509
5646635
5646722
5647459
5648664
5648847
5648997
5649628
5808789
5808809
5809226
5809522
5809843
5810004
5810113
5810374
5810814
5810939
5811048
5811460
5811553
5811595
5811907
5811978
5813023
5813060
5813505
5814024
5814476
5814602
5814612
5814667
5814795
5815541
5815915
5816154
5816646
5817057
5817163
5817447
5817925
5818108
5818141
5818215
5818461
5818935
5819308
5819393
5819472
5820393
5820421
5820446
5820809
5820952
5822080
5822220
5822278
5823006
5823451
5824156
5825727
5825919
5826946
5827835
5832511
5833188
5833682
5839569
5840582
5928682
5929444
5929843
5932526
5933882
5935299
5937029
5937846
5938908
5940223
5953939
5954350
5960255
5961861
5962737
5964770
5966218
5966718
5966797
5966870
5966977
5967082
5967825
5968238
5968276
5968403
5968936
5969078
5969466
5969535
5969642
5970284
5970302
5970394
5970659
5971076
5971535
5971585
5972385
5972561
5972738
5972813
5972888
5973442
5973624
5973899
5974021
5974162
5974713
5975483
5975869
5976439
5976529
5977049
5977091
5977122
5977172
5977301
5977899
5978527
5978998
5979255
6010388
6010421
6010426
6011518
6011707
6011772
6012265
6012379
6012804
6013133
6013349
6013351
6014886
6015249
6015583
6017197
6017502
6017904
6018293
6018556
6019262
6019531
6019648
6020273
6020422
6020526
6021115
6021254
6021437
6021623
6022466
6023068
6023282
6023876
6024014
6024362
6024604
6024671
6024837
6025900
6026357
6027397
6027736
6030106
6032091
6032486
6033757
6035175
6035395
6036338
6036382
6037377
6038575
6041569
6042215
6042331
6043603
6044034
6044262
6132758
6132827
6133457
6133499
6134302
6134931
6134955
6135688
6135773
6136767
6136822
6136894
6136923
6137587
6137598
6137872
6137892
6138342
6138564
6138616
6138631
6139294
6139373
6139599
6139932
6141156
6141889
6142034
6142846
6143123
6143168
6143520
6143528
6199388
6199603
6200170
6200182
6200505
6201469
6201656
6202108
6202341
6202716
6203902
6204349
6204434
6204662
6205218
6205508
6205945
6206240
6206800
6206858
6206967
6208138
6209126
6209177
6209275
6209451
6209715
6210223
6210286
6211268
6211837
6212242
6212515
6212827
6213161
6213339
6213373
6213673
6214308
6214324
6214838
6214982
6215359
6215411
6215457
6215623
6215914
6216167
6216247
6216585
6216985
6217188
6217988
6219002
6219340
6219635
6220125
6220361
6220564
6220588
6220700
6221620
6222545
6222560
6223019
6223452
6223811
6224746
6225269
6225467
6225704
6225711
6226033
6226191
6226283
6226702
6227066
6229510
6231110
6232254
6232529
6232581
6232959
6250128
6250244
6250691
6250808
6251439
6252452
6252608
6252663
6252921
6252977
6253488
6253746
6254061
6254584
6255050
6255447
6255497
6255941
6256059
6256302
6256334
6256519
6256593
6257768
6257906
6257945
6258182
6258306
6258538
6258856
6260138
6260211
6260302
6260333
6260993
6261302
6261659
6261721
6262959
6263025
6263268
6263349
6263420
6263519
6263729
6264012
6264350
6264934
6265067
6265667
6265694
6265930
6266497
6266760
6266871
6266998
6267063
6267299
6267632
6267736
6267806
6268588
6268721
6268865
6269080
6269125
6269133
6269334
6270209
6270220
6270235
6270328
6270424
6271034
6271391
6271584
6271810
6271963
6271978
6272043
6272157
6272714
6273021
6273060
6273163
6273168
6273511
6273737
6273804
6274142
6274159
6274191
6275465
6275517
6275520
6275559
6276037
6276287
6276382
6276418
6276829
6278088
6278179
6278363
6278550
6278909
6279083
6279155
6279581
6279766
6279786
6279831
6320055
6321450
6322058
6322416
6322560
6322724
6322939
6323419
6324205
6324553
6324779
6325308
6325400
6325517
6326941
6327511
6327819
6328893
6329369
6329497
6330665
6378520
6446404
6451322
6454443
6470428
6471236
6472393
6472648
6472800
6473270
6473851
6474000
6474132
6474576
6474657
6475535
6476440
6476931
6478324
6479401
6479444
6479516
6479522
6479658
6479953
6480106
6480981
6545060
6549752
6552465
6554430
6556847
6556891
6558101
6560193
6560308
6560422
6560667
6561715
6562867
6562920
6563954
6564382
6564612
6565143
6567512
6568412
6568686
6568758
6568915
6625507
6625728
6626239
6626299
6626469
6626897
6627918
6628050
6628331
6628726
6630079
6630955
6631483
6632592
6633083
6633189
6633568
6633984
6634021
6634473
6634811
6635821
6635954
6635973
6636945
6636975
6637049
6637535
6637888
6638097
6638126
6639152
6639153
6639230
6639568
6639618
6640029
6640362
6640388
6640432
6701203
6701335
6701449
6701847
6702132
6702266
6702843
6704405
6704511
6704532
6705156
6705461
6705509
6706336
6707239
6707393
6707747
6708576
6708619
6709111
6709208
6709836
6710065
6710385
6710419
6710697
6710813
6710896
6711237
6711296
6711655
6711933
6712121
6712232
6712236
6712352
6712831
6713077
6713255
6714117
6714811
6714913
6715302
6715425
6715591
6716223
6717183
6717231
6717453
6717470
6717529
6717675
6718414
6718903
6719541
6719601
6720036
6720080
6720440
6721429
6721744
6721852
6721862
6722161
6722429
6722786
6723011
6723460
6723533
6723590
6723815
6724558
6724913
6725147
6725208
6725486
6725509
6725801
6726040
6727048
6727821
6727855
6742638
6742650
6743139
6743393
6743670
6743815
6744195
6744583
6744609
6745142
6745241
6745365
6745437
6746183
6746414
6746797
6746878
6747070
6747112
6747118
6747342
6747352
6747488
6747537
6747541
6747692
6747888
6747978
6748052
6748392
6748731
6748883
6748956
6749388
6749485
6749831
6750304
6750322
6750351
6751132
6751187
6751495
6751709
6751821
6751882
6752096
6752128
6752338
6752625
6752800
6753521
6753719
6754130
6754393
6754937
6755022
6755230
6755701
6755924
6756123
6756217
6756926
6756978
6757278
6757778
6775534
6895565
6897325
6899357
6899578
6899741
6900164
6900261
6903371
6905314
6906291
6923630
6924952
6924964
6925316
6925532
6925563
6925781
6925802
6926451
6926676
6926929
6927184
6927522
6927950
6929144
6929489
6929505
6929853
6929883
6929989
6930158
6930166
6930786
6930874
6931890
6931936
6931951
6932521
6932674
6932721
6932749
6932979
6933047
6933205
6933264
6933291
6933422
6933621
6933911
6934221
6934350
6934433
6934750
6935230
6935294
6935566
6935677
6935863
6936423
6936834
7142448
7142500
7142822
7142878
7142906
7143085
7143350
7143364
7143421
7143430
7143566
7143625
7143684
7144666
7144713
7145117
7145336
7145389
7145467
7145762
7145775
7145925
7146284
7146640
7147425
7147558
7147759
7148511
7150068
7150102
7150150
7150168
7150735
7150977
7151074
7151384
7151452
7151527
7152205
7152315
7152514
7152536
7152639
7152915
7153016
7153175
7153189
7153486
7153672
7153702
7153888
7153889
7154445
7155690
7155909
7155964
7171622
7171873
7172852
7173176
7175689
7175824
7176071
7176457
7176808
7177403
7177843
7178004
7178018
7178405
7179735
7180186
7180376
7180987
7181130
7181539
7181718
7181754
7182217
7182297
7182350
7182408
7182418
7183289
7183649
7184653
7184860
7185095
7274530
7277491
7277758
7291475
7293116
7293387
7293826
7293849
7293934
7293990
7295141
7295184
7296025
7297510
7297984
7298040
7298816
7300067
7301140
7301292
7303194
7303887
7303905
7304160
7304234
7304400
7306599
7306748
7306836
7307771
7307976
7308351
7308388
7308582
7308879
7308963
7309065
7309263
7309321
7309411
7309541
7309667
7309744
7310250
7310386
7310511
7311043
7311275
7311639
7311845
7311869
7312047
7312606
7313079
7313847
7314037
7314898
7315309
7315331
7315539
7316511
7316767
7317059
7317149
7318015
7318236
7318347
7318751
7319257
7320297
7320627
7320658
7321562
7321716
7321881
7321939
7322527
7322579
7322812
7323225
7335632
7336821
7336978
7337889
7339796
7340781
7343343
7344875
7345788
7346013
7347417
7348242
7348629
7348918
7351306
7371216
7371427
7373889
7376693
7376894
7377269
7378341
7381437
7381623
7381630
7386311
7388146
7388645
7389077
7389475
7389711
7389814
7389831
7391569
7391653
7391745
7393800
7394842
7396500
7396620
7397376
7433963
7434333
7434723
7435110
7435540
7436402
7436896
7437030
7437406
7437808
7437867
7438778
7438820
7439229
7439555
7440519
7441421
7441609
7441695
7441882
7442343
7442344
7442535
7442954
7443338
7443361
7443441
7444026
7444146
7444450
7445050
7445060
7445119
7445387
7445919
7446644
7446667
7446681
7446733
7446793
7447101
7447243
7447269
7447560
7447713
7448033
7448421
7449096
7449240
7449437
7449526
7462363
7462716
7462730
7466671
7467074
7468451
7468476
7470281
7470676
7471828
7472521
7476797
7477391
7504987
7513661
7615954
7616120
7616468
7616913
7616944
7617054
7617086
7617407
7617613
7617654
7618095
7618292
7618358
7618986
7619064
7619111
7619229
7619821
7619842
7620713
7620947
7621182
7621657
7622170
7622238
7623069
7623580
7623671
7623691
7623904
7624171
7624213
7624351
7624354
7624809
7626000
7650057
7653045
7653785
7654840
7656829
7657530
7657986
7744767
7744992
7745520
7745605
7745843
7745887
7745909
7747555
7747956
7748422
7748903
7748933
7749114
7749328
7749490
7749761
7751913
7751954
7752231
7753302
7753379
7754126
7754131
7755194
7755372
7755748
7756971
7758421
7758896
7758989
7759500
7760053
7760521
7760559
7762034
7818134
7819157
7819324
7819380
7819832
7820255
7820379
7820408
7820558
7820769
7820925
7821128
7821134
7822091
7822205
7822756
7822872
7822991
7823314
7823404
7823796
7823950
7824198
7824214
7824389
7824416
7824466
7824504
7825799
7825931
7826152
7826622
7826855
7826939
7827150
7827241
7827596
7827621
7827828
7828082
7828090
7828173
7828238
7829183
7829833
7829966
7830216
7830740
7830843
7831236
7831486
7831590
7831619
7906021
7906029
7906082
7906397
7906918
7907258
7907293
7907518
7908700
7909006
7909123
7909213
7909363
7909482
7909505
7910372
7910653
7910681
7910700
7911469
7911558
7911629
7911795
7911879
7911887
7912076
7912572
7912940
7913053
7913261
7913545
7913666
7913820
7914163
7914961
7915124
7915138
7915162
7915948
7932893
7934066
7936967
7991557
7996214
8003258
8009288
8019399
8019593
8022244
8023495
8024715
8026434
8027198
8027974
8028688
8029474
8029667
8029995
8030821
8030835
8030850
8031383
8033412
8033547
8035431
8035432
8035720
8217628
8220503
8226145
8228858
8230323
8230444
8230586
8230785
8231409
8231492
8231905
8232039
8232287
8232492
8232964
8233074
8233650
8233680
8233893
8233924
8233983
8234286
8234364
8234669
8235227
8235314
8235354
8235431
8235586
8235792
8235818
8235839
8236085
8236223
8236425
8236990
8237783
8238147
8238309
8238395
8238473
8238908
8239104
8239733
8240265
8240268
8241230
8241286
8241306
8241773
8242100
8242164
8242341
8242880
8243751
8243842
8244041
8244754
8245057
8245350
8245436
8245582
8245815
8246073
8246117
8246369
8246624
8247547
8247685
8248026
8248524
8248616
8248638
8249033
8249554
8250261
8250750
8250874
8251032
8251238
8251394
8251490
8251890
8251979
8253691
8254393
8254902
8255069
8255274
8283813
8283813
8284190
8286545
8287052
8287424
8287786
8289717
8290469
8291424
8291816
8403607
8405421
8405471
8407350
8408396
8409795
8410487
8413024
8486584
8486966
8487027
8487527
8487609
8487634
8487835
8487949
8488613
8489625
8489866
8490031
8490637
8490920
8491122
8491162
8492044
8492579
8492705
8492722
8492773
8493087
8493502
8494075
8494234
8494399
8494480
8495106
8495182
8495520
8495572
8495694
8496452
8496498
8496911
8497701
8497722
8497815
8498034
8498202
8498214
8500630
8500709
8500770
8500995
8501073
8501201
8501222
8501360
8501367
8501567
8501730
8502141
8502257
8502532
8502960
8503081
8503374
8503546
8503583
8503661
8504007
8504731
8504746
8504948
8505021
8505090
8505337
8505577
8506285
8506505
8506510
8506885
8506897
8506961
8507281
8507520
8507730
8508260
8508332
8508467
8508767
8508863
8508875
8508917
8509261
8509563
8509626
8510054
8510086
8510374
8510804
8510844
8510928
8511390
8511958
8512057
8512292
8512296
8512996
8513172
8513208
8513249
8513399
8513615
8514058
8514384
8514391
8515089
8516640
8517179
8517269
8517286
8517367
8517422
8517664
8518273
8518463
8518755
8519290
8519632
8519706
8519707
8520004
8520076
8520470
8520487
8520528
8520569
8520824
8520850
8521063
8521342
8521931
8522225
8522262
8522284
8570763
8570894
8571144
8571266
8571523
8571532
8572877
8573064
8573440
8573762
8574626
8574963
8575204
8575214
8575261
8575269
8575612
8575685
8575699
8575913
8576179
8576807
8576943
8577786
8577851
8577895
8577969
8578558
8578768
8579517
8580590
8580712
8581368
8581672
8582820
8582826
8582848
8583175
8583639
8583962
8584488
8584978
8585605
8585718
8586521
8587176
8587433
8588271
8588502
8588682
8588770
8588908
8589228
8589441
8589634
8589715
8589806
8629502
8629965
8631478
8631978
8632612
8632940
8634109
8635606
8636533
8638379
8638469
8639810
8640810
8641119
8641162
8643007
8644629
8645286
8647048
8647399
8647896
8648236
8648685
8648865
8648870
8649336
8649618
8650376
8650427
8650952
8651330
8651474
8651718
8652232
8652502
8652563
8652815
8652843
8652961
8653150
8653604
8653831
8654116
8654256
8654258
8654289
8654679
8654887
8654977
8656522
8656575
8656740
8656809
8656901
8657443
8657464
8657860
8658223
8658453
8658938
8658956
8659192
8659481
8659812
8659861
8659971
8660142
8660391
8660641
8660775
8661069
8661490
8661562
8662992
8663294
8663627
8663641
8680610
8682414
8683461
8800652
8800747
8800768
8801045
8801862
8802858
8802934
8803300
8803425
8804167
8804175
8804403
8804882
8805305
8805728
8807012
8807357
8807578
8808851
8809546
8809672
8843683
8844595
8844670
8844760
8845110
8845326
8845546
8846217
8847134
8847621
8847899
8849167
8849412
8850087
8850501
8851082
8851456
8851707
8852323
8852592
8853095
8854248
8855212
8890858
8893700
8952639
8953222
8953398
8954191
8954299
8954468
8955159
8955624
8956185
8958326
8958998
8959798
8961014
8961053
8961304
8962080
8963241
8963273
8963444
8963826
8965745
8966160
8966212
8966258
8966427
8966484
8966751
8966888
8967237
8967317
8967412
8969145
8969197
8969594
8969952
8970040
8970160
8970307
9012473
9013898
9015017
9015434
9015443
9015787
9015961
9016852
9018224
9018292
9018593
9019766
9019889
9019982
9020328
9020489
9020844
9021446
9022072
9022223
9022239
9022734
9023312
9024374
9024657
9024796
9024918
9026263
9026312
9026590
9026709
9026757
9027251
9027399
9027409
9027919
9028566
9028645
9028657
9029020
9029891
9030212
9030906
9031056
9031554
9031638
9031874
9032130
9032356
9032524
9032629
9032785
9032907
9033596
9033998
9034368
9034446
9034553
9034836
9035410
9035772
9035893
9036461
9036598
9036966
9037272
9037595
9038095
9038358
9038468
9038537
9038666
9038691
9039792
9040347
9040784
9040834
9041113
9041193
9041329
9041442
9134287
9134420
9134477
9134576
9134923
9135272
9135292
9135768
9136138
9136604
9136846
9137089
9137604
9137746
9138086
9138272
9138448
9138512
9138598
9138641
9138675
9139156
9139363
9139584
9139794
9139796
9140218
9140400
9140425
9140734
9140972
9141047
9141095
9141212
9142034
9142901
9143014
9143034
9144222
9144415
9144533
9145254
9148918
9149717
9151315
9151403
9154880
9155222
9156411
9158608
9220588
9221403
9221845
9222477
9225007
9225708
9227521
9228426
9229061
9230117
9230129
9230433
9230477
9231429
9232559
9232846
9232880
9337300
9337668
9337804
9338471
9338623
9338758
9339388
9339551
9339580
9339658
9339702
9340528
9340591
9340746
9340821
9340863
9340897
9341147
9341624
9342027
9342092
9342542
9342683
9342856
9342943
9343150
9344717
9345450
9345458
9346389
9347051
9347207
9347233
9347287
9347464
9347473
9348312
9348972
9349562
9349980
9350017
9350475
9350554
9350921
9351297
9351579
9352376
9352570
9352685
9352826
9352961
9353101
9353103
9353597
9354725
9355418
9355552
9355876
9356205
9356471
9357004
9357229
9357920
9358098
9359170
9360030
9361998
9367269
9381658
9394124
9499651
9544226
9544326
9544389
9544421
9544613
9545071
9545443
9545605
9545661
9545702
9546839
9546897
9547175
9547620
9547655
9547904
9548037
9548267
9548460
9548606
9548917
9548946
9549051
9549101
9549237
9549346
9549736
9550158
9550182
9550906
9551178
9551740
9552152
9552464
9552472
9552568
9552896
9552999
9553060
9553115
9553758
9555073
9555236
9586659
9589658
9596094
9634108
9634242
9634271
9634491
9640265
9835486
9835505
9835659
9836228
9836338
9836641
9837254
9837377
9837442
9837474
9837785
9837859
9837947
9838493
9838603
9838835
9838888
9838897
9839014
9839157
9839216
9839273
9839584
9839986
9840959
9841152
9842620
9842765
9843037
9843158
9843235
9843516
9843583
9844417
9844505
9844753
9844890
9845152
9845181
9845453
9845678
9846193
9846269
9846734
9846813
9846926
9846985
9926592
9926627
9926690
9927038
9927159
9927321
9927798
9927873
9928361
9928865
9928899
9929749
9929773
9930048
9930314
9930403
9930471
9930963
9931413
9931486
9931528
9931766
9931929
9932331
9932385
9932459
9933263
9933662
9933677
9933734
9933840
9933942
9934244
9934610
9935138
9935513
9935597
9935773
9935848
9936426
9936449
9936470
9936576
9936588
9936835
9936912
9937402
9937759
9937770
9938210
9938674
9938871
9938930
9939162
9939381
9939432
9939570
10048112
10048962
10049281
10049411
10049686
10051635
10051722
10052921
10053001
10055711
10057433
10057568
10057640
10058047
10058878
10059666
10060692
10061366
10128285
10128339
10128390
10128471
10129597
10129897
10129965
10130024
10130160
10130261
10130553
10130909
10131320
10131385
10131548
10132658
10133229
10133317
10133668
10133942
10134011
10134424
10134607
10134718
10135138
10135406
10135767
10136424
10136752
10136754
10137085
10137158
10137630
10137879
10138293
10138355
10138455
10138996
10139250
10139358
10139559
10139903
10139988
10140140
10140141
10140186
10141190
10141538
10142228
10142232
10143279
10143373
10143422
10143597
10143954
10144184
10144307
10144630
10145404
10146785
10147305
10147342
10148777
10149181
10149340
10150268
10150369
10150639
10150784
10151004
10151314
10151479
10152712
10153366
10153857
10154090
10154265
10154653
10154989
10155242
10155381
10156675
10156801
10157403
10157720
10157851
10158023
10158065
10184803
10186760
10190812
10194899
10195263
10244959
10251162
10252484
10254420
10295324
10296406
10296615
10296986
10297593
10297718
10297901
10298207
10298317
10298803
10298880
10299241
10299504
10300089
10300321
10300698
10300950
10301029
10301199
10301320
10301375
10301576
10302494
10302565
10302643
10302768
10303029
10303408
10303604
10303760
10303859
10304169
10304649
10305191
10305528
10335330
10335413
10335708
10336182
10336330
10336355
10337460
10338448
10338711
10338914
10339750
10340032
10340453
10340795
10340806
10340875
10340907
10341031
10341401
10341743
10341824
10342391
10343021
10343342
10343719
10344307
10344806
10344898
10345126
10345428
10345936
10346038
10346109
10346132
10346331
10347489
10347910
10348059
10350278
10350491
10351263
10374626
10375038
10375085
10375484
10375939
10376022
10376199
10376539
10378413
10378528
10378710
10378737
10378951
10379324
10379659
10380769
10381068
10381184
10381692
10381804
10382059
10382765
10382948
10383432
10383573
10383616
10383769
10383971
10384331
10384588
10384683
10384778
10385691
10385911
10386008
10386026
10386076
10386132
10386145
10386872
10387038
10440094
10440102
10440421
10441906
10442347
10442535
10442814
10443916
10444139
10444199
10444433
10444551
10444722
10444792
10445184
10445331
10446177
10446395
10446536
10447098
10447174
10447258
10447297
10447346
10447474
10447732
10447900
10448194
10448912
10448929
10449582
10450025
10450036
10450451
10451530
10451834
10453000
10453022
10496877
10496979
10530705
10530805
10531323
10531504
10532710
10532729
10532926
10533202
10533330
10533701
10533719
10533851
10534983
10535193
10535342
10536008
10536032
10536404
10537043
10537714
10539111
10539222
10539375
10539438
10539576
10540620
10540710
10541761
10541797
10542032
10542654
10543124
10543438
10543909
10544283
10544602
10544968
10546095
10550862
10678329
10679353
10679783
10680871
10683169
10683342
10686517
10736664
10742991
10792694
10794801
10795215
10795643
10800051
10801838
10802201
10802657
10804499
10807570
10808647
10875565
10876102
10876469
10877882
10881517
10881793
10883855
10888683
10912197
10912252
10915118
10950415
10950573
10950929
10951194
10952278
10953136
10953416
10953938
10955689
10958270
10959798
10960736
10961623
10962597
10963388
11023753
11023866
11023922
11023986
11024095
11025260
11025425
11025558
11025646
11026731
11027371
11027822
11027833
11028466
11028495
11028980
11029919
11031033
11031150
11031931
11032006
11032018
11032294
11032360
11032415
11032581
11033044
11033677
11034420
11034923
11035140
11035290
11035435
11035670
11035681
11036110
11036137
11036265
11036485
11036796
11037746
11037888
11037988
11038152
11038394
11038796
11038803
11038880
11039142
11039792
11039822
11090780
11272717
11272718
11273529
11273613
11273711
11273909
11274907
11276120
11278190
11278589
11278689
11278845
11279589
11280066
11280965
11281239
11281272
11281287
11281899
11282330
11282407
11282641
11282735
11283171
11297939
11301091
11305000
11381167
11381237
11381259
11381337
11381999
11382041
11382114
11383234
11384096
11384782
11385312
11386060
11386976
11387493
11388149
11388247
11388272
11388619
11388677
11388868
11389164
11389389
11389408
11389531
11389584
11389699
11389732
11390306
11390859
11390862
11390986
11391355
11392114
11392373
11392385
11393288
11393428
11393690
11394103
11395741
11396350
11396390
11396435
11396943
11397036
11397989
11398450
11399250
11400637
11401787
11403339
11405440
11405680
11407152
11407172
11409300
11412203
11414876
11417652
11422741
11423438
11423658
11428837
11428918
11431250
11467074
11467540
11467704
11467841
11469199
11469537
11470170
11470592
11470713
11470851
11471464
11472352
11472849
11473004
11473114
11473960
11474030
11474089
11474361
11474886
11474968
11476106
11476326
11476547
11476698
11476944
11477227
11477303
11478189
11478292
11478388
11478454
11478802
11479108
11479475
11479528
11479867
11480118
11481524
11496963
11500792
11501840
11503314
11505325
11505736
11506405
11506602
11508580
11510698
11511765
11512223
11627412
11627559
11627680
11627690
11627788
11628590
11628898
11629484
11630352
11631042
11631453
11632689
11633017
11633206
11633569
11634023
11634352
11635480
11635791
11635803
11635951
11636044
11636259
11636559
11637151
11637448
11637601
11638185
11638447
11638890
11639453
11639638
11639782
11639864
11639897
11640093
11640496
11640976
11641370
11641821
11672907
11674157
11674905
11675387
11676577
11678072
11679188
11745866
11745899
11746104
11746222
11746228
11747158
11747256
11748081
11748501
11748639
11749182
11749286
11749300
11749309
11749610
11749658
11749835
11750607
11750890
11751158
11751812
11751890
11752029
11752276
11752384
11752609
11753120
11753422
11753509
11753540
11753563
11753606
11754086
11754130
11754388
11754949
11755224
11755579
11755889
11756135
11756152
11756315
11756985
11757143
11757181
11757893
11757894
11757970
11758075
11758383
11758519
11758731
11758812
11805176
11805570
11806519
11806588
11807552
11809402
11809835
11810228
11811893
11812541
11812826
11812983
11814298
11814468
11814567
11886078
11886300
11886312
11886325
11886985
11887681
11888433
11888510
11888645
11888687
11888825
11888880
11889942
11890736
11891900
11892209
11892233
11892635
11892834
11893209
11893228
11893396
11893753
11894038
11894290
11894996
11895615
11895780
11895782
11895917
11896126
11896207
11896485
11896570
11897357
11897844
11898189
11898541
11898632
11899030
11899053
11899713
11899819
11899911
11900157
11900207
11900238
11900382
11900415
11900729
11901061
11901124
11901351
11901558
11901818
11902049
11902431
11903120
11903469
11903886
11903900
11904077
11904103
11904402
11904450
11904789
11905055
11905458
11905696
11905785
11905887
11906119
11906130
11906240
11906354
11906415
11906704
11906863
11906979
11906990
11907014
11907461
11907607
11907808
11908293
11908561
11908997
11909042
11909162
11909254
11909308
11909366
11909413
11909963
11910417
11910741
11910767
11911058
11911368
11911864
11912041
11940413
11945943
12032605
12032978
12033442
12033834
12033919
12034039
12034274
12034337
12034555
12034565
12035628
12035817
12035979
12035983
12036036
12036094
12036320
12036602
12036698
12037270
12038419
12038527
12038570
12038697
12038821
12038833
12038889
12038897
12039295
12039463
12039646
12039836
12039966
12040244
12040388
12040547
12040695
12041127
12041839
12042397
12042400
12043060
12043522
12043615
12044056
12044412
12044496
12044644
12044948
12045686
12045836
12045855
12046688
12046896
12047179
12047540
12047805
12048037
12048424
12049092
12049373
12049610
12050428
12050654
12050961
12051010
12051530
12052213
12052816
12053186
12053719
12053886
12054066
12054643
12055166
12056733
12056944
12057335
12058194
12058479
12058487
12058601
12059807
12059819
12059981
12059986
12062170
12062629
12090853
12091736
12093404
12094061
12094082
12094602
12095546
12096432
12097366
12097532
12099238
12099515
12099945
12117766
12117835
12117861
12118782
12121802
12122079
12124417
12125446
12125482
12127620
12128241
12132517
12134045
12176900
12176910
12177343
12177444
12177625
12178166
12178238
12178482
12179373
12179506
12179943
12180006
12180590
12180622
12180953
12181608
12181671
12181788
12182294
12182779
12182913
12183161
12183584
12183672
12183761
12183852
12183937
12184057
12184187
12184361
12184695
12185092
12185137
12185457
12186081
12186469
12186482
12186559
12186727
12187346
12187564
12187712
12189313
12189633
12189680
12189704
12189948
12190027
12190086
12190240
12190356
12190570
12190623
12191846
12191937
12213654
12214156
12216703
12220770
12223190
12295391
12295514
12295732
12296168
12296211
12296494
12296807
12297258
12297290
12297445
12297593
12297673
12297877
12298117
12298223
12298235
12298262
12298618
12299419
12299827
12300198
12300349
12300933
12301126
12301331
12301345
12301434
12301833
12302123
12302177
12302626
12302879
12303217
12303864
12304099
12304232
12304734
12311554
12312129
12312561
12312886
12313366
12314669
12314997
12315782
12316518
12351561
12351655
12351797
12352035
12352098
12352113
12352248
12352365
12352893
12353021
12353398
12353729
12353866
12354088
12354216
12354430
12354545
12354597
12354602
12355009
12355132
12355254
12355662
12355691
12356143
12356967
12358001
12358398
12358505
12358656
12358671
12358717
12359538
12359660
12359676
12360240
12360393
12360508
12360737
12360757
12360904
12361350
12361503
12361745
12362139
12362155
12362249
12364471
12364649
12366120
12366589
12367086
12367441
12367736
12368523
12369799
12370139
12370968
12371058
12371073
12372408
12373032
12373808
12373933
12375312
12377228
12378485
12467604
12522239
12522408
12523184
12523271
12523565
12524144
12524465
12524497
12524515
12524797
12526483
12526916
12526982
12527038
12527105
12527571
12527680
12528039
12528427
12528471
12528848
12529259
12529418
12530521
12531206
12531308
12531347
12531531
12531941
12531975
12532145
12532180
12532776
12533289
12533589
12533662
12533778
12534339
12534351
12534433
12534463
12534705
12534855
12535405
12535452
12535595
12536069
12536194
12536490
12536704
12537373
12537834
12538277
12538531
12538823
12539058
12654158
12654318
12654635
12655491
12655599
12655802
12656118
12657380
12657838
12658195
12658251
12658308
12658347
12658942
12658945
12658989
12659927
12660225
12660518
12660745
12660830
12661192
12661528
12661972
12662208
12662243
12662729
12662906
12663894
12663996
12664175
12664346
12664347
12665753
12665839
12666284
12666347
12667741
12667789
12667992
12668061
12668180
12668633
12669028
12669050
12669227
12669722
12669842
12670133
12670219
12670545
12670692
12670849
12671142
12671417
12672037
12672325
12672416
12672681
12672882
12672978
12673654
12673830
12674471
12674474
12674684
12675069
12675166
12675384
12675404
12675898
12676023
12676333
12676545
12676658
12676771
12676932
12677031
12694044
12694220
12694434
12694734
12694917
12694983
12695714
12695819
12695934
12696112
12696305
12696348
12696843
12697303
12697403
12697456
12697503
12697694
12697865
12698344
12698560
12698899
12700183
12701347
12701358
12701381
12702109
12702276
12703044
12703486
12703609
12703683
12704235
12704682
12704682
12704796
12705975
12706151
12706206
12706518
12706603
12706727
12706875
12706957
12707166
12707671
12708024
12708269
12708791
12709078
12709157
12709920
12710727
12710772
12710968
12711203
12711295
12711415
12712033
12769522
12782316
12782648
12785273
12830745
12831059
12831395
12831724
12833020
12833297
12833382
12833636
12833925
12834132
12834499
12834789
12834847
12835010
12835218
12835644
12835885
12835979
12836024
12836110
12836238
12836528
12837113
12837587
12838019
12838197
12838393
12838486
12838538
12838576
12838638
12838874
12839321
12839659
12840054
12840091
12840849
12841060
12841211
12842111
12842461
12842577
12842805
12843619
12843822
12843995
12844275
12844543
12844859
12845068
12845435
12845506
12845547
12845553
12845748
12845967
12846050
12846102
12846162
12846224
12846389
12846593
12846658
12846778
12877582
12877905
12878267
12878632
12879059
12879508
12879658
12879777
12879793
12880195
12880509
12880603
12881137
12881166
12881670
12881741
12882036
12882228
12882659
12882739
12883975
12884948
12885139
12885739
12886798
12887019
12887310
12887313
12887882
12888602
12888704
12889002
12889055
12889400
12890228
12890759
12891815
12891854
12892091
12892209
12892338
12892496
12893284
12893708
12894052
12894252
12894375
12894606
12894785
12894864
12895146
12895230
12895304
12895706
12895896
12895917
12970187
12970334
12970697
12970709
12971804
12972092
12972971
12973694
12973800
12974130
12974512
12975016
12975636
12975977
12976035
12976618
12976726
12976863
12977363
12977717
12977820
12979040
12979677
12980003
12980845
12981249
12981739
12982679
12982847
12983026
12983317
12983534
12983912
12984350
12984491
12985029
12985763
12986070
12986110
12986505
13093330
13098467
13098522
13103501
13103721
13104901
13104904
13105884
13106036
13106049
13106297
13106455
13106689
13106731
13107224
13107291
13107696
13107946
13108101
13108893
13109087
13109987
13110565
13110687
13110867
13111977
13112080
13112207
13112338
13112799
13112963
13113333
13113509
13113774
13121580
13169550
13169869
13170083
13170500
13170664
13170669
13171873
13172198
13172774
13174102
13174593
13174742
13175481
13175721
13176384
13176757
13177122
13177809
13178445
13178588
13179180
13179746
13180385
13180517
13181271
13181323
13181467
13181505
13182616
13183331
13183672
13183953
13185410
13185550
13185586
13209028
13209823
13210256
13210534
13211566
13212999
13213988
13215304
13216408
13216661
13218392
13219523
13220211
13221505
13223794
13225460
13226115
13229106
13229629
13230375
13230905
13231531
13232005
13232097
13232195
13234419
13235274
13235769
13236037
13236081
13236471
13237155
13238080
13238809
13240443
13241193
13242087
13242338
13242354
13243009
13243220
13243870
13246422
13247029
13247370
13247773
13249347
13249414
13249762
13249939
13250002
13250018
13251431
13251682
13252207
13252466
13252575
13252844
13253376
13254292
13254606
13254779
13254952
13255538
13255669
13255716
13255979
13256391
13256685
13257201
13257257
13257834
13258444
13258519
13259131
13259451
13260923
13263752
13265670
13266939
13271842
13273032
13274224
13276024
13276241
13290994
13291072
13291074
13291119
13291682
13292261
13292693
13292701
13292769
13292848
13294061
13294319
13294381
13294454
13294561
13295124
13295499
13295708
13295850
13296071
13296473
13296614
13297102
13297111
13297160
13297458
13298358
13298362
13298457
13298617
13298644
13299103
13299984
13300083
13300253
13300272
13300628
13300947
13301411
13301547
13301605
13301614
13301655
13302058
13302276
13302716
13302996
13303086
13303860
13304114
13304421
13304448
13304888
13304920
13304926
13305150
13305241
13305364
13315045
13316839
13358995
13359428
13359790
13359898
13359911
13360623
13361126
13361206
13361741
13361773
13362099
13362473
13362726
13363366
13363523
13363599
13363633
13363911
13364345
13364411
13364422
13364773
13365145
13365458
13365636
13366257
13366567
13366610
13366736
13367076
13367172
13367368
13368011
13368702
13368717
13369080
13369290
13369766
13369837
13369943
13370279
13370292
13370567
13370747
13370975
13371342
13371374
13371555
13371727
13372030
13372131
13372350
13372505
13372518
13372941
13373263
13373434
13373513
13373598
13373820
13376690
13377402
13377929
13378097
13378431
13378717
13381137
13381140
13382487
13382594
13382822
13383466
13384377
13384501
13384819
13385226
13385414
13392427
13417115
13417528
13418481
13418591
13418828
13419460
13419944
13420057
13421149
13421511
13421818
13422656
13422995
13423017
13423699
13423816
13423900
13424667
13424678
13424835
13425275
13427052
13429466
13429471
13430067
13431300
13431597
13432644
13432792
13433506
13433559
13434361
13434428
13434659
13434667
13434891
13435635
13435669
13435917
13436353
13437253
13437501
13437510
13437691
13437931
13438693
13439648
13439898
13440782
13440835
13441135
13441170
13441235
13441705
13441830
13442061
13442202
13442237
13442283
13442286
13442880
13443072
13443518
13443595
13443682
13444595
13444780
13445114
13457727
13458148
13458855
13462958
13466854
13467783
13467939
13468647
13469594
13472030
13477452
13478169
13478983
13480854
13487586
13488830
13488978
13490117
13506870
13508093
13508481
13508552
13509202
13509606
13510614
13511897
13513323
13513836
13513903
13514572
13515833
13516418
13516418
13516697
13517641
13519459
13520171
13520809
13521816
13522644
13522775
13523313
13524345
13524371
13564531
13564587
13564673
13565459
13565804
13565954
13566484
13566497
13566990
13567085
13567150
13568498
13568931
13569073
13570275
13571397
13571645
13571652
13571754
13572669
13572830
13572952
13573093
13573119
13573272
13574044
13574551
13574606
13574736
13575491
13576055
13576875
13577136
13577228
13577541
13577674
13577813
13577828
13577837
13578213
13578498
13578600
13578721
13578788
13578903
13578950
13579212
13579349
13579556
13579835
13625971
13633211
13788215
13788638
13789177
13789415
13789491
13790822
13791481
13792362
13793926
13793976
13794674
13795115
13795127
13795624
13796168
13797360
13797404
13797504
13797592
13798552
13799088
13799290
13800381
13800601
13800855
13801030
13801189
13802139
13842866
13843890
13844331
13844715
13844736
13844972
13846001
13846508
13846955
13847220
13848158
13848729
13848995
13850097
13850624
13851716
13853190
13853279
13853814
13855838
13856401
13856679
13856931
13877212
13880580
13880957
13883905
13884698
13886144
13888184
13889556
13918346
13920660
13921042
13921168
13921844
13922240
13923378
13923567
13924293
13924489
13924714
13926294
13926378
13926932
13927984
13928263
13971115
13971812
13971852
13971881
13973768
13975474
13975819
13976192
13977094
13977269
13977463
13978046
13978185
13978309
13979039
13980061
13981253
13982023
13983708
13984362
13984440
13985008
13985448
13985834
13987090
13987529
13991230
13996242
13997575
14000794
14001112
14001279
14001361
14001373
14001461
14001488
14001562
14001717
14001888
14001938
14002335
14002670
14002757
14002878
14003401
14003478
14003753
14004971
14005048
14005252
14005984
14006156
14006332
14006616
14006817
14006925
14007159
14007621
14007673
14007707
14007787
14008540
14008634
14008692
14008704
14008786
14008857
14008907
14009003
14009253
14009554
14010031
14010241
14010881
14011024
14011251
14011560
14011793
14011817
14012558
14012640
14012727
14012775
14012895
14013038
14013127
14013286
14013666
14014471
14014535
14014632
14014960
14015285
14015604
14015631
14015908
14015922
14016074
14016257
14016472
14016654
14021160
14025147
14026396
14029969
14034027
14039822
14040455
14043404
14043414
14043973
14044100
14044142
14044158
14044208
14044609
14044728
14045041
14045201
14045612
14045620
14046154
14046573
14046662
14047299
14047341
14047461
14048036
14049031
14049077
14049377
14050019
14050297
14050475
14051320
14051965
14052594
14052645
14052822
14052891
14053049
14053057
14053177
14053186
14053857
14125961
14127200
14127341
14127653
14128683
14128774
14128925
14129004
14129545
14129715
14129886
14130267
14130771
14130859
14131212
14131450
14131513
14131805
14132459
14132719
14133161
14133704
14133854
14135070
14135182
14135450
14135665
14135702
14135789
14136250
14136563
14137009
14137173
14137506
14137841
14138243
14138312
14138659
14139422
14139745
14139837
14140166
14140500
14140950
14141306
14141543
14141664
14141892
14142196
14142304
14142335
14142613
14142660
14142730
14143666
14143763
14143836
14143862
14144348
14144583
14154363
14209439
14209502
14212962
14213908
14214905
14216001
14217447
14219651
14221823
14222625
14224096
14224127
14225489
14251008
14251354
14251428
14251541
14251687
14251709
14251792
14252598
14253109
14253176
14254023
14254262
14255994
14256268
14256643
14256667
14256967
14258354
14258771
14258955
14259224
14259296
14259489
14259596
14260120
14260656
14260716
14261587
14261829
14261856
14262568
14262676
14262712
14263057
14263715
14264020
14264068
14264084
14264122
14264389
14264832
14264864
14264953
14264960
14265226
14266090
14266245
14266322
14266876
14266903
14267206
14267250
14267256
14267313
14267580
14268041
14268045
14268087
14293261
14293371
14293769
14293844
14294090
14294268
14294309
14294438
14294467
14294714
14294934
14295101
14295261
14295387
14295507
14295821
14296110
14296185
14296351
14296505
14297215
14297382
14297803
14298182
14298266
14298284
14298607
14298750
14298777
14299025
14299436
14299489
14300017
14300087
14300435
14300505
14300555
14300845
14300932
14301081
14301100
14301244
14301282
14301411
14301420
14301485
14301486
14301639
14301693
14301705
14302638
14302768
14302920
14303351
14303538
14303646
14303775
14304060
14304177
14304304
14325203
14325721
14325855
14328436
14328629
14329423
14350253
14423471
14429964
14433907
14450317
14484455
14491656
14500576
14501764
14502659
14503068
14557740
14557780
14558480
14560402
14561961
14562219
14562678
14563066
14564057
14564316
14564322
14564686
14566751
14605057
14605234
14605465
14605808
14605833
14606029
14606198
14607421
14607537
14607539
14607599
14607772
14607904
14607917
14608697
14609012
14609149
14609193
14609496
14610074
14610133
14610178
14610293
14610518
14610580
14610588
14610734
14611033
14611215
14611278
14611477
14611546
14611664
14611742
14611798
14612273
14612443
14612496
14613329
14613448
14613824
14614160
14614558
14614893
14615105
14615414
14615930
14616528
14617064
14617201
14617385
14617816
14617929
14618172
14618279
14618313
14619306
14619671
14619854
14619900
14620265
14620679
14620820
14620898
14621326
14621480
14621607
14621935
14622102
14622260
14622436
14622624
14623058
14624116
14635202
14635568
14636201
14636323
14636997
14638888
14639387
14639841
14640117
14640594
14640968
14641754
14642431
14642527
14642731
14643839
14689664
14689795
14689888
14690310
14690557
14690564
14690567
14691062
14691189
14691278
14691324
14691846
14691961
14692010
14692450
14692919
14693249
14693710
14693930
14693971
14694051
14694326
14694592
14694597
14694826
14694949
14695223
14695399
14695628
14695790
14695805
14696026
14696037
14696080
14696161
14696407
14696622
14696775
14696933
14697639
14697960
14698006
14698351
14698447
14698511
14698692
14698743
14699422
14700418
14700657
14701009
14701140
14701387
14702137
14702168
14702535
14702629
14703443
14703585
14703760
14703829
14704026
14704070
14704357
14723956
14726470
14734423
14735213
14737461
14740549
14741559
14742435
14761256
14762348
14762808
14763559
14764165
14764789
14765190
14766544
14767443
14768340
14770125
14770421
14770498
14770550
14771452
14771849
14772377
14773243
14773401
14773699
14773764
14773774
14773940
14775036
14775419
14775429
14775576
14775734
14775741
14776193
14776581
14776834
14777245
14777431
14777578
14778433
14778498
14778977
14779375
14779583
14780001
14780261
14780407
14781865
14782011
14782279
14782327
14783755
14783941
14784019
14784489
14784614
14784935
14785217
14786012
14787003
14788766
14789107
14789173
14790221
14790888
14791180
14791509
14791561
14791887
14793584
14794763
14794981
14795301
14885176
14888712
14897243
14898079
14898549
14899125
14899261
14899443
14899985
14900012
14900306
14900308
14900485
14901108
14901306
14901763
14902318
14902382
14903398
14904287
14904413
14904586
14904640
14905002
14905137
14905339
14905631
14905633
14905703
14905832
14906491
14907106
14907213
14907256
14907863
14908075
14908143
14908294
14909186
14909350
14910146
14910212
14910248
14910305
14910700
14911201
14911458
14911498
14911840
14911875
14912157
14912169
14912173
14912180
14912583
14913068
14913210
14914246
14914289
14914661
14914933
14915047
14916286
14916417
14916822
14917028
14917686
14917885
14917999
14918419
14918765
14918988
14918997
14919447
14919687
14919719
14920781
14920992
14921011
14921065
14921321
14921416
14921553
14921883
14922182
14922285
14922477
14922989
14923000
14923076
14923095
14923097
14923632
14924021
14924049
14924289
14924377
14924642
14924715
14924813
14924838
14925468
14925501
14925609
14925915
14925990
14926641
14927542
14929728
14929819
14930140
14930227
14930744
14931607
14932205
14932846
14933791
14933851
14934206
14934859
14935535
14935998
14936231
14936840
14936864
14937421
14937722
14938373
14938456
14938975
14940147
14959362
14959634
14959670
14959785
14960118
14960167
14960537
14960921
14961128
14962079
14963029
14963384
14963684
14963866
14963872
14963880
14964002
14964032
14964082
14964730
14965541
14966195
14966281
14966304
14966325
14966488
14966557
14966864
14967279
14967320
14967854
14967980
14968030
14968144
14968224
14969029
14970131
14970364
14970494
14970503
14970652
14970666
14970887
14970962
14971137
14971381
14971565
14971921
14971951
14972219
14972319
14973199
14973293
14973376
14973662
14974245
14974601
14974627
14974754
14975125
14975195
14975416
14975613
14975624
14975756
14976360
14976592
14976848
14976931
14977003
14985750
14987274
15016046
15019715
15090424
15090891
15091193
15091784
15092076
15093792
15095920
15097305
15097564
15097792
15099773
15100101
15100343
15100424
15101352
15101388
15101433
15101775
15102075
15102421
15102686
15102823
15102944
15103351
15103493
15103701
15103883
15104249
15104380
15105220
15105353
15105671
15105822
15105956
15106121
15106444
15106783
15107272
15107870
15108394
15108738
15108855
15109310
15110517
15110554
15110832
15110876
15110994
15111859
15111996
15112040
15112379
15112410
15112784
15113065
15113093
15113463
15113502
15113516
15114405
15114455
15168048
15185237
15185481
15185866
15186249
15186466
15186820
15187533
15188300
15188329
15188427
15189018
15189670
15190407
15190464
15190590
15190658
15190818
15191030
15191155
15191170
15191380
15191743
15191887
15192072
15192321
15192663
15192997
15193524
15194082
15194440
15194839
15195595
15195887
15196288
15196415
15196801
15196807
15197424
15198442
15198483
15198554
15199287
15199876
15200664
15200757
15219455
15219863
15220197
15221318
15221962
15224310
15224330
15224437
15224974
15225773
15225885
15229574
15230753
15231153
15231959
15231987
15233550
15234890
15296245
15299232
15303119
15303673
15304602
15322785
15326563
15327308
15328193
15329119
15329432
15330540
15330940
15332937
15396014
15403555
15403757
15405163
15405750
15406784
15410099
15410222
15410348
15411117
15411157
15411730
15412176
15412939
15413867
15414178
15415579
15415630
15415868
15416466
15417422
15417655
15418179
15419071
15419372
15419919
15420731
15421270
15421345
15421851
15427012
15432205
15438747
15438799
15439152
15439587
15440159
15440917
15441443
15442218
15442479
15442528
15442729
15444043
15444211
15444847
15444919
15444970
15445066
15445193
15445577
15447254
15447913
15449191
15449233
15449794
15450400
15451145
15451255
15451359
15451549
15451626
15452159
15452394
15497271
15497571
15501456
15501664
15501915
15502648
15504415
15505308
15505514
15509494
15510343
15510720
15565002
15565321
15565660
15565758
15565973
15566326
15566603
15567283
15567339
15568098
15568338
15568400
15568443
15568943
15569585
15569612
15569677
15569919
15569924
15570239
15570241
15570309
15571218
15571520
15571840
15571852
15572053
15572195
15572447
15572528
15573832
15574287
15574708
15574861
15575126
15575273
15575383
15575685
15577020
15577804
15578016
15579004
15579799
15579952
15580816
15581536
15583554
15584005
15587491
15639646
15639763
15640065
15640296
15641296
15641464
15641495
15641855
15642261
15642624
15642632
15642666
15643088
15643117
15643183
15643369
15644934
15645259
15645268
15645651
15646078
15646127
15647654
15648370
15649541
15649888
15650940
15651165
15651614
15651718
15651795
15651847
15652606
15652618
15652803
15652903
15652957
15653451
15653931
15655002
15655189
15655480
15655872
15655883
15656010
15656188
15656240
15656395
15656646
15656668
15656675
15657085
15657101
15657111
15657284
15657314
15657710
15658120
15658189
15658523
15658665
15658823
15659166
15659229
15659340
15660025
15661156
15661427
15662425
15662695
15663123
15663238
15663936
15664025
15664083
15664179
15664823
15684448
15686247
15686321
15687432
15688181
15692281
15693020
15693937
15693956
15696243
15732835
15733680
15733681
15734343
15735089
15735240
15736384
15736998
15737496
15738835
15739269
15739383
15739740
15741214
15745722
15747595
15749857
15750215
15750565
15838829
15838991
15839478
15839671
15840523
15841054
15841547
15842131
15842537
15842691
15842752
15842835
15843269
15843742
15844296
15844312
15844463
15844474
15845931
15846316
15846780
15847055
15847080
15847760
15848063
15892728
15893839
15895589
15917716
15930146
15930338
15930397
15930575
15930875
15930972
15931010
15931271
15931280
15932103
15932157
15932573
15933189
15933441
15933733
15933932
15934119
15934466
15935284
15936534
15936870
15937203
15938083
15938369
15938988
15939361
15939707
15939956
15940097
15940300
15940392
15941748
15941897
15942784
15942801
15943079
15943555
15943698
15943750
15944477
15944969
15945175
15945543
15946476
15946585
15946644
15998577
16034217
16034449
16034960
16035775
16035987
16036376
16036440
16037110
16037192
16037509
16037767
16037925
16037996
16038474
16038617
16039291
16039688
16039746
16039975
16040242
16040261
16041246
16041397
16041436
16041598
16042151
16042178
16042180
16042268
16042335
16043048
16043265
16043523
16043955
16043971
16044189
16044267
16044309
16044659
16044769
16044866
16044922
16045425
16045580
16046069
16046237
16046341
16046496
16046590
16046854
16047116
16047117
16047233
16047764
16048094
16048366
16048527
16048701
16048721
16134323
16202386
16202546
16202577
16203335
16203383
16203485
16203520
16203923
16203939
16204119
16204139
16204536
16204750
16205076
16205104
16205286
16205461
16205864
16205887
16206016
16206288
16206504
16207491
16207661
16207662
16207835
16207871
16208053
16208238
16208397
16208457
16208476
16208625
16209474
16209542
16209689
16209696
16209869
16210194
16210256
16210323
16210642
16210728
16211062
16211208
16211873
16213938
16215432
16215604
16215780
16216107
16216175
16216374
16216459
16216527
16216560
16225073
16290285
16291338
16291624
16291677
16291951
16292168
16292342
16292622
16292851
16293138
16293346
16293390
16293595
16293851
16294004
16294265
16294358
16294457
16294714
16294738
16295160
16295268
16295389
16295645
16296534
16297178
16297231
16297254
16297350
16297672
16297862
16298084
16298294
16298623
16298701
16298858
16299123
16299644
16300127
16300439
16300628
16300773
16300918
16300994
16301518
16302255
16318803
16324148
16325090
16325155
16325554
16325709
16326136
16326684
16328282
16328551
16328553
16329096
16329742
16376495
16376513
16378272
16383952
16384467
16386981
16387602
16387988
16388427
16388875
16389148
16389981
16390760
16390829
16391275
16391281
16392340
16392562
16392575
16392814
16393073
16393633
16393695
16393894
16393966
16394276
16394303
16394706
16394834
16394949
16395766
16397202
16397745
16398027
16398552
16398867
16398940
16398997
16399101
16399281
16399564
16399870
16399968
16435270
16435955
16438511
16441307
16443323
16444995
16445180
16445995
16447367
16448597
16449546
16452936
16453981
16454470
16454852
16455099
16459079
16459179
16460026
16460031
16460138
16461551
16461809
16462840
16463261
16463672
16463794
16463943
16464873
16464990
16465435
16465461
16465802
16466658
16467546
16469172
16563538
16564929
16565797
16567263
16567941
16569985
16570074
16571212
16571491
16572263
16572585
16573809
16574550
16574684
16575433
16577642
16580599
16582321
16584700
16594285
16597267
16600787
16632414
16632711
16632921
16633214
16634235
16634288
16634433
16634497
16635129
16635282
16635434
16635649
16636110
16636205
16636393
16636988
16637114
16637154
16637569
16637645
16637713
16638224
16638792
16639739
16639909
16639928
16639970
16640083
16640313
16640424
16640470
16641592
16642315
16643101
16643235
16643266
16643286
16643379
16643468
16643749
16643801
16643869
16644089
16644777
16644833
16644922
16645177
16645297
16645615
16645631
16645897
16645942
16646076
16646218
16646231
16646735
16646845
16646961
16647162
16647357
16647553
16647568
16647591
16647830
16648099
16648611
16648654
16648674
16648783
16648873
16648906
16649631
16649678
16649984
16650324
16651170
16651242
16651281
16651294
16651644
16651934
16652477
16652547
16652689
16652890
16653036
16653517
16653924
16655132
16655688
16655737
16656050
16656519
16656857
16657189
16657391
16657425
16657591
16657814
16659153
16659533
16659567
16659638
16676594
16768769
16899984
16900627
16901450
16901477
16901484
16901732
16901865
16901924
16902287
16902392
16902499
16903250
16903440
16904103
16904370
16904920
16904950
16905000
16905036
16905222
16905746
16906043
16906062
16906121
16906277
16906328
16906349
16906649
16906908
16907204
16907241
16907275
16907422
16907618
16907659
16907671
16907860
16907904
16908347
16908818
16909156
16909913
16909921
16910086
16910396
16910620
16910958
16911581
16911609
16911922
16912305
16912366
16977717
16978421
16978453
16978541
16978573
16979318
16980014
16980066
16980525
16980661
16980886
16982315
16982672
16982739
16982877
16983038
16983286
16983446
16983683
16983715
16983811
16983860
16984381
16984404
16984622
16984905
16985111
16985127
16985741
16986588
16986612
16986858
16988042
16988141
16988165
16988326
16988645
16989252
16989484
16989655
16990206
16990245
16990371
16990641
16990904
16990954
16991058
16991536
16991638
16992494
16992935
17005803
17013110
17159611
17160623
17165973
17172193
17173119
17196320
17201207
17203352
17204876
17263971
17267087
17274191
17330756
17331199
17331591
17332094
17332273
17332429
17333175
17333222
17333623
17334387
17334501
17335445
17335490
17335725
17335902
17336180
17336386
17338529
17339139
17340335
17340768
17341844
17342130
17342396
17342566
17380060
17380195
17380497
17380635
17380765
17381380
17382688
17383115
17383240
17383274
17383345
17383548
17383783
17383874
17384852
17385585
17386106
17386498
17386619
17386647
17386766
17386880
17387414
17387827
17387927
17388435
17388472
17388596
17389008
17389093
17389112
17389604
17389736
17390196
17390835
17391172
17391669
17392163
17393000
17393463
17393535
17393981
17394186
17394254
17394320
17394486
17395387
17395916
17396088
17396137
17397048
17397173
17397662
17397832
17398312
17398429
17398719
17399179
17399485
17399932
17401236
17401307
17401325
17401668
17401887
17402131
17402266
17402597
17403344
17403518
17403745
17403901
17404110
17404530
17404531
17404540
17405454
17405783
17406056
17406439
17406450
17406455
17407278
17407327
17408536
17408679
17409680
17410231
17410374
17410582
17411446
17411457
17412016
17412194
17413451
17413651
17413807
17413886
17413928
17415743
17417444
17417648
17417784
17419789
17421223
17421748
17422728
17424481
17425799
17426430
17427483
17432892
17433489
17436749
17437448
17439855
17440690
17440882
17441129
17468534
17469261
17470196
17470587
17470736
17470811
17470831
17470859
17470903
17470909
17470932
17471535
17471629
17471630
17471929
17472032
17472065
17472546
17472582
17472610
17472636
17472647
17473058
17473083
17473303
17473629
17473675
17473725
17473975
17474032
17474086
17474324
17474487
17474522
17475066
17475187
17475286
17475500
17475568
17476256
17476540
17476808
17477053
17477205
17477698
17478018
17478182
17478777
17478798
17478845
17478882
17478958
17478991
17479286
17479443
17479477
17479653
17479773
17480655
17481146
17481283
17481332
17623253
17624700
17630810
17631519
17633720
17633833
17633939
17634591
17634713
17635273
17635340
17635804
17635959
17636390
17636396
17636961
17637113
17638586
17639357
17639449
17639707
17640572
17640950
17641207
17641958
17642217
17642901
17643293
17643974
17644041
17644042
17644246
17644915
17645137
17645236
17645355
17645909
17645926
17647904
17648197
17648340
17649706
17650195
17650527
17650651
17651111
17651312
17651357
17683180
17683664
17683782
17683894
17684371
17684528
17684822
17685135
17685651
17685701
17685852
17686192
17686395
17686396
17687268
17687358
17687660
17687672
17687681
17687799
17688063
17688505
17688546
17688829
17689206
17689387
17689424
17689487
17689835
17690675
17691330
17692396
17692445
17692555
17692753
17693000
17693581
17693797
17693821
17693924
17694267
17694588
17694628
17694853
17694958
17695080
17695169
17695439
17695450
17695462
17695492
17695514
17695571
17695664
17695843
17751683
17751958
17753033
17754856
17755813
17756593
17756929
17757368
17757811
17757853
17758118
17758435
17758603
17760179
17761340
17761517
17762092
17762139
17774699
17774789
17774867
17775712
17775799
17775840
17776141
17776241
17776346
17776524
17776794
17777040
17777233
17777390
17778212
17778238
17778623
17778724
17778727
17778947
17779028
17779157
17779813
17779908
17779925
17780676
17780785
17781582
17781595
17782990
17783233
17784339
17784419
17784958
17785020
17785954
17786005
17786159
17786616
17786768
17787927
17788931
17789374
17789694
17790398
17790688
17790918
17793065
17793159
17793689
17794164
17795326
17795386
17796009
17796071
17796320
17798443
17798496
17799002
17799378
17799908
17800109
17801553
17801711
17803049
17803659
17803970
17804520
17804956
17805830
17806021
17807295
17807500
17808176
17808287
17808834
17808836
17808858
17808935
17809294
17809854
17811233
17811699
17812493
17812549
17812769
17812980
17813498
17813636
17813692
17813840
17814225
17814250
17814682
17815345
17815564
17815816
17815952
17815990
17816089
17816495
17816716
17816786
17816867
17817091
17817321
17817741
17817759
17819353
17819499
17819575
17819576
17819764
17820436
17820543
17820734
17820845
17821650
17822011
17822216
17822584
17822927
17823192
17823353
17823512
17823659
17825007
17825183
17825310
17827160
17827705
17827931
17828190
17828690
17829491
17829514
17830212
17830945
17831355
17831639
17831761
17832126
17832441
17832867
17833399
17833702
17834131
17834244
17834421
17834422
17834721
17834975
17835622
17836217
17838921
17840052
17841544
17842426
17852156
17852233
17857699
17861756
17861872
17867137
17868757
17871997
17872197
17872948
17876816
17880043
17880970
17881693
17882221
17882245
17892305
17901879
17902074
17902914
17903892
17904083
17904249
17904569
17904629
17905196
17905457
17905903
17907681
17908588
17908643
17908844
17908940
17909017
17909123
17909407
17909523
17909966
17910144
17911045
17911256
17911534
17911733
17912559
17912761
17912807
17913948
17914392
17915694
17916077
17916334
17916635
17918013
17919846
17920390
17920638
17921665
17922259
17922615
17922643
17922662
17922774
17923051
17923295
17923420
17923715
17924188
17924776
17926052
17926426
17926526
17926577
17927395
17927845
17927880
17927904
17927977
17928147
17928174
17928254
17928296
17928576
17928744
17929440
17930166
17930478
17930732
17931648
17931838
17932048
17932520
17932543
17932643
17933038
17933068
17933078
17934755
17934815
17935033
17935049
17935742
17935843
17935904
17936128
17937006
17937057
17937217
17937330
17938069
17938523
17938538
17938722
17938780
17939144
17940149
17940349
17940485
17940622
17959768
17960320
17960566
17960929
17961566
17962010
17962042
17962169
17962309
17962546
17962551
17962967
17963719
17963849
17964141
17964372
17964626
17964839
17964974
17965120
17965130
17965750
17965790
17966610
17966812
17966936
17967760
17967975
17968242
17968402
17968438
17969902
17970924
17971112
17971348
17972378
17972387
17972944
17973209
17974071
17974079
17974177
17974327
17974400
17974620
17974966
17975108
17975163
17976042
17976163
17976350
17976456
17976815
17976950
17978146
17979180
17979594
17979630
17980004
17980162
17981412
17981671
17982449
17982882
17983150
17983280
17984592
17986166
17986473
17988189
17988705
17991018
17993698
17993752
17994597
17994893
17995014
17995310
17995604
17995726
17996440
17996715
17996726
17996883
17996949
17997578
17997838
17997937
17998078
17998706
17998730
17998884
17998903
17998928
17998985
17999160
17999727
18000458
18000778
18001444
18001496
18001597
18001663
18001694
18001742
18002631
18002736
18002864
18002957
18003046
18003215
18003606
18003875
18004047
18004065
18004444
18005677
18006439
18006994
18007318
18007629
18007654
18008503
18008916
18009209
18009453
18009772
18010114
18010194
18010219
18010533
18011101
18015925
18016718
18018185
18022156
18022453
18034480
18067076
18071501
18072847
18075646
18077013
18078590
18110496
18119953
18120549
18121447
18122727
18125222
18127674
18129218
18130035
18131687
18135784
18136458
18136780
18136809
18136901
18136953
18137224
18137783
18138352
18138496
18138621
18138797
18138881
18138924
18139037
18139367
18139567
18139570
18140207
18140346
18140801
18140810
18141375
18141802
18141828
18142057
18142164
18142190
18142532
18143736
18143744
18143894
18144584
18145511
18146402
18146491
18146518
18146600
18146830
18147000
18147030
18147038
18147293
18147362
18147587
18147787
18147977
18149288
18149514
18149740
18150515
18150572
18151122
18151784
18152478
18152747
18152759
18152926
18152948
18153097
18153463
18154063
18154312
18154559
18154816
18184854
18185120
18185392
18185641
18185803
18185979
18186052
18186368
18186468
18186793
18187103
18187582
18187878
18187948
18188514
18188657
18189304
18189394
18189685
18189946
18190374
18190512
18190529
18191223
18191305
18192592
18192661
18192924
18194527
18194903
18194950
18195480
18196819
18197054
18197783
18197789
18197959
18198581
18198944
18199001
18199028
18199098
18199278
18199639
18199665
18199691
18201178
18201243
18201468
18201657
18276747
18281984
18292151
18312724
18312806
18313584
18314396
18314819
18315144
18315615
18316278
18316492
18317288
18317855
18317901
18318291
18319462
18319496
18320046
18320168
18320270
18321335
18322264
18323276
18323819
18324578
18324745
18379699
18380634
18383880
18385641
18386893
18388213
18408137
18408710
18408858
18409596
18412179
18413015
18413908
18414319
18415092
18415122
18417003
18418442
18419908
18420250
18549479
18552473
18554117
18555116
18556387
18556825
18558285
18559573
18560812
18565512
18566086
18566217
18567483
18567666
18567777
18568153
18568565
18568567
18568971
18570890
18571305
18571314
18571790
18572935
18573930
18574043
18574067
18574893
18575153
18575176
18575376
18576232
18576676
18577968
18578096
18578847
18579388
18579424
18579878
18580110
18580310
18580464
18581025
18581458
18581591
18581612
18582074
18582178
18582650
18582690
18583360
18583786
18584302
