60697
60918
61429
61489
61659
62087
63108
63240
63521
63916
65269
66145
66673
67782
68273
68379
68758
69174
69211
69663
70001
71011
71144
71163
72135
72165
72239
72725
73078
73287
73316
74342
74343
74420
74758
74808
75219
75552
75578
75622
77018
77901
79569
80226
80247
80767
81711
82597
83531
83697
85403
85680
86110
117301
117617
118053
118311
118403
118525
120276
121157
121224
121809
121933
122045
122129
123012
123394
123427
123673
123766
123777
124004
124394
124473
125079
125421
125451
125821
125851
125897
126365
126493
127007
127437
127566
127735
127813
127964
128270
128542
128811
129118
129346
129527
131360
131972
132211
133116
133636
133638
133679
133830
133924
134377
134614
134666
134775
140130
140847
141661
143532
150264
151508
151656
152795
185914
207815
208596
208651
209969
211320
215231
216868
217046
217963
218157
220009
220422
252492
252639
253002
253014
254109
254397
255276
255999
256105
256435
256817
257321
257941
258282
258340
258923
259031
259168
259668
260022
260125
261345
261982
262308
263150
263554
264044
264984
265152
265331
265622
265839
266217
266655
266796
267334
268068
268375
268415
268810
284347
288125
288870
289755
290681
290994
292102
292502
294499
306335
306389
306440
306521
307647
307947
308015
308074
308210
308311
308603
308959
309370
309435
309598
310708
311279
311367
311718
311992
312061
312474
312657
312768
313188
313456
313817
314474
314802
314804
315135
315208
315680
315929
316343
316405
316505
317046
317300
317408
317609
317953
318038
318190
318191
318236
319240
319588
320278
320282
321329
321423
321472
321647
322004
322234
322357
322680
323205
323381
323595
323895
324078
324144
324875
324980
325095
325273
325466
325509
326004
326464
326564
326617
326664
326855
327026
327505
327721
328060
329344
330508
330519
330542
331270
331437
332205
332647
332770
332844
333396
333843
333843
333957
335136
335312
335367
335679
335764
335888
336036
336118
336327
336832
337185
337430
337952
338239
338318
339081
339888
339933
340129
340364
340456
340576
341194
433043
440382
440884
443431
447498
449918
450018
450070
450422
451887
453372
454856
457203
457303
458522
458550
459741
479519
480692
483593
512399
571152
576345
619106
619159
619961
620028
620259
620267
620491
621235
621269
621517
621953
622853
623101
623110
623291
623531
624293
625248
625498
626382
626435
626735
626770
626835
627305
627430
627661
627802
627837
627883
627886
628480
628672
629118
629195
629282
630195
630380
630714
648516
649089
649237
649975
652558
653394
654287
654698
655471
655501
657382
658821
660287
660629
702452
814666
814824
815180
815445
816529
817387
817667
818189
819940
822521
824049
824987
825874
826848
827639
857698
857860
858347
858540
859392
859923
860416
861000
861406
861560
861621
861704
862138
862611
863165
863181
863332
863343
864800
865185
865649
865924
865949
866629
866932
897207
897283
897513
898256
898675
898722
898725
898983
899832
899947
900410
901420
902119
902225
902396
902873
903019
903402
904397
904430
904905
905032
905114
905447
905774
906377
906514
906697
906869
906928
906946
908169
908369
908772
908840
909712
910034
910793
910993
911066
911893
912163
912398
912746
913046
913048
915290
917397
917811
918239
922647
924434
924797
925253
927095
930166
931243
1022617
1023412
1023845
1024123
1025155
1026588
1027577
1028893
1029997
1030250
1031981
1033112
1033800
1035094
1037383
1039049
1039704
1127735
1129072
1130724
1132027
1132677
1132848
1134502
1135150
1138824
1140343
1140963
1230663
1231679
1231696
1231965
1232239
1232607
1233111
1233338
1234155
1235035
1236017
1236271
1236690
1236993
1237780
1238013
1238380
1238427
1238652
1239390
1240081
1240130
1240238
1240424
1240691
1240961
1241049
1241811
1241859
1242188
1242823
1243125
1243282
1244172
1245626
1245640
1245681
1245874
1246518
1246546
1246617
1246734
1246844
1247319
1247471
1248110
1249418
1249737
1250076
1250174
1250389
1250742
1251019
1251699
1251755
1252514
1252754
1252816
1252859
1253359
1254001
1254028
1254093
1254335
1254340
1254655
1254657
1254725
1255634
1255936
1256256
1256268
1256469
1256611
1256863
1256944
1258248
1258703
1259124
1259277
1259922
1259930
1260301
1260646
1260730
1260881
1260954
1261282
1261302
1261332
1261396
1262209
1262319
1262785
1262793
1262936
1263009
1263145
1263351
1263627
1263829
1264347
1264483
1265017
1265485
1265604
1266218
1267004
1267402
1267877
1268238
1268311
1268601
1268624
1268699
1269021
1269187
1269423
1269837
1270641
1271033
1271118
1271214
1271553
1271596
1271645
1271668
1271880
1272233
1272541
1273730
1273887
1274798
1276705
1277690
1280252
1281784
1282697
1282922
1284326
1285151
1285538
1285827
1288215
1320714
1322528
1322578
1324457
1325503
1326902
1327594
1330131
1351437
1415607
1416074
1416376
1416967
1417259
1418975
1421103
1422488
1422747
1422975
1456306
1463466
1496989
1497103
1497231
1497277
1497377
1498015
1498167
1498252
1498369
1498718
1498738
1498888
1499249
1499499
1500147
1501273
1501466
1502188
1502726
1502953
1503614
1503626
1503973
1503984
1504084
1504406
1504649
1504916
1505302
1505992
1506145
1506335
1506631
1506841
1506977
1506994
1508042
1508073
1508468
1508817
1509171
1509181
1509187
1509217
1509836
1510165
1510487
1510661
1510697
1510711
1510810
1511180
1511800
1511995
1512029
1512783
1512789
1512802
1513053
1513282
1513447
1513960
1514496
1514570
1514681
1515131
1515332
1515442
1515488
1516538
1516865
1516879
1517001
1517113
1517586
1517965
1518304
1518620
1518917
1518997
1519505
1519590
1519977
1520052
1520215
1520559
1520833
1521166
1521444
1521725
1521769
1522334
1522344
1522848
1523045
1524350
1524398
1524561
1524789
1524812
1524886
1525563
1525725
1525865
1525968
1526370
1526426
1526474
1526540
1526558
1526679
1527104
1527163
1527272
1527276
1569381
1569625
1570010
1570393
1570610
1570964
1571677
1572444
1572473
1572571
1573162
1573814
1574551
1574608
1574734
1574802
1574962
1575174
1575299
1575314
1575524
1575887
1576031
1576216
1576465
1576807
1577141
1577668
1578226
1578584
1578983
1579739
1580031
1580432
1580559
1580945
1580951
1581568
1582586
1582627
1582698
1583431
1584020
1584808
1584901
1645735
1655319
1655774
1672577
1672669
1672771
1672916
1672972
1674170
1674648
1675240
1675392
1675411
1675441
1675789
1675998
1676235
1676480
1676546
1676755
1677095
1677096
1677100
1677105
1677199
1677256
1677451
1677859
1677987
1678066
1678086
1678351
1679233
1679329
1679884
1680222
1680458
1680472
1680547
1680588
1680666
1680721
1680807
1680844
1680862
1680930
1681047
1681151
1681331
1681522
1681645
1681649
1681756
1682275
1682342
1682715
1701011
1701105
1701247
1701485
1701548
1701563
1701698
1701815
1702343
1702471
1702848
1703179
1703316
1703538
1703666
1703880
1703995
1704047
1704052
1704459
1704582
1704704
1705112
1705141
1705593
1706417
1707451
1707848
1707955
1708106
1708121
1708167
1708988
1709110
1709126
1709690
1709843
1709958
1710187
1710207
1710354
1710800
1710953
1711195
1727227
1727791
1728379
1728549
1728776
1729008
1730215
1731015
1731051
1731121
1732104
1732187
1732558
1732830
1733594
1734383
1735219
1737794
1789862
1807727
1807898
1808146
1808476
1808699
1809324
1809340
1809672
1810386
1810782
1811219
1811673
1811747
1812748
1813241
1814035
1814253
1815812
1817403
1830560
1831863
1837064
1837658
1837942
1843214
1843291
1843873
1844832
1845245
1845845
1961348
1961505
1962145
1962355
1962501
1963393
1963489
1963501
1963652
1963705
1963820
1964313
1964584
1964607
1964863
1964955
1964985
1965304
1965737
1965788
1965902
1966067
1966108
1966723
1967100
1967233
1967442
1968433
1968616
1968812
1969496
1969560
1969896
1970214
1970312
1970395
1970724
1970771
1970879
1971311
1971359
1971740
1971788
1971916
1971986
1972324
1972447
1972593
1974934
1984519
1987501
2009165
2009483
2009650
2009732
2009744
2009832
2009859
2009933
2010088
2010259
2010309
2010706
2011041
2011128
2011249
2011772
2011849
2012124
2013342
2013419
2013623
2014355
2014527
2014703
2014987
2015188
2015296
2015530
2015992
2016044
2016078
2016158
2016911
2017005
2017063
2017075
2017157
2017228
2017278
2017374
2017624
2017925
2018402
2018612
2019252
2019395
2019622
2019931
2020164
2020188
2020929
2021011
2021098
2021146
2021266
2021409
2021498
2021657
2022037
2022842
2022906
2023003
2023331
2023656
2023975
2024002
2024279
2024293
2024445
2024628
2024843
2025025
2026896
2030264
2030641
2033589
2034382
2035828
2037868
2039240
2051678
2056425
2088491
2090099
2091305
2093513
2096194
2099214
2102697
2104589
2106432
2113809
2114384
2114816
2115141
2115621
2116924
2117252
2118037
2118773
2127490
2130636
2154107
2155357
2156105
2156587
2157777
2159272
2160388
2165562
2165657
2165678
2165955
2166772
2167768
2167844
2168210
2168335
2169077
2169085
2169313
2169792
2170215
2170638
2171922
2172267
2172488
2173761
2174456
2174582
2231867
2233731
2234031
2234673
2235434
2236131
2236312
2236513
2237410
2238455
2238893
2239501
2239965
2240801
2241141
2244111
2245139
2245580
2245658
2306575
2307041
2307152
2307283
2307901
2307972
2308444
2308647
2308762
2309385
2309873
2310656
2311001
2311852
2313110
2313443
2313648
2314068
2314324
2314586
2314854
2315543
2316799
2316809
2316990
2317087
2317608
2317797
2318379
2318717
2318793
2319303
2319436
2319672
2320041
2320329
2391939
2392055
2392502
2392619
2393250
2394263
2394419
2394474
2394732
2394788
2395299
2395557
2395872
2396395
2396861
2397258
2397308
2397752
2397870
2398113
2398145
2398330
2398404
2399579
2399717
2399756
2399993
2400117
2400349
2400667
2401949
2402022
2402113
2402144
2402804
2403113
2403470
2403532
2404770
2404836
2405079
2405160
2405231
2405330
2405540
2405823
2406161
2406745
2406878
2407478
2407505
2407741
2408308
2408571
2408682
2408809
2408874
2409110
2409443
2409547
2409617
2410399
2410532
2410676
2410891
2410936
2410944
2411812
2412943
2414000
2418655
2418662
2418983
2422189
2422445
2425623
2429136
2429137
2454801
2467595
2467927
2470552
2482540
2484755
2486396
2486667
2487106
2487129
2487214
2487270
2488421
2488464
2489305
2490790
2491264
2491320
2492096
2493347
2494420
2494572
2496474
2516078
2516201
2516419
2516855
2516898
2517181
2517494
2517945
2517977
2518132
2518280
2518360
2518564
2518804
2518910
2518922
2518949
2519305
2520106
2520514
2520885
2521036
2521620
2521813
2522018
2522032
2522121
2522520
2522810
2522864
2523313
2523566
2523904
2524551
2524786
2524919
2525421
2552548
2553483
2556729
2558490
2559742
2561062
2564478
2567331
2567694
2568967
2572402
2574770
2575676
2576208
2577077
2577493
2578241
2595234
2595426
2595485
2595663
2595963
2596060
2596098
2596359
2596368
2597191
2597245
2597661
2598277
2598529
2598821
2599020
2599207
2599554
2600372
2601622
2601958
2602291
2603171
2603457
2604076
2604449
2604795
2605044
2605185
2605388
2605480
2606836
2606985
2607872
2607889
2608167
2608643
2608786
2608838
2609565
2610057
2610263
2610631
2611564
2611673
2611732
2612474
2615473
2621909
2624859
2630096
2640263
2674595
2675316
2678980
2679779
2681377
2681465
2684942
2685284
2686473
2688670
2692728
2692791
2693018
2693225
2693485
2693716
2694098
2694787
2695136
2695553
2695567
2695744
2695770
2696069
2696117
2696456
2696722
2697125
2697363
2697452
2697554
2697786
2697797
2697907
2698021
2698082
2698371
2698530
2698646
2698657
2698681
2699128
2699274
2699475
2699960
2700228
2700664
2700709
2700829
2700921
2700975
2701033
2701080
2701630
2702084
2702408
2702434
2702725
2703035
2703531
2703708
2835149
2837566
2837610
2838820
2840912
2841027
2841141
2841386
2842434
2843586
2843639
2844673
2845101
2845331
2845862
2848231
2849131
2849405
2849477
2849634
2882710
2882711
2883522
2883606
2883704
2883902
2884900
2886113
2888183
2888582
2888682
2888838
2889582
2890059
2890958
2891232
2891265
2891280
2891892
2892323
2892400
2892634
2892728
2893164
2909780
2909903
2910029
2910798
2910838
2911411
2911857
2912620
2913548
2913859
2915260
2915311
2915549
2916147
2917103
2917336
2917860
2918752
2919053
2919600
2920412
2920951
2921026
2921532
2939306
2939346
2940046
2941968
2943527
2943785
2944244
2944632
2945623
2945882
2945888
2946252
2948317
2952941
2952941
2953318
2955673
2956180
2956552
2956914
2958845
2959597
2960552
2960944
2981103
3141356
3144465
3147252
3147622
3150195
3150254
3151364
3152700
3153610
3154454
3154712
3154739
3154760
3155265
3155369
3155399
3155496
3156197
3156316
3157147
3157299
3157538
3158584
3158602
3160151
3160806
3160916
3160974
3161103
3162860
3163570
3165531
3167017
3168269
3168563
3169753
3170017
3170223
3171469
3172180
3173047
3173625
3174006
3175330
3175684
3176392
3177180
3177387
3177517
3177657
3177697
3178194
3178883
3179130
3179335
3179730
3179796
3179819
3180406
3181020
3181063
3181666
3182669
3182704
3183099
3183977
3184103
3184168
3184444
3184632
3184940
3185771
3186909
3187027
3187049
3187180
3187593
3187899
3187957
3187964
3187965
3188225
3188266
3188314
3188954
3189173
3189177
3189480
3189549
3189633
3189802
3190926
3191285
3191313
3191322
3191453
3191981
3192385
3192503
3192733
3192736
3193132
3193169
3193796
3193894
3194287
3194458
3263348
3263944
3264842
3266122
3268617
3271069
3272613
3273430
3275082
3279179
3357515
3357854
3360224
3362209
3362604
3363875
3365293
3365513
3366456
3366500
3367495
3368693
3371687
3372333
3372449
3373721
3374152
3374380
3438853
3440647
3461164
3461183
3461337
3461906
3462016
3462319
3462932
3463055
3463120
3463152
3463463
3463537
3463625
3464171
3464281
3464513
3464566
3464575
3464692
3464835
3464894
3464951
3465262
3465664
3466637
3466830
3468298
3468443
3468715
3468836
3468913
3469194
3469261
3470095
3470183
3470431
3470568
3470830
3470859
3471131
3471356
3471871
3471947
3472412
3472491
3472604
3472663
3548828
3548949
3549084
3549371
3550011
3550682
3550768
3550853
3550949
3551049
3551285
3551424
3551790
3551933
3552635
3552911
3553451
3553503
3553514
3554617
3555082
3555547
3555560
3556156
3556246
3556310
3556694
3556700
3556810
3557459
3557603
3558337
3558551
3558937
3559413
3559510
3559712
3559811
3559840
3559892
3560171
3560204
3560291
3560343
3560564
3562157
3563036
3563131
3563142
3563418
3563479
3563629
3563910
3564301
3564374
3564619
3564664
3615159
3615482
3615844
3616209
3616636
3617085
3617235
3617354
3617370
3617772
3618086
3618180
3618714
3618743
3619247
3619318
3619613
3619805
3620236
3620316
3621552
3622525
3622716
3623316
3624375
3624596
3624887
3624890
3625459
3626179
3626281
3626579
3626632
3626977
3627805
3628336
3629392
3629431
3629668
3629786
3629915
3630073
3630861
3631285
3631629
3631829
3631952
3632183
3632362
3632441
3632723
3632807
3632881
3633283
3633473
3633494
3646373
3646494
3646636
3646835
3647459
3647542
3647955
3648089
3648337
3648542
3649014
3649124
3649700
3649730
3649943
3649974
3650033
3650336
3650414
3650719
3651277
3651364
3651404
3651481
3651636
3651842
3651868
3651889
3652135
3652273
3652475
3653040
3653833
3654197
3654359
3654445
3654523
3654958
3655154
3655783
3656315
3656318
3722901
3722983
3723761
3724573
3724996
3725321
3725792
3726455
3726669
3727465
3728032
3728078
3728468
3729639
3729673
3730223
3730345
3730447
3731512
3732441
3733453
3733996
3734755
3734922
3754253
3754322
3754348
3755269
3758289
3758566
3760904
3761933
3761969
3764107
3764728
3769004
3770532
3805042
3805727
3808283
3811079
3813095
3867394
3877309
3877600
3877848
3877908
3878288
3878388
3879068
3879652
3880103
3881083
3881213
3881252
3881264
3881327
3881788
3882011
3882088
3882397
3882724
3883282
3883355
3883674
3884408
3885243
3885522
3885689
3885717
3885767
3886263
3886419
3886467
3886629
3886966
3887359
3887804
3887874
3887922
3888051
3908891
3909264
3909728
3910120
3910205
3910325
3910560
3910623
3910841
3910851
3911914
3912103
3912265
3912269
3912322
3912380
3912606
3912888
3912984
3913556
3914705
3914813
3914856
3914983
3915107
3915119
3915175
3915183
3915581
3915749
3915932
3916122
3916252
3916530
3916674
3916833
3916981
3917413
3918125
3918683
3918686
3919346
3919808
3919901
3920342
3920698
3920782
3920930
3921234
3921972
3922122
3922141
4080689
4091464
4093883
4096616
4097270
4133515
4133883
4134019
4134686
4134838
4134973
4135603
4135766
4135795
4135873
4135917
4136743
4136806
4136961
4137036
4137078
4137112
4137362
4137839
4138242
4138307
4138757
4138898
4139071
4139158
4139365
4140932
4141665
4141673
4142604
4143266
4143422
4143448
4143502
4143679
4143688
4144527
4145187
4145777
4160647
4161497
4161816
4161946
4162221
4164170
4164257
4165456
4165536
4168246
4169968
4170103
4170175
4170582
4171413
4172201
4173227
4173901
4247236
4247592
4247620
4247639
4247751
4248028
4248272
4248397
4248692
4249165
4249753
4251029
4251403
4251503
4251554
4252372
4252822
4252857
4252881
4252954
4253124
4253151
4253231
4253273
4253553
4253721
4254417
4255143
4255455
4255709
4256625
4256815
4257025
4257497
4257520
4257620
4258015
4258045
4258055
4259732
4259792
4260010
4260026
4260719
4260820
4260881
4261105
4261983
4262034
4262194
4262307
4263046
4263500
4263515
4263699
4263757
4264121
4265126
4265326
4265462
4265599
4284158
4284186
4284479
4284681
4285035
4285431
4285437
4285556
4285762
4286494
4286554
4286627
4286682
4286897
4287247
4287320
4287521
4287713
4287897
4288308
4288760
4288922
4288997
4289212
4289490
4289963
4290097
4290150
4290213
4290268
4290636
4291492
4291574
4291597
4291831
4292298
4293263
4293386
4293610
4293630
4293822
4294643
4294669
4294875
4295254
4295645
4295753
4295763
4295823
4296336
4296536
4296884
4297235
4297295
4297380
4297791
4297875
4297939
4297948
4298137
4298219
4298396
4298651
4299044
4299450
4299836
4299900
4299984
4300271
4300374
4313324
4313638
4313876
4313988
4314017
4314181
4314571
4314619
4314880
4314931
4314937
4315490
4315626
4316025
4316066
4316255
4316288
4316887
4317419
4317828
4317991
4318034
4318343
4318748
4319041
4319840
4320067
4320919
4321388
4321555
4321579
4321652
4322507
4322697
4322784
4322978
4323500
4324553
4324839
4324892
4325166
4325383
4325557
4325837
4326066
4326353
4326561
4326605
4326810
4327066
4327219
4327480
4327573
4327672
4327929
4327953
4328375
4328483
4328604
4328860
4329749
4330393
4330446
4330469
4330565
4330887
4331077
4331299
4331509
4331838
4331916
4332073
4332338
4332859
4333342
4333654
4333843
4333988
4334133
4334209
4334733
4335470
4446308
4447012
4447044
4447132
4447164
4447909
4448605
4448657
4449116
4449252
4449477
4450906
4451263
4451330
4451468
4451629
4451877
4452037
4452274
4452306
4452402
4452451
4452972
4452995
4453213
4453496
4453702
4453718
4454332
4455179
4455203
4455449
4456633
4456732
4456756
4456917
4457236
4457843
4458075
4458246
4458797
4458836
4458962
4459232
4459495
4459545
4459649
4460127
4460229
4461085
4461526
4478394
4478404
4478963
4479090
4479132
4479148
4479198
4479599
4479718
4480031
4480191
4480602
4480610
4481144
4481563
4481652
4482289
4482331
4482451
4483026
4484021
4484067
4484367
4485009
4485287
4485465
4486310
4486955
4487584
4487635
4487812
4487881
4488039
4488047
4488167
4488176
4488847
4489254
4489385
4489478
4489900
4490147
4490154
4490157
4490652
4490779
4490868
4490914
4491436
4491551
4491600
4492040
4492509
4492839
4493300
4493520
4493561
4493641
4493916
4494182
4494187
4494416
4494539
4494813
4494989
4495218
4495380
4495395
4495616
4495627
4495670
4495751
4495997
4496212
4496365
4496523
4497229
4497550
4497596
4497941
4498037
4498101
4498282
4498333
4499012
4500008
4500247
4500599
4500730
4500977
4501727
4501758
4502125
4502219
4503033
4503175
4503350
4503419
4503616
4503660
4503947
4509767
4512728
4512995
4530608
4530743
4531045
4531183
4531313
4531928
4533236
4533663
4533788
4533822
4533893
4534096
4534331
4534422
4535400
4536133
4536654
4537046
4537167
4537195
4537314
4537428
4537962
4538375
4538475
4538983
4539020
4539144
4539556
4539641
4539660
4540152
4540284
4540744
4541383
4541720
4542217
4542711
4543548
4544011
4544083
4544529
4544734
4544802
4544868
4545034
4545875
4549932
4549945
4551486
4552599
4553394
4554908
4558134
4559116
4598241
4598945
4602272
4604639
4605265
4605308
4605388
4606006
4606103
4606310
4606354
4606512
4606638
4606725
4607462
4608667
4608850
4609000
4609631
4609686
4610329
4611152
4611179
4611186
4611434
4611567
4611626
4611989
4612094
4612201
4612952
4613142
4613805
4614072
4614622
4614652
4614702
4614738
4614924
4615448
4615745
4615764
4615823
4615979
4616030
4616051
4616351
4616610
4616906
4616943
4616977
4617124
4617320
4617361
4617373
4617562
4617606
4618049
4618520
4618858
4619615
4619623
4619788
4620098
4620322
4620660
4621283
4621311
4621624
4622007
4622068
4651714
4652080
4652713
4652835
4653509
4655400
4655899
4656353
4656629
4657106
4657480
4658266
4658943
4659039
4659243
4660351
4679862
4680385
4681131
4681661
4682287
4682761
4682853
4682951
4685175
4686030
4686525
4686793
4686837
4687227
4687911
4688836
4689565
4691199
4691949
4692843
4693094
4693110
4693765
4693976
4694626
4697178
4697785
4698126
4714120
4719435
4722484
4722583
4724552
4734338
4737326
4738066
4739121
4741110
4741811
4742267
4744069
4744081
4744266
4744366
4744420
4744914
4745394
4746465
4746652
4746943
4747335
4747346
4747473
4747651
4747703
4747858
4748109
4748131
4748138
4748548
4748564
4748574
4748747
4748777
4749173
4749583
4749652
4749986
4750128
4750286
4750629
4750692
4750803
4751488
4752619
4752890
4753888
4754158
4754586
4754701
4755399
4755488
4755546
4755642
4756286
4756399
4756822
4757361
4757599
4757675
4759006
4759665
4760546
4762110
4762160
4762858
4763299
4763311
4763808
4764352
4765544
4765588
4765688
4765776
4766736
4767272
4767474
4768565
4768785
4769039
4769214
4769373
4770323
4834672
4835223
4835366
4835574
4836438
4836449
4837008
4837186
4838443
4838643
4838799
4838878
4838920
4840735
4842436
4842640
4842776
4844781
4846215
4846740
4847720
4849473
4850791
4851422
4852475
4942019
4947364
4948306
4948371
4948770
4948925
4949352
4949900
4951498
4951767
4951769
4952312
4952958
4954078
4954132
4954977
4955273
4955394
4955690
4955984
4956106
4956820
4957095
4957106
4957263
4957329
4957958
4958218
4958317
4958458
4959086
4959110
4959264
4959283
4959308
4959365
4959540
4960107
4960838
4961158
4961824
4961876
4961977
4962043
4962074
4962122
4963011
4963116
4963244
4963337
4963426
4963595
4963986
4964255
4964427
4964445
4964824
4966057
4966819
4967374
4967698
4968009
4968034
4968883
4969296
4969589
4969833
4970152
4970494
4970574
4970599
4970913
4971481
4972192
4972352
4972383
4973141
4973189
4973291
4973326
4973729
4973745
4973925
4973945
4974342
4974556
4974882
4974910
4975092
4975267
4975670
4975693
4975822
4976094
4976310
4977297
4977467
4977468
4977641
4977677
4977859
4978044
4978203
4978263
4978282
4978431
4979280
4979348
4979495
4979502
4979675
4980000
4980062
4980129
4980448
4980534
4980868
4981014
4981679
4983744
4985238
4985410
4985586
4985913
4985981
4986180
4986265
4986333
4986366
5028589
5028702
5028808
5029460
5029582
5030142
5030209
5030673
5030828
5031259
5031265
5031830
5031982
5033455
5034226
5034318
5034576
5035441
5035819
5036076
5036827
5037086
5037770
5038162
5038843
5038910
5038911
5039115
5039784
5040006
5040105
5040224
5040778
5040795
5042773
5043066
5043209
5044575
5045064
5045396
5045520
5045980
5046181
5046226
5127750
5127758
5128077
5129562
5130003
5130191
5130470
5131572
5131795
5131855
5132089
5132207
5132378
5132448
5132840
5132987
5133833
5134051
5134192
5134754
5134830
5134914
5134953
5135002
5135130
5135388
5135556
5135850
5136568
5136585
5137238
5137681
5137692
5138107
5139186
5139490
5140656
5140678
5212679
5212766
5212901
5213360
5213467
5213568
5214679
5214748
5214790
5214981
5215645
5215677
5216249
5216312
5216529
5216904
5216951
5217000
5217031
5217423
5217611
5217941
5218072
5218096
5218315
5218349
5218847
5218929
5218990
5219375
5219400
5219431
5219757
5220047
5220091
5220434
5220479
5220732
5220900
5221593
5221705
5221801
5221880
5221953
5222173
5222361
5223121
5223600
5223955
5224011
5356996
5357148
5357250
5357252
5357325
5357491
5357601
5357979
5358979
5359157
5359377
5359424
5359464
5359469
5359553
5359778
5360544
5360888
5361687
5361726
5361999
5362367
5362773
5362967
5363047
5363602
5363668
5364296
5364367
5364528
5364766
5364874
5365307
5365315
5365634
5365802
5366117
5366430
5366635
5366756
5366889
5366908
5367022
5367160
5367364
5367655
5368048
5368155
5368219
5368660
5368954
5369432
5369651
5369660
5369783
5370400
5370566
5370737
5371567
5371840
5398931
5400455
5415060
5415409
5415506
5435604
5435681
5441147
5445204
5445320
5468037
5468259
5468271
5468284
5468944
5469640
5470392
5470469
5470604
5470646
5470784
5470839
5471901
5472695
5473859
5474168
5474192
5474594
5474793
5475168
5475187
5475355
5475712
5475997
5476249
5476955
5477574
5477739
5477741
5477876
5478085
5478166
5478444
5478529
5479316
5479803
5480148
5480500
5480591
5480989
5481012
5481672
5481778
5481870
5482116
5482166
5482197
5482341
5482374
5482688
5483236
5487294
5493089
5493722
5591915
5593651
5594030
5594293
5594385
5594387
5594866
5594941
5595135
5595946
5596224
5596366
5596704
5597068
5598040
5598744
5598837
5598924
5598938
5599070
5599107
5599455
5599584
5599775
5600575
5600815
5600930
5601274
5601416
5601607
5601736
5601742
5601882
5601924
5602139
5602451
5602672
5602862
5603102
5603561
5603720
5603939
5604035
5604395
5604522
5605107
5605173
5605702
5605908
5605961
5606008
5606046
5606595
5606621
5606860
5607045
5607284
5607295
5607403
5607577
5607795
5608096
5608116
5608265
5608342
5608357
5609435
5609669
5609794
5610556
5610734
5610936
5611103
5611446
5611789
5612277
5613107
5613112
5613126
5613275
5613421
5613605
5613621
5613659
5614400
5614858
5614978
5615368
5615378
5615449
5615610
5615728
5616233
5616694
5616966
5617178
5617326
5617570
5617617
5617625
5618569
5619817
5620130
5620648
5621277
5621315
5621441
5621604
5621630
5622647
5623008
5623164
5623774
5623879
5624841
5626020
5626131
5626237
5627939
5628450
5628680
5629137
5629267
5629550
5629587
5630008
5630956
5643516
5644539
5644706
5644762
5645214
5645637
5645761
5645790
5645940
5646151
5646307
5646510
5646516
5647473
5647587
5648138
5648254
5648373
5648696
5648786
5649178
5649332
5649580
5649596
5649771
5649798
5649848
5649886
5651181
5651313
5651534
5652004
5652237
5652321
5652532
5652623
5652978
5653003
5653210
5653464
5653472
5653555
5653620
5654565
5655215
5655348
5655598
5656122
5656225
5656618
5656868
5656972
5657001
5677744
5683799
5687240
5704704
5705241
5705608
5707021
5710656
5710932
5712994
5717822
5720785
5721057
5721093
5721208
5721541
5721590
5721960
5722344
5722551
5723502
5724452
5724807
5725107
5725289
5725295
5725303
5725425
5725455
5725505
5726153
5726964
5727618
5727704
5727727
5727748
5727911
5727980
5728287
5728702
5728743
5729277
5729403
5729453
5729567
5729647
5730452
5731554
5731787
5731917
5731926
5732075
5732089
5732310
5732385
5732560
5732804
5732988
5733344
5733374
5733642
5733742
5734622
5734716
5734799
5735085
5735668
5736024
5736050
5736177
5736548
5736618
5736839
5737036
5737047
5737179
5737783
5738015
5738271
5738354
5738426
5750088
5750643
5750699
5750956
5751047
5751307
5751535
5752072
5752171
5753019
5753055
5753202
5753235
5753653
5753882
5754519
5755923
5756104
5756167
5756289
5756534
5756558
5756726
5756758
5756819
5756876
5756929
5757477
5757694
5757699
5757708
5757997
5758182
5758210
5758340
5758495
5758577
5758944
5759658
5759837
5759932
5759947
5760131
5760317
5760716
5761126
5761244
5761430
5761524
5804211
5805602
5806470
5807936
5808614
5810658
5810747
5811885
5812164
5812936
5813258
5814482
5815223
5815357
5816106
5818315
5821272
5822994
5823493
5837341
5837722
5837754
5837934
5838027
5838036
5838114
5838119
5838210
5838647
5838704
5839177
5839180
5839521
5839937
5840041
5840253
5841269
5841460
5841639
5842300
5842959
5843124
5843621
5843707
5843961
5844050
5844055
5844097
5844232
5844314
5844962
5845409
5845477
5846008
5846264
5846328
5846347
5846632
5847061
5847161
5847199
5847341
5847507
5847601
5847832
5847958
5848072
5848218
5848413
5848470
5848620
5848881
5849067
5849103
5849107
5849120
5849265
5849365
5849462
5849518
5849615
5849942
5849961
5850023
5850690
5850947
5851298
5851303
5851342
5851511
5851966
5852029
5853216
5853353
5854142
5854520
5854609
5854610
5854852
5855030
5865569
5866581
5871931
5878151
5879077
5955283
5955636
5955650
5959591
5959994
5961371
5961396
5963201
5963596
5964748
5965441
5969717
5970311
5971838
5972681
5972941
5973171
5974275
5977125
5980835
5981428
5982299
5984370
5998627
5998955
5999197
5999278
6000206
6000242
6000287
6000629
6000929
6001275
6001540
6001677
6001798
6002205
6002347
6002555
6002737
6003103
6003234
6004074
6004207
6004525
6004676
6004810
6004975
6005298
6005637
6006126
6006724
6007248
6007592
6007709
6008164
6009371
6009408
6009686
6009730
6009848
6010713
6010850
6010894
6011233
6011264
6011638
6011919
6011947
6012317
6012356
6012370
6013259
6013309
6082840
6083303
6084816
6085316
6085950
6086278
6087447
6088944
6089871
6091717
6091807
6093148
6094148
6094457
6094500
6096345
6097967
6098624
6100304
6100579
6101654
6103477
6104434
6105214
6105550
6105989
6106432
6106474
6106739
6107056
6107224
6108800
6109961
6110138
6110713
6110760
6116002
6116795
6118262
6122233
6122530
6213237
6213414
6213645
6213988
6214013
6214209
6214378
6215601
6215717
6215719
6215779
6215952
6216084
6216097
6216877
6217192
6217329
6217373
6217676
6218254
6218313
6218358
6218473
6218698
6218760
6218768
6218914
6219213
6219395
6219458
6219657
6219726
6219844
6219922
6219978
6220453
6220623
6220676
6221509
6221628
6222004
6222340
6222738
6223073
6223285
6223594
6224110
6224708
6225244
6225381
6225565
6225996
6226109
6226352
6226459
6226493
6227486
6227851
6228034
6228080
6228445
6228859
6229000
6229078
6229506
6229660
6229787
6230115
6230282
6230440
6230616
6230804
6231238
6232296
6368300
6368428
6368459
6368592
6368803
6368840
6368981
6369045
6369442
6369581
6369605
6369628
6369847
6369911
6370026
6370227
6370415
6370450
6370538
6370632
6370711
6370867
6371002
6371321
6371430
6371487
6371776
6373030
6373097
6373330
6373474
6373786
6373897
6374124
6374894
6374937
6375218
6375644
6375703
6375914
6375966
6375998
6376047
6376868
6376989
6377105
6378122
6378181
6378453
6378585
6378715
6378756
6379144
6379279
6379656
6380090
6380238
6380281
6380633
6380634
6380721
6380822
6381400
6381428
6381453
6381752
6381815
6381841
6381911
6381934
6381935
6381978
6382210
6382321
6382614
6382650
6383353
6383392
6383866
6384440
6384614
6385433
6385510
6385921
6386362
6386448
6390148
6394573
6395919
6398718
6400085
6401662
6434947
6434965
6436724
6442404
6442919
6445433
6531280
6531349
6531979
6532021
6532824
6533453
6533477
6534210
6534295
6535289
6535344
6535416
6535445
6536109
6536120
6536394
6536414
6536864
6537086
6537138
6537153
6537816
6537895
6538121
6538454
6539678
6540411
6540556
6541368
6541645
6541690
6542042
6542050
6592002
6596920
6600041
6702885
6720272
6720576
6720782
6721030
6721230
6722389
6722724
6722768
6722910
6723261
6723512
6723721
6724536
6724763
6725066
6725346
6725693
6726010
6726144
6726167
6726260
6726573
6726768
6727544
6727742
6728011
6728746
6728877
6728996
6729130
6729275
6729293
6729434
6729600
6730312
6730477
6730597
6730694
6730829
6730909
6731466
6732373
6732469
6732478
6732570
6733042
6733085
6733148
6733573
6734273
6734390
6734680
6734951
6735195
6735209
6761376
6761510
6761539
6761759
6767533
6860376
6861698
6863634
6886563
7006478
7007196
7008766
7010465
7010802
7012228
7013058
7014216
7073883
7081123
7168693
7170357
7172718
7172812
7173229
7174371
7174725
7175322
7175488
7177391
7177808
7178822
7183459
7188596
7188651
7265045
7265065
7265482
7265778
7266099
7266260
7266369
7266630
7267070
7267195
7267304
7267716
7267809
7267851
7268163
7268234
7269279
7269316
7269761
7270280
7270732
7270858
7270868
7270923
7271051
7271797
7272171
7272410
7272902
7273313
7273419
7273703
7274181
7274364
7274397
7274471
7274717
7275191
7275564
7275649
7275728
7276649
7276677
7276702
7277065
7277208
7278336
7278476
7278534
7279262
7279707
7280412
7281983
7282175
7283202
7284091
7286268
7389407
7390367
7390415
7390637
7390654
7390713
7390859
7391598
7392087
7392725
7392785
7393220
7393264
7393624
7394613
7394928
7395036
7395046
7395345
7395613
7395970
7396195
7396644
7396717
7396774
7396999
7397742
7398097
7398331
7398392
7398670
7398693
7398985
7399224
7400232
7401005
7401039
7417687
7417787
7417857
7417977
7418031
7418057
7418548
7418655
7418659
7420013
7420374
7420412
7420450
7420597
7421337
7421887
7422304
7422683
7422722
7422954
7423619
7423888
7424068
7424235
7424244
7424503
7425371
7425374
7425412
7425617
7426079
7426264
7426370
7426736
7427196
7427230
7428077
7445815
7445823
7445876
7446191
7446712
7447052
7447087
7447312
7448494
7448800
7448917
7449007
7449157
7449276
7449299
7450166
7450447
7450475
7450494
7451263
7451352
7451423
7451589
7451673
7451681
7451870
7452366
7452734
7452847
7453055
7453339
7453460
7453614
7453957
7454755
7454918
7454932
7454956
7455742
7456016
7457405
7459146
7459799
7461331
7461379
7461935
7462684
7462840
7463017
7463092
7463098
7463782
7463791
7464737
7464878
7466030
7467339
7468113
7469241
7469265
7470169
7470586
7470666
7471093
7471279
7472066
7473073
7473414
7548087
7553099
7554432
7611066
7611618
7611864
7612227
7612864
7613308
7613340
7613467
7613607
7613844
7613849
7614265
7615017
7615147
7615439
7615670
7615924
7616137
7616272
7616418
7616428
7617048
7617088
7617908
7618110
7618234
7619058
7619273
7619540
7619700
7619736
7621200
7622222
7622410
7622646
7623676
7623685
7624242
7624507
7625369
7625377
7625475
7625625
7625698
7625918
7626264
7626406
7626461
7627340
7627461
7627648
7627754
7628113
7628248
7669068
7712568
7712779
7715241
7718045
7718246
7718621
7719693
7722789
7722975
7722982
7727663
7755932
7756640
7756860
7756865
7757240
7757252
7757316
7757636
7757875
7758085
7758615
7758687
7758822
7759122
7759218
7759230
7759272
7759616
7759918
7759981
7760409
7760441
7760729
7761159
7761199
7761283
7761745
7762313
7762412
7762647
7762651
7763351
7763527
7763563
7763604
7763754
7763970
7764413
7764739
7764746
7765444
7766995
7767534
7767624
7767641
7767722
7767777
7768019
7768628
7768818
7769110
7769645
7769987
7770061
7770062
7770359
7770431
7770825
7770842
7770883
7770924
7771179
7771205
7771418
7771697
7772286
7772580
7772617
7772639
7811149
7811318
7812094
7812181
7812475
7813054
7813375
7813407
7813425
7813707
7815393
7815826
7815892
7815948
7816015
7816481
7816590
7816949
7817337
7817381
7817758
7818169
7818328
7819431
7820116
7820218
7820257
7820441
7820851
7820885
7821055
7821090
7821686
7822199
7822499
7822572
7822688
7823249
7823261
7823343
7823373
7823615
7823765
7824315
7824362
7824505
7824979
7825104
7825400
7825614
7826283
7826744
7827187
7827441
7827733
7827968
7861020
7861228
7861511
7861872
7862137
7862369
7862756
7863424
7863705
7863942
7864760
7864986
7865293
7865342
7865862
7866545
7867148
7867518
7868051
7868218
7868398
7868975
7869498
7871065
7871276
7871667
7872526
7872811
7872819
7872933
7874139
7874151
7874313
7874318
7876502
7876961
7982390
7991064
8049705
8050893
8051788
8052197
8181093
8293034
8305984
8378377
8378393
8378487
8380709
8380887
8382358
8382827
8383324
8383679
8383974
8384761
8386037
8386377
8387206
8387296
8387311
8388646
8389270
8390046
8390171
8391550
8393466
8394723
8397301
8398093
8398312
8398471
8401393
8402194
8403089
8403958
8404102
8404198
8405067
8405656
8405970
8406285
8406433
8406658
8408465
8408997
8409559
8410467
8410770
8410819
8412218
8412845
8412937
8412991
8413973
8519794
8519883
8520100
8520106
8520202
8521060
8521228
8521602
8521732
8522038
8522114
8522561
8522682
8522790
8523231
8523232
8523357
8523538
8524130
8524328
8524483
8524553
8525036
8525780
8525902
8526044
8526251
8526361
8527112
8527638
8528223
8528393
8528431
8528973
8529560
8529578
8529717
8529758
8529803
8529848
8529969
8530864
8586353
8586405
8586758
8587193
8587765
8588523
8589049
8589824
8590085
8590134
8590335
8591649
8591817
8592453
8592525
8592576
8592672
8592799
8593183
8594860
8595519
8596797
8596839
8597400
8598006
8598751
8598861
8598965
8599155
8599232
8599765
8600000
8636579
8639573
8641217
8642216
8643487
8643925
8645385
8646673
8647912
8672488
8699320
8700002
8700034
8700230
8700362
8702198
8702694
8704533
8772839
8773647
8774804
8775059
8775211
8775681
8776262
8776411
8776543
8776987
8777068
8777946
8778851
8779342
8780735
8781812
8781855
8781927
8781933
8782069
8782364
8782517
8783392
8812246
8813121
8813132
8813147
8813240
8813336
8813946
8814303
8814496
8814722
8814875
8814890
8814955
8815069
8815626
8815933
8815972
8816075
8816080
8816423
8816649
8816716
8817054
8817071
8817103
8818377
8818429
8818432
8818471
8818949
8819199
8819294
8819330
8819741
8821000
8821091
8821275
8821462
8821821
8821995
8822067
8822493
8822678
8822698
8822743
8823110
8823333
8823388
8823900
8824169
8824855
8825681
8825873
8826964
8827601
8828191
8828539
8828589
8828667
8828882
8829167
8829544
8829655
8829978
8831442
8832864
8833525
8834410
8834542
8834699
8834894
8834918
8835568
8836505
8836965
8837202
8837361
8838592
8839303
8839492
8839580
8839735
8841197
8841228
8841888
8842744
8842857
8842913
8842977
8843086
8844251
8844416
8844549
8844637
8845722
8846362
8846813
8846824
8847457
8847486
8847971
8848910
8850024
8850141
8850922
8850997
8851009
8851285
8851351
8851406
8851572
8852035
8852668
8853411
8853914
8854131
8854281
8854426
8854661
8854672
8855101
8855128
8855256
8855476
8855787
8856737
8856879
8856979
8857143
8857385
8857787
8857794
8857871
8858133
8858783
8858813
8873630
8873853
8873987
8874243
8874362
8874877
8875202
8875244
8875944
8875992
8876078
8876300
8876945
8877168
8877324
8877914
8877925
8878137
8878358
8878666
8879106
8879208
8879623
8879838
8879901
8879952
8879976
8880090
8880296
8880639
8881401
8881562
8882079
8882148
8882262
8882471
8883014
8883050
8883112
8883190
8883401
8884166
8884288
8884397
8884429
8884662
8884857
8885052
8885151
8885181
8885187
8885449
8885909
8887513
8887585
8887744
8888290
8888299
8888320
8889051
8889656
8889830
8890180
8974314
8974942
8975365
8975872
8976362
8976426
8976445
8976526
8977070
8977173
8977372
8978643
8978929
8979063
8979123
8979229
8979390
8979447
8980087
8980134
8981573
8982126
8982964
8983496
8984008
8984023
8984602
8984669
8984691
8985122
8985282
8985793
8985856
8986020
8986028
9023423
9024810
9025960
9027512
9029613
9029853
9031325
9031345
9033473
9036376
9039049
9045779
9049766
9051015
9054418
9055843
9056962
9057379
9057388
9057732
9057906
9058797
9060169
9060237
9060538
9061711
9061834
9061927
9062273
9062434
9062789
9063391
9064017
9064168
9064184
9064679
9065257
9066319
9066602
9066741
9066863
9068208
9068257
9068535
9068654
9068702
9069196
9069344
9069354
9069864
9070511
9070590
9070602
9070965
9071836
9072157
9129374
9129840
9130004
9130141
9131499
9131837
9132470
9132892
9133013
9133151
9133764
9134652
9135149
9135304
9135414
9136260
9136330
9136389
9136661
9137186
9137268
9138406
9138626
9138847
9138998
9139244
9139527
9139603
9140489
9140592
9140688
9140754
9141102
9141408
9141775
9141828
9142167
9142418
9143824
9144625
9145717
9146177
9146928
9147534
9148158
9148559
9149913
9150812
9151709
9153494
9153790
9153867
9153919
9154821
9155218
9155746
9156612
9156770
9157068
9157133
9157143
9157309
9158405
9158788
9158798
9158945
9159103
9159110
9159562
9159950
9160203
9160614
9160800
9160947
9161802
9161867
9162346
9162744
9162952
9163370
9163630
9163859
9165181
9165193
9165545
9165761
9165792
9166010
9166031
9166680
9166905
9167158
9167413
9167751
9168179
9169373
9169718
9169734
9170082
9170112
9170218
9170387
9170395
9171015
9171103
9172119
9172165
9172180
9172750
9172903
9172950
9172978
9173208
9173276
9173434
9173493
9173520
9173651
9173850
9174140
9174450
9174579
9174662
9174979
9175459
9175523
9175795
9175906
9176092
9176652
9177063
9253406
9253462
9254074
9254201
9254329
9254834
9255186
9256156
9256181
9256219
9256261
9256280
9257657
9258018
9258045
9258319
9258699
9258937
9259240
9259634
9260325
9261275
9262028
9262156
9262692
9264251
9264307
9264856
9265039
9265444
9265709
9265718
9265727
9265737
9265814
9266283
9266290
9266361
9266967
9267238
9284197
9284230
9284235
9285327
9285516
9285581
9286074
9286188
9286613
9286942
9287158
9287160
9288695
9289058
9289392
9291006
9291311
9291713
9292102
9292365
9293071
9293340
9293457
9294082
9294231
9294335
9294924
9295063
9295246
9295432
9296275
9296877
9297091
9297685
9297823
9298171
9298413
9298480
9298646
9299709
9300166
9347529
9347861
9348548
9348554
9348724
9349095
9349269
9349511
9349726
9349962
9351482
9351883
9352512
9352659
9353571
9353583
9354015
9354365
9354430
9354785
9354935
9355201
9355937
9356543
9357204
9357565
9357628
9357638
9358490
9358959
9359570
9360257
9360566
9360711
9360770
9361239
9361514
9361651
9362496
9363731
9363943
9364266
9365238
9374090
9377759
9416816
9417300
9417418
9417530
9418007
9418164
9418458
9418771
9419287
9419337
9419488
9419828
9420031
9420032
9420904
9420994
9421296
9421308
9421317
9421435
9421699
9422141
9422182
9422465
9422842
9423023
9423060
9423123
9423471
9424311
9424966
9426032
9426081
9426191
9426389
9426636
9427217
9427433
9427457
9427560
9427903
9428224
9428264
9428489
9428594
9428716
9428805
9429075
9429086
9429098
9429128
9429150
9429207
9429300
9429479
9480866
9484734
9493493
9493593
9493656
9493688
9493880
9494338
9494710
9494872
9494928
9494969
9496106
9496164
9496442
9496887
9496922
9497171
9497304
9497534
9497727
9497873
9498184
9498213
9498318
9498368
9498504
9498613
9499003
9499425
9499449
9500173
9500445
9501007
9501419
9501731
9501739
9501835
9502163
9502266
9502327
9502382
9503025
9504340
9504503
9519996
9520404
9520738
9521859
9522503
9524851
9524871
9524978
9525515
9526314
9526426
9530115
9531294
9531694
9532500
9532528
9534091
9535431
9609787
9613616
9614664
9616138
9618149
9618560
9619229
9619426
9621404
9623522
9624589
9625047
9626935
9637166
9713170
9714236
9714649
9715085
9715286
9717305
9718099
9719615
9720399
9720820
9722346
9722798
9722824
9723598
9725596
9740510
9741534
9741964
9743052
9745350
9745523
9748698
9856662
9856754
9857338
9857689
9858003
9858179
9858377
9859762
9860008
9860368
9860415
9860743
9861447
9862177
9862450
9862888
9863363
9863560
9863740
9864855
9865973
9867617
9867699
9868329
9869240
9870054
9870116
9870732
9913408
9914320
9914395
9914485
9914835
9915051
9915271
9915942
9916859
9917346
9917624
9918892
9919137
9919812
9920226
9920807
9921181
9921432
9922048
9922317
9922820
9923973
9924937
10003027
10004061
10004475
10004511
10004885
10005043
10006293
10006552
10007330
10007763
10008031
10008161
10009473
10011047
10011354
10013070
10013586
10015899
10059000
10059117
10059419
10059650
10060650
10060818
10060849
10061209
10061615
10061978
10061986
10062020
10062442
10062471
10062537
10062723
10064288
10064613
10064622
10065005
10065432
10065481
10067008
10067724
10068895
10069242
10070294
10070519
10070968
10071072
10071149
10071201
10073594
10075398
10076445
10179993
10180300
10180303
10180313
10180502
10180596
10180959
10181037
10181477
10181741
10182233
10182400
10182719
10182806
10183517
10183594
10183769
10183863
10184089
10184163
10184184
10184257
10185315
10185557
10186712
10186847
10187137
10187705
10187782
10188465
10188813
10188845
10189613
10189837
10189877
10189931
10190393
10190437
10190498
10190539
10190938
10190961
10191159
10191260
10191296
10191763
10191838
10192212
10192357
10192494
10192532
10192636
10193520
10193548
10193643
10193842
10193881
10193999
10194292
10194722
10194940
10195180
10195305
10195357
10195475
10195825
10196636
10306387
10309091
10310222
10311714
10312596
10348645
10348906
10349151
10349463
10349746
10349790
10349887
10349900
10350006
10350037
10350517
10350607
10350806
10350985
10351293
10351416
10351895
10352023
10352148
10352207
10352414
10352524
10352999
10353250
10353309
10353386
10354022
10354168
10354362
10354415
10355915
10356148
10356175
10356234
10356308
10356577
10356757
10356858
10357273
10357320
10357387
10357773
10357819
10358534
10358645
10358938
10359607
10360844
10362393
10362584
10362789
10364333
10364536
10364598
10364605
10364721
10364971
10365033
10365162
10396759
10397119
10400227
10401232
10401277
10401400
10403965
10404918
10434519
10437361
10465444
10465534
10465612
10466457
10466544
10466585
10466886
10466986
10467091
10467269
10467539
10467785
10467978
10468135
10468957
10468983
10469368
10469469
10469472
10469692
10469773
10469902
10470558
10470653
10470670
10471421
10471530
10472327
10472340
10473735
10473978
10475084
10475164
10475703
10475765
10476699
10476750
10476904
10477361
10507506
10508024
10508158
10510739
10510932
10511726
10519573
10519648
10520299
10521200
10523386
10523477
10523798
10523885
10524402
10525265
10525863
10526504
10527449
10527509
10527864
10528517
10529193
10529656
10529889
10530498
10530522
10531079
10531380
10532031
10532114
10532633
10533805
10601194
10621282
10623042
10625074
10625295
10625458
10625881
10625978
10629088
10631031
10632008
10689236
10690265
10712445
10712555
10712671
10712872
10713067
10713263
10713278
10713301
10713540
10713809
10714321
10714364
10714384
10714493
10714583
10714616
10715341
10715388
10715694
10716034
10716880
10716952
10716991
10717004
10717354
10717644
10718187
10718257
10718399
10718600
10718746
10719227
10719634
10720842
10721398
10721447
10721760
10722229
10722567
10722899
10723101
10723135
10723301
10723524
10724863
10725243
10725277
10725348
10737465
10740372
10742618
10743643
10744545
10746746
10749186
10751299
10814651
10841510
10848829
10850331
10850481
10850979
10851063
10851299
10851555
10851781
10851949
10852054
10852210
10852332
10853021
10853423
10853793
10853871
10853978
10854261
10854835
10855197
10855318
10855886
10856023
10856391
10856697
10857020
10857520
10857783
10857893
10857962
10858091
10858116
10859217
10859772
10860209
10860259
10860538
10860618
10860754
10860867
10861014
10861741
10862676
10863067
10863216
10863291
10863311
10863339
10863383
10863389
10863412
10864015
10864109
10864110
10864409
10864512
10864545
10865026
10865062
10865090
10865116
10865127
10865538
10865563
10865783
10866109
10866155
10866205
10866455
10866512
10866566
10866804
10866967
10867002
10867546
10867667
10867766
10867980
10868048
10868736
10869020
10869288
10869533
10869685
10870178
10870498
10870662
10871257
10871278
10871325
10871362
10871438
10871471
10871766
10871923
10871957
10872133
10872253
10873135
10873626
10873763
10873812
10923425
10924619
10926207
10927225
10927802
10927871
10928136
10928173
10928887
10928996
10930298
10932402
10935715
10962625
11071168
11072013
11072014
11072676
11073422
11073573
11074717
11075331
11075829
11077168
11077602
11077716
11078073
11079547
11084055
11085928
11088190
11088548
11088898
11119762
11119807
11119837
11120146
11120288
11120698
11121428
11121599
11121886
11121919
11122836
11122902
11123372
11123609
11123663
11123867
11123988
11124269
11124767
11125127
11126063
11126545
11126679
11126943
11127137
11127137
11127258
11127428
11127884
11128066
11128733
11128763
11128896
11129065
11129111
11129809
11129863
11130038
11130121
11130312
11130575
11130595
11130744
11131388
11143516
11143949
11144311
11144419
11144432
11145144
11145647
11145727
11146262
11146294
11146620
11146994
11147247
11147887
11148044
11148120
11148154
11148432
11148866
11148932
11148943
11149294
11149666
11149979
11150157
11150778
11151088
11151131
11151257
11151597
11151693
11151889
11152532
11153223
11153238
11153601
11153811
11154287
11154358
11154464
11154800
11154813
11155088
11155268
11155496
11155863
11155895
11156076
11156248
11156551
11156652
11156871
11157026
11157039
11157462
11157784
11157955
11158034
11158119
11158341
11197865
11198562
11198602
11198631
11200518
11202224
11202569
11202942
11203844
11204019
11204213
11204796
11204935
11205059
11205789
11206811
11208003
11208773
11210458
11211112
11211190
11211758
11212198
11212584
11213840
11214279
11216233
11224113
11257194
11259508
11259890
11260016
11260692
11261088
11262226
11262415
11263141
11263337
11263562
11265142
11265226
11265780
11266832
11267111
11347320
11347690
11348080
11348467
11348897
11349759
11350253
11350387
11350763
11351165
11351224
11352135
11352177
11352586
11352912
11353876
11354778
11354966
11355052
11355239
11355700
11355701
11355892
11356311
11356695
11356718
11356798
11357383
11357503
11357807
11358407
11358417
11358476
11358744
11359276
11360001
11360024
11360038
11360090
11360150
11360458
11360600
11360626
11360917
11361070
11361390
11361778
11362453
11362597
11362794
11362883
11466186
11466389
11467189
11468203
11468541
11468836
11469326
11469562
11469765
11469789
11469901
11470821
11471746
11471761
11472220
11472653
11473012
11473947
11474470
11474668
11474905
11474912
11475234
11475392
11475484
11475903
11476267
11478711
11480311
11481455
11481730
11481782
11482160
11483626
11483682
11483768
11484554
11484899
11485049
11485579
11485592
11486085
11486180
11486245
11487593
11488026
11488168
11489370
11490492
11490740
11490747
11490849
11491764
11491925
11492047
11492188
11492214
11492367
11493139
11493646
11493701
11493831
11494586
11495150
11495970
11496231
11496323
11496636
11496769
11496908
11496923
11496932
11497308
11497593
11497695
11497816
11497883
11497998
11498045
11498307
11498444
11498651
11498930
11563657
11563790
11563847
11563946
11564293
11564642
11564662
11565138
11565508
11565974
11566216
11566459
11566974
11567116
11567456
11567642
11567818
11567882
11567968
11568011
11568045
11568526
11568733
11568954
11569164
11569166
11569588
11569770
11569795
11570104
11570342
11570417
11570465
11570582
11571404
11572271
11572384
11572404
11573592
11573785
11579311
11598789
11602325
11610856
11611618
11612777
11613781
11614224
11614544
11615248
11615538
11615768
11617915
11618009
11618539
11619014
11620176
11620236
11620859
11620921
11621170
11623293
11623346
11623852
11624228
11624758
11624959
11626403
11626561
11627899
11628509
11628820
11629370
11629806
11648915
11649075
11649392
11650248
11650356
11650559
11650875
11652137
11652595
11652952
11653008
11653065
11653104
11653699
11653702
11653746
11654684
11654982
11655275
11655502
11655587
11655949
11656285
11656729
11656965
11657000
11657486
11657663
11658651
11658753
11658932
11659103
11659104
11660510
11660596
11661041
11661104
11692378
11693090
11693617
11693785
11694119
11694405
11696825
11696828
11698175
11698282
11698510
11699154
11700065
11700189
11700507
11700914
11701102
11724883
11725560
11726054
11731941
11732954
11803542
11821170
11821517
11822329
11822855
11823395
11823670
11825131
11825158
11825543
11825756
11825931
11825969
11826047
11826250
11827013
11827052
11827259
11827797
11828622
11828806
11829479
11830475
11831521
11831539
11831794
11831868
11832034
11834233
11834382
11834470
11835405
11835610
11835985
11836022
11836216
11836513
11836597
11836699
11836897
11836955
11837045
11837175
11837301
11837378
11837884
11838020
11838145
11838677
11838909
11839273
11839479
11839503
11839681
11840240
11840713
11841481
11841671
11842532
11842943
11842965
11843173
11844145
11844401
11844693
11844783
11845649
11845870
11845981
11846385
11846891
11847931
11848261
11848292
11849196
11849350
11849515
11849573
11850161
11850213
11850446
11850859
11851456
11851584
11852471
11852855
11852898
11852937
11852974
11853105
11854074
11854377
11854827
11855213
11855732
11855744
11856085
11856713
11857104
11857214
11857936
11859697
11860133
11860367
11860806
11861122
11861452
11861551
11861958
11863261
11864310
11865125
11865567
11866199
11868729
11869430
11871243
11872148
11872783
11873839
11873851
11874155
11874199
11875151
11876281
11876568
11876602
11876835
11876835
11877606
11879039
11879316
11879459
11879481
11879743
11880599
11880733
11881046
11881272
11881475
11881505
11881534
11881653
11882556
11882643
11882665
11882750
11882885
11883485
11884486
11884657
11885266
11885673
11885815
11885941
11886069
11886247
11886362
11886979
11887172
11887462
11887973
11888836
11889993
11890828
11891257
11891828
11891833
11892153
11892183
11892550
11897468
11903795
11904428
11904528
11905046
11905227
11906433
11906452
11906649
11906925
11907053
11907424
11907442
11907574
11908706
11908916
11909065
11909731
11909755
11910127
11910766
11911437
11912834
11912945
11913098
11913161
11913299
11914343
11914433
11915484
11915520
11915755
11916377
11916847
11917161
11917632
11918006
11918325
11918691
11920358
11933799
11940807
11941150
11942647
11949974
11950019
11950583
11951607
11952048
11952432
11952453
11952689
11953718
11954225
11954672
11954937
11955875
11956446
11956712
11957814
11958341
11959433
11960907
11960996
11961531
11963555
11964118
11964396
11964648
11965106
11965253
11965363
11965665
11967000
11967784
11967996
11968984
11969779
11969932
11970796
11971516
11973534
11973985
11977471
11978333
11983422
11984119
11984339
11989518
11989599
11991931
11997020
11997247
11999285
12001320
12001912
12004331
12007158
12008467
12010994
12011209
12011784
12012088
12012101
12012497
12043384
12043770
12044209
12044657
12044930
12045763
12046542
12046611
12047057
12047063
12048122
12048344
12048357
12048596
12048855
12049415
12049477
12049676
12049748
12050058
12050085
12050488
12050616
12050731
12051548
12052984
12053527
12053809
12054334
12054649
12054722
12054779
12054883
12055063
12055346
12055652
12055750
12068994
12069050
12069070
12069537
12069864
12069928
12070105
12070644
12071515
12071606
12071805
12072518
12072821
12073114
12073200
12073346
12073579
12073837
12073881
12074133
12074388
12075311
12075449
12075790
12076288
12076380
12076402
12076797
12077318
12078025
12078514
12078638
12078796
12079002
12079158
12079254
12079654
12079743
12081455
12082157
12082666
12082833
12083038
12148767
12148872
12149747
12150306
12151230
12153138
12153665
12155244
12155252
12155568
12155575
12155932
12156041
12157641
12158176
12158926
12159220
12159793
12160458
12160579
12161254
12162317
12163081
12163137
12163723
12164582
12177870
12178313
12178705
12179208
12179387
12179543
12180289
12180336
12180737
12181501
12181615
12182559
12182604
12182839
12183016
12183294
12183500
12185643
12186253
12187449
12187882
12188958
12189244
12189510
12189680
12208282
12208392
12208790
12208865
12209111
12209289
12209330
12209459
12209488
12209735
12209955
12210122
12210282
12210408
12210528
12210842
12211131
12211206
12211372
12211526
12212236
12212403
12212824
12213203
12213287
12213305
12213628
12213771
12213798
12214046
12214457
12214510
12215038
12215108
12215456
12215526
12215576
12215866
12215953
12216102
12216121
12216265
12216303
12216432
12216441
12216506
12216507
12216660
12216714
12216726
12217659
12217789
12217941
12218372
12218559
12218667
12218796
12219081
12219198
12219325
12275778
12278607
12280525
12281794
12286697
12287887
12289079
12290879
12291096
12349193
12349459
12349731
12349980
12350142
12350318
12350391
12350707
12350807
12351132
12351442
12351921
12352217
12352287
12352853
12352996
12353643
12353733
12354024
12354285
12354713
12354851
12354868
12355562
12355644
12356931
12357000
12357263
12358866
12359242
12359289
12359819
12361158
12361393
12362122
12362128
12362298
12362920
12363283
12363340
12363367
12363437
12363617
12363978
12364004
12364030
12365517
12365582
12365807
12365996
12367664
12377073
12381209
12384368
12386089
12386222
12387358
12387460
12387926
12388007
12388325
12388592
12388977
12389331
12393093
12393156
12396616
12397562
12398559
12399655
12401101
12403305
12405477
12406279
12407750
12407781
12409143
12438698
12440145
12446255
12446964
12449080
12450303
12450691
12450762
12451412
12451816
12452824
12454107
12455533
12456046
12456113
12456782
12458043
12458628
12458628
12458907
12459851
12461669
12462381
12463019
12464026
12464854
12464985
12465523
12466555
12466581
12559548
12559733
12560548
12561920
12563150
12564099
12567489
12568534
12569023
12569405
12569652
12573632
12589259
12589504
12589562
12589631
12589789
12590178
12590661
12590740
12590851
12591173
12591797
12591830
12592081
12592141
12592172
12592728
12592969
12593086
12593368
12593524
12593534
12594243
12594333
12594898
12594971
12595444
12595494
12595573
12595707
12595884
12596370
12596941
12597236
12597267
12597404
12598052
12598056
12598538
12598594
12599234
12599818
12600178
12600252
12601020
12601485
12601490
12602011
12602818
12603110
12603327
12603465
12603514
12603635
12603648
12604365
12605142
12605219
12624970
12625251
12625469
12626772
12627032
12629325
12631087
12631289
12633597
12639496
12640065
12657558
12658155
12661415
12662114
12664521
12665356
12665548
12665795
12670514
12673501
12677388
12677942
12678871
12689456
12689511
12692377
12696605
12696737
12696851
12697249
12697534
12697668
12698245
12699807
12699913
12699934
12700558
12700863
12700911
12701738
12702641
12702795
12703149
12703978
12704021
12704513
12704610
12705238
12705467
12705787
12705821
12706099
12706215
12706298
12706639
12706698
12707057
12707335
12707523
12707634
12707638
12707754
12708233
12708479
12708657
12709519
12710213
12710315
12710704
12710827
12710993
12711479
12711892
12712845
12712955
12713192
12713824
12714308
12714421
12715513
12715875
12716182
12717020
12717359
12717381
12718063
12718180
12718264
12719031
12719042
12719199
12719639
12721416
12723830
12723835
12724431
12725664
12725961
12727008
12727156
12764061
12764276
12764843
12764855
12765178
12766142
12766329
12766781
12767014
12767389
12768575
12769022
12769107
12769335
12769891
12770181
12770618
12770913
12771473
12771531
12771640
12772811
12773799
12773850
12773948
12774124
12774388
12774896
12774959
12775941
12776510
12776915
12777188
12777500
12777834
12778012
12778046
12778346
12778981
12778997
12779511
12779655
12780032
12780084
12780130
12780296
12780587
12780840
12780920
12781258
12810942
12811064
12811075
12811146
12811514
12811533
12811740
12811793
12812095
12812376
12813259
12813602
12813763
12813977
12814465
12814571
12815211
12815298
12815419
12815538
12815925
12816023
12816137
12817187
12817601
12818180
12818223
12819461
12819753
12819908
12820101
12820188
12820456
12820674
12821110
12821300
12855112
12855337
12855865
12855950
12856188
12856232
12856254
12857900
12858301
12858767
12859248
12859278
12859459
12859673
12859835
12860106
12862258
12862299
12862576
12863647
12863724
12864471
12864476
12865539
12865717
12866093
12867316
12868766
12869241
12869334
12869845
12870398
12870866
12870904
12872379
12889766
12889956
12890122
12890280
12890580
12890976
12892606
12892890
12893240
12893376
12893409
12893448
12893685
12894245
12894689
12894697
12895104
12896206
12896909
12896925
12897524
12897587
12897692
12899229
12899450
12899611
12899833
12900047
12900752
12901776
12901882
12902139
12902326
12902683
12902755
12904873
12904903
12905067
12905421
12905448
12905588
12906200
12906430
12906488
12906612
12906943
12907110
12907604
12908391
12973481
12973980
12974412
12974810
12975046
12975149
12975166
12976904
12976988
12977080
12979135
12980177
12981835
12981955
12982711
13023146
13071976
13073371
13073979
13074337
13074481
13074645
13074860
13075340
13076126
13076474
13076700
13077229
13077321
13077438
13078862
13079432
13079740
13080814
13081290
13081418
13082586
13097388
13098844
13100131
13100278
13101732
13102595
13102782
13102854
13105290
13105955
13106958
13107248
13107281
13107386
13108354
13108511
13108689
13108784
13109410
13109439
13110595
13111430
13111568
13112576
13160075
13160545
13161121
13161257
13161439
13161981
13162008
13162302
13162304
13162481
13163104
13163302
13163759
13164314
13164378
13165394
13166283
13166409
13166582
13166636
13166998
13167133
13167335
13167627
13167629
13167699
13167828
13168487
13169102
13169209
13169252
13169859
13170071
13170139
13170290
13171182
13171346
13172142
13172208
13172244
13172301
13172696
13173197
13173454
13173494
13173836
13173871
13174153
13174165
13174169
13174176
13174579
13175064
13175206
13210825
13213339
13221292
13222082
13224330
13227418
13228428
13229304
13247675
13247712
13248170
13248249
13248616
13248992
13249274
13250071
13250265
13250380
13250521
13250656
13250796
13250798
13251292
13252420
13253113
13253247
13253571
13253900
13254166
13254699
13254924
13255615
13255793
13256865
13257725
13259693
13261036
13261400
13271680
13273523
13273736
13277993
13289560
13289662
13331151
13332262
13332991
13333015
13335339
13336367
13336678
13337297
13337927
13338034
13338507
13338539
13338610
13339558
13339668
13344028
13344803
13344805
13344904
13391552
13391963
13397868
13399474
13400350
13402383
13403831
13428719
13438936
13440508
13488927
13488985
13489468
13489582
13490692
13490920
13491405
13491595
13492342
13492349
13492540
13492790
13494008
13494366
13494549
13494750
13495576
13496535
13496750
13497745
13497793
13497916
13498640
13498967
13499146
13499212
13499706
13499991
13500047
13500100
13500384
13500630
13500713
13500819
13501010
13501293
13501936
13502536
13502695
13503578
13504304
13505441
13506580
13506839
13507031
13508355
13508516
13508552
13509322
13509958
13510084
13510190
13513898
13513985
13519704
13522307
13524488
13527920
13530756
13534700
13555344
13555392
13555974
13555998
13556916
13557774
13557867
13558463
13558540
13558751
13558783
13558856
13558911
13559546
13559750
13559796
13559937
13560067
13560117
13560905
13561115
13561146
13561240
13561575
13561596
13562099
13562632
13563417
13563650
13564029
13564395
13564795
13565062
13565427
13565443
13565861
13721863
13730724
13731091
13731233
13732184
13732306
13732445
13733171
13733386
13734118
13734148
13734246
13734301
13734828
13735493
13736092
13736757
13737154
13737911
13738717
13739337
13739360
13739536
13739992
13740769
13743906
13745727
13769071
13774601
13804762
13838410
13845717
13865080
13865123
13865495
13865767
13865881
13867120
13867251
13867656
13867862
13868520
13868719
13868833
13869253
13869599
13869822
13869831
13870281
13870521
13870553
13871615
13871826
13871845
13871899
13872155
13872250
13872387
13872717
13873016
13873119
13873311
13873823
13873834
13873910
13873929
13873931
13874466
13874855
13874883
13875123
13875211
13875476
13875549
13875647
13875672
13876302
13876335
13876443
13907641
13911584
13918050
13918579
13918751
13918800
13919711
13919836
13920325
13920495
13920975
13921092
13921382
13921842
13922148
13922595
13923899
13923970
13923988
13924331
13924550
13924794
13924929
13925260
13926007
13926181
13926408
13926564
13926773
13927193
13927194
13927203
13928117
13928446
13928719
13929102
13929113
13929118
13929941
13929990
13931199
13931342
13937603
13942490
13944635
13946159
13950932
13951045
13951294
13955198
13955822
13956340
13957000
13957019
13958028
13958839
13958964
13959266
13960033
13960741
13960854
13961065
13961241
13965325
13965330
13965349
13965387
13966505
13967508
13967730
13969576
13970341
13970663
13970692
13970784
13970836
13971107
13971666
13972235
13972379
13972504
13972680
13972764
13972807
13972920
13973250
13973450
13973453
13974090
13974229
13974684
13974693
13975258
13975685
13975711
13975940
13976047
13976073
13976415
13977619
13977627
13977777
13978467
13979394
13980285
13980374
13980401
13980483
13980713
13980883
13980913
13980921
13981176
13981245
13981470
13981670
13981860
13983171
13983397
13983623
13984398
13984455
13985005
13985667
13986361
13986630
13986642
13986809
13986831
13986980
13987346
13987946
13988195
13988442
13988699
13988823
13989137
13989473
13989802
13991098
13991375
13991460
13991714
13992003
13992210
13992577
13992867
13992925
13993088
13993296
13993722
13993963
13994057
13994102
13994188
13994316
13994606
13995191
13995665
13996097
13996275
13996471
13996564
13996616
13996654
13996716
13996952
13997399
13997737
13998132
13998169
13998927
13999138
13999289
14000189
14000539
14000655
14000883
14001697
14001900
14002073
14002353
14002621
14002937
14003146
14003513
14003584
14003625
14003631
14003826
14004045
14004128
14004180
14004240
14004302
14004467
14004671
14004736
14004856
14005174
14006632
14006778
14007046
14007094
14008522
14008708
14008786
14009256
14009381
14009702
14009984
14010779
14011770
14013533
14013874
14013940
14014988
14015655
14015947
14016276
14016328
14016654
14018351
14019530
14019748
14020068
14020941
14021417
14023503
14024627
14027219
14028386
14029474
14100019
14100166
14100287
14100297
14100395
14101197
14101505
14102091
14102959
14103649
14104060
14105296
14105624
14105813
14106176
14106630
14106959
14108087
14108398
14108410
14108558
14108651
14108866
14109166
14109758
14110055
14110208
14110792
14111054
14111497
14112060
14112245
14112389
14112471
14112504
14112700
14113103
14113583
14113977
14114428
14157156
14157284
14157543
14157690
14158255
14158260
14158760
14159082
14159112
14159756
14160019
14160273
14161006
14161525
14161684
14161856
14161875
14162240
14162719
14164477
14164777
14165497
14166119
14166361
14166780
14167321
14167410
14167461
14255312
14257375
14257534
14260691
14260984
14262807
14266471
14267006
14267611
14268476
14268585
14269722
14271103
14271623
14271660
14273095
14273499
14273658
14274586
14274687
14274957
14275102
14275322
14275632
14275797
14277030
14277684
14278175
14278408
14278583
14278971
14279307
14279560
14279699
14280993
14281119
14281721
14282038
14282169
14282341
14282383
14298222
14301097
14306739
14309452
14368863
14369214
14369711
14370051
14370500
14370680
14370685
14371151
14371433
14372191
14372242
14372767
14373145
14373289
14373533
14374047
14374317
14374378
14374630
14374658
14374776
14374965
14375419
14375646
14375931
14376071
14376073
14376104
14376494
14376702
14376792
14378337
14378390
14378555
14378624
14378716
14379258
14379279
14379675
14380038
14380268
14380753
14380771
14381007
14381296
14381627
14381676
14381786
14381957
14382206
14382456
14382590
14382884
14383305
14383377
14384807
14385109
14385442
14385456
14437756
14437947
14439221
14439426
14440102
14440213
14440760
14440762
14440784
14440861
14441220
14441780
14443159
14443625
14444419
14444475
14444695
14444906
14445424
14445562
14445618
14445766
14446151
14446176
14446608
14447271
14447490
14447742
14447878
14447916
14448015
14448421
14448642
14448712
14448793
14449017
14449247
14449667
14449685
14451279
14451425
14451501
14451502
14451690
14452362
14452469
14452660
14452771
14453576
14453937
14454142
14454510
14454853
14455118
14455279
14455438
14455585
14484345
14484511
14484859
14485304
14485335
14485445
14485477
14485798
14486004
14486045
14486486
14486683
14486749
14487377
14487455
14487502
14487620
14488212
14488233
14489104
14489338
14489573
14490048
14490561
14490629
14491460
14491971
14492062
14492082
14492295
14492562
14492604
14492742
14492745
14493200
14494391
14508788
14508840
14509162
14509218
14509246
14509425
14509690
14509704
14509761
14509770
14509906
14509965
14510024
14511006
14511053
14511457
14511676
14511729
14511807
14512102
14512115
14512265
14512624
14512980
14513765
14513898
14514099
14514851
14516408
14516442
14516490
14516508
14517075
14517317
14517414
14517724
14517792
14517867
14518545
14518655
14518854
14518876
14518979
14519255
14519356
14519515
14519529
14519826
14520012
14520042
14520228
14520229
14520785
14522030
14522249
14522304
14602365
14602400
14602463
14602811
14602932
14603094
14603571
14603646
14604134
14604638
14604672
14605522
14605546
14605821
14606087
14606176
14606244
14606736
14607186
14607259
14607301
14607539
14607702
14608104
14608158
14608232
14609036
14609435
14609450
14609507
14609613
14609715
14610017
14610383
14610911
14611286
14611370
14611546
14611621
14612199
14612222
14612243
14612349
14612361
14612608
14612685
14613175
14613532
14613543
14613983
14614447
14614644
14614703
14614935
14615154
14615205
14615343
14652023
14659564
14659766
14661172
14661759
14662793
14667147
14667523
14668959
14669397
14670601
14670954
14671016
14671338
14671394
14672290
14672561
14672728
14672764
14672913
14672918
14673216
14673481
14673507
14673625
14673801
14673820
14673888
14674095
14674504
14674944
14675396
14675557
14675622
14675956
14675981
14676281
14676319
14676697
14676960
14677020
14677196
14677947
14780800
14781212
14781259
14781658
14782113
14782196
14782373
14782713
14784587
14784702
14784884
14784911
14785125
14785498
14785833
14786943
14787242
14787358
14787866
14787978
14788233
14788939
14789122
14789606
14789747
14789790
14789943
14790145
14790505
14790762
14790857
14790952
14791865
14792085
14792182
14792200
14792250
14792306
14792319
14793046
14793212
14794465
14794870
14795011
14795133
14795506
14795746
14795763
14795954
14796439
14797156
14797307
14797592
14797631
14797773
14798152
14798355
14798662
14798925
14798955
14799486
14799576
14799628
14799852
14800002
14800865
14800984
14801763
14801806
14801849
14802701
14802946
14803369
14803454
14804073
14804328
14804370
14804396
14804913
14805480
14805590
14805702
14805744
14805798
14806062
14806208
14806734
14807010
14807273
14807393
14807645
14807831
14807890
14808995
14809006
14876356
14876439
14876734
14877208
14877356
14877381
14878486
14879474
14879737
14879940
14880776
14881058
14881479
14881821
14881832
14881901
14881933
14882057
14882427
14882769
14882850
14883417
14884047
14884368
14884745
14885333
14885832
14885924
14886152
14886454
14886962
14887064
14887135
14887158
14887357
14888515
14888936
14889085
14891304
14891517
14892289
14892452
14905583
14905714
14905964
14906086
14906343
14906352
14907697
14907884
14908260
14908582
14909446
14909783
14910024
14910034
14910081
14910089
14910432
14910505
14910519
14910733
14910999
14911627
14911763
14912606
14912671
14912715
14912789
14913378
14913588
14914337
14915410
14915532
14916188
14916492
14917640
14917646
14917668
14917995
14918459
14918782
14919308
14919798
14920425
14920538
14921341
14921996
14922253
14923091
14923322
14923502
14923590
14923728
14924048
14924261
14924454
14924535
14924626
14930107
14933369
15054707
15061908
15101170
15101489
15101703
15102120
15102284
15102289
15103493
15103818
15104394
15105722
15106213
15106362
15107101
15107341
15108004
15108377
15108742
15109429
15110065
15110208
15110800
15111366
15112005
15112137
15112891
15112943
15113087
15113125
15114236
15114951
15115292
15115573
15117030
15117170
15117206
15145880
15146056
15146183
15148033
15148578
15148804
15149063
15149563
15150364
15150387
15151085
15151818
15152228
15152512
15152634
15152999
15153314
15153740
15154272
15154575
15155004
15155117
15155294
15155295
15155594
15155848
15156495
15200998
15204903
15210537
15228418
15228496
15228498
15228543
15229106
15229685
15230117
15230125
15230193
15230272
15231485
15231743
15231805
15231878
15231985
15232548
15232923
15233132
15233274
15233495
15233897
15234038
15234526
15234535
15234584
15234882
15235782
15235786
15235881
15236041
15236068
15236527
15237408
15237507
15237677
15237696
15238052
15238371
15238835
15238971
15239029
15239038
15239079
15239482
15239700
15240140
15240420
15240510
15241284
15241538
15241845
15241872
15242312
15242344
15242350
15242574
15242665
15242788
15312653
15315805
15319714
15327942
15328542
15330587
15331287
15331757
15332684
15334442
15334549
15335668
15338621
15340443
15341527
15364866
15397379
15471398
15471695
15471905
15472198
15473219
15473272
15473417
15473481
15474113
15474266
15474418
15474633
15475094
15475189
15475377
15475972
15476098
15476138
15476553
15476629
15476697
15477208
15477776
15478723
15478893
15478912
15478954
15479067
15479297
15479408
15479454
15480576
15481299
15482085
15482219
15482250
15482270
15482363
15482452
15482733
15482785
15482853
15483073
15483761
15483817
15483906
15484161
15484281
15484599
15484615
15484881
15484926
15485060
15485202
15485215
15485786
15486132
15486206
15486319
15486465
15486487
15486570
15487376
15487887
15487954
15488801
15489040
15490772
15491046
15491421
15491445
15491745
15493132
15493549
15493733
15494002
15494074
15494267
15494374
15494898
15495434
15495494
15496365
15496607
15496634
15497346
15497454
15497490
15497835
15498493
15498798
15498846
15498862
15498900
15499167
15499610
15499642
15499731
15499738
15500004
15500868
15501023
15501100
15501654
15501681
15501984
15502028
15502034
15502091
15502358
15502819
15502823
15502865
15503255
15503334
15503407
15503514
15503619
15504362
15504775
15504813
15504940
15505473
15505615
15506003
15506072
15506179
15506821
15506839
15506931
15507196
15507613
15508072
15508122
15508922
15509098
15509275
15509350
15509425
15509979
15510161
15510436
15510558
15510699
15511250
15512020
15512406
15512976
15513066
15513586
15513628
15513659
15513709
15513838
15514436
15515064
15515535
15515792
15516106
15518063
15522115
15526202
15526566
15546436
15549008
15552108
15555303
15557024
15557419
15580434
15581196
15581595
15584278
15585634
15587051
15588781
15589598
15590660
15591975
15709218
15709600
15709661
15710161
15710243
15710268
15710469
15710583
15711247
15712259
15712500
15712665
15713271
15713554
15713756
15713796
15714678
15715213
15715339
15715356
15715407
15715721
15716136
15716709
15716868
15717033
15717114
15717740
15717816
15718154
15718206
15718328
15719086
15719132
15719545
15720335
15720356
15720449
15720668
15720836
15720848
15723264
15723343
15723404
15723629
15723707
15723835
15723856
15723994
15724001
15724201
15724364
15724775
15724891
15725166
15725594
15725715
15726008
15726180
15726217
15726295
15726641
15727365
15727380
15727582
15727655
15727724
15727971
15784893
15785329
15785400
15786177
15787649
15790066
15790311
15790333
15791023
15791435
15792122
15794222
15794543
15796302
15796457
15803326
15804741
15804862
15806362
15810664
15813164
15848038
15851377
15851942
15853063
15937219
15938977
15940371
15940784
15945697
15948535
16010502
16010907
16011043
16012002
16012652
16012927
16013366
16013631
16013937
16016214
16016356
16016998
16017287
16018146
16019345
16035771
16036071
16039956
16040164
16040415
16041148
16042915
16043808
16044014
16047994
16048843
16049220
16051264
16051515
16052494
16052818
16055331
16055466
16055713
16056099
16056450
16057045
16057485
16057646
16057660
16058047
16059377
16059828
16060018
16060629
16060772
16061181
16061360
16061396
16061859
16061939
16061992
16062050
16062060
16062931
16063291
16064295
16064502
16064737
16100064
16100097
16100302
16100420
16100426
16101356
16101454
16102279
16102699
16102837
16103380
16103484
16103498
16103507
16103808
16103856
16104033
16104805
16105088
16105356
16106010
16106088
16106227
16106474
16106582
16106807
16107318
16107620
16107707
16107738
16107761
16107804
16108284
16108328
16108586
16109147
16109422
16109777
16110087
16110333
16110350
16110513
16111183
16111341
16111379
16112091
16112092
16112168
16112273
16112581
16112717
16112929
16113010
16194506
16195617
16197367
16336716
16337137
16338000
16338200
16338691
16338715
16339542
16339880
16340259
16341325
16341965
16342170
16342696
16342789
16343099
16344470
16345785
16345857
16346416
16347271
16347913
16348532
16348730
16349127
16349470
16350054
16351692
16351765
16351868
16372213
16372789
16373981
16374215
16374480
16374963
16375862
16375872
16377161
16377638
16378002
16378676
16378930
16378953
16379258
16379733
16380217
16381743
16382349
16382591
16383306
16383350
16383619
16385378
16385657
16386445
16386770
16386816
16387787
16461680
16516494
16516688
16519339
16520590
16521810
16523529
16524293
16525069
16525783
16526569
16526762
16527090
16527916
16527930
16527945
16528478
16530507
16530642
16532526
16532527
16532815
16595731
16596152
16596859
16600962
16604858
16605787
16605943
16606651
16607598
16610034
16616066
16638417
16638429
16638918
16639172
16639449
16639594
16639974
16640362
16640388
16640921
16641020
16641144
16641216
16641962
16642193
16642576
16642657
16642849
16642891
16642897
16643121
16643131
16643267
16643316
16643320
16643471
16643667
16643757
16643831
16644171
16644510
16644662
16644735
16645167
16645264
16645610
16646083
16646101
16646130
16646911
16646966
16647274
16647488
16647600
16647661
16647875
16647907
16648117
16648404
16648579
16649300
16649498
16649909
16650172
16650716
16650801
16651009
16651480
16651703
16651902
16651996
16652705
16652757
16653057
16653557
16668785
16673477
16676190
16677693
16678775
16678984
16679355
16679962
16680087
16680270
16680576
16680686
16681172
16681249
16681610
16681873
16682458
16682690
16683067
16683319
16683398
16683568
16683689
16683744
16683945
16684863
16684934
16685012
16685137
16685398
16685777
16685973
16686129
16686228
16686538
16687018
16687560
16687897
16749351
16754118
16781525
16782099
16782230
16783496
16783679
16783790
16784166
16784578
16784580
16784984
16786903
16787318
16787327
16787803
16788948
16789943
16790056
16790080
16790906
16791166
16791189
16791389
16792245
16792689
16793981
16794109
16794860
16795401
16795437
16795891
16796123
16796323
16796477
16797038
16797471
16797604
16797625
16798087
16798191
16798663
16798703
16799373
16799799
16800315
16841381
16841775
16842724
16842793
16843757
16845607
16846040
16846433
16848098
16848746
16849031
16849188
16850503
16850673
16850772
16851647
16851695
16851898
16851967
16852086
16852539
16852934
16852956
16853133
16853628
16853748
16854039
16854125
16854451
16854598
16854755
16855048
16855323
16855943
16856231
16856322
16856587
16856788
16856884
16857560
16857736
16858377
16858380
16858590
16858975
16859072
16859290
16859310
16859804
16859929
16860239
16860451
16860564
16860677
16860838
16860937
16920869
16922443
16922510
16922858
16923035
16923098
16923114
16924527
16924778
16925303
16925562
16925671
16925940
16926472
16927388
16927702
16927875
16928048
16928634
16928765
16928812
16929075
16929487
16929781
16930297
16930353
16930930
16931540
16931615
16932227
16932547
16982017
17005189
17005421
17005932
17006747
17006959
17007348
17007412
17008082
17008164
17008481
17008739
17008897
17008968
17009446
17009589
17010263
17010660
17010718
17010947
17011214
17011233
17012218
17012369
17012408
17012570
17013123
17013150
17013152
17013240
17013307
17014020
17014237
17014495
17014927
17014943
17015161
17015239
17015281
17015631
17015741
17015838
17015894
17016397
17016552
17017041
17017209
17017313
17017468
17017562
17017826
17018088
17018089
17018205
17018736
17019066
17019338
17019499
17019673
17019693
17024774
17026573
17026647
17027758
17028507
17032607
17033346
17034263
17034282
17036569
17058675
17059745
17059852
17060175
17060418
17060767
17061185
17061278
17061384
17061400
17062763
17063567
17064152
17064416
17064713
17064937
17065199
17065222
17065291
17066061
17066645
17066796
17066926
17067126
17067255
17067505
17067887
17067986
17068764
17068820
17068898
17068908
17069500
17070452
17070512
17070567
17070663
17071554
17071720
17072000
17072758
17073077
17073233
17074064
17074545
17075034
17075087
17078592
17081708
17088812
17139498
17139521
17140637
17140915
17141040
17141087
17141565
17142081
17142353
17142761
17142830
17143511
17144244
17144559
17146306
17146655
17147134
17148041
17148182
17148820
17148836
17148942
17149884
17150342
17150460
17195573
17195793
17196973
17196976
17197956
17198108
17198121
17198369
17198527
17198761
17198803
17199296
17199363
17199768
17200018
17200173
17200965
17201159
17202059
17202637
17202759
17202939
17204049
17204152
17204279
17204410
17204871
17205035
17205405
17205581
17205846
17253514
17254753
17254894
17255206
17256236
17256327
17256478
17256557
17257098
17257268
17257439
17257820
17258324
17258412
17258765
17259003
17259066
17259358
17260012
17260272
17260714
17261257
17261407
17262623
17262735
17263003
17263218
17263255
17263342
17263803
17264116
17264562
17264726
17265059
17265394
17265796
17265865
17266212
17266975
17267298
17267390
17267719
17268053
17268503
17268859
17269096
17269217
17269445
17269749
17269857
17269888
17270166
17270213
17270283
17271219
17271316
17271389
17271415
17271901
17272136
17459109
17459179
17459201
17459279
17459941
17459983
17460056
17461176
17462038
17462724
17463254
17464002
17464918
17465435
17466091
17466189
17466214
17466561
17466619
17466810
17467106
17467331
17467350
17467473
17467526
17467641
17467674
17468248
17468801
17468804
17468928
17469297
17470056
17470315
17470327
17471230
17471370
17471632
17472045
17473683
17474292
17474332
17474377
17474885
17474978
17475931
17476392
17512100
17512169
17512855
17515054
17515194
17515853
17516061
17516936
17517075
17517316
17518812
17519480
17520003
17520415
17521373
17522609
17525785
17526688
17527484
17528106
17528591
17529020
17530235
17530442
17578513
17578610
17578625
17578938
17579227
17579661
17579895
17580240
17580727
17580771
17580848
17581330
17581545
17581602
17581630
17582161
17582492
17582757
17583121
17583122
17583420
17583703
17584013
17584237
17584244
17584369
17584402
17584526
17585112
17585364
17585873
17585904
17585932
17585987
17586176
17586900
17586909
17587617
17587622
17588009
17588442
17588576
17588656
17588945
17589249
17589918
17589992
17590185
17591324
17591503
17594710
17595210
17595257
17601461
17601953
17602032
17604960
17608257
17636204
17645778
17645973
17646917
17647309
17647538
17647668
17647737
17648137
17648455
17648475
17648952
17649246
17649279
17649343
17649431
17649489
17649606
17649674
17649690
17649847
17650428
17650591
17650957
17650992
17651256
17652051
17652218
17652482
17652979
17653133
17653347
17653695
17653830
17653863
17653915
17654053
17654134
17654200
17654264
17654299
17654582
17654756
17654974
17655004
17655659
17656234
17656617
17656724
17656819
17656879
17657794
17657819
17658095
17658179
17658539
17658576
17659024
17659180
17659451
17659724
17659828
17659851
17660033
17660144
17660335
17660537
17660603
17660901
17661064
17661383
17661469
17661521
17662228
17662347
17662606
17662690
17662724
17662757
17662867
17663248
17663345
17663524
17663720
17716883
17717198
17717258
17717644
17718132
17718745
17718855
17719065
17719225
17719247
17719597
17719643
17720520
17720772
17720892
17721034
17721472
17721575
17721766
17721857
17721971
17722491
17722724
17722732
17723133
17723582
17724046
17724105
17724236
17724582
17724753
17725223
17725408
17725638
17725672
17725880
17725949
17726037
17726353
17726400
17726407
17726540
17726551
17726635
17726789
17727371
17727771
17727777
17728486
17728507
17729090
17729572
17729851
17729977
17730089
17730101
17730134
17730647
17730753
17730781
17731031
17731172
17731259
17731284
17731578
17731627
17731812
17731954
17732089
17732310
17732553
17733507
17733510
17733798
17734076
17734239
17735332
17735883
17736423
17737554
17738324
17738408
17739182
17739694
17740357
17740405
17740457
17740526
17741018
17741481
17741546
17741761
17742062
17742217
17743174
17743365
17744363
17744951
17745049
17745200
17746288
17758235
17758818
17758994
17759787
17759895
17760064
17760755
17761220
17761781
17763922
17764594
17765394
17766610
17766649
17766900
17767676
17768837
17768869
17769040
17769422
17771341
17771756
17771808
17771854
17772023
17772080
17772347
17772484
17772833
17772913
17773008
17774741
17774793
17775190
17775548
17775636
17775756
17775903
17805041
17808083
17820044
17824701
17831745
17832338
17832348
17832781
17832882
17833063
17833604
17833676
17833920
17834811
17834944
17835381
17835444
17836028
17836060
17836391
17837046
17837109
17837226
17837732
17838217
17838351
17838599
17839022
17839110
17839199
17839290
17839375
17839495
17839625
17839799
17840133
17840530
17840575
17840895
17841519
17841907
17841920
17841997
17842165
17842784
17843002
17843150
17844751
17845071
17845118
17845142
17845386
17845465
17845524
17845678
17845794
17846008
17846061
17847284
17847375
17968984
17970631
17970961
17972066
17974249
17975845
17976273
17976489
17978381
17979051
17980001
17980616
17981207
17981614
17982148
17984027
18020688
18022308
18025548
18025748
18026499
18030367
18033594
18034521
18035244
18035772
18035796
18059117
18158495
18160456
18161748
18177103
18177950
18177955
18178062
18179475
18179733
18180764
18181185
18181596
18181718
18181867
18182797
18182914
18183359
18183385
18183726
18184582
18185470
18187096
18333831
18333849
18334144
18334235
18334252
18334693
18334789
18335316
18337250
18338657
18340768
18342267
18342350
18343939
18345873
18347665
18347787
18348733
18518908
18519107
18519831
18520036
18520379
18521197
18521465
18521832
18521927
18522799
18522858
18522969
18523007
18523527
18523530
18523558
18523959
18524338
18524414
18524810
18525354
18525595
18525616
18526520
18527613
18527847
18528212
18528295
18528368
18565883
18566861
18567052
18567218
18567538
18567598
18568165
18568426
18568872
18570650
18571557
18571612
18571813
18571909
18571986
18572092
18572376
18572492
18572935
18573113
18574014
18574225
18574503
18574702
18575528
18575730
18575776
18576917
18577361
18578663
18579046
18579303
18579604
18580982
18582815
18583359
18583607
18584634
