46134
46325
47599
47804
48480
48591
49138
49140
49162
49239
49598
50158
51537
52003
52797
52853
53073
53284
53802
53940
53996
54144
54529
54554
54986
55649
55868
56120
56256
56294
56393
56799
57020
57090
57171
57395
57625
58045
58063
59657
59803
59879
59880
60068
60740
60847
61038
61149
61954
62315
62520
62888
63231
63496
63657
63816
63963
69502
72463
72730
102107
171161
171660
172092
172490
172726
172829
172846
174584
174668
174760
176815
177857
179515
179635
180391
212973
267433
267512
267585
267692
267797
268540
268953
268991
269118
269651
269793
270181
270250
270357
270999
271017
271109
271374
271791
272250
272300
273100
273276
273453
273528
273603
274157
274339
274614
274736
274877
275428
276198
276584
277154
277244
277764
277806
277837
277887
278016
278614
279242
279713
279970
280280
280470
280636
280794
281094
281490
283120
283404
283754
283890
283923
283962
284199
284759
285203
285211
285618
286720
287423
287439
288038
288101
288206
289743
289964
290125
290347
290561
291266
292290
292396
292653
292840
293197
293269
295387
295417
295581
295935
295962
296102
296714
296944
297002
297126
297457
297624
298118
298905
357850
358244
359193
359262
360226
362076
362509
362902
364567
365215
365500
365657
366972
367142
367241
373959
493402
493596
496247
497498
498718
500437
501201
501977
502691
503477
503670
503998
504824
504838
504853
505386
507415
507550
509434
509435
509723
520264
569992
570102
570500
570575
570821
570999
571040
571169
571198
571445
571665
571832
571992
572118
572238
572552
572841
572916
573082
573236
573946
574113
574534
574913
574997
575015
575338
575481
575508
575756
576167
576220
576748
576818
577166
577236
577286
577576
577663
577812
577831
577975
578013
578142
578151
578216
578217
578370
578424
578436
579369
579499
579651
580082
580269
580377
580506
580791
580908
581035
618313
619094
619149
620467
621818
625729
627366
627544
628461
628655
630507
630920
643493
643809
644245
644503
644595
644717
646468
647349
647416
648001
648125
648237
648321
649204
649586
649619
649865
649958
649969
650196
650586
650665
651271
651613
651643
652013
652043
652089
652557
652685
653199
653629
653758
653927
654005
654156
654462
654734
655003
655310
655538
655719
657552
658164
658403
659308
659828
659830
659871
660022
660116
660569
660806
660858
660967
661472
661787
661847
662233
662721
663334
663444
663654
663814
663836
664186
664232
665109
665361
665481
665623
666061
666164
666355
666446
666560
667080
667313
667321
667722
668171
668635
668694
668825
669171
669342
669812
669997
670227
670261
670469
670538
670626
670942
670989
670996
671129
671140
671224
671378
671960
672360
672366
673075
673096
673679
674161
674440
674566
674678
674690
674723
675236
675342
675370
675620
675761
675848
675873
676167
676216
676401
676543
676678
702692
703803
704532
704556
706880
707908
708219
708838
709468
709575
710048
710080
710151
711099
711209
715569
716344
716346
716445
774736
775671
778917
780678
781930
783250
799419
799907
800737
800742
800756
800905
801051
801235
801251
801289
802030
802488
802608
802998
803008
803079
803240
803358
803863
804324
804596
804808
804956
805200
805247
805255
806199
807447
807760
808278
808907
808945
809071
809234
809260
810277
810638
810794
811404
811509
812471
813650
813761
813867
815569
816080
816310
816767
816897
817180
817217
817638
818586
899031
899554
900300
900830
901456
901930
902022
902120
904344
905199
905694
905962
906006
906396
907080
908005
908734
910368
911118
912012
912263
912279
912934
913145
913795
916347
916954
917295
939065
939365
943250
943458
943709
944442
946209
947102
947308
951288
952137
952514
955146
958924
959669
960554
961480
961793
962901
963301
965298
1040307
1040420
1040476
1040540
1040649
1041814
1041979
1042112
1042200
1043285
1043925
1044376
1044387
1045020
1045049
1045534
1046473
1047587
1047704
1048485
1048560
1048572
1048848
1048914
1048969
1049135
1049598
1050231
1050974
1051477
1051694
1051844
1051989
1052224
1052235
1052664
1052691
1052819
1053039
1053350
1054300
1054442
1054542
1054706
1054948
1055350
1055357
1055434
1055696
1056346
1056376
1185179
1185424
1185482
1185551
1185709
1186098
1186581
1186660
1186771
1187093
1187717
1187750
1188001
1188061
1188092
1188648
1188889
1189006
1189288
1189444
1189454
1190163
1190253
1190818
1190891
1191364
1191414
1191493
1191627
1191804
1192290
1192861
1193156
1193187
1193324
1193972
1193976
1194458
1194514
1195154
1195738
1196098
1196172
1196940
1197405
1197410
1197931
1198738
1199030
1199247
1199385
1199434
1199555
1199568
1200285
1201062
1201139
1201352
1201818
1201982
1202119
1203477
1203815
1204448
1204870
1204991
1205129
1205742
1206630
1207127
1207282
1207392
1208238
1208308
1208367
1208639
1209164
1209246
1210384
1210604
1210825
1210976
1211222
1211505
1211581
1212467
1212570
1212666
1212732
1213080
1213386
1213753
1213806
1214145
1214396
1215802
1217105
1219947
1245274
1246848
1246915
1247263
1247440
1247503
1247519
1248932
1249183
1249708
1249967
1250076
1250345
1250877
1251793
1252107
1252280
1252453
1253039
1253170
1253217
1253480
1253892
1254186
1254702
1254758
1255335
1255945
1256020
1256632
1256952
1257532
1258544
1263894
1270114
1271040
1384380
1384694
1384932
1385044
1385073
1385237
1385627
1385675
1385936
1385987
1385993
1386546
1386682
1387081
1387122
1387311
1387344
1387943
1388475
1388884
1389047
1389090
1389399
1389804
1390097
1390896
1391123
1391975
1392444
1392611
1392635
1392708
1393563
1393753
1393840
1394034
1528961
1529265
1529471
1529719
1529919
1531078
1531413
1531457
1531599
1531950
1532201
1532410
1533225
1533452
1533755
1534035
1534382
1534699
1534833
1534856
1534949
1535262
1535457
1536233
1536431
1536700
1537435
1537566
1537685
1537819
1537964
1537982
1538123
1538289
1539001
1539166
1539286
1539383
1539518
1539598
1540155
1541062
1541158
1541167
1541259
1541731
1541774
1541837
1542262
1542962
1543079
1543369
1543640
1543884
1543898
1582569
1661871
1662042
1662290
1662620
1662843
1663468
1663484
1663816
1664530
1664926
1665363
1665817
1665891
1666892
1667385
1668179
1668397
1669956
1671547
1777200
1845824
1846051
1848089
1850124
1850716
1853135
1855962
1857271
1859798
1860013
1860588
1860892
1860905
1861301
1929928
1930194
1930466
1930715
1930877
1931053
1931126
1931442
1931542
1931867
1932177
1932656
1932952
1933022
1933588
1933731
1934378
1934468
1934759
1935020
1935448
1935586
1935603
1936297
1936379
1937666
1937735
1937998
1939601
1939977
1940024
1940554
1941893
1942128
1942857
1942863
1943033
1943655
1944018
1944075
1944102
1944172
1944352
1944713
1944739
1944765
1946252
1946317
1946542
1946731
2024710
2024985
2026060
2027883
2028840
2029620
2029956
2030395
2030838
2030880
2031145
2031462
2031630
2033206
2034367
2034544
2035119
2035166
2171567
2172954
2174104
2175656
2177757
2177997
2179469
2179489
2181617
2184520
2187193
2218342
2219424
2219633
2220004
2220611
2220736
2220919
2221225
2221335
2221821
2221898
2222259
2222522
2223107
2223339
2223716
2223968
2224047
2224217
2224338
2224393
2224594
2225512
2225583
2225661
2225786
2226047
2226426
2226622
2226778
2226877
2227187
2227667
2228209
2228546
2319023
2326903
2353280
2353457
2353688
2354031
2354056
2354252
2354421
2355644
2355760
2355762
2355822
2355995
2356127
2356140
2356920
2357235
2357372
2357416
2357719
2358297
2358356
2358401
2358516
2358741
2358803
2358811
2358957
2359256
2359438
2359501
2359700
2359769
2359887
2359965
2360021
2360496
2360666
2360719
2361552
2361671
2362047
2362383
2362781
2363116
2363328
2363637
2364153
2364751
2365287
2365424
2365608
2366039
2366152
2366395
2366502
2366536
2367529
2367894
2368077
2368123
2368488
2368902
2369043
2369121
2369549
2369703
2369830
2370158
2370325
2370483
2370659
2370847
2371281
2372339
2427747
2431615
2440371
2440446
2441097
2441998
2444184
2444275
2444596
2444683
2445200
2446063
2446661
2447302
2448247
2448307
2448662
2449315
2449991
2450454
2450687
2451296
2451320
2451877
2452178
2452829
2452912
2453431
2454603
2486646
2486664
2486919
2486993
2487159
2489358
2489507
2489595
2490530
2490735
2491110
2491147
2491341
2491638
2491722
2491824
2492022
2492080
2492170
2492300
2492426
2492503
2493009
2493145
2493270
2493802
2494034
2494398
2494604
2494628
2494806
2495365
2495838
2496606
2496796
2497657
2498068
2498090
2498298
2499270
2499526
2499818
2499908
2500774
2500995
2501106
2501510
2502016
2503056
2503386
2503417
2504321
2504475
2504640
2504698
2505286
2505338
2505571
2505984
2506590
2506711
2506853
2507052
2507676
2507759
2508172
2508306
2508554
2508759
2509231
2509341
2509917
2509947
2510160
2510191
2510250
2510553
2510631
2510936
2511494
2511581
2511621
2511698
2511853
2512059
2512085
2512106
2512352
2512490
2512692
2513257
2514050
2514414
2514576
2514662
2514740
2515175
2515371
2516000
2516532
2516535
2541953
2543275
2543287
2543639
2543855
2543886
2544104
2544125
2544774
2544999
2545252
2545507
2545845
2546273
2547467
2547812
2547828
2548176
2548206
2548312
2548481
2548489
2549109
2549197
2550213
2550259
2550274
2550844
2550997
2551044
2551072
2551302
2551370
2551528
2551587
2551614
2551745
2551944
2552234
2552544
2552673
2552756
2553073
2553553
2553617
2553889
2554000
2554186
2554746
2555157
2555604
2555701
2555716
2556029
2556318
2556752
2556986
2557331
2557818
2557862
2557939
2558421
2558636
2558693
2558721
2559252
2559583
2559848
2560212
2560213
2560511
2560794
2561104
2561328
2561335
2561460
2561493
2561617
2562203
2562455
2562964
2562995
2563023
2563078
2563267
2563991
2564000
2564708
2564713
2565100
2565533
2565667
2565747
2566036
2566340
2567009
2567083
2587787
2646018
2646810
2647029
2647188
2650110
2650911
2651806
2652675
2652819
2652915
2653784
2654373
2654687
2655002
2655150
2655375
2657182
2657714
2658276
2659184
2659487
2659536
2660935
2661562
2661654
2661708
2662690
2672432
2673879
2679989
2680698
2710804
2712193
2713934
2714587
2716119
2716167
2716723
2717472
2717628
2717805
2717880
2717886
2718570
2718579
2719525
2719666
2720818
2722127
2722901
2724029
2724053
2724957
2725374
2725454
2725881
2726067
2726854
2727861
2728202
2728760
2728983
2729038
2729550
2729819
2730505
2731331
2731523
2732614
2733251
2733841
2734189
2734239
2734317
2734532
2734817
2735194
2735305
2735628
2737092
2738514
2739175
2740060
2740192
2740349
2740544
2740568
2741218
2742155
2742615
2742852
2743011
2744242
2744953
2745142
2745230
2745385
2746847
2746878
2747538
2773631
2774206
2774638
2774963
2775443
2776746
2777074
2777859
2778595
2793129
2797876
2822691
2823141
2823342
2823452
2823498
2824548
2824875
2824889
2825011
2825123
2825596
2825975
2826314
2826630
2826927
2827007
2827515
2827600
2827987
2828062
2828225
2828569
2828843
2829176
2829454
2829735
2829779
2830344
2830354
2830858
2831055
2832360
2832408
2832571
2832799
2832822
2832896
2833573
2833735
2833875
2833978
2834380
2834436
2834484
2834550
2834568
2834689
2835114
2835173
2835282
2835286
2842343
2870841
2873413
2876513
2879708
2881429
2881824
2885303
2885642
2888012
2889997
2890392
2891663
2893081
2893301
2894244
2894288
2895283
2896481
2899475
2900121
2900237
2901509
2901940
2902168
2905962
2910387
2911733
2914532
2915899
2917476
2966909
2967275
2967908
2968030
2968704
2970595
2971094
2971548
2971824
2972301
2972675
2973461
2974138
2974234
2974438
2975546
2977340
2977824
2977942
2978054
2978531
2978688
2978982
2979295
2979811
2979861
2980012
2980352
2980555
2980556
2981428
2981518
2981820
2981832
2981841
2981959
2982223
2982665
2982706
2982989
2983366
2983547
2983584
2983647
2983995
2984835
2985490
2986556
2986605
2986715
2986913
2987160
2987741
2987957
2987981
2988084
2988427
2988748
2988788
2989013
2989118
2989240
2989329
2989599
2989610
2989622
2989652
2989674
2989731
2989824
2990003
3006118
3006795
3007289
3013176
3014189
3057129
3057139
3057698
3057825
3057867
3057883
3057933
3058334
3058453
3058766
3058926
3059337
3059345
3059879
3060298
3060387
3061024
3061066
3061186
3061761
3062756
3062802
3063102
3063744
3064022
3064200
3065045
3065690
3066319
3066370
3066547
3066616
3066774
3066782
3066902
3066911
3067582
3117918
3118250
3118937
3118943
3119113
3119484
3119658
3119900
3120115
3120351
3121871
3122272
3122901
3123048
3123960
3123972
3124404
3124754
3124819
3125174
3125324
3125590
3126326
3126932
3127593
3127954
3128017
3128027
3128879
3129348
3129959
3130646
3130955
3131100
3131159
3131628
3131903
3132040
3132885
3134120
3134332
3134655
3135627
3242799
3243481
3243513
3243709
3243841
3245677
3246173
3248012
3260572
3278741
3278741
3279118
3281473
3281980
3282352
3282714
3284645
3285397
3286352
3286744
3287299
3290206
3292452
3293477
3294379
3296580
3299020
3301133
3335369
3335500
3335750
3335872
3336129
3336138
3337483
3337670
3338046
3338368
3339232
3339569
3339810
3339820
3339867
3339875
3340218
3340291
3340305
3340519
3340785
3341413
3341549
3342392
3342457
3342501
3342575
3343164
3343374
3344123
3345196
3345318
3345974
3346278
3347426
3347432
3347454
3347781
3348245
3348568
3349094
3349584
3350211
3350324
3351127
3351782
3352039
3352877
3353108
3353288
3353376
3353514
3353834
3354047
3354240
3354321
3354412
3374330
3374793
3376306
3376806
3377440
3377768
3378937
3380434
3381361
3383207
3383297
3384638
3385638
3385947
3385990
3387835
3389457
3390114
3412274
3415613
3416178
3417299
3417768
3417868
3417938
3418058
3418112
3418138
3418629
3418736
3418740
3420094
3420455
3420493
3420531
3420678
3421418
3421968
3422385
3422764
3422803
3423035
3423700
3423969
3424149
3424316
3424325
3424584
3425452
3425455
3425493
3425698
3426160
3426345
3426451
3426817
3427277
3427311
3428158
3430909
3438069
3549500
3551607
3552021
3552449
3556857
3558644
3559007
3559463
3561305
3564376
3565453
3583078
3586446
3586823
3589771
3590564
3592010
3594050
3595422
3657245
3657368
3657586
3658022
3658065
3658348
3658661
3659112
3659144
3659299
3659447
3659527
3659731
3659971
3660077
3660089
3660116
3660472
3661273
3661681
3662052
3662203
3662787
3662980
3663185
3663199
3663288
3663687
3663977
3664031
3664480
3664733
3665071
3665718
3665953
3666086
3666588
3687242
3688373
3689430
3694085
3694092
3694413
3697619
3697875
3701053
3704566
3704567
3748973
3749292
3749631
3749729
3749944
3750297
3750574
3751254
3751310
3752069
3752309
3752371
3752414
3752914
3753556
3753583
3753648
3753890
3753895
3754210
3754212
3754280
3755189
3755491
3755811
3755823
3756024
3756166
3756418
3756499
3757803
3758258
3758679
3758832
3766904
3770809
3776443
3839647
3839813
3840161
3840606
3840637
3840747
3840779
3841100
3841306
3841347
3841788
3841985
3842051
3842679
3842757
3842804
3842922
3843514
3843535
3844406
3844640
3844875
3845350
3845863
3845931
3846762
3847273
3847364
3847384
3847597
3847864
3847906
3848044
3848047
3848502
3849693
3870027
3870174
3870537
3870549
3871644
3871932
3872811
3873534
3873640
3873970
3874352
3874856
3875476
3875817
3875875
3876458
3876566
3876703
3877203
3877557
3877660
3878880
3879517
3879843
3880685
3881089
3881579
3882519
3882687
3882866
3883157
3883374
3883752
3884190
3884331
3884869
3885603
3885910
3885950
3886345
3935787
3936179
3936408
3936538
3936607
3937007
3937325
3937345
3937822
3938116
3938149
3938213
3938301
3938359
3938476
3938544
3938560
3938717
3939298
3939461
3939827
3939862
3940126
3940921
3941088
3941352
3941849
3942003
3942217
3942565
3942700
3942733
3942785
3942923
3943004
3943070
3943134
3943169
3943452
3943626
3943844
3943874
3944529
3945104
3945487
3945594
3945689
3945749
3946664
3946689
3946965
3947049
3947409
3947446
3947894
3948050
3948321
3948594
3948698
3948721
3948903
3949014
3949205
3949407
3949473
3949771
3949934
3950253
3950339
3950391
3951098
3951217
3951476
3951560
3951594
3951627
3951737
3952118
3952215
3952394
3952590
3971272
3971523
3972502
3972826
3975339
3975474
3975721
3976107
3976458
3977053
3977493
3977654
3977668
3978055
3979385
3979836
3980026
3980637
3980780
3981189
3981368
3981404
3981867
3981947
3982000
3982058
3982068
3982939
3983299
3984303
3984510
3984745
4031450
4036765
4039814
4039913
4041882
4155310
4163984
4238517
4241669
4245578
4323473
4325987
4333940
4334730
4336978
4340066
4341076
4341952
4439006
4439439
4439801
4439909
4439922
4440634
4441137
4441217
4441752
4441784
4442110
4442484
4442737
4443377
4443534
4443610
4443644
4443922
4444356
4444422
4444433
4444784
4445156
4445469
4445647
4446268
4446578
4446621
4446747
4447087
4447183
4447379
4448022
4448713
4448728
4449091
4449301
4449777
4449848
4449954
4450290
4450303
4450578
4450758
4450986
4451353
4451385
4451566
4451738
4452041
4452142
4452361
4452516
4452529
4452952
4453274
4453445
4453524
4453609
4453831
4453979
4466773
4467105
4469730
4560826
4561965
4562144
4565351
4565851
4565898
4572102
4572594
4572673
4575601
4578898
4616019
4616039
4616456
4616752
4617073
4617234
4617343
4617604
4618044
4618169
4618278
4618690
4618783
4618825
4619137
4619208
4620253
4620290
4620735
4621254
4621706
4621832
4621842
4621897
4622025
4622771
4623145
4623384
4623876
4624287
4624393
4624677
4625155
4625338
4625371
4625445
4625691
4626165
4626538
4626623
4626702
4627623
4627651
4627676
4628039
4628182
4629310
4629450
4629508
4630236
4630681
4631386
4632957
4633149
4634176
4635065
4667259
4670134
4675776
4678489
4769572
4769659
4769794
4770253
4770360
4770461
4771572
4771641
4771683
4771874
4772538
4772570
4773142
4773205
4773422
4773797
4773844
4773893
4773924
4774316
4774504
4774834
4774965
4774989
4775208
4775242
4775740
4775822
4775883
4776268
4776293
4776324
4776650
4776940
4776984
4777327
4777372
4777625
4777793
4778486
4778598
4778694
4778773
4778846
4779066
4779254
4780014
4780493
4780848
4780904
4900784
4900939
4907808
4909223
4909344
4910844
4915146
4917646
5121959
5122461
5125008
5129075
5131495
5131643
5132064
5132771
5136874
5140770
5141699
5141855
5142563
5143510
5145946
5181601
5185137
5193668
5212533
5212941
5213275
5214396
5215040
5217388
5217408
5217515
5218052
5218851
5218963
5222652
5223831
5224231
5225037
5225065
5226628
5227968
5258058
5258114
5258200
5258986
5259331
5259481
5260011
5260024
5260517
5260612
5260677
5262025
5262458
5262600
5263802
5264924
5265172
5265179
5265281
5266196
5266357
5266479
5266620
5266646
5266799
5267571
5268078
5268133
5268263
5269018
5269582
5270402
5270663
5270755
5271068
5271201
5271340
5271355
5271364
5271740
5272025
5272127
5272248
5272315
5272430
5272477
5272739
5272876
5273083
5273362
5295718
5296085
5296227
5297178
5297300
5297439
5298165
5298380
5299112
5299142
5299240
5299295
5299822
5300487
5301086
5301751
5302148
5302905
5303711
5304331
5304354
5304530
5304986
5305763
5308900
5310721
5397677
5422336
5422488
5422590
5422592
5422665
5422831
5422941
5423319
5424319
5424497
5424717
5424764
5424804
5424809
5424893
5425118
5425884
5426228
5427027
5427066
5427339
5427707
5428113
5428307
5428387
5428942
5429008
5429636
5429707
5429868
5430106
5430214
5430647
5430655
5430974
5431142
5431457
5431770
5431975
5432096
5432229
5432248
5432362
5432500
5432704
5432995
5433388
5433495
5433559
5434000
5434294
5434772
5434991
5435000
5435123
5435740
5435906
5436077
5436907
5437180
5437908
5439211
5444412
5445006
5445290
5450562
5450639
5451221
5452180
5452593
5453193
5456917
5467148
5516320
5516545
5517073
5517158
5517396
5517440
5517462
5519108
5519509
5519975
5520456
5520486
5520667
5520881
5521043
5521314
5523466
5523507
5523784
5524855
5524932
5525679
5525684
5526747
5526925
5527301
5528524
5529974
5530449
5530542
5531053
5531606
5532074
5532112
5533587
5535806
5535818
5536003
5536103
5536157
5536651
5537131
5538202
5538389
5538680
5539072
5539083
5539210
5539388
5539440
5539595
5539846
5539868
5539875
5540285
5540301
5540311
5540484
5540514
5540910
5541320
5541389
5541723
5541865
5542023
5542366
5542429
5542540
5543225
5544356
5544627
5545625
5545895
5546323
5546438
5547136
5547225
5547283
5547379
5548023
5566279
5567313
5567727
5567763
5568137
5568295
5569545
5569804
5570582
5571015
5571283
5571413
5572725
5574299
5574606
5576322
5576838
5579151
5661182
5661496
5661832
5662161
5663457
5663734
5663819
5664073
5664362
5664569
5664936
5665226
5665284
5665447
5665655
5666081
5666322
5666416
5666461
5666547
5666675
5666965
5667550
5668024
5668456
5668634
5668830
5668923
5668975
5669013
5669075
5669311
5669758
5670096
5670491
5670528
5671286
5671497
5671648
5672548
5672898
5673014
5673242
5674056
5674259
5674432
5674712
5674980
5675296
5675505
5675872
5675943
5675984
5675990
5676185
5676404
5676487
5676539
5676599
5676661
5676826
5677030
5677095
5677215
5677609
5678625
5678642
5678911
5679185
5679553
5680057
5680284
5681101
5681981
5682963
5683217
5683636
5683939
5684726
5684959
5685326
5685373
5685598
5686336
5687027
5687076
5687184
5687370
5687637
5687907
5687995
5688757
5688805
5689134
5689769
5690071
5690228
5691118
5692572
5692586
5692627
5692820
5693464
5693492
5693563
5693680
5693790
5694265
5694417
5695056
5733451
5738463
5739796
5776422
5808355
5809150
5809583
5809861
5810893
5812326
5813315
5814631
5815735
5815988
5817719
5818850
5819538
5820832
5823121
5824787
5825442
5844667
5845917
5846665
5847147
5848337
5849832
5850948
5862167
5865313
5887975
5889622
5889952
5891057
5893240
5894836
5895264
5895480
5897372
5898042
5898992
5899607
5900198
5900605
5901139
5903018
6079423
6080006
6080182
6080975
6081083
6081252
6081943
6082408
6082969
6085110
6085782
6086582
6087798
6087837
6088088
6088864
6090025
6090057
6090228
6090610
6092529
6092944
6092996
6093042
6093211
6093268
6093535
6093672
6094021
6094101
6094196
6095929
6095981
6096378
6096736
6096824
6096944
6097091
6167660
6167822
6168309
6168502
6169354
6169885
6170378
6170962
6171368
6171522
6171583
6171666
6172100
6172573
6173127
6173143
6173294
6173305
6174762
6175147
6175611
6175886
6175911
6176591
6176894
6223711
6224354
6225177
6225204
6225211
6225459
6225592
6225651
6226014
6226119
6226226
6226977
6227167
6227830
6228097
6228647
6228677
6228727
6228763
6228949
6229473
6229770
6229789
6229848
6230004
6230055
6230076
6230376
6230635
6230931
6230968
6231002
6231149
6231345
6231386
6231398
6231587
6231631
6232074
6232545
6232883
6233640
6233648
6233813
6234123
6234347
6234685
6235308
6235336
6235649
6236032
6236093
6270642
6272456
6272506
6274385
6275431
6276830
6277522
6280059
6365763
6369750
6370999
6392992
6400000
6400343
6401840
6409167
6409212
6429879
6430055
6430182
6432032
6432577
6432803
6433062
6433562
6434363
6434386
6435084
6435817
6436227
6436511
6436633
6436998
6437313
6437739
6438271
6438574
6439003
6439116
6439293
6439294
6439593
6439847
6440494
6508127
6508491
6518771
6520614
6520827
6525084
6553054
6553177
6553303
6554072
6554112
6554685
6555131
6555894
6556822
6557133
6558534
6558585
6558823
6559421
6560377
6560610
6561134
6562026
6562327
6562874
6563686
6564225
6564300
6564806
6576571
6576625
6577470
6577766
6577887
6578183
6578477
6578599
6579313
6579588
6579599
6579756
6579822
6580451
6580711
6580810
6580951
6581579
6581603
6581757
6581776
6581801
6581858
6582033
6582600
6583331
6583651
6584317
6584369
6584470
6584536
6584567
6584615
6585504
6585609
6585737
6585830
6585919
6586088
6586479
6586748
6586920
6586938
6587317
6588550
6589312
6589867
6590191
6590502
6590527
6591376
6591789
6592082
6592326
6592645
6592987
6593067
6593092
6593406
6593974
6606740
6607269
6607441
6607490
6608401
6608526
6609015
6609185
6609665
6609782
6610072
6610532
6610838
6611285
6612589
6612660
6612678
6613021
6613240
6613484
6613619
6613950
6614697
6614871
6615098
6615254
6615463
6615883
6615884
6615893
6616807
6617136
6617409
6617792
6617803
6617808
6618631
6618680
6619889
6620032
6676724
6677015
6677263
6677323
6677703
6677803
6678483
6679067
6679518
6680498
6680628
6680667
6680679
6680742
6681203
6681426
6681503
6681812
6682139
6682697
6682770
6683089
6683823
6684658
6684937
6685104
6685132
6685182
6685678
6685834
6685882
6686044
6686381
6686774
6687219
6687289
6687337
6687466
6731382
6731410
6731703
6731905
6732259
6732655
6732661
6732780
6732986
6733718
6733778
6733851
6733906
6734121
6734471
6734544
6734745
6734937
6735121
6735532
6735984
6736146
6736221
6736436
6736714
6737187
6737321
6737374
6737437
6737492
6737860
6738716
6738798
6738821
6739055
6739522
6740487
6740610
6740834
6740854
6741046
6741867
6741893
6742099
6742478
6742869
6742977
6742987
6743047
6743560
6743760
6744108
6744459
6744519
6744604
6745015
6745099
6745163
6745172
6745361
6745443
6745620
6745875
6746268
6746674
6747060
6747124
6747208
6747495
6747598
6817174
6818496
6820432
6857105
6860934
6861982
6863456
6865467
6865878
6866547
6866744
6868722
6870840
6871907
6872365
6873675
6874698
6874865
6874921
6875373
6875796
6875920
6875949
6876099
6876310
6876466
6876669
6876675
6877632
6877746
6878297
6878413
6878532
6878855
6878945
6879337
6879491
6879739
6879755
6879930
6879957
6880007
6880045
6881340
6881472
6881693
6882163
6882396
6882480
6882691
6882782
6883137
6883162
6883369
6883623
6883631
6883714
6883779
6884724
6885374
6885507
6885757
6886281
6886384
6886777
6887027
6887131
6887160
6905011
6905226
6905793
6905805
6906128
6907092
6907279
6907731
6907964
6908339
6909525
6909972
6910057
6910285
6910841
6911131
6911568
6911863
6912423
6912481
6912590
6913761
6914749
6914800
6914898
6915074
6915338
6915846
6915909
6916891
6917460
6917865
6918138
6918450
6918784
6918962
6918996
6919296
6919931
6919947
6920461
6920605
6920982
6921034
6921080
6921246
6921537
6921790
6921870
6922208
6922405
6922468
6922695
6922902
6923162
6923393
6923775
6924464
6924813
6925230
6925244
6925421
6925447
6925746
6925794
6926133
6926399
6926802
6927040
6927129
6927231
6927463
6927474
6927584
6927698
6927759
6928048
6928207
6928323
6928334
6928358
6928805
6928951
6929152
6929637
6929905
6930341
6930386
6930506
6930598
6930652
6930710
6930757
6931307
6931761
6932085
6932111
6932402
6932712
6933208
6933385
6960630
6961011
6961043
6961223
6961316
6961325
6961403
6961408
6961499
6961936
6961993
6962466
6962469
6962810
6963226
6963330
6963542
6964558
6964749
6964928
6965589
6966248
6966413
6966910
6966996
6967250
6967339
6967344
6967386
6967521
6967603
6968251
6968698
6968766
6969297
6969553
6969617
6969636
6969921
6970350
6970450
6970488
6970630
6970796
6970890
6971121
6971247
6971361
6971507
6971702
6971759
6971909
6972170
6972356
6972392
6972396
6972409
6972554
6972654
6972751
6972807
6972904
6973231
6973250
6973312
6973979
6974236
6974587
6974592
6974631
6974800
6975255
6975318
6976505
6976642
6977431
6977809
6977898
6977899
6978141
6978319
7008337
7038396
7038619
7038753
7039009
7039128
7039643
7039968
7040010
7040710
7040758
7040844
7041066
7041711
7041934
7042090
7042680
7042691
7042903
7043124
7043432
7043872
7043974
7044389
7044604
7044667
7044718
7044742
7044856
7045062
7045405
7046167
7046328
7046845
7046914
7047028
7047237
7047780
7047816
7047878
7047956
7048167
7048932
7049054
7049163
7049195
7049428
7049623
7049818
7049917
7049947
7049953
7050215
7050675
7052279
7052351
7052510
7053056
7053065
7053086
7053817
7054422
7054596
7054946
7115579
7115614
7115677
7116025
7116146
7116308
7116785
7116860
7117348
7117852
7117886
7118736
7118760
7119035
7119301
7119390
7119458
7119950
7120400
7120473
7120515
7120753
7120916
7121318
7121372
7121446
7122250
7122649
7122664
7122721
7122827
7122929
7123231
7123597
7124125
7124500
7124584
7124760
7124835
7125413
7125436
7125457
7125563
7125575
7125822
7125899
7126389
7126746
7126757
7127197
7127661
7127858
7127917
7128149
7128368
7128419
7128557
7141912
7142193
7142411
7143714
7143974
7146267
7148029
7148231
7150539
7156438
7157007
7172815
7173238
7173777
7174015
7174091
7175422
7176081
7176962
7178526
7178576
7179274
7179715
7179727
7180224
7180768
7181960
7182004
7182104
7182192
7183152
7183688
7183890
7184981
7185201
7185455
7185630
7185789
7186739
7283905
7288597
7291310
7339427
7340387
7340435
7340657
7340674
7340733
7340879
7341618
7342107
7342745
7342805
7343240
7343284
7343644
7344633
7344948
7345056
7345066
7345365
7345633
7345990
7346215
7346664
7346737
7346794
7347019
7347762
7348117
7348351
7348412
7348690
7348713
7349005
7349244
7350252
7351025
7351059
7371085
7371137
7371490
7371925
7372497
7373255
7373781
7374556
7374817
7374866
7375067
7376381
7376549
7377185
7377257
7377308
7377404
7377531
7377915
7379592
7380251
7381529
7381571
7382132
7382738
7383483
7383593
7383697
7383887
7383964
7384497
7384732
7392309
7397771
7398192
7399055
7399255
7399746
7399770
7400597
7400935
7401314
7402380
7403020
7403225
7403751
7403844
7404154
7405525
7406840
7406912
7407471
7408326
7408968
7409587
7409785
7410182
7410525
7411109
7412747
7412820
7412923
7431851
7441425
7441620
7442361
7442371
7442804
7442905
7443086
7443627
7443699
7443943
7444834
7444967
7445404
7445467
7446051
7446083
7446414
7447069
7447132
7447249
7447755
7448240
7448374
7448622
7449045
7449133
7449222
7449313
7449398
7449518
7449648
7449822
7450156
7450553
7450598
7450918
7451542
7451930
7451943
7452020
7452188
7452807
7453025
7453173
7454774
7455094
7455141
7455165
7455409
7455488
7455547
7455701
7455817
7456031
7456084
7457307
7457398
7460491
7462910
7465643
7466297
7542035
7542882
7542887
7542994
7544407
7544665
7545696
7546117
7546528
7546650
7546799
7547729
7547846
7548291
7548317
7548658
7549514
7550402
7552028
7569972
7570438
7570549
7570680
7571298
7571369
7571841
7572044
7572159
7572782
7573270
7574053
7574398
7575249
7576507
7576840
7577045
7577465
7577721
7577983
7578251
7578940
7580196
7580206
7580387
7580484
7581005
7581194
7581776
7582114
7582190
7582700
7582833
7583069
7583438
7583726
7583876
7584428
7584674
7585037
7585674
7586118
7586150
7586277
7586417
7586654
7586659
7587075
7587827
7587957
7588249
7588480
7588734
7588947
7589082
7589228
7589238
7589858
7589898
7590718
7590920
7591044
7591868
7592083
7592350
7592510
7592546
7594010
7595032
7595220
7595456
7596486
7596495
7597052
7597317
7598179
7598187
7598285
7598435
7598508
7598728
7599074
7599216
7599271
7600150
7600271
7600458
7600564
7600923
7601058
7628494
7631603
7634390
7634760
7637462
7637622
7637653
7638411
7638459
7638561
7638596
7638999
7639015
7639195
7639215
7639612
7639826
7640152
7640180
7640362
7640537
7640940
7640963
7641092
7641364
7641580
7642567
7642737
7642738
7642911
7642947
7643129
7643314
7643473
7643533
7643552
7643701
7644550
7644618
7644765
7644772
7644945
7645270
7645332
7645399
7645718
7645804
7646138
7646284
7646949
7649014
7650508
7650680
7650856
7651183
7651251
7651450
7651535
7651603
7651636
7680068
7680789
7684453
7685252
7686850
7686938
7690415
7690757
7691946
7694143
7698645
7698773
7698804
7698937
7699148
7699185
7699326
7699390
7699787
7699926
7699950
7699973
7700192
7700256
7700371
7700572
7700760
7700795
7700883
7700977
7701056
7701212
7701347
7701666
7701775
7701832
7702121
7703375
7703442
7703675
7703819
7704131
7704242
7704469
7705239
7705282
7705563
7705989
7706048
7706259
7706311
7706343
7706392
7707213
7707334
7707450
7708467
7708526
7708798
7708930
7709060
7709101
7709489
7709624
7710001
7710435
7710583
7710626
7710978
7710979
7711066
7711167
7711745
7711773
7711798
7712097
7712160
7712186
7712256
7712279
7712280
7712323
7712555
7712666
7712959
7712995
7713698
7713737
7714211
7714785
7714959
7715778
7715855
7716266
7716707
7716793
7735965
7736989
7737430
7737814
7737835
7738071
7739100
7739607
7740054
7740319
7741257
7741828
7742094
7743196
7743723
7744815
7746289
7746378
7746913
7748937
7749500
7749778
7750030
7888557
7889586
7924252
7981465
7981466
7982277
7982361
7982459
7982657
7983655
7984868
7986938
7987337
7987437
7987593
7988337
7988814
7989713
7989987
7990020
7990035
7990647
7991078
7991155
7991389
7991483
7991919
8045065
8045234
8046010
8046097
8046391
8046970
8047291
8047323
8047341
8047623
8049309
8049742
8049808
8049864
8049931
8050397
8050506
8050865
8051253
8051297
8051674
8052085
8052244
8053347
8054032
8054134
8054173
8054357
8054767
8054801
8054971
8055006
8055602
8056115
8056415
8056488
8056604
8057165
8057177
8057259
8057289
8057531
8057681
8058231
8058278
8058421
8058895
8059020
8059316
8059530
8060199
8060660
8061103
8061357
8061649
8061884
8078926
8079048
8079059
8079130
8079498
8079517
8079724
8079777
8080079
8080360
8081243
8081586
8081747
8081961
8082449
8082555
8083195
8083282
8083403
8083522
8083909
8084007
8084121
8085171
8085585
8086164
8086207
8087445
8087737
8087892
8088085
8088172
8088440
8088658
8089094
8089284
8139423
8156782
8156825
8157197
8157469
8157583
8158822
8158953
8159358
8159564
8160222
8160421
8160535
8160955
8161301
8161524
8161533
8161983
8162223
8162255
8163317
8163528
8163547
8163601
8163857
8163952
8164089
8164419
8164718
8164821
8165013
8165525
8165536
8165612
8165631
8165633
8166168
8166557
8166585
8166825
8166913
8167178
8167251
8167349
8167374
8168004
8168037
8168145
8170477
8172281
8173328
8239838
8245075
8255242
8259610
8260336
8261473
8262612
8262871
8263063
8264387
8264548
8264584
8265354
8265990
8266116
8266222
8269930
8270017
8347432
8347996
8348584
8348754
8348981
8349213
8350420
8351220
8351256
8351326
8352309
8352392
8352763
8353035
8353799
8354588
8355424
8357999
8362655
8365642
8369529
8370083
8371012
8503280
8507937
8514981
8580192
8581007
8581449
8582081
8584611
8585312
8587125
8588030
8588665
8589721
8589733
8590037
8590081
8591033
8592163
8592450
8592484
8601171
8602695
8607401
8611459
8617254
8617887
8663366
8666354
8667094
8668149
8670138
8670839
8671295
8776030
8776274
8776659
8777042
8777259
8777613
8778326
8779093
8779122
8779220
8779811
8780463
8781200
8781257
8781383
8781451
8781611
8781823
8781948
8781963
8782173
8782536
8782680
8782865
8783114
8783456
8783790
8784317
8784875
8785233
8785632
8786388
8786680
8787081
8787208
8787594
8787600
8788217
8789235
8789276
8789347
8790080
8790669
8791457
8791550
8875268
8875268
8876039
8877472
8877749
8877892
8877914
8878176
8879032
8879166
8879479
8879705
8879908
8879938
8879967
8880086
8880989
8881076
8881098
8881183
8881318
8881918
8882919
8883090
8883699
8884106
8884248
8884374
8884502
8884680
8884795
8885412
8885605
8885895
8886406
8887269
8888426
8889261
8889690
8890261
8890266
8890586
8890616
8890983
8956533
8961670
8961725
9063788
9063846
9064329
9064443
9065553
9065781
9066266
9066456
9067203
9067210
9067401
9067651
9068869
9069227
9069410
9069611
9070437
9071396
9071611
9072606
9072654
9072777
9073501
9073828
9074007
9074073
9074567
9074852
9074908
9074961
9075245
9075491
9075574
9075680
9075871
9076154
9076797
9077397
9077556
9157903
9157966
9161426
9162372
9163369
9164465
9165911
9168115
9170287
9171089
9172560
9172591
9173953
9176831
9178287
9179574
9179721
9181175
9182038
9182225
9182297
9184733
9185398
9186401
9186691
9186724
9186829
9187797
9187954
9188132
9188227
9188853
9188882
9190038
9190873
9191011
9192019
9193480
9194703
9195091
9195162
9195812
9196216
9197224
9198507
9199933
9200446
9200513
9201182
9202443
9203028
9203028
9203307
9204251
9206069
9206781
9207419
9208426
9209254
9209385
9209923
9210955
9210981
9242206
9259622
9260250
9260673
9261180
9261670
9261734
9261753
9261834
9262378
9262481
9262680
9263951
9264237
9264371
9264431
9264537
9264698
9264755
9265395
9265442
9266881
9267434
9268272
9268804
9269316
9269331
9269910
9269977
9269999
9270430
9270590
9271101
9271164
9271328
9271336
9272589
9272717
9273604
9273988
9274031
9274070
9274107
9274238
9275207
9275510
9275960
9276346
9276865
9276877
9277218
9277846
9278237
9278347
9279069
9280830
9281266
9281500
9281939
9282255
9282585
9282684
9283091
9284394
9300529
9304472
9482810
9482888
9482890
9482935
9483498
9484077
9484509
9484517
9484585
9484664
9485877
9486135
9486197
9486270
9486377
9486940
9487315
9487524
9487666
9487887
9488289
9488430
9488918
9488927
9488976
9489274
9490174
9490178
9490273
9490433
9490460
9490919
9491800
9491899
9492069
9492088
9492444
9492763
9493227
9493363
9493421
9493430
9493471
9493874
9494092
9494532
9494812
9494902
9495676
9495930
9496237
9496264
9496704
9496736
9496742
9496966
9497057
9497180
9580769
9593719
9629343
9629703
9632811
9633816
9633861
9633984
9636549
9637502
9651890
9658812
9658849
9659307
9659386
9659753
9660129
9660411
9661208
9661402
9661517
9661658
9661793
9661933
9661935
9662429
9663557
9664250
9664384
9664708
9665037
9665303
9665836
9666061
9666752
9666930
9668002
9668862
9670830
9689994
9690350
9690378
9690397
9690509
9690786
9691030
9691155
9691450
9691923
9692511
9693787
9694161
9694261
9694312
9695130
9695580
9695615
9695639
9695712
9695882
9695909
9695989
9696031
9696311
9696479
9697175
9697901
9698213
9698467
9699383
9699573
9699783
9700255
9700278
9700378
9700773
9700803
9700813
9702490
9702550
9702768
9702784
9703477
9703578
9703639
9703863
9704741
9704792
9704952
9705065
9705804
9706258
9706273
9706457
9706515
9706879
9707884
9708084
9708220
9708357
9728180
9728591
9734496
9736102
9736978
9739011
9740459
9760724
9761046
9761075
9761167
9761219
9761490
9762049
9762618
9762762
9762887
9763063
9763147
9763190
9763303
9763633
9763833
9763836
9764473
9764612
9765067
9765076
9765641
9766068
9766094
9766323
9766430
9766456
9766798
9768002
9768010
9768160
9768850
9769777
9770668
9770757
9770784
9770866
9771096
9771266
9771296
9771304
9771559
9771628
9771853
9772053
9772243
9773554
9773780
9774006
9774781
9774838
9775388
9776050
9776744
9777013
9777025
9777192
9777214
9777363
9777729
9778329
9778578
9778825
9779082
9779274
9779982
9780202
9780207
9780582
9780594
9780658
9780978
9781217
9781427
9781957
9782029
9782164
9782464
9782560
9782572
9782614
9782958
9783260
9783323
9783751
9783783
9784071
9784501
9784541
9784625
9785087
9785655
9785754
9785989
9785993
9786693
9786869
9786905
9786946
9787096
9787312
9787755
9788081
9788088
9788786
9790337
9790876
9790966
9790983
9791064
9791119
9791361
9791970
9792160
9792452
9792987
9793329
9793403
9793404
9793701
9793773
9794167
9794184
9794225
9794266
9794521
9794547
9794760
9795039
9795628
9795922
9795959
9795981
9839388
9839477
9839694
9839700
9839796
9840654
9840822
9841196
9841326
9841632
9841708
9842155
9842276
9842384
9842825
9842826
9842951
9843132
9843724
9843922
9844077
9844147
9844630
9845374
9845496
9845638
9845845
9845955
9846706
9847232
9847817
9847987
9848025
9848567
9849154
9849172
9849311
9849352
9849397
9849442
9849563
9850458
9854368
9861909
9862111
9863517
9864104
9865138
9868719
9869089
9869479
9869866
9870296
9871158
9871652
9871786
9872162
9872564
9872623
9873534
9873576
9873985
9874311
9875275
9876177
9876365
9876451
9876638
9877099
9877100
9877291
9877710
9878094
9878117
9878197
9878782
9878902
9879206
9879806
9879816
9879875
9880143
9880675
9881400
9881423
9881437
9881489
9881549
9881857
9881999
9882025
9882316
9882469
9882789
9883177
9883852
9883996
9884193
9884282
9917642
9917914
9917950
9918065
9918398
9918447
9918817
9919201
9919408
9920359
9921309
9921664
9921964
9922146
9922152
9922160
9922282
9922312
9922362
9923010
9923821
9924475
9924561
9924584
9924605
9924768
9924837
9925144
9925559
9925600
9926134
9926260
9926310
9926424
9926504
9927309
9928411
9928644
9928774
9928783
9928932
9928946
9929167
9929242
9929417
9929661
9929845
9930201
9930231
9930499
9930599
9931479
9931573
9931656
9931942
9932525
9932881
9932907
9933034
9933405
9933475
9933696
9933893
9933904
9934036
9934640
9934872
9935128
9935211
9935283
9935443
9936151
9936939
9937146
9937276
9937416
9937456
9937953
9938642
9938889
9939094
9939489
9939555
9939578
9940165
9940779
9940822
9941425
9942428
9942463
9942858
9943736
9943862
9943927
9944203
9944391
9944699
9945530
9946668
9946786
9946808
9946939
9947352
9947658
9947716
9947723
9947724
9947984
9948025
9948073
9948713
9948932
9948936
9949239
9949308
9949392
9949561
9950685
9951044
9951072
9951081
9951212
9951740
9952144
9952262
9952492
9952495
9952891
9952928
9953555
9953653
9954046
9954217
9957025
9985746
9986589
9986849
9987079
9988183
9991033
9994743
9995336
9996207
10046423
10046583
10046900
10047756
10047864
10048067
10048383
10049645
10050103
10050460
10050516
10050573
10050612
10051207
10051210
10051254
10052192
10052490
10052783
10053010
10053095
10053457
10053793
10054237
10054473
10054508
10054994
10055171
10056159
10056261
10056440
10056611
10056612
10058018
10058104
10058549
10058612
10059568
10059651
10059946
10060420
10060568
10060593
10061698
10062686
10062949
10063152
10063988
10064270
10064691
10065033
10065044
10065113
10065145
10065269
10065639
10065981
10066062
10066629
10067259
10067580
10067957
10068545
10069044
10069136
10069364
10069666
10070174
10070276
10070347
10070370
10070569
10071727
10072148
10072297
10074516
10074729
10075501
10087216
10087438
10087450
10087463
10088123
10088819
10089571
10089648
10089783
10089825
10089963
10090018
10091080
10091874
10093038
10093347
10093371
10093773
10093972
10094347
10094366
10094534
10094891
10095176
10095428
10096134
10096753
10096918
10096920
10097055
10097264
10097345
10097623
10097708
10098495
10098982
10099327
10099679
10099770
10100168
10100191
10100851
10100957
10101049
10101295
10101345
10101376
10101520
10101553
10101867
10111366
10113160
10148834
10148874
10149574
10151496
10153055
10153313
10153772
10154160
10155151
10155410
10155416
10155780
10157845
10180863
10188182
10207271
10232616
10233461
10233462
10234124
10234870
10235021
10236165
10236779
10237277
10238616
10239050
10239164
10239521
10240995
10245503
10247376
10249638
10249996
10250346
10266562
10266738
10266952
10267252
10267435
10267501
10268232
10268337
10268452
10268630
10268823
10268866
10269361
10269821
10269921
10269974
10270021
10270212
10270383
10270862
10271078
10271417
10272701
10273865
10273876
10273899
10274627
10274794
10275562
10276004
10276127
10276201
10276753
10277200
10277200
10277314
10278493
10278669
10278724
10279036
10279121
10279245
10279393
10279475
10279684
10280189
10280542
10280787
10281309
10281596
10281675
10282438
10283245
10283290
10283486
10283721
10283813
10283933
10284551
10285869
10286274
10286415
10286537
10286910
10287150
10287167
10287358
10287843
10288560
10288711
10288996
10289035
10289177
10289556
10289759
10290066
10290329
10290359
10290890
10290980
10291032
10291256
10291406
10292269
10292388
10293167
10293210
10293253
10294105
10294350
10294773
10294858
10295477
10295732
10295774
10295800
10296317
10296884
10296994
10297106
10297148
10297202
10297466
10297612
10298138
10298414
10298677
10298797
10299049
10299235
10299294
10300399
10300410
10301491
10302218
10303153
10303544
10303693
10303768
10303788
10303816
10303860
10303866
10303889
10304492
10304586
10304587
10304886
10304989
10305022
10305503
10305539
10305567
10305593
10305604
10306015
10306040
10306260
10306586
10306632
10306682
10306932
10306989
10307043
10307281
10307444
10307479
10308023
10308144
10308243
10308457
10308525
10309213
10309497
10309765
10310010
10310162
10310655
10310975
10311139
10311734
10311755
10311802
10311839
10311915
10311948
10312243
10312400
10312434
10312610
10312730
10313612
10314103
10314240
10314289
10331130
10331183
10331985
10332052
10332283
10332291
10332515
10333259
10333293
10333541
10333977
10334877
10335125
10335134
10335315
10335555
10336317
10337272
10337522
10338406
10338459
10338759
10338794
10338859
10339329
10339454
10339685
10339826
10339861
10339907
10339910
10340504
10340696
10341142
10341219
10341306
10342219
10342404
10342738
10350077
10368909
10369011
10395314
10396197
10397865
10398522
10398543
10399063
10400007
10400893
10401827
10401993
10403699
10403976
10404406
10436390
10436500
10436616
10436817
10437012
10437208
10437223
10437246
10437485
10437754
10438266
10438309
10438329
10438438
10438528
10438561
10439286
10439333
10439639
10439979
10440825
10440897
10440936
10440949
10441299
10441589
10442132
10442202
10442344
10442545
10442691
10443172
10443579
10444787
10445343
10445392
10445705
10446174
10446512
10446844
10447046
10447080
10447246
10447469
10448808
10449188
10449222
10449293
10488452
10516842
10517953
10519703
10530974
10534133
10535854
10535987
10537123
10537225
10537691
10537772
10538090
10538357
10538742
10539096
10548572
10549257
10551813
10554609
10556625
10557119
10558577
10558723
10558991
10559039
10560467
10560653
10560731
10561201
10561326
10561647
10561929
10562724
10563715
10565478
10565819
10565885
10566933
10567600
10567892
10568221
10568273
10568599
10570296
10571475
10571693
10572013
10572524
10572616
10572718
10572863
10572919
10574117
10574595
10575187
10575339
10575358
10575388
10575736
10575945
10576182
10576427
10576493
10576702
10577042
10577043
10577047
10577052
10577146
10577203
10577398
10577806
10577934
10578013
10578033
10578298
10579180
10579276
10579831
10580169
10580405
10580419
10580494
10580535
10580613
10580668
10580754
10580791
10580809
10580877
10580994
10581098
10581278
10581469
10581592
10581596
10581703
10582222
10582289
10582662
10622982
10624740
10626134
10626547
10631460
10634298
10640311
10641104
10642571
10646542
10646839
10662214
10662918
10666245
10668612
10669238
10669281
10669361
10669979
10670076
10670283
10670327
10670485
10670611
10670698
10671435
10672640
10672823
10672973
10673604
10673899
10674246
10675058
10675584
10676124
10676399
10677860
10677887
10678272
10678485
10678660
10678698
10678776
10678979
10679742
10679781
10679988
10680526
10681351
10681535
10682208
10683204
10684235
10684304
10684990
10687189
10687329
10687988
10688196
10689071
10689210
10689451
10690947
10691615
10692138
10692550
10693508
10694744
10697920
10698823
10699619
10700241
10700726
10701155
10702370
10702577
10760670
10766015
10766957
10767022
10767421
10767576
10768003
10768551
10770149
10770418
10770420
10770963
10771609
10835249
10835265
10835359
10837581
10837759
10839230
10839699
10840196
10840551
10840846
10841633
10842909
10843249
10844078
10844168
10844183
10845518
10846142
10846918
10847043
10848422
10850338
10851595
10854322
10855414
10855874
10856625
10857231
10857855
10858256
10859610
10860509
10861406
10863191
10863487
10863564
10863616
10864518
10864915
10865443
10866309
10866467
10866765
10866830
10866840
10867006
10868102
10868485
10868495
10868642
10868800
10868807
10869259
10869647
10869900
10870311
10870497
10870644
10871499
10871564
10872043
10872441
10872649
10873067
10873327
10904673
10904749
10904979
10905722
10906141
10906188
10906191
10906449
10907298
10907413
10907876
10908886
10909585
10909691
10909862
10910339
10910485
10910868
10911863
10911896
10912371
10912498
10912580
10912913
10913240
10913843
10913980
10914163
10914335
10914394
10914412
10915635
10915835
10916238
10916306
10917178
10917500
10918259
10918459
10918532
10919359
10919629
10919864
10920212
10920512
10920514
11021154
11021236
11022014
11022826
11023249
11023574
11024045
11024708
11024922
11025718
11026285
11026331
11026721
11027892
11027926
11028476
11028598
11028700
11029765
11030694
11031706
11032249
11033008
11033175
11050942
11051315
11051779
11052171
11052256
11052376
11052611
11052674
11052892
11052902
11053965
11054154
11054316
11054320
11054373
11054431
11054657
11054939
11055035
11055607
11056756
11056864
11056907
11057034
11057158
11057170
11057226
11057234
11057632
11057800
11057983
11058173
11058303
11058581
11058725
11058884
11059032
11059464
11060176
11060734
11060737
11061397
11061859
11061952
11062393
11062749
11062833
11062981
11063285
11064023
11064173
11064192
11064317
11064645
11064887
11064968
11065896
11065932
11065977
11066319
11066619
11066965
11067230
11067367
11067488
11067895
11068037
11068245
11068427
11068793
11068924
11069764
11069897
11070215
11070366
11070500
11070665
11070988
11071327
11071816
11072414
11072938
11073282
11073399
11073854
11075061
11075098
11075376
11075420
11075538
11076403
11076540
11076584
11076923
11076954
11077328
11077609
11077637
11078007
11078046
11078060
11078949
11078999
11129192
11130833
11131104
11131543
11131566
11131651
11131707
11132858
11132901
11133742
11135227
11135701
11135757
11136533
11137784
11138857
11139009
11140911
11159056
11160295
11160436
11160748
11161778
11161869
11162020
11162099
11162640
11162810
11162981
11163362
11163866
11163954
11164307
11164545
11164608
11164900
11165554
11165814
11166256
11166799
11166949
11168165
11168277
11168545
11168760
11168797
11168884
11169345
11169658
11170104
11170268
11170601
11170936
11171338
11171407
11171754
11172517
11172840
11172932
11173261
11173595
11174045
11174401
11174638
11174759
11174987
11175291
11175399
11175430
11175708
11175755
11175825
11176761
11176858
11176931
11176957
11177443
11177678
11196195
11196791
11197689
11198969
11201464
11203916
11205460
11206277
11207929
11212026
11260854
11261205
11261702
11262042
11262491
11262671
11262676
11263142
11263424
11264182
11264233
11264758
11265136
11265280
11265524
11266038
11266308
11266369
11266621
11266649
11266767
11266956
11267410
11267637
11267922
11268062
11268064
11268095
11268485
11268693
11268783
11270328
11270381
11270546
11270615
11270707
11271249
11271270
11271666
11272029
11272259
11272744
11272762
11272998
11273287
11273618
11273667
11273777
11273948
11274197
11274447
11274581
11274875
11275296
11275368
11276798
11277100
11277433
11277447
11277612
11278024
11278071
11278470
11278925
11279008
11279185
11279525
11281399
11281514
11281696
11281723
11281937
11282310
11282645
11283755
11284054
11284170
11284678
11284790
11285045
11285751
11285934
11286418
11286559
11286602
11286755
11286957
11287317
11287574
11287669
11287764
11288677
11288897
11288994
11289012
11289062
11289118
11289131
11289858
11290024
11316905
11317090
11317905
11319277
11320507
11321456
11324846
11325891
11326380
11326762
11327009
11330989
11346720
11347096
11348532
11348970
11350174
11350527
11350589
11350911
11350967
11351863
11352134
11352301
11352337
11352486
11352491
11352789
11353054
11353080
11353198
11353374
11353393
11353461
11353668
11354077
11354517
11354969
11355130
11355195
11355529
11355554
11355854
11355892
11356270
11356533
11356593
11356769
11357520
11435663
11436425
11436824
11439507
11440863
11442280
11444010
11444827
11445889
11447204
11477399
11477549
11478047
11478131
11478367
11478623
11478849
11479017
11479122
11479278
11479400
11480089
11480491
11480861
11480939
11481046
11481329
11481903
11482265
11482386
11482954
11483091
11483459
11483765
11484088
11484588
11484851
11484961
11485030
11485159
11485184
11486285
11486840
11487277
11487327
11487606
11487686
11487822
11487935
11492446
11497639
11542533
11544902
11548959
11548972
11550513
11551626
11552421
11553935
11557161
11558143
11558246
11558291
11558321
11558630
11558772
11559182
11559912
11560083
11560370
11560403
11561320
11561386
11561856
11562093
11562147
11562351
11562472
11562753
11563251
11563611
11564547
11565029
11565163
11565427
11565621
11565621
11565742
11565912
11566368
11566550
11567217
11567247
11567380
11567549
11567595
11568293
11568347
11568522
11568605
11568796
11569059
11569079
11569228
11569872
11570881
11571455
11571586
11572852
11573035
11573146
11573522
11573934
11573936
11574340
11576259
11576674
11576683
11577159
11578304
11579299
11579412
11579436
11580262
11580522
11580545
11580745
11581601
11582045
11583337
11583465
11584216
11584757
11584793
11585247
11585479
11585679
11585833
11586394
11586827
11586960
11586981
11587443
11587547
11588019
11588059
11588729
11589155
11589671
11608750
11608758
11609129
11609474
11609558
11609709
11609782
11610110
11610130
11610160
11610224
11611037
11611147
11611613
11611621
11611764
11611837
11611973
11612179
11612455
11612657
11613175
11613311
11613845
11614313
11614432
11615046
11615832
11616230
11616705
11617066
11617139
11617429
11617452
11617527
11617849
11618015
11618251
11618665
11619469
11619861
11619946
11620042
11620381
11620424
11620473
11620496
11620708
11621061
11669801
11674688
11676833
11678357
11694521
11694577
11695189
11695316
11695444
11695949
11696301
11697271
11697296
11697334
11697376
11697395
11698772
11699133
11699160
11699434
11699814
11700052
11700355
11700749
11701440
11702390
11703143
11703271
11703807
11705366
11705422
11705971
11706154
11706559
11706824
11706833
11706842
11706852
11706929
11707398
11707405
11707476
11708082
11708353
11728422
11735729
11755472
11756280
11757437
11757692
11757844
11758314
11758895
11759044
11759176
11759620
11759701
11760579
11761484
11761975
11763368
11764445
11764488
11764560
11764566
11764702
11764997
11765150
11766025
11766881
11767951
11768058
11768381
11768624
11768973
11769391
11769484
11769590
11769606
11770969
11771773
11772358
11772622
11772919
11773143
11773405
11773428
11773497
11774267
11774851
11775002
11775132
11775332
11775461
11775711
11776093
11776192
11776970
11777026
11777104
11777114
11777706
11778658
11778718
11778773
11778869
11779760
11779926
11780206
11780964
11781283
11781439
11782270
11782751
11783240
11783293
11785027
11785141
11785269
11785315
11785415
11786053
11786205
11786290
11786407
11786756
11786776
11786926
11787287
11787537
11788185
11789311
11789504
11790226
11790764
11790991
11791652
11791664
11792011
11792022
11792122
11792444
11792687
11792954
11793340
11794030
11794183
11794373
11794669
11794879
11795015
11795032
11796080
11796111
11796506
11796855
11797209
11797219
11797225
11797255
11797874
11798203
11798525
11798699
11798735
11798749
11798848
11799218
11799838
11800033
11800067
11800821
11800827
11800840
11801091
11801320
11801485
11801998
11802534
11802608
11807370
11865721
11867682
11868974
11974024
11983608
11984063
11989277
11995604
12048550
12053468
12056589
12093786
12094764
12094955
12095121
12095441
12095501
12096068
12096329
12096775
12098553
12099460
12099515
12099716
12099812
12099889
12099995
12100279
12100395
12100838
12101016
12101917
12102128
12102406
12102605
12103431
12103633
12103679
12104820
12105264
12106566
12106949
12107206
12107507
12108885
12110718
12111262
12111510
12112537
12134773
12135962
12136119
12137030
12138937
12139922
12142484
12144016
12144929
12145154
12146558
12147383
12147770
12148059
12150447
12151235
12152301
12152714
12153150
12153351
12155370
12156164
12157680
12158464
12158885
12160411
12160863
12160889
12161663
12163661
12174863
12176435
12194379
12194698
12194912
12195329
12195493
12195498
12196702
12197027
12197603
12198931
12199422
12199571
12200310
12200550
12201213
12201586
12201951
12202638
12203274
12203417
12204009
12204575
12205214
12205346
12206100
12206152
12206296
12206334
12207445
12208160
12208501
12208782
12210239
12210379
12210415
12248823
12249026
12249826
12250840
12251178
12251473
12251963
12252199
12252402
12252426
12252538
12253458
12254383
12254398
12254857
12255290
12255649
12256584
12257107
12257305
12257542
12257549
12257871
12258029
12258121
12258540
12258904
12261348
12262948
12264092
12264367
12264419
12264797
12306965
12307669
12307701
12307789
12307821
12308566
12309262
12309314
12309773
12309909
12310134
12311563
12311920
12311987
12312125
12312286
12312534
12312694
12312931
12312963
12313059
12313108
12313629
12313652
12313870
12314153
12314359
12314375
12314989
12315836
12315860
12316106
12317290
12317389
12317413
12317574
12317893
12318500
12318732
12318903
12319454
12319493
12319619
12319889
12320152
12320202
12320306
12320784
12320886
12321742
12322183
12337352
12349369
12349387
12351146
12356826
12357341
12359855
12436071
12436218
12436328
12436630
12437965
12438749
12438961
12439949
12440744
12440897
12441761
12442481
12444499
12444950
12448436
12501369
12502086
12502900
12504771
12511503
12512747
12512895
12514034
12532405
12535008
12537189
12540621
12543457
12547401
12579235
12580855
12584095
12584295
12585046
12588914
12592141
12593068
12593791
12594319
12594343
12625745
12626263
12626397
12628978
12629171
12629965
12638181
12638313
12638427
12638825
12639110
12639244
12639821
12641383
12641489
12641510
12642134
12642439
12642487
12643314
12644217
12644371
12644725
12645554
12645597
12646089
12646186
12646814
12647043
12647363
12647397
12647675
12647791
12647874
12648215
12648274
12648633
12648911
12649099
12649210
12649214
12649330
12649809
12650055
12650233
12651095
12651789
12651891
12652280
12652403
12652569
12725276
12725475
12726199
12726404
12726747
12727565
12727833
12728200
12728295
12729167
12729226
12729337
12729375
12729895
12729898
12729926
12730327
12730706
12730782
12731178
12731722
12731963
12731984
12732888
12733981
12734215
12734580
12734663
12734736
12749256
12749953
12749993
12750022
12751909
12753615
12753960
12754333
12755235
12755410
12755604
12756187
12756326
12756450
12757180
12758202
12759394
12760164
12761849
12762503
12762581
12763149
12763589
12763975
12765231
12765670
12786599
12786607
12786926
12788411
12788852
12789040
12789319
12790421
12790644
12790704
12790938
12791056
12791227
12791297
12791689
12791836
12792682
12792900
12793041
12793603
12793679
12793763
12793802
12793851
12793979
12794237
12794405
12794699
12795417
12795434
12796087
12796530
12796541
12796956
12798035
12798339
12799505
12799527
12821086
12821109
12822225
12822503
12822628
12822675
12823153
12823669
12823941
12824349
12824418
12825099
12825832
12826147
12827894
12828243
12828722
12829629
12829770
12830408
12830424
12830530
12831472
12831930
12832048
12851105
12851233
12851492
12851639
12852204
12852209
12852709
12853031
12853061
12853705
12853968
12854222
12854955
12855474
12855633
12855805
12855824
12856189
12856668
12858426
12858726
12859446
12860068
12860310
12860729
12861270
12861359
12861410
12896553
12898289
12898668
12898931
12899023
12899025
12899504
12899579
12899773
12900584
12900862
12901004
12901342
12901706
12902678
12903382
12903475
12903562
12903576
12903708
12903745
12904093
12904222
12904413
12905213
12905453
12905568
12905912
12906054
12906245
12906374
12906380
12906520
12906562
12906777
12907089
12907310
12907500
12907740
12908199
12908358
12908577
12908673
12909033
12909160
12909745
12909811
12910340
12910546
12910599
12910646
12910684
12911233
12911259
12911498
12911683
12911922
12911933
12912041
12912215
12912433
12912734
12912754
12912903
12912980
12912995
12914073
12914307
12914432
12915194
12915372
12915574
12915741
12916084
12960209
12960303
12960445
12960683
12960746
12960761
12960896
12961013
12961541
12961669
12962046
12962377
12962514
12962736
12962864
12963078
12963193
12963245
12963250
12963657
12963780
12963902
12964310
12964339
12964791
12965615
12966649
12967046
12967153
12967304
12967319
12967365
12968186
12968308
12968324
12968888
12969041
12969156
12969385
12969405
12969552
12969998
12970151
12970393
13001004
13001247
13002201
13002204
13002492
13002770
13002933
13004026
13004577
13005117
13006248
13007018
13007102
13007876
13008388
13009051
13009099
13009151
13009220
13009712
13010175
13010240
13010455
13010756
13010911
13011868
13012059
13013057
13013645
13013743
13013894
13014982
13027728
13029685
13033737
13037824
13038188
13038801
13041218
13041262
13042472
13044564
13044679
13044793
13045038
13046086
13047238
13047291
13048325
13048753
13048983
13049514
13051883
13052783
13053057
13053129
13053286
13094965
13095226
13095471
13095783
13096066
13096110
13096207
13096220
13096326
13096357
13096837
13096927
13097126
13097305
13097613
13097736
13098215
13098343
13098468
13098527
13098734
13098844
13099319
13099570
13099629
13099706
13100342
13100488
13100682
13100735
13102235
13102468
13102495
13102554
13102628
13102897
13103077
13103178
13103593
13103640
13103707
13104093
13104139
13104854
13104965
13105258
13105927
13107164
13108713
13108904
13109109
13110653
13110856
13110918
13110925
13111041
13111291
13111353
13111482
13156246
13170794
13170848
13170899
13170980
13172106
13172406
13172474
13172533
13172669
13172770
13173062
13173418
13173829
13173894
13174057
13175167
13175738
13175826
13176177
13176451
13176520
13176933
13177116
13177227
13177647
13177915
13178276
13178933
13179261
13179263
13179594
13179667
13180139
13180388
13180802
13180864
13180964
13181505
13181759
13181867
13182068
13182412
13182497
13182649
13182650
13182695
13183699
13184047
13184737
13184741
13185788
13185882
13185931
13186106
13186463
13186693
13186816
13187139
13221915
13222515
13224560
13225260
13225730
13226657
13228415
13228522
13229641
13232594
13234416
13235500
13250090
13250142
13250464
13250520
13250548
13250727
13250992
13251006
13251063
13251072
13251208
13251267
13251326
13252308
13252355
13252759
13252978
13253031
13253109
13253404
13253417
13253567
13253926
13254282
13255067
13255200
13255401
13256153
13257710
13257744
13257792
13257810
13258377
13258619
13258716
13259026
13259094
13259169
13259847
13259957
13260156
13260178
13260281
13260557
13260658
13260817
13260831
13261128
13261314
13261344
13261530
13261531
13262087
13263332
13263551
13263606
13371401
13371814
13372767
13372877
13373114
13373746
13374230
13374343
13375435
13375797
13376104
13376942
13377281
13377303
13377985
13378102
13378186
13378953
13378964
13379121
13379561
13381338
13383752
13383757
13384353
13385586
13385883
13386930
13387078
13415822
13418821
13425257
13470305
13470462
13471102
13471312
13471458
13472350
13472446
13472458
13472609
13472662
13472777
13473270
13473541
13473564
13473820
13473912
13473942
13474261
13474694
13474745
13474859
13475024
13475065
13475680
13476057
13476190
13476399
13477390
13477573
13477769
13478453
13478517
13478853
13479171
13479269
13479352
13479681
13479728
13479836
13480268
13480316
13480697
13480745
13480873
13480943
13481281
13481404
13481550
13500297
13500389
13500973
13501324
13501638
13501814
13502012
13503397
13503643
13504003
13504050
13504378
13505082
13505812
13506085
13506523
13506998
13507195
13507375
13508490
13509608
13511252
13511334
13511964
13512875
13513689
13513751
13514367
13540767
13542830
13542989
13546146
13546439
13548262
13551926
13552461
13553066
13553931
13554040
13588219
13589413
13591001
13592019
13592596
13592665
13592930
13592967
13593681
13593790
13595092
13597196
13600509
13613079
13618609
13633360
13633507
13633628
13633638
13633736
13634538
13634846
13635432
13636300
13636990
13637401
13638637
13638965
13639154
13639517
13639971
13640300
13641428
13641739
13641751
13641899
13641992
13642207
13642507
13643099
13643396
13643549
13644133
13644395
13644838
13645401
13645586
13645730
13645812
13645845
13646041
13646444
13646924
13647318
13647769
13667811
13669192
13669712
13669749
13671184
13671588
13671747
13672675
13672776
13673046
13673191
13673411
13673721
13673886
13675119
13675773
13676264
13676497
13676672
13677060
13677396
13677649
13677788
13679082
13679208
13679810
13680127
13680258
13680430
13680472
13709604
13710657
13710943
13710996
13711270
13711487
13711661
13711941
13712170
13712457
13712665
13712709
13712914
13713170
13713323
13713584
13713677
13713776
13714033
13714057
13714479
13714587
13714708
13714964
13715853
13716497
13716550
13716573
13716669
13716991
13717181
13717403
13717613
13717942
13718020
13718177
13718442
13718963
13719446
13719758
13719947
13720092
13720237
13720313
13720837
13721574
13859053
13859421
13859557
13860224
13860376
13860511
13861141
13861304
13861333
13861411
13861455
13862281
13862344
13862499
13862574
13862616
13862650
13862900
13863377
13863780
13863845
13864295
13864436
13864609
13864696
13864903
13866470
13867203
13867211
13868142
13868804
13868960
13868986
13869040
13869217
13869226
13870065
13870725
13871315
13889489
13889835
13889909
13890022
13890168
13890190
13890273
13891079
13891590
13891657
13892504
13892743
13894475
13894749
13895124
13895148
13895448
13896835
13897252
13897436
13897705
13897777
13897970
13898077
13898601
13899137
13899197
13900068
13900310
13900337
13901049
13901157
13901193
13901538
13902196
13902501
13902549
13902565
13902603
13902870
13903313
13903345
13903434
13903441
13903707
13904571
13904726
13904803
13905357
13905384
13905687
13905731
13905737
13905794
13906061
13906522
13906526
13906568
13931114
13931272
13931628
13931893
13932977
13933835
13934115
13934637
13936388
13938969
13940497
13941435
13942322
13943296
13944087
13945783
13946259
13948345
13949469
13952061
13953228
13954316
14018660
14018852
14018911
14019089
14019389
14019486
14019524
14019785
14019794
14020617
14020671
14021087
14021703
14021955
14022247
14022446
14022633
14022980
14023798
14025048
14025384
14025717
14026597
14026883
14027502
14027875
14028221
14028470
14028611
14028814
14028906
14030262
14030411
14031298
14031315
14031593
14032069
14032212
14032264
14032991
14033483
14033689
14034057
14034990
14035099
14035158
14035477
14035598
14035733
14036020
14036660
14037331
14037417
14037502
14037598
14037698
14037934
14038073
14038439
14038582
14039284
14039560
14040100
14040152
14040163
14041266
14041731
14042196
14042209
14042805
14042895
14042959
14043343
14043349
14043459
14044108
14044252
14044986
14045200
14045586
14046062
14046159
14046361
14046460
14046489
14046541
14046820
14046853
14046940
14046992
14047213
14048806
14049685
14049780
14049791
14050067
14050128
14050278
14050559
14050950
14051023
14051268
14051313
14091535
14091605
14091627
14091705
14092367
14092409
14092482
14093602
14094464
14095150
14095680
14096428
14097344
14097861
14098517
14098615
14098640
14098987
14099045
14099236
14099532
14099757
14099776
14099899
14099952
14100067
14100100
14100674
14101227
14101230
14101354
14101723
14102482
14102741
14102753
14103656
14103796
14104058
14104471
14106109
14106718
14106758
14106803
14107311
14107404
14108357
14108818
14128028
14128128
14128646
14128827
14130033
14130052
14130249
14130525
14130653
14131024
14131042
14131174
14132306
14132516
14132665
14133331
14133355
14133727
14134366
14135037
14136434
14136545
14136698
14136761
14136899
14137943
14138033
14139084
14139120
14139355
14139977
14140447
14140761
14141232
14141606
14141925
14142291
14143671
14144222
14144365
14144573
14145437
14145448
14146007
14146185
14147442
14147642
14147798
14147877
14147919
14149734
14151435
14151639
14151775
14153780
14155214
14155739
14156719
14158472
14159790
14160421
14161474
14163434
14163567
14163624
14163723
14164070
14164419
14164439
14164915
14165285
14165751
14165993
14166236
14166751
14166893
14167233
14167419
14167595
14167659
14167745
14167788
14167822
14168303
14168510
14168731
14168941
14168943
14169365
14169547
14169572
14169881
14170119
14170194
14170242
14170359
14171181
14172048
14172161
14172181
14173369
14173562
14193139
14193208
14193838
14193880
14194683
14195312
14195336
14196069
14196154
14197148
14197203
14197275
14197304
14197968
14197979
14198253
14198273
14198723
14198945
14198997
14199012
14199675
14199754
14199980
14200313
14201537
14202270
14202415
14203227
14203504
14203549
14203901
14203909
14204666
14204782
14205229
14205346
14205977
14206990
14207146
14207201
14207459
14207515
14208026
14208284
14208599
14209122
14209588
14209985
14210035
14210479
14210597
14210840
14210872
14211057
14211131
14212306
14212444
14212483
14212720
14212844
14213076
14213394
14214676
14214749
14214840
14214871
14215531
14215840
14216197
14216259
14217497
14217563
14217806
14217887
14217958
14218057
14218267
14218550
14218888
14219472
14219605
14220205
14220232
14220468
14221035
14221298
14221409
14221536
14221601
14221837
14222170
14222274
14222344
14223126
14223259
14223403
14223618
14223663
14223671
14225930
14227103
14230004
14245840
14245899
14247009
14248345
14249255
14250099
14250357
14250384
14250405
14250910
14251014
14251044
14251141
14251842
14251961
14252792
14252944
14253183
14254229
14254247
14255796
14256451
14256561
14256619
14256749
14256854
14257729
14258288
14259212
14261120
14261647
14263226
14263234
14263550
14263557
14263914
14264023
14265623
14266158
14266908
14267202
14267775
14268440
14268561
14269236
14270299
14271063
14271119
14271705
14272564
14273421
14273864
14274256
14274759
14274938
14275094
14275840
14275887
14276288
14277052
14277166
14278110
14278155
14278390
14278567
14278845
14279051
14281194
14281804
14283000
14283433
14284509
14284795
14285061
14285231
14285578
14285691
14285940
14289844
14290468
14290986
14291646
14291665
14292674
14293485
14293610
14293912
14294679
14295387
14295500
14295711
14295887
14299971
14299976
14299995
14300033
14301151
14302154
14302376
14304222
14331337
14332762
14333881
14334298
14334307
14334651
14334825
14335716
14337088
14337156
14337457
14338630
14338753
14338846
14339192
14339353
14339708
14340310
14340936
14341087
14341103
14341598
14342176
14343238
14343521
14343660
14343782
14345127
14345176
14345454
14345573
14345621
14346115
14346263
14346273
14346783
14347430
14347509
14347521
14347884
14348755
14349076
14419183
14425238
14428679
14434622
14439389
14480491
14480877
14481316
14481764
14482037
14482870
14483649
14483718
14484164
14484170
14485229
14485451
14485464
14485703
14485962
14486522
14486584
14486783
14486855
14487165
14487192
14487595
14487723
14487838
14488655
14490091
14490634
14490916
14491441
14491756
14491829
14491886
14491990
14492170
14492453
14492759
14492857
14506140
14506493
14506507
14510448
14510851
14512228
14512253
14514058
14514453
14515605
14516298
14520574
14521168
14565462
14568504
14681136
14712114
14715783
14738102
14738977
14738988
14739003
14739096
14739192
14739802
14740159
14740352
14740578
14740731
14740746
14740811
14740925
14741482
14741789
14741828
14741931
14741936
14742279
14742505
14742572
14742910
14742927
14742959
14744233
14744285
14744288
14744327
14744805
14745055
14745150
14745186
14745597
14746856
14746947
14747131
14747318
14747677
14747851
14747923
14748349
14748534
14748554
14748599
14749319
14749388
14749414
14750335
14753355
14753632
14755970
14756999
14757035
14759173
14759794
14764070
14765598
14766882
14768546
14770907
14771001
14771418
14772560
14772914
14773511
14773677
14775580
14775997
14777011
14875985
14883186
14892238
14894037
14894111
14895222
14895971
14900071
14900810
14901727
14901746
14904033
14960301
14960522
14961033
14961093
14961263
14961691
14962712
14962844
14963125
14963520
14964873
14965749
14966277
14967386
14967877
14967983
14968362
14968778
14968815
14969267
14969605
14970615
14970748
14970767
14971739
14971769
14971843
14972329
14972682
14972891
14972920
14973946
14973947
14974024
14974362
14974412
14974823
14975156
14975182
14975226
15058604
15170113
15170161
15170743
15170767
15171685
15172543
15172636
15173232
15173309
15173520
15173552
15173625
15173680
15174315
15174519
15174565
15174706
15174836
15174886
15175674
15175884
15175915
15176009
15176344
15176365
15176868
15177401
15178186
15178419
15178798
15179164
15179564
15179831
15180196
15180212
15180630
15205360
15205667
15205670
15205680
15205869
15205963
15206326
15206404
15206844
15207108
15207600
15207767
15208086
15208173
15208884
15208961
15209136
15209230
15209456
15209530
15209551
15209624
15210682
15210924
15212079
15212214
15212504
15213072
15213149
15213832
15214180
15214212
15214980
15215204
15215244
15215298
15215760
15215804
15215865
15215906
15216305
15216328
15216526
15216627
15216663
15217130
15217205
15217579
15217724
15217861
15217899
15218003
15218887
15218915
15219010
15219209
15219248
15219366
15219659
15220089
15220307
15220547
15220672
15220724
15220842
15221192
15222003
15238364
15240228
15240528
15241170
15241931
15242628
15242809
15243010
15243907
15244952
15245390
15245998
15246462
15247298
15247638
15250608
15251636
15252077
15252155
15268032
15268065
15268070
15269162
15269351
15269416
15269909
15270023
15270448
15270777
15270993
15270995
15272530
15272893
15273227
15274841
15275146
15275548
15275937
15276200
15276906
15277175
15277292
15277917
15278066
15278170
15278759
15278898
15279081
15279267
15280110
15280712
15280926
15281520
15281658
15282006
15282248
15282315
15282481
15283544
15284001
15290198
15293460
15409833
15419490
15419710
15420890
15420893
15421873
15422025
15422038
15422286
15422444
15422678
15422720
15423213
15423280
15423685
15423935
15424090
15424882
15425076
15425976
15426554
15426676
15426856
15427966
15428069
15428196
15428327
15428788
15428952
15429322
15429498
15429763
15434144
15435481
15437133
15438436
15439086
15439257
15440911
15441559
15445233
15446752
15447372
15563675
15563775
15563838
15563870
15564062
15564520
15564892
15565054
15565110
15565151
15566288
15566346
15566624
15567069
15567104
15567353
15567486
15567716
15567909
15568055
15568366
15568395
15568500
15568550
15568686
15568795
15569185
15569607
15569631
15570355
15570627
15571189
15571601
15571913
15571921
15572017
15572345
15572448
15572509
15572564
15573207
15574522
15574685
15653212
15675427
15685012
15687994
15703385
15703940
15703996
15704253
15704344
15704604
15704832
15705369
15705468
15706316
15706352
15706499
15706532
15706950
15707179
15707816
15709220
15709401
15709464
15709586
15709831
15709855
15710023
15710055
15710116
15710173
15710226
15710774
15710991
15710996
15711005
15711294
15711479
15711507
15711637
15711792
15711874
15712241
15712955
15713134
15713229
15713244
15713428
15713614
15714013
15714423
15714541
15714727
15714821
15717145
15717581
15717652
15718429
15719901
15722318
15722563
15722585
15723275
15723687
15724374
15726474
15726795
15727256
15728415
15729419
15729862
15730182
15730886
15731176
15731406
15733553
15733647
15734177
15734652
15735814
15735874
15736497
15736559
15736808
15738931
15738984
15739490
15739866
15740396
15740597
15742041
15742199
15743537
15744147
15744458
15745008
15745444
15746482
15746538
15746558
15747025
15747352
15747416
15747593
15748132
15749003
15749094
15749293
15750006
15750309
15750602
15750688
15750834
15751067
15751325
15751369
15751621
15751876
15752799
15752937
15753278
15753776
15753868
15753890
15754285
15754806
15755513
15756002
15756126
15756284
15756490
15756646
15756742
15757142
15757231
15758943
15759645
15760154
15760321
15760526
15793855
15794260
15794396
15795355
15796005
15796280
15796719
15796984
15797290
15799567
15799709
15800351
15800640
15801499
15802698
15837359
15840475
15847579
15854553
15946321
15949315
15950959
15951958
15953229
15953667
15955127
15956415
15957654
16045785
16045920
16046222
16046360
16046490
16047105
16048413
16048840
16048965
16048999
16049070
16049273
16049508
16049599
16050577
16051310
16051831
16052223
16052344
16052372
16052491
16052605
16053139
16053552
16053652
16054160
16054197
16054321
16054733
16054818
16054837
16055329
16055461
16055921
16056560
16056897
16057394
16057888
16058725
16059188
16059260
16059706
16059911
16059979
16060045
16060211
16061313
16061850
16062217
16063630
16067265
16067541
16069603
16074431
16091246
16092158
16092233
16092323
16092673
16092889
16093109
16093780
16094697
16095184
16095462
16096730
16096975
16097650
16098064
16098645
16099019
16099270
16099886
16100155
16100658
16101811
16102775
16115222
16115798
16116990
16117224
16117489
16117972
16118871
16118881
16120170
16120647
16121011
16121685
16121939
16121962
16122267
16122742
16123226
16124752
16125358
16125600
16126315
16126359
16126628
16128387
16128666
16129454
16129779
16129825
16130796
16131736
16131944
16132227
16132588
16132853
16133085
16133472
16134140
16134421
16134658
16135476
16135702
16136009
16136058
16136578
16137261
16137864
16138234
16138767
16138934
16139114
16139691
16140214
16141781
16141992
16142383
16143242
16143527
16143535
16143649
16144855
16144867
16145029
16145034
16147218
16147677
16192916
16192993
16198459
16202516
16202632
16207861
16207880
16208034
16208603
16208713
16209016
16209629
16209752
16209817
16209849
16210160
16210234
16210322
16210868
16210978
16211210
16211263
16211272
16211389
16211532
16211591
16211648
16211959
16212361
16213334
16213527
16214995
16215140
16215412
16215533
16215610
16215891
16215958
16216792
16216880
16217128
16217265
16217527
16217556
16217828
16218053
16218568
16218644
16219109
16219188
16219301
16219360
16292104
16292122
16292417
16292508
16292525
16292966
16293062
16293589
16295523
16296930
16299041
16300540
16300623
16302212
16304146
16305938
16306060
16307006
16378036
16378609
16378757
16379495
16382078
16382914
16383807
16384218
16384991
16385021
16386902
16388341
16389807
16390149
16406090
16406207
16406509
16406740
16407740
16407908
16407939
16408299
16408705
16409068
16409076
16409110
16409532
16409561
16409627
16409813
16411378
16411703
16411712
16412095
16412522
16412571
16414098
16414814
16415985
16416332
16417384
16417609
16418058
16418162
16418239
16418291
16486442
16487039
16490299
16490998
16493405
16494240
16494432
16494679
16519273
16547816
16554004
16554327
16554689
16555054
16555481
16555930
16556080
16556199
16556215
16556617
16556931
16557025
16557559
16557588
16558092
16558163
16558458
16558650
16559081
16559161
16560397
16561370
16561561
16562161
16563220
16563441
16563732
16563735
16564304
16565024
16565126
16565424
16565477
16565822
16566650
16567181
16568237
16568276
16568513
16568631
16568760
16568918
16569706
16570130
16570474
16570674
16570797
16571028
16571207
16571286
16571568
16571652
16571726
16572128
16572318
16572339
16573086
16574477
16575345
16576811
16577489
16579533
16579622
16580760
16581039
16581811
16582133
16583357
16584098
16584232
16584981
16587190
16590147
16591869
16633902
16635297
16635905
16636263
16636407
16636571
16636786
16637266
16638052
16638400
16638626
16639155
16639247
16639364
16640788
16641358
16641666
16642740
16643216
16643344
16644512
16711452
16711547
16711568
16711845
16712662
16713658
16713734
16714100
16714225
16714967
16714975
16715203
16715682
16716105
16716528
16717812
16718157
16718378
16719651
16720346
16720472
16739564
16739612
16739815
16739884
16740003
16740456
16740851
16740873
16741050
16741545
16741665
16741956
16742042
16742368
16742515
16742672
16742965
16743240
16743860
16744148
16744239
16744504
16744705
16744801
16745477
16745653
16746294
16746297
16746507
16746892
16746989
16747207
16747227
16747721
16747846
16748156
16748368
16748481
16748594
16748755
16748854
16787013
16787046
16787251
16787369
16787375
16788305
16788403
16789228
16789648
16789786
16790329
16790433
16790447
16790456
16790757
16790805
16790982
16791754
16792037
16792305
16792959
16793037
16793176
16793423
16793531
16793756
16794267
16794569
16794656
16794687
16794710
16794753
16795233
16795277
16795535
16796096
16796371
16796726
16797036
16797282
16797299
16797462
16798132
16798290
16798328
16799040
16799041
16799117
16799222
16799530
16799666
16799878
16799959
16800651
16801121
16801697
16801833
16802015
16802557
16802584
16802878
16802880
16803057
16803680
16803878
16804335
16804890
16804954
16805970
16806859
16806985
16807158
16807212
16807574
16807709
16807911
16808203
16808205
16808275
16808404
16809063
16809678
16809785
16809828
16810435
16810647
16810715
16810866
16811758
16811922
16812718
16812784
16812820
16812877
16813272
16813773
16814030
16814070
16814412
16814447
16814729
16814741
16814745
16814752
16815155
16815640
16815782
16835333
16835341
16835394
16835709
16836230
16836570
16836605
16836830
16838012
16838318
16838435
16838525
16838675
16838794
16838817
16839684
16839965
16839993
16840012
16840781
16840870
16840941
16841107
16841191
16841199
16841388
16841884
16842252
16842365
16842573
16842857
16842978
16843132
16843475
16844273
16844436
16844450
16844474
16845260
16845411
16845463
16845815
16847280
16848765
16850249
16852596
16852696
16853915
16853943
16855134
16876837
16884077
16891726
16896815
16897512
16897732
16902911
16902992
16905324
16938426
16940183
16940893
16942854
16944340
16945592
16945886
16947076
16947340
16947546
16948792
16949503
16950370
16950948
16951329
16952653
16953271
16953568
16953778
16954071
16955092
16955145
16955290
16955354
16955986
16956139
16956291
16956506
16956967
16957062
16957250
16957845
16957971
16958011
16958426
16958502
16958570
16959081
16959649
16960596
16960766
16960785
16960827
16960940
16961170
16961281
16961327
16962449
16963172
16963958
16964092
16964123
16964143
16964236
16964325
16964606
16964658
16964726
16964946
16965634
16965690
16965779
16966034
16966154
16966472
16966488
16966754
16966799
16966933
16967075
16967088
17168336
17180834
17181152
17181319
17181401
17181413
17181501
17181528
17181602
17181757
17181928
17181978
17182375
17182710
17182797
17182918
17183441
17183518
17183793
17185011
17185088
17185292
17186024
17186196
17186372
17186656
17186857
17186965
17187199
17187661
17187713
17187747
17187827
17188580
17188674
17188732
17188744
17188826
17188897
17188947
17189043
17189293
17189594
17190071
17190281
17190921
17191064
17191291
17191600
17191833
17191857
17192598
17192680
17192767
17192815
17192935
17193078
17193167
17193326
17193706
17194511
17194575
17194672
17195000
17195325
17195644
17195671
17195948
17195962
17196114
17196297
17196512
17196694
17208018
17217427
17383974
17386288
17386670
17386796
17387472
17387868
17389006
17389195
17389921
17390117
17390342
17391922
17392006
17392560
17393612
17393891
17416832
17418020
17418915
17419324
17447591
17447704
17447810
17448462
17448584
17449144
17449211
17449675
17449830
17450261
17450267
17450832
17450984
17452457
17453228
17453320
17453578
17454443
17454821
17455078
17455829
17456088
17456772
17457164
17457845
17457912
17457913
17458117
17458786
17459008
17459107
17459226
17459780
17459797
17461775
17462068
17462211
17463577
17464066
17464398
17464522
17464982
17465183
17465228
17465478
17465860
17465921
17466421
17466503
17466528
17466729
17466843
17467507
17468519
17468760
17468925
17469531
17469814
17470016
17470056
17470938
17471473
17471599
17471616
17471667
17471981
17472396
17472969
17473128
17473293
17473374
17474000
17474076
17474414
17474466
17474588
17475346
17475392
17475805
17476595
17476616
17476709
17476928
17477096
17477108
17479524
17479603
17479664
17479889
17479967
17480095
17480116
17480254
17480261
17480461
17480624
17481035
17481151
17481426
17481854
17481975
17482268
17482440
17482477
17482555
17482901
17483625
17483640
17483842
17483915
17483984
17484231
17484786
17484917
17485010
17485432
17485679
17485686
17485689
17486184
17486311
17486400
17486446
17486968
17487083
17487132
17487572
17488041
17488371
17488832
17489052
17489093
17489173
17489448
17489714
17489719
17489948
17490071
17490345
17490521
17490750
17490912
17490927
17491148
17491159
17491202
17491283
17491529
17491744
17491897
17492055
17492761
17493082
17493128
17493473
17493569
17493633
17493814
17493865
17494544
17495540
17495779
17496131
17496262
17496509
17497259
17497290
17497657
17497751
17498565
17498707
17498882
17498951
17499148
17499192
17499479
17501053
17503906
17504269
17505542
17508977
17511345
17512251
17512783
17513652
17514068
17652432
17652566
17652595
17652815
17658589
17732924
17735753
17737671
17738940
17743843
17745033
17746225
17748025
17748242
17760058
17760525
17760827
17761418
17761710
17763426
17765554
17766939
17767198
17767426
17860442
17860532
17860610
17861455
17861542
17861583
17861884
17861984
17862089
17862267
17862537
17862783
17862976
17863133
17863955
17863981
17864366
17864467
17864470
17864690
17864771
17864900
17865556
17865651
17865668
17866419
17866528
17867325
17867338
17868733
17868976
17870082
17870162
17870701
17870763
17871697
17871748
17871902
17872359
17888893
17888905
17889394
17889648
17889925
17890070
17890450
17890838
17890864
17891397
17891496
17891620
17891692
17892438
17892669
17893052
17893133
17893325
17893367
17893373
17893597
17893607
17893743
17893792
17893796
17893947
17894143
17894233
17894307
17894647
17894986
17895138
17895211
17895643
17895740
17896086
17896559
17896577
17896606
17897387
17897442
17897750
17897964
17898076
17898137
17898351
17898383
17898593
17898880
17899055
17899776
17899974
17900385
17900648
17901192
17901277
17901485
17901956
17902179
17902378
17902472
17903181
17903233
17903533
17904033
17935788
17999795
18001403
18002609
18004817
18007498
18010518
18014001
18015893
18017736
18019792
18020816
18021246
18022334
18024632
18024805
18027980
18053955
18057904
18058754
18059073
18059203
18059478
18061427
18061514
18062713
18062793
18065503
18067225
18067360
18067432
18067839
18068670
18069458
18070484
18071158
18233512
18233567
18236433
18269006
18269217
18271679
18274483
18274684
18275059
18276131
18279227
18279413
18279420
18284101
18325622
18325854
18326365
18327180
18327392
18327781
18327845
18328515
18328597
18328914
18329172
18329330
18329401
18329879
18330022
18330696
18331093
18331151
18331380
18331647
18331666
18332651
18332802
18332841
18333003
18333556
18333583
18333585
18333673
18333740
18334453
18334670
18334928
18335360
18335376
18335594
18335672
18335714
18336064
18336174
18336271
18336327
18336830
18336985
18337474
18337642
18337746
18337901
18337995
18338259
18338521
18338522
18338638
18339169
18339499
18339771
18339932
18340106
18340126
18393739
18394088
18394185
18436422
18437134
18437661
18437829
18438163
18438449
18440869
18440872
18442219
18442326
18442554
18443198
18444109
18444233
18444551
18444958
18445146
18489856
18540248
18540966
18542536
18544235
18544572
18545998
18546828
18547986
18550425
18552185
18554217
18554438
18554601
18555024
18555121
18558231
18560174
18561151
18561902
18564606
18565737
18567229
18568111
