2570
2585
2943
4136
5643
9153
9461
9963
12054
12698
13442
18869
19148
20669
21741
25948
29285
31630
31799
31856
32505
32747
33423
33453
34706
34900
36164
38269
41754
44556
48496
49213
49620
50117
51580
51822
53573
53784
55009
58142
59047
62024
65786
65802
67648
71509
72239
72794
72983
73021
73648
74430
77563
83989
83993
84761
87013
87771
92008
92240
93117
100447
101323
101686
104055
104658
104886
108755
108847
113657
118687
120718
123277
123685
123845
126886
127522
127850
128012
129783
130126
132360
132513
132601
138245
139548
144875
146125
152931
157360
158850
159435
161364
163351
164790
165353
167334
169858
170032
170455
172983
173251
175568
178644
185095
190770
191426
192271
196782
196851
196934
204767
206162
207979
209319
210395
210977
211011
212168
218060
228192
230838
233348
234990
235307
235781
235854
237229
237616
239558
239726
239976
240106
240323
243322
244115
244528
248050
250534
253074
255369
258142
258888
263032
263218
264469
266035
266355
266467
267607
269260
269627
269869
270239
272994
275765
278657
279213
279458
279722
282698
282720
283431
284347
285951
286714
287459
288326
291222
292283
295606
301937
303436
312974
313913
316107
317588
318062
322205
325888
326236
328197
331554
332860
335774
336085
337860
338642
345733
347924
349204
350558
350733
351537
354970
360283
361962
362092
362882
363072
364242
364314
365842
365853
370341
373125
374922
380237
387004
387942
390739
391405
393095
395148
395427
397409
401438
401793
404201
406240
409725
410443
411231
412126
420477
425359
425964
426678
427876
428091
430354
432888
433118
434117
435009
435040
435772
436091
436680
437925
440478
440605
443640
443836
444888
446363
454416
458944
459742
461155
463610
465241
466044
466798
472935
473820
480700
480818
481284
481567
481683
482273
482320
482956
483826
484014
487842
488387
492101
492931
494120
494642
496923
497404
498513
498955
500929
501608
501688
505572
506106
511280
511303
511388
513026
514868
516554
518443
519321
520117
520441
522368
523178
528125
529772
532259
532614
533625
534815
535115
537169
538080
538512
539230
540197
541837
543461
544797
551226
551628
554099
554845
555511
556714
557026
562644
567398
570345
572002
573651
573957
576069
578797
579981
581646
583551
585321
587257
588675
590706
594380
596946
601287
603699
604206
606549
615815
618710
625039
627460
632122
633942
634975
636123
638101
638111
639387
640580
641759
642477
642505
643581
652032
652069
652657
653002
653864
656672
658054
659691
660175
666358
666696
669635
669731
675562
678565
683470
684342
684825
685382
686579
691082
691404
699599
699634
701014
706765
707006
708447
711431
712158
713515
715348
716184
717037
717153
717311
718898
721252
723700
724056
726404
727635
732027
732418
735976
742422
743893
744564
744866
744880
746338
750107
751932
752944
754144
755704
756985
757821
759049
759140
759376
759457
763382
763514
764226
767734
767754
776074
783422
786764
793466
794172
795449
795945
796421
799692
801186
805977
806392
807474
807503
809045
814194
819869
821047
823419
826814
832850
834044
835736
836777
839068
842186
842721
848413
850150
850865
851098
851395
854515
855387
856734
857759
860559
863823
865588
868496
869688
877264
882755
882771
884048
889121
890152
890466
890492
890582
896364
896663
896846
899471
907522
908420
912660
915286
916395
921098
921255
925431
926785
927904
928283
928302
928699
929155
929345
929459
929815
930558
931523
936189
936694
939398
939900
941581
942434
948786
950091
950601
951182
952159
952448
956043
956695
958574
959279
959485
962118
962171
965881
965931
966920
968043
968124
969922
971766
974016
975383
977229
977878
978719
979166
981275
985090
991381
992758
994474
994523
994989
996631
997127
999215
999931
1004183
1004693
1006704
1007071
1011498
1012720
1013496
1019491
1019733
1019986
1023070
1026186
1026619
1029595
1036124
1037521
1039042
1045095
1048140
1051972
1052481
1053289
1054845
1063036
1063714
1067910
1068496
1069397
1069659
1070318
1071024
1071433
1073851
1074439
1074477
1075114
1078193
1079598
1080689
1085261
1087807
1088339
1090715
1093920
1094460
1099209
1100491
1100863
1102666
1103119
1104250
1105667
1107361
1108062
1108561
1109946
1110314
1112240
1117448
1117841
1119606
1120840
1121031
1121463
1122416
1126447
1127336
1135304
1138151
1142189
1146303
1148867
1155076
1155157
1155857
1162656
1162852
1163009
1164078
1164389
1166254
1169022
1177235
1180001
1188254
1188719
1188839
1192001
1192340
1195322
1195764
1201706
1201793
1202797
1203505
1207840
1208534
1210363
1210515
1216629
1221144
1222295
1224146
1224632
1224884
1226930
1228447
1229869
1233211
1233449
1233732
1235126
1238331
1239361
1240863
1241104
1243952
1245545
1247213
1247514
1248155
1251429
1251818
1251926
1255258
1259608
1260301
1260734
1265249
1270620
1271524
1273450
1274445
1277963
1277980
1278867
1279393
1279727
1279777
1283407
1283857
1290123
1292560
1294378
1297637
1298070
1300459
1301718
1302680
1308566
1310337
1311654
1317074
1318516
1320186
1322307
1322492
1324446
1324678
1324796
1325144
1332902
1335834
1336141
1339287
1343132
1344647
1348501
1353473
1355919
1359122
1361561
1362186
1362463
1362480
1362948
1364813
1366787
1368791
1369944
1370997
1373022
1374178
1374446
1374517
1375774
1377134
1378060
1381589
1386262
1386429
1387776
1388312
1390980
1393751
1397056
1400124
1400572
1403699
1406184
1413195
1413446
1413921
1414300
1414831
1422857
1428555
1429767
1434150
1434608
1434970
1435365
1435724
1438034
1439571
1439655
1440075
1445020
1446084
1446592
1447184
1447269
1449262
1451316
1453357
1457638
1460279
1460596
1464240
1465106
1466795
1470576
1471496
1473858
1474822
1476651
1476737
1476827
1481355
1482141
1482544
1483129
1483170
1483536
1484473
1485171
1486520
1488280
1492702
1494047
1495167
1497416
1497928
1500273
1501037
1506069
1507336
1507640
1510507
1513493
1515370
1515896
1516711
1517811
1519015
1519296
1520097
1521221
1526813
1529988
1531347
1531622
1533556
1535056
1536047
1536538
1539453
1540241
1541810
1548440
1549816
1550339
1550970
1557042
1558783
1560622
1562913
1565530
1567775
1568700
1568787
1569076
1573036
1575963
1575969
1576443
1577300
1577398
1579750
1581195
1581960
1583617
1586245
1588887
1589284
1589490
1591880
1592403
1593609
1594898
1595611
1596938
1597165
1600502
1607624
1607869
1611177
1620754
1622673
1623502
1629591
1637836
1639355
1639618
1641244
1645027
1650618
1653696
1657177
1657390
1661033
1662085
1664720
1664936
1666345
1666698
1666824
1670155
1670550
1674900
1679260
1681239
1684352
1685163
1686767
1689810
1690723
1691265
1691494
1692808
1693406
1694306
1696004
1696406
1697129
1700934
1703212
1703703
1710709
1712026
1714194
1717773
1718995
1719080
1720824
1721920
1722282
1728222
1732129
1732746
1738432
1739328
1742112
1743003
1745917
1746443
1746525
1751306
1751742
1753904
1755078
1755244
1757248
1758703
1759291
1759337
1765899
1767947
1767983
1768438
1769196
1771727
1776228
1777261
1780166
1781270
1781596
1782485
1788547
1789015
1791278
1792038
1795086
1796418
1801541
1802103
1806287
1807931
1808565
1809636
1810113
1811058
1815251
1815433
1815729
1815818
1819921
1821403
1822490
1828152
1830861
1832077
1833052
1833863
1834158
1834369
1836192
1836322
1836850
1837866
1839654
1840625
1844419
1848306
1853725
1860822
1862248
1862486
1863957
1865023
1866600
1866863
1868342
1870615
1872199
1872375
1873998
1877804
1878239
1880524
1886625
1886957
1887425
1888479
1888936
1895345
1896069
1899040
1899193
1899746
1901428
1902292
1903505
1904309
1907276
1907935
1909051
1912545
1914087
1915486
1916358
1916620
1920326
1921361
1926556
1929292
1930946
1931628
1932513
1936989
1938903
1938958
1940125
1944431
1945131
1946746
1947548
1947642
1951053
1953245
1956452
1957804
1959242
1961261
1962220
1962264
1962625
1965479
1965584
1966326
1966742
1971066
1972194
1972742
1973070
1974495
1977900
1981243
1983458
1985454
1986286
1986403
1986425
1986886
1987321
1991197
1992727
1999122
1999567
2001596
2001836
2002311
2003056
2006527
2011383
2011826
2014503
2015261
2017891
2018103
2024383
2025204
2026362
2028776
2029338
2031994
2033044
2034277
2034379
2036965
2038298
2040889
2042630
2043185
2047328
2047674
2049300
2052165
2053068
2055176
2061133
2061212
2062075
2063475
2063676
2064426
2064744
2066498
2067410
2072533
2076879
2078530
2078577
2079216
2083802
2088369
2088878
2089425
2092465
2092980
2093246
2094744
2095281
2096758
2096854
2101726
2102211
2104340
2104789
2105087
2105420
2105877
2108855
2113192
2115254
2115524
2116188
2116958
2117601
2117930
2119114
2120098
2122685
2123056
2127203
2127765
2128550
2130727
2131129
2132540
2133009
2140921
2145134
2147290
2151725
2152028
2154202
2162577
2164828
2164880
2165661
2166096
2167365
2168069
2170792
2171456
2171487
2174623
2175871
2175988
2178076
2186815
2189423
2189705
2189832
2189904
2190292
2190537
2191541
2197297
2197969
2198137
2198633
2198771
2198860
2200453
2201412
2202087
2204993
2206773
2206991
2207615
2208619
2212246
2212577
2214696
2215373
2215742
2215831
2216721
2217238
2218119
2218853
2219609
2221453
2221509
2222665
2223689
2223964
2226495
2231784
2231953
2232949
2233876
2235610
2238746
2240322
2240351
2242763
2243657
2244432
2246307
2247048
2247349
2248958
2249901
2250776
2252163
2252468
2252803
2253545
2259429
2260978
2262292
2264350
2265269
2265587
2265605
2266160
2267528
2268317
2268337
2270365
2272410
2272838
2284811
2286594
2290283
2290944
2294940
2295436
2295551
2301976
2304275
2306435
2308049
2309423
2309484
2309856
2310589
2312029
2316289
2317747
2318152
2318184
2320897
2322235
2328500
2329732
2330577
2345003
2345039
2345547
2348176
2349779
2350362
2354588
2357051
2357081
2358487
2360643
2361372
2364449
2365924
2366427
2367418
2369170
2371182
2371427
2371594
2373257
2377379
2379060
2379319
2380867
2382649
2385144
2385607
2389627
2394597
2397413
2397552
2402054
2407391
2410735
2411978
2414400
2416257
2418702
2419905
2421505
2426775
2429345
2431829
2437314
2440310
2443405
2446586
2447323
2447741
2447970
2450062
2453741
2454129
2455560
2456388
2456917
2457237
2458081
2458963
2460299
2461193
2461314
2462747
2462880
2465781
2470397
2470719
2471645
2472307
2474333
2474853
2477460
2482088
2483547
2483960
2486489
2490352
2490867
2494231
2494482
2494605
2497887
2497945
2500568
2500906
2502900
2506122
2509072
2509095
2509427
2510345
2511030
2514254
2514991
2519333
2520850
2523334
2525312
2529426
2529935
2530679
2534089
2544673
2546321
2547174
2551536
2554003
2557246
2558470
2559009
2559050
2559503
2560120
2560812
2561732
2568628
2570327
2574584
2575103
2576193
2576931
2578675
2580417
2581057
2583016
2583524
2584418
2587909
2591115
2591359
2593444
2595556
2595977
2600607
2601765
2602990
2606958
2608172
2608943
2610220
2613361
2613597
2615759
2619705
2619853
2621967
2622429
2624997
2627534
2628442
2629113
2630416
2633049
2634641
2634693
2634717
2635078
2637244
2637706
2639570
2640830
2640938
2640988
2641373
2642780
2646758
2647553
2648289
2649602
2653053
2655651
2658875
2660337
2662190
2662876
2665303
2665973
2666493
2666780
2668069
2668129
2668392
2670436
2670977
2671469
2673162
2674779
2675045
2679266
2683453
2684499
2684886
2686381
2687847
2687850
2688743
2689006
2690313
2692596
2693163
2693304
2694145
2699406
2701686
2705217
2707778
2711838
2712610
2714438
2717549
2718978
2720589
2721365
2723062
2723564
2723917
2726191
2727957
2733943
2736982
2738610
2740410
2741576
2742351
2742693
2743337
2750475
2751584
2754106
2760210
2760710
2761358
2761665
2766311
2769481
2772947
2773186
2776147
2777925
2778700
2779347
2781139
2783409
2783783
2784110
2784753
2787258
2796249
2796565
2796961
2797978
2798371
2799472
2800937
2803560
2806446
2809317
2810691
2811466
2816901
2819182
2819634
2821311
2822973
2824501
2825155
2827963
2828628
2829318
2833083
2836069
2837588
2837592
2838140
2841197
2841447
2841801
2842768
2851106
2851511
2852261
2855407
2858146
2859128
2859227
2859363
2863149
2867967
2868576
2870857
2872335
2878717
2884558
2885414
2886011
2887171
2887620
2890068
2890969
2891724
2891931
2892390
2894054
2895001
2895321
2904884
2905910
2908925
2908993
2912784
2916936
2917245
2917445
2917483
2925248
2925535
2926886
2928595
2928760
2930498
2930596
2931225
2933750
2935901
2936015
2938280
2938442
2938522
2944578
2944711
2946106
2946207
2946483
2946731
2946896
2948354
2948671
2950971
2953694
2958081
2960563
2965333
2966974
2967792
2969112
2970407
2971831
2972833
2973415
2976353
2976837
2977059
2977741
2980316
2981592
2986606
2987803
2989463
2990132
2990697
2991793
2992708
2993161
2994192
2997426
2998174
2998431
3000041
3000877
3001331
3002504
3005364
3008237
3010256
3013221
3013489
3014904
3021041
3024206
3024223
3027815
3029903
3032786
3032898
3034200
3034404
3037365
3038858
3041518
3046364
3048464
3049675
3049771
3049975
3050104
3052496
3053385
3058643
3058931
3059079
3060807
3062969
3068192
3068706
3069735
3072810
3073703
3076196
3078262
3078590
3080773
3082645
3083462
3084592
3085276
3095896
3096113
3100296
3100441
3102106
3104268
3104807
3107927
3109949
3114292
3114747
3118260
3118550
3125784
3129033
3130469
3132481
3133151
3133286
3133385
3134537
3135367
3135833
3142863
3142960
3143178
3143319
3143725
3145347
3146914
3149992
3150052
3151046
3156035
3157087
3158072
3159159
3160507
3168578
3169732
3173821
3174372
3175772
3177451
3177822
3180745
3182044
3183438
3184885
3185262
3185428
3187383
3190646
3191968
3195414
3197359
3199882
3200143
3203663
3205285
3205513
3206140
3208559
3208955
3209092
3210845
3213367
3213975
3218116
3220226
3223765
3224128
3230587
3231400
3232294
3233053
3235893
3240153
3240408
3241088
3245045
3245662
3246128
3246591
3248945
3251580
3253112
3253639
3255009
3256414
3258821
3258899
3259887
3261912
3262144
3263637
3264965
3266531
3267831
3268576
3269174
3269483
3270433
3271205
3275528
3276727
3279895
3281053
3284246
3285106
3285443
3285707
3287483
3290154
3292143
3292861
3294836
3295075
3296078
3296483
3298154
3298665
3298787
3300978
3301147
3302830
3303266
3305378
3306582
3309265
3309562
3315932
3316480
3317547
3318226
3320394
3320595
3321660
3321942
3322270
3325152
3325521
3326592
3331317
3332960
3336539
3341976
3343662
3346167
3346564
3351777
3351894
3354482
3356114
3357672
3358116
3358131
3358398
3359366
3369009
3369630
3371417
3372260
3374178
3378922
3379869
3380274
3384092
3387189
3389793
3392778
3393173
3397936
3398326
3398434
3398565
3399234
3402277
3405800
3405924
3406926
3409969
3410885
3411453
3411479
3415534
3420081
3420774
3423427
3429863
3430079
3432416
3433726
3437044
3437428
3438064
3441146
3442313
3444595
3444838
3450700
3452546
3454808
3457363
3459000
3460106
3462135
3465607
3465657
3469679
3473188
3473992
3475117
3475816
3475972
3481730
3484348
3488378
3494011
3494612
3497297
3499100
3499835
3500143
3500842
3504355
3504551
3504821
3506766
3508406
3509897
3510718
3511491
3513697
3515630
3516370
3516758
3521229
3522194
3522323
3524347
3529705
3529887
3530487
3532349
3532699
3536542
3540031
3540817
3543975
3547626
3549765
3550100
3550634
3551965
3552839
3560177
3562721
3563294
3565214
3566529
3568223
3569261
3569344
3569912
3571156
3573243
3574243
3574357
3578327
3579351
3581577
3583203
3583585
3584114
3584243
3584840
3590282
3590999
3592551
3593463
3593644
3594341
3595216
3597547
3605200
3607377
3609810
3613827
3615082
3615129
3619122
3619905
3622548
3622822
3623618
3624566
3624785
3627547
3629433
3629546
3632665
3634027
3635291
3637950
3640837
3642803
3643069
3649147
3651039
3651272
3651590
3652141
3671099
3671475
3672206
3672292
3675571
3680808
3681029
3683830
3684501
3686359
3688184
3690634
3692494
3694407
3694860
3696195
3701023
3705091
3706281
3707231
3707944
3708312
3713584
3714155
3714480
3716038
3716214
3716451
3718440
3722306
3724001
3729320
3730229
3730508
3732057
3734997
3736007
3738061
3739735
3740149
3742091
3742712
3744343
3745733
3745973
3746588
3747469
3750937
3755318
3759596
3760485
3761287
3763221
3765663
3766515
3767423
3768411
3769366
3769737
3777115
3777164
3779852
3782318
3786185
3788459
3790001
3795281
3796691
3796942
3803799
3803816
3805748
3805836
3807914
3811346
3811707
3811730
3811883
3812028
3814864
3816005
3816376
3819667
3821083
3822777
3824607
3825818
3826982
3827153
3829194
3835088
3839922
3840719
3841637
3842027
3842187
3845678
3846782
3849769
3851145
3852582
3852823
3854464
3856017
3856268
3856963
3857775
3862539
3862548
3863559
3864648
3868541
3870393
3871187
3874579
3879831
3880756
3884994
3887071
3887115
3887509
3887542
3888021
3888938
3889533
3891826
3895394
3896827
3897357
3898606
3900895
3902149
3904159
3907780
3909053
3909372
3910293
3913208
3913441
3915924
3918345
3918700
3921186
3924559
3928076
3931651
3931656
3932923
3933515
3934154
3934298
3935539
3935941
3937390
3938701
3939236
3940132
3941435
3949422
3949701
3952210
3952454
3955970
3958439
3960610
3964443
3965276
3967378
3971188
3971593
3972125
3973198
3976226
3978093
3981567
3984030
3984238
3986484
3988087
3988206
3988927
3989603
3994663
3996150
3997623
3999465
4000728
4003672
4006928
4007437
4010946
4011659
4012629
4014167
4017077
4017710
4020142
4023777
4024604
4025080
4025865
4026549
4029911
4030139
4031392
4031571
4032549
4033412
4035280
4038359
4040695
4043670
4044611
4049755
4051839
4053878
4057137
4058388
4065786
4072947
4077481
4080788
4082967
4083525
4087034
4091561
4092533
4092936
4094746
4096716
4098016
4099009
4101892
4102086
4102090
4103210
4103841
4105212
4105620
4106284
4106553
4106849
4107490
4111246
4114851
4116439
4124341
4124478
4126163
4127192
4129182
4129715
4131255
4133228
4134838
4139047
4142570
4146041
4148682
4149451
4152983
4154757
4157460
4158521
4159899
4161668
4162403
4162838
4164953
4165340
4170053
4170074
4172928
4177190
4177832
4182391
4183725
4184617
4191365
4192598
4197634
4197857
4198261
4198440
4198795
4202955
4204381
4206519
4206964
4212246
4214021
4214994
4218836
4219345
4219941
4220973
4221328
4222685
4228955
4233287
4234208
4234635
4235113
4236345
4237435
4237580
4238595
4240563
4243595
4244821
4250164
4251314
4251461
4252133
4252856
4254836
4255127
4258043
4259651
4262002
4262302
4263022
4263725
4263879
4267745
4268419
4271350
4272500
4272704
4274907
4275218
4282604
4282961
4290676
4295318
4297740
4305297
4306610
4306880
4307603
4307826
4308307
4309597
4313367
4316333
4318672
4319671
4320585
4326497
4327647
4328871
4336764
4338312
4340256
4344905
4350198
4350317
4350486
4352705
4354034
4361097
4362567
4364510
4365399
4365819
4367008
4370335
4370898
4376813
4379587
4379774
4380702
4381217
4384508
4385920
4392841
4394624
4396913
4397701
4398052
4400364
4400992
4401808
4403999
4405833
4406235
4407622
4410066
4410735
4411429
4411666
4414450
4414471
4414830
4417276
4419127
4424968
4428384
4434584
4435252
4437584
4439179
4440258
4442988
4443570
4445257
4446044
4447371
4449193
4454092
4457754
4458208
4458749
4458802
4462796
4464022
4466209
4466290
4467430
4468022
4468036
4472913
4477398
4479376
4481133
4483367
4485044
4488945
4489087
4489562
4490273
4492535
4494084
4495988
4496190
4497402
4503778
4505743
4509173
4509567
4511725
4512510
4517290
4517752
4520204
4525381
4526384
4528162
4528763
4529884
4530411
4531561
4535342
4540077
4546935
4547105
4550266
4551642
4553445
4556924
4559119
4561382
4561526
4564355
4566442
4566715
4567848
4574503
4574755
4578747
4582910
4583221
4585232
4589523
4589917
4590645
4595261
4595749
4595840
4597145
4606276
4609082
4612207
4614488
4615061
4615851
4618704
4623657
4624751
4625100
4628483
4628976
4632953
4634119
4635232
4636337
4636844
4637274
4638094
4643354
4643622
4644031
4644723
4646567
4646771
4647310
4647593
4649969
4651971
4653820
4654236
4657149
4657632
4658096
4658684
4658905
4659607
4659641
4660242
4660987
4662197
4665841
4668414
4668889
4669320
4671723
4674453
4676320
4677731
4679235
4680372
4681585
4682852
4685081
4687193
4688404
4688994
4689087
4692841
4693748
4694082
4694233
4694239
4696805
4697921
4698251
4699413
4699784
4702281
4703157
4705940
4706522
4710757
4712530
4713170
4715947
4716522
4716775
4717590
4717638
4718132
4718387
4720994
4725956
4727692
4730456
4731571
4732774
4732783
4733088
4740383
4740953
4743295
4746852
4748966
4759614
4762856
4763060
4767143
4774212
4775861
4776404
4776624
4780725
4784527
4785216
4785447
4786299
4787821
4788961
4789842
4792059
4792395
4792543
4794578
4795662
4797225
4798699
4802463
4804020
4805078
4807472
4809194
4810120
4812314
4812334
4813667
4816761
4816811
4818957
4819719
4820065
4821174
4823296
4824784
4827917
4828536
4829128
4830233
4832699
4834749
4836543
4840531
4840961
4841613
4841793
4844899
4846048
4848683
4849899
4855017
4856834
4857940
4858864
4858970
4860228
4860998
4861687
4863604
4868171
4871003
4871669
4874364
4874760
4875844
4877250
4878283
4878571
4879377
4879672
4880813
4882547
4882686
4883546
4884082
4884715
4886119
4887703
4889805
4890293
4892675
4893112
4894694
4900145
4902383
4905362
4907419
4908088
4908182
4908586
4909391
4910470
4911163
4911695
4913325
4913940
4915143
4917949
4917967
4920835
4921166
4923649
4925426
4926712
4926803
4927849
4931257
4934523
4934697
4936097
4937861
4938106
4943098
4943505
4945327
4945472
4951157
4954855
4957355
4957913
4964464
4966185
4966217
4966712
4971226
4972425
4975045
4977567
4977728
4981009
4981725
4982344
4983329
4987319
4987898
4987988
4988437
4988927
4990167
4990528
4993673
4994115
4994813
4996457
5001210
5001475
5001575
5003795
5005177
5010154
5010269
5015663
5017183
5019075
5022142
5022964
5023397
5024233
5025403
5027940
5031480
5035918
5036723
5037153
5038609
5039737
5040152
5043166
5043338
5046243
5046522
5051578
5051666
5053348
5056201
5056371
5057886
5065495
5066393
5068994
5071020
5071273
5072127
5073926
5077280
5078862
5080574
5080614
5080624
5080721
5081408
5082220
5086040
5087722
5088143
5093541
5099824
5100583
5101859
5101949
5102778
5103245
5105153
5105341
5108430
5109358
5111036
5112000
5114805
5115574
5119747
5123527
5123585
5124270
5124957
5126924
5127272
5127466
5128008
5128236
5128258
5128406
5128478
5129991
5131871
5133925
5134644
5135122
5135146
5142168
5142555
5145005
5145218
5147055
5149753
5152804
5155147
5155588
5155633
5156158
5157012
5159480
5161474
5162895
5163243
5165076
5167996
5169958
5171519
5171754
5172343
5175930
5177931
5178321
5179306
5179867
5180723
5184446
5185475
5187931
5189329
5192587
5196492
5199483
5200846
5201246
5203266
5203807
5206226
5206333
5207284
5208707
5209078
5217041
5217784
5222226
5225839
5227489
5227722
5229250
5236790
5237050
5243814
5243918
5245360
5245968
5248263
5248445
5248532
5250146
5252978
5253467
5254820
5255199
5258002
5258125
5258148
5260411
5262487
5264681
5266464
5267423
5267809
5273076
5276636
5277436
5277944
5283283
5283293
5285110
5292726
5295598
5298636
5300551
5304702
5304746
5306315
5310153
5310581
5311834
5313077
5313780
5315888
5315912
5318544
5320498
5326476
5328163
5333081
5333762
5334612
5334977
5337859
5341280
5341805
5344907
5349324
5350060
5350390
5355859
5360897
5362080
5362352
5362997
5363013
5363791
5366637
5367836
5368566
5370322
5370737
5372305
5372367
5374549
5374766
5377201
5377868
5388379
5389032
5394556
5398971
5401243
5403839
5405553
5409386
5412151
5412865
5417330
5417428
5420266
5420748
5422042
5423667
5427000
5438763
5440163
5440231
5443963
5448152
5448519
5450262
5452158
5452195
5452707
5453511
5453934
5454386
5455264
5457804
5457870
5460238
5461408
5464465
5466219
5466867
5467551
5468712
5469396
5470198
5473114
5476522
5476772
5477861
5479478
5480612
5481469
5481671
5483652
5484506
5488038
5488582
5489094
5489434
5491231
5493027
5494236
5494247
5496385
5499429
5502242
5504331
5504540
5506474
5507291
5516751
5519431
5521168
5521835
5523239
5523611
5524089
5526982
5527104
5528076
5528778
5541031
5543136
5545670
5546452
5551237
5553732
5559092
5559947
5560209
5560755
5565451
5566039
5567241
5569694
5574363
5574546
5575308
5575422
5579930
5581133
5581649
5582872
5582891
5584550
5585383
5586500
5587881
5590051
5590240
5590449
5591257
5591964
5595222
5595487
5595807
5597326
5598956
5602536
5604194
5604366
5606833
5609475
5611557
5612363
5613088
5613489
5618276
5620319
5623144
5623748
5627084
5628501
5633932
5635563
5637222
5637277
5639468
5640806
5641010
5641770
5643184
5646116
5646536
5647559
5649423
5651181
5651950
5652446
5656932
5657479
5659245
5660387
5661380
5661960
5662914
5663077
5663399
5663401
5670366
5672633
5675270
5679715
5681256
5687489
5688062
5688300
5689152
5690742
5693157
5695470
5697296
5698609
5701297
5701762
5709865
5709910
5710061
5710562
5711142
5714145
5715863
5717124
5717256
5717308
5717381
5717968
5718788
5721152
5723811
5724695
5729312
5729359
5734547
5737134
5738204
5738240
5738418
5738819
5740958
5746035
5746143
5746824
5747417
5747800
5747826
5751538
5756672
5759827
5762634
5763089
5764175
5767738
5767933
5770928
5770958
5771143
5773025
5773850
5778319
5779824
5781044
5781299
5783163
5784754
5785912
5788377
5788668
5789487
5791728
5797070
5797684
5797897
5800121
5800296
5800620
5801374
5802149
5803250
5806212
5806291
5806977
5807495
5809827
5809937
5810070
5810216
5811051
5815941
5816923
5818665
5819660
5820106
5822360
5822650
5824298
5824307
5824757
5825556
5830780
5837532
5839158
5842135
5846320
5846382
5846691
5847644
5847855
5850152
5850912
5856608
5856773
5859166
5863954
5865296
5869078
5875549
5885648
5890098
5890795
5893869
5894566
5896367
5897045
5897983
5898376
5902429
5905148
5905397
5907153
5910149
5910243
5910331
5912319
5912990
5913073
5913514
5916208
5917370
5918876
5919809
5921194
5921387
5924100
5925843
5926765
5927773
5929103
5929636
5929835
5933485
5933626
5935403
5936468
5936609
5939027
5941653
5942150
5943152
5946449
5948047
5949102
5949369
5951580
5951808
5954830
5955697
5958501
5960416
5961413
5962255
5963668
5964298
5966462
5968505
5970476
5971643
5973500
5978929
5983670
5984455
5985414
5986098
5986564
5991564
5991654
5991815
5991878
5993187
5993761
5993861
5996010
5996289
5996513
5996583
5999179
6000661
6000920
6001276
6002694
6008477
6009773
6012506
6012509
6013504
6014381
6023536
6024642
6025246
6026656
6027178
6027339
6031255
6031699
6037029
6039961
6040500
6047436
6047877
6050614
6051826
6052101
6052753
6053558
6054814
6057782
6058230
6060473
6060701
6062193
6063041
6065026
6066095
6067642
6069683
6072769
6073595
6078928
6081287
6083408
6084157
6089548
6091638
6093258
6094207
6097659
6099315
6108933
6109012
6116565
6116767
6119025
6121163
6121188
6122608
6124400
6127619
6127937
6128289
6128596
6129669
6129911
6131065
6131787
6131970
6132203
6135249
6138075
6142228
6143019
6147447
6148540
6150319
6150454
6150472
6151776
6153127
6153776
6155353
6159262
6164619
6165387
6167717
6168145
6170109
6172749
6173988
6176911
6180300
6181450
6182732
6183845
6184966
6187278
6188565
6190137
6191484
6195469
6196068
6197736
6200006
6204573
6205019
6205480
6207174
6207886
6214828
6215922
6216560
6216764
6217516
6219024
6219225
6220851
6221271
6222933
6223438
6224398
6225162
6225389
6227000
6230731
6231350
6236808
6238160
6238888
6239265
6240146
6240445
6240586
6245083
6245754
6246134
6246307
6251385
6253950
6254061
6254373
6257111
6260805
6261534
6261554
6262852
6266690
6267718
6269103
6269975
6274228
6274844
6281097
6281313
6282116
6282124
6283433
6289347
6293552
6293805
6294474
6297520
6299785
6300596
6300774
6300815
6306297
6307054
6308801
6309859
6309952
6314036
6315807
6316200
6318863
6320373
6320603
6322369
6324273
6325326
6326617
6328859
6328991
6329725
6329794
6329855
6341378
6341990
6343191
6347824
6352135
6352624
6356046
6357367
6358677
6359236
6360150
6362056
6363897
6364706
6365531
6366440
6367693
6370560
6370641
6372356
6374419
6375826
6381134
6382066
6382897
6385291
6386506
6387432
6392266
6394863
6397046
6398530
6399305
6401339
6403551
6408484
6411437
6414204
6417587
6419303
6421326
6423584
6424370
6424563
6425264
6425476
6425892
6428337
6433078
6434754
6437116
6437228
6440127
6440337
6442483
6446434
6448352
6449269
6456463
6456817
6457906
6462784
6464099
6465495
6470195
6474663
6474885
6477322
6477549
6479370
6479960
6481288
6481679
6484255
6485086
6486007
6493510
6494153
6494452
6494964
6497584
6498416
6501930
6510216
6517726
6519568
6528197
6528239
6528675
6529944
6534116
6536437
6536942
6537383
6539117
6540505
6540684
6541075
6543398
6547341
6549834
6549967
6550647
6554999
6556052
6556226
6562043
6563282
6563630
6568883
6570678
6570982
6572884
6575590
6577029
6579291
6580551
6580782
6582057
6582625
6587225
6588450
6589627
6593723
6594477
6594887
6595599
6595826
6596352
6600617
6601498
6604115
6606296
6611812
6612470
6612637
6614059
6617017
6618650
6619984
6628350
6628636
6635765
6637813
6641406
6642223
6642498
6644732
6646735
6651953
6654977
6661589
6666474
6667428
6667847
6668258
6668613
6669422
6673540
6674445
6676918
6679041
6680102
6683337
6684400
6684453
6685096
6685349
6691067
6691130
6691798
6695311
6704003
6710723
6711617
6712828
6714354
6715055
6715893
6716284
6717892
6718371
6719630
6722010
6722134
6723018
6730378
6730504
6732441
6733206
6733269
6736037
6736429
6737849
6738900
6739062
6742206
6744039
6744386
6745678
6751483
6751672
6757646
6760388
6761066
6761923
6771123
6771432
6772412
6778609
6781037
6782354
6782401
6784088
6784784
6786779
6786795
6787884
6789504
6790789
6793383
6793592
6796418
6798775
6799081
6803094
6804036
6804516
6806080
6809165
6812648
6813621
6825504
6825657
6833765
6835603
6835869
6837241
6837347
6837532
6839688
6842168
6846818
6847565
6852105
6852444
6852770
6855948
6858322
6867388
6868057
6868925
6870501
6873232
6875439
6878028
6878098
6879286
6881502
6883572
6883625
6883742
6883995
6884225
6888230
6889235
6895936
6901888
6903581
6910162
6910368
6916278
6917754
6922323
6925260
6928999
6930046
6935494
6939461
6939796
6940524
6944415
6951559
6951800
6953228
6954882
6955653
6959000
6959743
6962037
6962364
6963406
6969374
6969493
6975889
6975954
6976290
6977089
6977149
6981257
6981793
6985472
6986215
6986337
6996316
6996965
6998816
7004023
7007523
7007887
7008199
7008328
7011602
7011830
7016254
7019169
7020089
7020202
7021880
7024047
7025036
7026711
7027114
7028223
7035679
7036731
7037575
7040097
7042701
7044609
7045872
7048648
7049084
7049109
7058144
7058232
7061067
7061132
7067724
7068142
7070276
7074122
7075510
7078751
7079383
7084678
7085864
7087071
7087191
7089969
7090330
7090521
7090731
7091750
7094846
7095265
7096498
7100796
7105079
7105302
7105594
7108451
7110048
7111754
7112819
7113392
7113921
7116777
7120364
7124537
7127189
7129003
7130920
7131271
7131738
7132201
7132742
7135839
7136856
7139909
7142482
7144701
7147036
7149869
7150690
7150736
7151045
7151160
7151305
7152719
7155539
7156450
7161935
7164152
7165162
7167336
7170059
7173095
7174395
7176218
7176399
7181051
7181815
7185234
7185413
7186364
7187666
7193098
7196360
7197241
7198572
7200206
7208011
7212068
7214465
7216806
7217380
7225366
7226275
7229103
7229501
7231934
7233371
7234284
7235709
7237614
7237768
7240103
7240113
7240146
7244754
7245773
7251144
7251508
7251767
7252395
7253309
7264704
7267630
7270090
7279558
7282729
7284725
7285916
7287623
7287667
7287742
7296115
7297702
7301774
7301780
7301920
7302285
7304440
7308847
7309654
7309851
7311011
7312507
7314422
7315067
7315241
7315440
7316527
7318756
7320700
7320842
7321798
7322571
7322706
7326666
7327815
7328713
7329351
7329477
7330588
7333667
7334413
7336184
7336626
7339119
7342663
7346318
7351250
7352601
7355106
7356090
7358015
7360367
7363626
7365711
7366120
7370953
7373925
7374234
7375934
7377810
7382294
7383407
7386046
7389176
7389260
7389476
7390519
7391472
7392036
7392268
7392596
7393195
7393880
7397473
7399101
7399220
7399825
7401843
7404476
7405716
7409472
7409583
7412127
7412891
7417582
7421010
7421159
7421365
7423120
7424432
7426508
7427236
7428624
7429295
7429526
7430474
7432635
7433178
7437202
7440309
7444676
7444793
7445283
7445962
7450256
7451836
7453280
7453526
7454977
7455184
7458723
7460012
7460618
7461753
7462986
7465360
7465759
7465783
7465859
7468983
7469594
7469756
7473426
7474256
7477925
7478903
7484259
7484926
7489555
7492971
7495284
7495404
7497723
7498661
7500168
7501384
7502024
7504129
7505506
7508194
7511350
7512422
7512782
7513494
7519083
7519421
7522151
7522470
7522696
7524647
7527678
7527868
7528554
7530644
7533287
7534720
7536054
7536130
7537003
7542390
7546245
7549114
7549196
7550427
7551260
7552064
7552668
7558600
7560981
7561154
7561869
7566605
7567578
7569911
7570315
7570960
7574931
7575585
7578187
7584777
7585734
7585934
7586308
7588083
7589528
7594491
7595269
7601902
7602165
7602311
7603306
7604099
7606202
7610534
7610790
7611438
7611753
7616697
7617006
7617362
7623775
7629720
7631317
7632118
7632365
7645347
7645725
7649696
7652064
7652968
7654177
7655023
7656023
7656163
7657113
7659243
7659556
7661302
7665839
7672135
7672910
7679100
7679869
7683456
7684867
7688739
7696618
7698001
7705352
7705904
7708208
7708212
7710515
7717265
7717493
7717625
7720364
7720927
7721610
7723443
7723932
7725774
7726859
7736174
7737537
7740395
7741485
7741712
7743749
7747965
7748067
7749321
7753532
7755524
7756353
7759642
7760091
7762029
7762344
7763569
7764383
7765578
7766080
7767077
7769195
7770582
7773228
7773947
7778004
7779425
7780152
7781069
7783619
7783862
7786173
7789439
7794923
7796350
7797119
7799367
7801313
7802275
7803992
7804947
7806136
7806154
7807265
7807482
7812292
7815355
7816550
7817461
7818623
7823367
7825957
7826514
7829914
7832538
7835968
7837332
7837686
7840617
7841007
7843547
7843560
7845246
7845456
7846401
7846626
7852276
7854281
7857666
7858982
7860462
7861688
7865521
7866570
7870959
7873120
7874741
7876282
7881677
7885912
7886680
7886696
7888003
7888300
7889729
7891446
7892939
7893752
7894310
7897219
7897834
7898488
7899468
7899750
7900362
7901141
7901518
7901796
7905749
7906086
7912142
7918978
7920106
7921166
7922526
7922778
7923670
7926937
7927184
7930392
7931100
7934034
7934507
7937339
7937450
7938167
7939954
7941746
7942795
7944006
7944891
7945412
7948215
7948455
7949397
7951073
7951984
7955301
7957351
7958485
7964119
7968513
7969656
7979859
7980529
7981214
7981305
7985731
7985780
7987657
7988700
7991757
7992231
7995429
8000690
8001381
8002644
8005732
8012080
8012146
8012901
8015674
8016336
8017276
8018151
8019446
8019488
8021108
8022648
8023028
8024343
8026300
8027985
8028812
8029319
8029762
8029823
8031515
8032875
8033021
8034237
8036465
8038292
8039100
8039279
8039560
8042685
8043683
8044259
8046452
8048294
8052945
8053177
8053387
8054459
8054730
8054772
8056149
8056866
8059172
8061753
8063279
8065065
8070260
8075708
8078743
8084584
8087187
8088252
8090537
8090688
8091309
8092157
8093449
8096293
8097427
8099515
8099745
8102228
8102804
8105822
8110247
8114007
8115441
8118361
8118557
8119152
8120699
8125755
8131593
8135544
8135945
8139270
8142347
8146974
8147837
8150863
8152396
8153131
8155702
8159521
8160263
8161278
8162300
8162625
8164966
8165723
8170749
8172151
8172460
8172490
8172804
8173881
8176981
8177242
8178175
8178785
8180486
8180665
8181726
8182866
8186327
8188952
8189395
8190427
8190846
8191524
8192884
8195605
8196890
8198122
8199920
8200248
8203315
8206336
8207923
8210091
8214615
8215037
8220342
8220471
8220697
8220912
8222382
8223789
8226570
8226816
8229708
8230674
8231097
8231610
8235624
8238180
8239139
8248973
8249883
8256518
8258407
8259184
8262053
8263481
8263904
8266849
8266943
8267094
8268207
8273146
8274499
8279379
8279906
8282707
8285083
8287800
8289314
8290487
8293432
8298102
8300811
8305574
8305663
8307037
8308692
8309031
8310168
8314261
8314488
8320051
8321528
8327755
8330006
8332720
8336968
8339042
8339940
8340420
8340929
8348292
8350728
8352247
8352852
8356290
8361611
8370216
8370365
8379182
8385786
8385835
8389932
8390204
8390289
8392256
8394118
8395558
8395586
8399659
8410116
8410552
8412954
8412993
8418222
8418905
8419364
8420649
8423613
8424048
8424471
8426330
8429156
8429659
8430095
8432523
8432818
8435022
8437887
8437971
8440366
8442274
8447699
8453019
8453682
8453950
8454273
8455608
8463378
8463762
8466778
8468845
8469087
8471019
8473060
8474009
8474033
8474040
8478373
8479262
8480530
8482205
8482379
8482827
8483275
8483412
8485463
8487109
8487145
8488157
8490453
8491628
8491640
8493986
8498886
8499254
8499704
8504056
8506269
8508596
8514295
8514716
8517917
8521954
8522182
8524414
8525859
8525915
8525959
8525962
8527375
8528917
8530193
8531039
8538210
8539567
8542062
8542478
8542679
8542796
8545571
8548896
8549428
8550160
8550792
8550973
8552017
8552165
8552604
8555316
8555704
8557028
8559938
8560402
8565595
8565705
8566405
8572539
8574000
8574513
8578439
8579120
8579647
8579878
8584727
8585124
8585581
8586506
8588300
8588941
8589584
8591294
8591801
8594476
8595378
8599042
8599118
8599708
8600167
8600947
8602242
8604882
8608168
8608644
8610851
8611787
8612835
8619219
8621179
8629877
8630477
8633213
8633770
8636329
8638446
8639132
8641216
8643590
8648686
8649629
8650046
8651576
8652725
8652826
8653035
8653276
8654722
8657875
8663793
8665062
8666449
8666760
8668450
8668575
8669297
8670162
8670578
8675573
8676122
8679868
8682339
8683162
8684164
8684636
8684848
8685744
8686011
8688708
8689589
8692709
8693236
8694473
8697753
8698049
8698373
8699981
8701100
8707292
8708973
8716102
8721927
8722886
8724142
8725797
8727630
8728666
8734091
8736919
8739686
8740401
8740667
8742078
8742625
8742637
8742785
8743933
8747477
8752160
8752258
8753511
8754240
8754356
8755557
8755638
8758981
8759352
8762362
8768475
8774089
8775528
8775835
8779754
8786930
8787973
8792624
8793441
8794549
8794620
8796352
8797752
8801181
8802454
8804400
8805383
8807290
8810367
8811583
8811782
8812911
8814107
8817162
8820849
8822530
8822646
8822681
8824508
8825866
8827829
8828618
8835950
8837500
8837831
8838240
8838764
8838834
8840646
8847166
8847470
8851906
8853313
8858076
8859749
8861392
8864930
8867561
8867870
8868626
8869909
8872264
8873462
8881048
8881639
8883195
8892023
8894541
8894706
8894801
8895322
8897229
8901183
8902921
8902991
8904250
8906094
8907433
8907636
8907732
8910217
8910913
8913532
8915216
8917516
8922300
8924706
8929756
8930988
8931930
8932284
8933334
8933730
8936089
8938419
8938514
8939725
8941119
8941848
8943277
8945419
8945422
8945638
8945912
8947921
8951943
8952281
8956818
8956926
8957100
8958172
8963539
8964904
8970981
8972010
8973399
8973888
8976979
8978032
8979124
8980216
8981877
8987025
8987883
8989641
8994285
8994597
8996713
8996833
8998202
8998927
9004344
9005768
9007701
9008414
9009820
9010591
9011433
9013716
9015132
9020886
9021428
9023896
9024359
9024375
9024599
9025454
9026206
9026615
9027322
9028248
9029223
9029424
9031447
9032805
9037850
9039940
9040015
9046131
9050770
9051001
9053313
9055591
9056343
9057173
9059238
9062136
9063514
9063858
9064843
9065480
9066493
9068922
9072311
9080190
9082381
9084775
9085220
9085649
9089053
9090282
9090600
9092479
9093470
9094388
9096133
9097091
9098870
9100964
9101922
9103886
9105508
9110367
9112871
9113471
9113523
9116236
9116514
9120020
9123206
9126355
9128030
9128914
9135288
9136768
9140817
9145242
9148275
9149276
9149504
9149758
9151555
9152245
9158917
9159628
9162349
9166038
9168690
9172654
9172693
9173488
9181759
9182120
9184820
9186932
9187756
9193209
9196556
9198807
9198936
9202863
9203407
9203410
9204423
9204805
9205001
9205573
9206282
9206819
9217757
9218187
9221080
9222087
9223655
9223698
9224345
9224488
9224635
9225005
9225650
9228861
9230862
9234392
9239417
9239651
9240772
9241364
9242415
9242791
9245074
9247950
9250165
9252735
9255063
9255293
9255446
9255611
9255631
9256965
9258842
9262922
9264149
9268266
9269695
9271455
9273109
9275289
9276765
9279525
9283973
9285561
9288594
9293303
9293339
9293700
9294940
9295148
9296792
9297324
9297455
9300989
9310828
9312517
9313751
9314465
9315223
9315527
9316571
9320621
9326005
9326368
9326788
9330668
9330757
9331016
9331812
9336269
9338787
9339622
9343325
9344100
9345487
9345884
9346603
9347418
9347696
9347708
9355053
9356656
9360705
9361804
9370514
9370605
9372507
9373839
9378309
9379672
9380504
9382109
9382372
9384569
9384844
9385582
9386768
9389058
9391524
9393916
9396390
9402961
9406499
9408662
9410226
9410802
9411982
9412154
9412206
9412885
9416109
9417560
9420047
9421272
9421862
9423334
9429295
9432163
9433915
9433920
9435908
9437350
9438724
9440015
9440623
9440752
9443396
9445661
9446446
9446579
9451708
9452384
9452657
9453767
9454784
9458139
9459095
9462148
9462573
9464638
9466055
9468985
9469900
9472499
9474065
9475841
9479438
9479718
9479720
9483292
9483491
9485410
9487562
9487709
9488977
9492521
9493149
9493395
9493670
9494676
9494906
9497282
9498240
9498736
9498818
9500660
9502679
9505100
9507043
9511551
9513318
9515443
9518404
9519155
9521893
9526874
9526986
9527773
9528128
9531052
9531944
9532112
9535648
9542870
9543167
9543854
9545605
9547466
9549314
9549553
9550685
9555282
9556104
9557813
9561056
9564381
9565177
9568284
9569772
9570590
9576397
9576977
9577007
9585866
9586290
9586505
9591351
9591619
9592301
9593700
9593955
9595078
9595447
9597110
9598756
9603139
9605026
9607626
9610934
9614212
9614634
9615607
9616399
9617082
9625045
9626631
9627312
9628310
9628569
9630534
9630737
9632641
9635545
9638412
9640606
9642745
9644008
9646981
9648436
9650787
9652455
9652700
9654198
9654647
9655065
9656390
9658852
9662083
9662175
9667688
9670739
9671786
9672381
9675544
9677276
9678992
9682907
9687551
9691710
9693245
9693631
9696909
9699339
9702477
9703113
9707490
9709393
9711459
9712730
9715196
9719572
9720481
9721348
9722424
9724044
9724254
9730603
9730674
9735163
9736243
9736329
9738716
9739987
9740907
9748749
9750298
9750902
9751717
9751752
9755260
9760256
9762505
9763085
9764409
9771679
9772621
9774125
9776806
9776819
9777868
9778724
9779565
9783380
9784092
9790628
9791081
9794653
9795777
9795879
9796349
9798864
9799153
9802751
9802811
9805297
9806269
9810588
9810757
9814051
9818349
9819219
9819345
9820269
9820732
9821559
9823304
9823594
9829562
9832050
9833942
9836131
9836670
9841547
9848397
9848764
9849220
9849938
9851889
9852053
9853219
9862113
9863105
9867715
9867806
9868192
9873714
9874240
9875020
9878063
9879137
9884124
9884749
9885448
9893611
9894474
9898608
9900422
9900545
9902521
9902848
9903228
9904424
9913914
9914590
9917076
9923592
9926683
9928151
9930820
9932158
9932862
9933583
9934073
9936158
9940854
9942759
9944592
9944624
9946244
9946462
9949292
9949418
9949650
9951774
9953241
9957470
9960244
9960715
9965546
9966278
9966711
9969545
9970630
9976665
9983422
9984954
9986245
9986868
9990871
10003266
10008030
10008222
10009711
10011134
10013145
10016936
10018223
10019614
10022143
10022607
10025277
10026620
10027487
10028023
10028299
10031063
10032083
10032422
10032462
10033124
10033610
10034863
10035944
10037430
10038266
10038618
10040894
10047092
10049203
10049606
10056230
10057908
10059717
10061922
10063046
10063336
10064852
10066399
10067195
10069097
10070783
10078978
10079564
10081456
10081483
10082484
10082710
10084684
10084850
10087200
10090837
10095167
10095406
10097665
10098743
10100473
10103355
10105936
10106124
10110630
10110996
10111748
10111965
10113046
10115457
10121261
10122460
10122622
10123547
10124120
10127534
10129147
10129933
10130698
10139350
10143998
10145708
10145797
10146653
10147486
10148039
10149511
10155067
10156231
10158253
10159941
10167009
10169207
10169698
10171404
10172024
10172415
10174333
10175167
10176891
10185234
10191516
10191587
10192949
10193992
10194951
10196314
10201338
10205735
10211695
10214632
10218017
10219367
10221003
10221371
10222214
10225832
10226794
10230757
10232621
10238665
10239730
10243794
10249085
10250646
10250865
10254381
10256785
10257896
10258327
10258721
10262125
10263702
10264181
10265002
10265662
10266639
10267621
10269824
10271601
10273045
10276565
10282260
10282346
10282569
10283744
10285477
10287833
10288355
10292000
10293636
10296194
10297135
10302103
10302462
10304248
10305551
10307184
10313645
10314138
10315375
10316156
10323842
10324360
10325258
10325876
10326223
10327798
10329436
10330637
10332469
10332602
10333168
10334472
10335000
10336273
10337179
10338706
10339832
10341469
10342311
10343515
10344109
10345147
10346499
10350867
10351406
10352431
10355265
10358426
10362960
10363361
10367427
10369073
10369796
10375399
10377685
10377784
10380745
10381702
10383887
10386763
10390714
10391472
10393069
10393907
10395827
10399226
10399883
10400422
10400701
10401193
10401709
10402846
10408344
10417147
10418925
10420762
10422393
10423472
10425063
10425440
10426940
10429266
10430296
10432638
10434018
10435499
10436826
10437001
10437343
10439687
10440028
10440614
10440870
10442438
10444153
10445653
10454627
10455248
10459412
10460245
10460759
10461182
10463244
10464240
10464306
10464314
10465049
10469129
10472214
10472264
10473767
10478587
10484551
10486264
10487588
10492953
10493528
10496018
10497063
10497694
10499198
10500095
10500649
10510460
10514290
10515862
10520531
10523333
10525214
10526903
10527011
10532910
10538600
10539115
10539761
10540753
10546229
10549106
10552581
10553264
10554463
10556200
10557333
10557878
10558299
10566754
10569321
10571969
10573678
10575529
10576557
10577795
10580857
10584301
10585549
10587339
10592248
10592826
10593939
10594148
10596211
10597737
10600906
10602402
10603560
10604547
10605888
10606108
10608237
10608828
10609349
10613171
10614759
10616678
10617277
10618541
10619974
10622724
10624797
10624831
10626756
10629963
10631437
10632537
10633440
10635311
10636171
10638744
10639497
10640346
10640717
10644040
10645287
10645886
10652784
10656507
10656897
10661204
10663093
10666855
10667619
10668923
10670518
10671357
10672168
10677250
10681394
10681767
10681847
10683535
10685140
10686570
10691480
10695044
10697960
10698519
10701244
10701660
10704402
10707224
10709978
10717161
10719293
10719818
10721165
10721802
10721909
10722695
10723885
10726376
10727088
10730107
10730433
10731577
10733112
10737936
10739328
10739413
10740042
10744697
10749586
10756106
10756614
10757591
10757740
10758568
10762606
10763175
10764026
10768442
10768514
10768552
10775827
10779273
10779312
10779772
10785884
10787417
10788369
10788569
10792899
10793465
10794359
10799926
10803231
10805732
10807063
10812851
10813059
10813367
10813671
10814002
10814569
10815568
10818358
10820091
10821887
10822168
10822910
10829593
10831694
10834351
10835581
10837055
10839351
10843180
10843349
10844530
10846085
10846720
10847052
10847918
10850639
10856760
10857314
10860929
10862061
10863612
10864047
10864587
10864992
10867100
10871242
10872710
10873994
10879266
10880290
10882046
10890502
10890969
10892044
10893216
10893281
10893785
10898001
10900343
10900465
10900745
10900981
10902041
10902681
10904953
10906909
10907723
10907824
10908312
10908349
10910737
10910760
10913814
10918184
10920068
10922228
10926835
10927661
10929008
10929363
10929454
10932761
10932784
10933989
10936058
10937398
10940219
10940429
10940446
10940877
10943696
10945655
10945762
10951865
10952150
10953205
10953213
10954666
10955591
10959818
10961191
10962848
10965180
10965804
10966706
10967887
10972207
10974920
10977565
10978170
10984165
10985287
10989704
10989843
10990196
10990508
10991676
10995530
11002096
11004116
11005561
11010469
11017249
11017402
11021421
11022191
11029168
11033906
11035165
11039396
11039718
11041320
11043720
11046101
11046280
11048584
11050687
11052460
11053525
11053760
11054276
11055553
11056586
11057802
11059895
11062177
11066802
11067867
11067924
11068412
11069094
11072137
11073462
11075363
11076931
11082380
11083724
11083929
11086384
11086955
11087397
11089744
11090445
11091076
11091131
11091368
11092902
11093154
11094266
11096168
11098502
11098740
11099939
11100007
11103046
11104704
11105671
11105976
11107061
11110623
11110955
11110976
11112263
11112571
11114266
11114445
11116330
11119628
11120904
11121025
11124691
11127144
11128436
11129308
11130249
11131559
11131643
11132775
11134658
11134751
11135207
11136150
11139114
11140027
11140203
11141966
11142193
11142201
11142625
11143817
11148386
11152360
11156784
11158612
11162046
11162653
11164296
11168562
11169537
11169946
11171362
11174781
11179354
11185459
11185985
11186493
11186619
11188856
11188914
11190392
11191499
11192925
11194813
11197692
11199362
11208223
11209487
11211379
11213024
11214191
11216060
11217105
11217184
11217555
11222204
11224564
11224657
11225412
11226711
11227337
11228184
11228218
11228461
11232942
11233084
11235043
11235633
11236224
11236732
11238277
11239698
11241871
11246040
11248672
11252583
11253086
11253128
11254117
11255717
11256829
11258704
11259078
11259384
11260400
11262241
11262976
11265479
11266364
11267859
11269927
11272239
11273375
11273642
11273795
11274441
11274774
11276020
11276675
11277374
11279287
11279631
11282527
11283968
11288613
11291363
11292956
11296247
11298410
11298961
11299096
11299320
11302882
11303401
11303449
11307396
11309372
11313183
11314473
11314727
11316215
11318616
11319396
11320247
11321834
11322322
11326090
11327157
11327458
11329234
11331911
11332362
11332770
11334604
11334978
11336515
11337681
11338023
11341719
11341919
11344491
11347337
11349183
11351807
11353996
11356178
11359579
11365945
11366374
11374168
11374252
11375123
11375497
11377194
11378815
11379210
11381065
11383317
11383757
11384485
11392189
11394393
11396097
11398347
11406227
11410001
11410322
11414620
11416178
11422447
11424395
11426960
11428718
11432924
11435532
11437971
11439128
11439331
11442016
11445081
11448550
11452260
11454364
11454755
11455685
11456004
11456557
11457919
11458253
11459702
11462374
11463821
11464525
11469147
11469585
11470299
11470486
11471165
11471937
11472559
11473345
11474564
11480410
11480639
11483551
11485734
11487025
11487169
11487973
11489234
11492402
11492706
11498767
11500562
11508605
11508652
11509227
11514479
11514703
11515354
11516125
11516555
11518156
11518456
11518873
11519468
11520446
11521658
11522792
11523532
11524375
11531694
11535718
11538874
11541001
11542349
11546192
11547692
11547806
11550941
11552689
11553899
11557254
11560241
11563345
11563532
11564784
11565773
11567608
11570859
11571358
11573598
11575297
11575502
11577492
11578154
11582802
11583938
11585135
11588046
11588128
11588564
11588747
11589128
11589949
11592528
11593173
11600028
11601881
11602536
11606099
11606312
11609230
11613029
11613121
11613160
11616892
11617770
11618223
11619485
11619561
11621052
11622319
11623861
11627046
11629182
11629381
11630237
11634148
11634440
11637886
11639610
11639911
11641618
11643190
11643792
11647979
11649535
11651610
11654498
11658342
11659848
11662943
11663989
11666518
11667257
11670159
11671569
11675581
11678548
11683014
11683795
11684787
11686048
11686194
11688528
11689907
11697644
11702827
11704785
11705167
11707663
11711091
11712107
11714505
11716012
11717182
11720368
11720915
11724449
11726801
11728676
11729786
11731023
11731708
11732637
11734417
11735569
11735724
11736141
11736334
11737755
11739491
11739593
11740268
11741201
11741548
11743084
11747227
11748508
11749428
11750323
11753222
11756925
11762774
11766805
11769304
11771115
11774686
11774863
11777571
11777990
11779670
11782189
11784705
11788079
11788312
11789320
11790841
11790885
11797144
11797535
11798577
11800016
11801588
11807085
11807788
11812179
11814765
11816102
11816979
11817270
11818906
11819787
11822165
11825952
11827982
11829116
11832859
11833210
11834057
11836415
11839602
11840382
11841549
11842998
11844606
11844910
11845767
11846052
11846775
11848758
11849295
11851868
11856215
11858577
11859357
11862018
11870083
11870298
11871660
11873756
11874417
11874957
11876672
11877338
11879894
11879929
11880302
11882769
11883105
11883350
11890441
11895173
11895655
11897115
11897409
11898518
11900149
11900338
11900960
11902902
11904806
11906108
11906226
11914164
11916230
11917833
11919734
11925215
11926326
11927661
11929158
11929452
11935913
11937115
11939514
11941531
11945942
11947984
11948123
11949693
11951045
11953059
11958493
11965709
11967116
11968184
11970128
11971821
11975440
11975841
11978559
11979489
11982277
11982404
11985882
11986213
11988906
11989065
11991659
11994231
11994784
11997077
11997569
11999663
12000955
12001612
12002321
12003956
12004050
12004304
12006871
12006959
12009430
12011296
12013245
12014965
12015904
12019234
12026364
12026910
12030059
12031012
12031970
12033079
12035408
12035971
12041781
12045438
12049513
12050401
12050921
12054207
12054261
12055410
12056081
12063235
12067297
12074095
12075439
12077826
12078875
12081017
12088272
12089737
12090526
12090660
12091760
12091812
12095040
12095304
12096518
12097499
12099349
12104078
12105347
12105363
12105409
12108133
12108274
12109610
12111203
12113409
12115081
12122616
12122676
12123680
12125173
12128726
12129305
12129754
12130500
12135436
12138217
12142673
12142990
12144395
12145438
12148697
12149089
12149659
12149942
12150020
12151146
12155792
12156506
12158413
12159281
12159631
12161270
12162370
12163897
12167855
12168845
12169365
12170710
12173246
12178263
12178582
12178799
12180231
12180602
12184693
12189519
12192803
12194183
12196286
12197647
12198098
12198750
12199614
12200728
12200849
12201244
12201909
12201961
12205662
12210845
12211302
12213226
12213337
12214937
12215445
12217562
12221041
12222928
12223496
12223879
12225566
12228597
12230778
12231053
12234085
12236593
12240662
12241743
12242445
12242534
12244042
12247553
12248147
12248270
12248723
12250949
12253276
12257653
12257683
12260172
12265961
12272718
12273620
12275350
12280243
12282443
12296142
12297945
12298296
12299541
12300051
12300648
12305193
12309297
12315713
12318456
12319880
12319901
12320672
12321123
12322182
12324846
12326878
12328691
12329272
12329759
12329832
12330143
12330229
12330352
12332350
12332517
12333063
12333370
12334430
12335399
12338300
12339767
12340081
12341182
12342451
12343291
12344688
12345878
12346641
12346816
12347156
12350478
12350939
12351053
12352482
12353867
12354656
12358193
12358590
12358777
12359028
12359399
12359806
12360159
12361237
12362337
12362487
12364313
12365367
12367014
12367679
12370158
12370413
12371880
12372339
12375277
12376867
12378737
12378865
12379930
12385213
12385702
12393824
12395291
12395828
12397353
12398762
12399002
12400187
12400775
12400989
12400999
12402122
12403389
12404350
12406656
12406691
12408801
12411893
12413382
12414661
12414807
12420058
12426971
12429730
12431458
12432962
12433086
12433997
12434870
12441386
12441540
12442969
12444680
12444753
12444851
12445689
12446212
12448766
12453110
12455132
12456179
12457069
12457573
12459647
12461985
12462173
12462749
12469501
12480043
12480870
12481346
12481856
12483118
12486267
12486939
12488217
12493674
12499015
12499681
12502207
12505639
12505801
12507258
12510577
12513150
12514158
12515142
12515965
12518271
12518686
12519500
12521330
12521797
12523857
12524135
12525775
12526593
12526835
12527632
12527911
12529114
12530104
12531777
12531855
12533069
12534553
12537212
12537590
12540443
12541337
12542409
12543905
12545235
12547331
12550039
12551079
12556873
12556905
12562061
12562552
12562673
12563167
12563483
12563492
12564502
12568666
12572741
12578295
12578873
12581323
12583068
12583075
12583241
12585849
12588023
12589115
12592146
12593131
12593740
12594677
12597103
12599525
12601028
12604172
12604801
12604807
12607873
12611848
12613529
12615723
12616672
12617139
12618783
12619300
12623713
12625123
12625808
12625923
12625934
12626747
12630926
12635573
12635729
12635991
12638332
12638371
12641078
12642079
12642111
12652053
12653490
12655367
12656812
12658300
12660951
12661429
12663405
12671435
12672333
12674236
12674293
12684916
12685420
12686771
12687638
12689930
12693607
12693970
12697761
12699906
12700255
12702258
12703359
12703823
12704367
12704532
12704679
12705077
12707750
12712248
12713174
12713841
12715207
12717229
12717472
12719501
12721238
12727975
12729055
12732168
12733026
12733425
12736118
12736787
12737745
12740169
12740181
12744503
12746305
12746602
12749226
12750451
12760228
12760915
12766324
12772309
12772939
12776070
12776541
12780348
12785582
12785802
12786938
12787157
12787541
12788112
12791872
12798419
12799940
12800450
12802276
12803282
12805361
12808451
12811557
12812451
12817069
12818708
12820308
12821685
12822618
12823352
12825083
12825278
12827999
12828895
12829519
12831899
12832765
12834369
12837469
12837930
12839001
12841408
12842042
12842538
12845133
12846360
12846525
12847003
12849383
12849784
12850811
12851300
12853543
12857511
12858023
12858648
12862095
12862754
12863888
12864699
12864860
12870014
12871492
12874378
12875853
12878685
12879400
12879633
12880383
12880908
12882403
12884307
12884575
12885790
12886951
12889572
12889976
12890342
12891238
12891749
12892682
12901669
12902344
12904112
12905483
12906454
12906489
12910748
12910996
12911442
12911990
12912229
12914590
12918864
12922558
12926208
12926334
12926740
12927843
12930998
12931552
12939787
12940412
12940434
12940545
12943616
12943779
12944723
12944976
12949126
12949358
12951222
12954763
12956793
12961151
12965723
12969810
12971626
12972014
12972670
12973174
12974350
12974752
12976901
12977473
12981389
12983821
12985444
12986514
12987428
12989920
12991110
12993260
12997576
12997776
12999342
13001467
13002683
13003832
13005422
13007114
13009283
13011169
13014888
13016586
13018949
13020072
13020416
13022871
13022899
13025868
13026002
13027398
13033302
13033485
13033611
13035762
13036535
13042564
13044397
13046812
13047561
13048484
13049107
13049289
13057932
13058733
13061981
13063482
13064904
13067098
13067858
13078512
13079447
13080234
13081032
13081989
13088921
13088986
13089959
13091507
13091577
13091921
13094311
13096734
13099730
13100249
13101501
13102596
13105550
13109072
13109954
13115214
13116731
13116859
13117158
13120663
13123506
13127268
13127409
13129789
13130059
13131699
13132616
13133568
13135548
13136607
13141880
13144630
13144654
13144684
13147163
13148489
13149988
13151469
13151887
13152056
13153453
13155614
13156095
13156454
13156742
13157981
13158699
13159112
13161101
13161337
13161694
13162416
13163463
13167713
13167907
13167930
13172028
13172544
13173660
13174575
13175507
13182569
13183183
13186459
13186488
13187481
13188172
13190037
13190093
13191977
13193525
13194360
13195272
13195830
13196122
13196273
13198223
13198866
13201240
13202401
13202852
13204541
13204866
13206737
13208638
13210012
13211039
13213675
13214862
13215313
13216611
13219137
13219530
13219904
13220521
13226644
13229165
13230372
13230377
13235591
13236302
13236748
13242753
13242987
13243260
13246260
13247091
13248518
13251278
13252822
13252981
13254984
13255351
13255429
13255507
13255900
13258291
13260859
13263789
13264443
13264546
13265940
13265983
13267576
13268915
13271407
13271534
13273888
13276204
13276547
13276983
13277609
13277739
13278951
13282683
13284916
13285596
13287709
13289941
13290781
13291491
13292033
13292176
13296439
13297840
13298727
13299902
13300497
13300535
13301482
13301942
13302190
13302555
13310909
13312254
13312257
13313840
13314327
13316287
13320762
13323496
13325680
13330806
13332420
13332581
13334424
13335641
13341925
13342453
13342971
13343320
13347662
13349034
13349283
13353702
13357441
13357479
13361993
13363170
13363634
13364335
13364358
13369408
13370273
13373752
13374820
13374979
13382236
13382418
13383103
13383220
13384764
13387974
13390997
13393088
13394026
13395208
13395235
13395776
13397972
13400447
13403737
13404667
13409062
13410018
13410989
13417091
13421599
13422300
13423479
13425796
13428029
13434933
13434988
13436089
13446540
13447408
13448374
13454235
13461470
13462324
13462896
13464404
13468650
13473188
13475190
13477458
13478514
13483602
13484962
13485399
13488429
13489573
13490093
13490756
13491034
13491593
13497642
13497971
13498826
13500274
13501388
13501640
13502775
13503909
13505065
13505418
13505836
13507441
13511360
13513557
13513948
13514066
13514202
13516327
13519514
13528749
13529054
13529189
13531688
13534931
13537874
13539204
13539793
13542896
13543749
13544507
13544918
13545438
13546334
13548601
13550234
13551369
13552866
13554760
13556814
13557116
13558098
13562688
13563305
13563307
13565925
13566029
13567161
13569943
13571218
13571783
13574799
13578868
13584333
13584538
13585614
13587294
13588854
13590192
13590550
13592625
13594800
13600653
13605923
13606884
13609019
13609395
13613310
13613864
13617479
13619122
13620524
13622175
13623985
13624512
13627614
13627893
13630080
13630721
13630891
13633358
13633636
13635624
13635915
13635932
13636440
13636651
13637216
13637366
13638608
13638957
13644396
13650519
13651945
13653368
13653390
13653932
13654438
13658292
13660377
13664191
13666710
13667735
13669103
13669744
13672297
13673578
13673736
13675150
13675685
13680795
13681912
13682478
13684745
13684752
13686325
13687516
13687963
13691976
13693113
13694182
13694857
13697129
13700128
13702755
13703873
13704113
13707928
13708708
13708938
13711247
13711472
13713578
13716767
13717033
13717641
13718051
13719454
13720865
13724549
13728177
13729514
13731505
13735459
13735944
13737453
13740094
13740897
13741070
13741758
13744052
13744091
13751274
13753647
13753706
13755349
13755419
13756641
13758735
13758920
13760490
13760677
13761989
13762996
13766762
13767505
13769754
13771551
13781204
13785102
13785587
13786983
13789197
13791733
13794136
13795251
13796956
13797558
13798236
13805190
13809273
13810349
13811863
13814246
13828891
13830564
13833558
13834701
13840812
13841682
13846914
13847686
13847927
13849945
13851905
13852819
13854566
13855492
13856468
13857742
13864188
13869623
13870230
13875201
13877575
13878088
13881101
13882419
13887906
13888277
13889342
13889509
13890480
13890622
13893394
13894012
13895268
13895604
13897416
13898397
13898600
13899106
13900574
13901681
13903413
13906173
13907356
13908032
13909848
13911112
13911578
13912089
13913090
13915590
13916467
13917954
13923665
13924095
13924712
13926224
13927350
13929175
13931757
13933894
13935413
13935714
13937001
13937352
13938646
13939932
13939972
13942253
13943743
13946911
13947162
13948083
13948139
13950279
13953569
13958394
13960673
13962927
13965914
13967273
13968513
13968535
13969044
13969104
13970527
13971125
13972330
13972739
13975512
13979184
13979856
13980427
13983031
13983461
13988155
13988460
13988674
13992748
13994640
13995617
13995989
13996469
13996971
13999490
14000645
14003211
14005673
14005914
14016328
14016443
14017213
14020008
14020930
14021263
14022983
14023498
14023622
14024305
14024810
14026669
14028416
14029243
14030927
14032198
14032595
14032655
14034074
14036557
14037063
14038689
14039078
14042434
14043486
14047087
14048127
14049602
14052704
14053137
14054201
14055054
14056125
14056830
14058398
14059859
14059970
14061180
14063454
14065944
14068907
14069224
14069469
14069902
14074612
14075007
14075322
14076007
14076918
14079710
14080614
14084104
14085130
14090883
14093150
14093201
14094259
14098606
14099028
14103603
14103909
14104213
14104612
14104640
14109560
14111550
14114164
14116826
14118820
14120592
14122066
14122178
14122406
14123315
14123888
14124169
14125221
14125261
14132289
14133298
14133773
14135570
14135796
14136044
14136924
14137393
14138720
14142650
14144154
14145026
14146204
14152377
14153987
14154105
14158899
14159285
14160262
14161516
14166421
14169725
14170257
14173876
14175147
14178049
14178469
14181880
14183056
14184778
14186833
14190201
14194276
14196689
14197916
14198155
14198616
14201898
14201962
14207135
14207944
14209393
14210132
14210510
14211209
14214625
14216614
14221755
14223364
14228126
14228185
14228432
14228923
14231294
14232740
14232837
14233889
14237065
14237482
14241416
14245106
14250080
14250584
14250652
14251718
14251855
14252587
14252748
14256054
14258510
14260313
14262079
14265029
14266490
14267307
14267556
14267766
14269192
14270424
14278694
14280423
14286738
14289903
14292987
14295046
14295921
14296418
14299088
14305196
14306382
14307775
14308287
14308932
14312197
14313186
14313473
14317977
14320157
14322585
14322865
14323055
14323341
14327922
14329336
14334031
14335913
14339011
14345161
14348656
14353343
14353705
14358941
14367192
14367344
14368880
14371303
14371791
14372771
14374650
14376035
14377843
14380242
14381046
14384441
14384816
14386692
14386988
14387008
14392017
14392725
14394332
14399692
14400803
14401567
14404285
14404760
14409064
14410055
14410350
14417628
14418863
14419505
14420119
14422596
14428076
14431679
14433658
14435714
14436824
14437870
14438792
14439414
14440887
14443659
14444071
14449724
14452696
14456254
14456892
14459589
14460953
14462649
14466730
14467018
14471090
14471281
14474554
14476824
14478687
14481021
14483071
14484734
14488342
14489068
14491656
14492834
14494453
14494732
14495378
14495896
14496346
14498121
14498202
14498570
14499069
14506333
14511937
14514220
14514516
14514871
14514931
14515129
14516271
14516463
14518023
14520849
14521278
14522019
14523083
14525841
14526955
14534350
14535880
14536361
14539034
14540060
14540095
14540758
14541304
14544164
14545721
14549995
14551969
14552142
14555461
14558360
14561983
14563118
14563656
14565733
14566391
14569017
14569026
14569505
14572451
14573058
14573829
14576314
14577229
14577729
14578694
14580134
14581830
14586782
14593143
14593726
14597264
14598122
14599201
14601942
14602616
14603692
14605168
14605281
14608228
14608322
14609578
14609798
14613026
14613580
14615046
14615700
14616311
14619743
14623759
14624013
14626040
14630242
14631925
14632073
14634043
14634537
14639941
14640049
14645255
14648865
14649340
14649984
14650577
14652314
14653407
14653982
14654778
14654919
14656205
14661546
14667866
14668153
14668351
14670254
14671981
14674960
14675263
14677366
14677372
14677598
14678512
14680156
14686861
14687050
14688770
14688978
14691456
14691603
14696579
14696857
14697469
14700060
14700266
14704407
14707474
14708289
14708478
14711544
14719961
14722880
14724250
14725399
14726542
14726846
14730519
14732027
14734360
14734735
14736416
14737488
14738301
14739544
14740941
14742741
14743539
14744920
14745308
14745581
14748679
14749399
14750357
14755067
14761933
14762476
14762534
14763902
14763923
14765145
14766213
14769160
14770644
14771291
14771295
14772072
14778505
14779229
14779908
14786107
14791841
14794530
14796725
14800422
14802065
14802399
14804796
14806800
14809826
14811625
14813190
14813587
14814189
14814785
14817836
14818407
14820786
14835293
14835865
14839079
14842106
14843875
14845831
14847280
14847692
14848856
14851126
14856068
14856169
14858354
14858539
14858574
14859979
14862548
14862731
14863989
14864366
14864378
14867257
14867526
14870622
14871743
14873511
14874024
14875552
14876689
14877686
14878483
14878854
14879893
14885310
14886158
14890773
14890996
14892412
14894783
14897793
14898627
14905156
14906290
14907981
14908244
14911381
14912623
14915113
14915538
14917072
14917105
14918978
14921132
14921347
14921812
14925218
14925670
14926329
14926694
14932256
14935859
14943249
14946305
14947146
14947644
14951642
14952285
14952770
14953466
14957182
14957564
14958541
14959804
14960400
14965389
14969965
14971619
14974952
14976556
14977338
14977860
14978296
14985119
14985251
14985392
14989038
14989963
14990285
14990319
14991451
14993798
14995331
14999441
15001134
15001650
15002417
15005256
15006015
15007339
15008734
15011126
15011627
15012443
15017999
15018965
15021398
15022536
15023437
15023965
15024420
15028816
15033916
15035615
15038995
15043027
15043443
15043889
15046001
15050672
15051328
15053536
15054857
15055145
15056915
15058407
15058846
15059692
15060353
15060826
15061170
15062512
15065545
15067429
15068057
15070443
15071137
15074222
15081269
15085986
15086396
15088342
15091568
15092029
15096554
15098901
15099157
15106219
15110259
15111883
15113378
15120353
15122167
15122538
15122744
15122790
15124731
15127671
15128532
15131132
15132725
15132960
15134592
15135301
15137718
15138235
15139131
15148003
15148856
15149544
15150505
15154366
15154889
15155054
15156277
15159056
15159221
15160255
15160541
15163670
15164258
15165025
15169047
15169490
15169844
15171949
15173206
15173744
15174061
15174383
15176235
15176250
15181659
15181953
15185514
15186378
15187110
15189108
15194678
15194992
15195054
15196104
15199210
15200737
15206927
15207775
15216422
15217626
15218181
15219592
15221497
15221861
15224179
15224473
15226267
15227358
15227613
15228425
15228853
15233672
15234498
15235676
15241918
15242633
15243429
15244605
15245427
15246105
15246441
15246510
15253778
15254297
15256029
15257125
15257488
15258046
15258197
15258375
15259468
15259667
15260770
15266224
15267776
15269719
15272948
15276986
15281494
15281745
15281886
15286782
15286811
15287760
15288548
15288927
15289808
15290854
15291718
15293950
15297192
15298573
15302056
15303556
15304780
15307112
15307289
15311460
15313120
15314803
15314988
15315181
15316097
15316155
15317819
15326157
15327497
15330735
15335778
15335893
15336342
15338499
15339102
15341023
15343562
15343680
15350429
15353422
15357580
15359737
15360692
15363823
15366521
15366923
15367538
15368598
15369418
15370371
15371780
15372155
15372641
15374546
15374838
15377349
15381756
15382411
15388423
15390367
15396463
15396909
15397013
15398554
15398948
15398972
15402594
15403932
15404034
15410033
15410035
15411076
15411923
15420729
15426802
15435238
15435625
15436507
15437206
15437217
15437410
15437872
15442207
15443162
15443469
15443505
15445794
15448173
15457703
15461354
15463516
15464492
15466687
15468275
15469133
15472238
15474595
15476617
15477627
15477970
15480722
15481698
15482548
15483935
15487098
15491505
15493512
15498358
15501464
15505203
15506550
15506775
15507448
15508969
15510043
15515080
15520008
15523981
15524667
15525430
15527028
15527822
15528083
15530736
15530807
15533132
15535394
15539660
15543681
15547068
15547130
15551104
15555926
15555930
15560530
15561316
15562424
15567255
15568447
15570787
15572154
15575429
15576391
15585333
15587692
15591166
15591167
15592571
15596741
15598174
15598403
15599840
15600601
15601441
15601532
15601917
15604687
15606489
15608920
15610266
15610279
15612542
15613852
15615246
15617388
15621007
15623235
15623321
15623335
15625114
15628873
15639961
15646130
15651181
15653086
15655842
15655931
15656500
15656808
15657382
15657673
15660846
15664562
15666725
15670156
15674682
15675293
15675996
15676163
15677054
15677507
15682618
15682839
15684450
15685719
15687806
15688376
15689421
15690660
15691579
15694580
15697169
15697406
15702535
15703460
15705168
15707023
15709685
15710825
15711314
15712497
15712548
15719207
15721246
15721464
15723860
15725357
15725730
15725754
15726029
15729298
15735537
15743793
15744493
15748341
15749555
15750448
15753821
15754327
15756297
15758078
15761252
15761800
15765765
15766475
15767197
15769606
15770677
15770814
15772935
15774866
15776262
15778849
15779462
15779724
15781065
15782265
15783268
15784128
15785627
15790116
15790178
15790334
15794023
15794235
15796736
15799573
15802274
15803200
15804735
15805131
15808798
15809040
15811281
15811303
15811620
15812326
15813349
15814473
15818189
15818386
15818608
15823309
15825355
15826148
15830081
15830790
15833477
15836770
15838756
15840864
15841946
15846868
15849939
15850209
15850367
15852858
15854316
15854387
15854849
15855030
15857330
15859121
15860065
15860835
15861950
15862513
15862819
15862945
15864288
15864368
15866523
15868860
15871465
15872164
15874340
15874398
15875938
15876047
15876824
15879337
15883362
15884248
15885002
15888551
15890749
15893070
15893229
15896026
15899169
15899741
15900137
15901240
15905566
15906020
15907124
15908374
15918998
15921728
15921761
15924588
15924927
15925200
15925366
15925637
15926093
15929130
15931997
15933402
15935505
15940557
15941461
15943305
15945935
15947747
15948156
15948476
15949780
15950595
15951525
15951881
15952611
15952742
15955297
15955353
15957420
15958215
15958378
15963688
15966515
15969402
15969463
15970789
15971028
15971099
15971366
15971471
15971856
15972177
15973326
15973847
15983140
15984381
15985600
15985770
15988115
15990730
15991241
15992502
15993404
15996584
16000150
16001868
16007059
16008100
16010916
16011303
16012703
16012780
16013075
16018877
16020825
16021915
16024167
16026215
16027236
16030644
16032259
16037101
16040291
16045587
16047586
16049990
16050056
16052172
16053576
16055527
16058343
16061079
16063754
16065625
16069642
16071801
16072029
16074162
16076722
16077909
16080337
16082158
16082796
16085074
16087551
16091517
16093833
16096074
16103857
16104996
16105259
16105682
16106349
16109561
16110522
16110824
16110917
16114140
16114867
16115123
16115528
16118065
16118749
16119082
16120949
16122337
16123210
16127659
16128259
16128365
16129509
16129530
16131696
16133242
16143399
16144910
16148106
16148709
16150401
16151153
16152244
16152676
16153181
16155399
16155419
16156375
16156625
16158115
16158579
16159903
16161006
16162861
16164072
16164239
16166430
16173722
16175697
16180023
16182444
16183701
16184662
16184783
16188123
16189431
16190875
16196966
16199838
16200408
16201092
16201843
16204280
16204480
16204714
16206887
16206934
16207380
16207955
16213788
16214225
16214304
16216103
16217111
16219134
16220184
16220391
16223621
16226868
16227917
16230257
16230734
16230735
16231783
16232271
16233692
16234389
16234528
16240424
16241838
16243568
16247252
16254476
16256294
16258225
16267172
16268875
16269634
16270967
16271011
16272977
16275459
16277028
16282770
16286006
16286094
16287511
16291185
16292479
16292889
16295878
16299957
16300229
16301506
16302315
16304098
16305296
16311406
16314683
16316162
16318415
16319489
16319619
16321488
16323304
16323412
16323505
16325189
16327065
16328892
16329501
16329836
16331044
16337430
16338015
16338749
16339272
16339482
16340686
16341560
16342250
16345742
16346649
16347429
16348293
16352584
16355912
16355939
16357474
16358886
16358897
16361335
16364173
16366441
16368380
16370257
16370522
16372216
16373097
16373667
16373849
16377948
16382438
16382775
16387973
16389403
16390036
16390093
16393726
16393938
16394928
16396548
16400141
16400273
16402289
16405334
16405501
16406610
16408801
16409211
16420290
16421372
16423591
16424994
16428320
16429926
16431000
16431943
16432196
16433012
16434202
16435160
16436999
16438765
16441399
16442493
16448509
16449009
16450565
16452145
16452395
16452823
16453054
16453947
16458052
16458440
16460417
16460561
16461209
16462959
16463190
16463202
16464615
16466154
16466401
16466555
16469213
16471525
16473253
16474178
16480991
16487695
16492951
16495599
16499761
16500492
16502134
16503987
16505152
16506195
16508921
16510717
16511097
16511305
16512390
16515253
16515935
16519721
16521242
16521283
16524831
16526691
16529088
16529960
16534409
16535620
16535844
16535888
16536366
16536629
16538364
16538581
16539170
16546764
16549311
16549830
16556038
16559188
16559314
16566227
16566748
16567008
16568392
16568448
16570007
16573071
16574732
16575368
16578789
16579162
16581559
16582748
16584457
16586781
16588572
16589467
16590502
16592461
16592940
16596492
16598453
16599363
16601495
16602847
16603468
16603535
16603972
16604025
16606706
16607465
16610256
16611094
16611272
16613238
16616841
16617764
16620541
16620676
16622507
16624928
16625233
16625574
16626831
16634284
16636035
16637169
16638044
16640600
16642838
16646331
16647202
16648970
16653083
16660793
16661248
16662220
16664767
16668458
16669073
16672154
16673392
16675630
16675886
16676237
16676845
16677714
16678767
16679126
16679741
16680386
16680576
16680958
16685372
16686830
16687113
16687928
16690092
16690528
16691482
16694323
16694338
16696945
16700721
16702828
16703524
16705319
16706986
16709470
16710978
16710990
16712264
16712729
16713905
16723476
16724105
16725389
16729365
16736422
16738179
16738515
16740383
16742611
16744142
16745104
16745337
16747818
16748241
16749111
16749834
16755419
16756001
16756143
16757657
16758208
16758428
16765510
16765841
16770346
16771216
16772383
16774240
16777380
16777620
16778775
16781621
16781699
16782262
16782380
16783958
16784568
16785848
16787770
16787955
16792319
16794908
16795655
16796921
16798975
16800819
16800893
16801788
16802264
16802471
16804291
16805278
16805931
16808359
16809034
16812007
16814739
16820035
16820433
16824113
16830234
16830521
16834642
16836751
16840539
16843129
16844268
16845349
16845580
16847945
16851531
16851902
16854922
16855125
16856894
16861434
16863739
16868175
16868680
16869403
16869991
16872035
16872400
16872721
16879885
16881852
16884086
16890138
16890256
16892555
16893237
16894244
16895622
16896260
16898926
16901024
16905147
16906386
16909442
16909517
16909823
16911173
16911643
16913757
16913867
16914211
16915254
16915554
16916264
16919331
16924367
16925271
16925415
16926536
16926643
16926937
16927517
16927829
16929153
16932719
16933603
16936200
16939528
16940197
16941367
16941500
16947640
16947872
16951263
16954286
16954852
16960034
16963020
16963198
16964295
16966596
16967957
16968237
16969810
16970317
16973914
16976196
16976695
16979548
16979769
16981671
16983155
16984096
16984312
16986029
16988542
16994211
16995971
16996012
16999127
17004111
17005868
17005872
17008559
17009058
17009266
17011026
17011934
17013844
17016197
17016559
17018400
17019985
17023569
17025750
17029072
17043689
17044403
17044679
17047697
17048961
17049134
17062627
17064635
17066863
17067185
17067473
17070742
17072735
17074953
17075198
17077116
17079427
17080505
17080906
17082717
17083627
17084681
17086073
17086505
17088176
17088383
17090233
17090386
17091680
17093932
17095046
17097366
17098122
17101311
17102780
17102963
17103631
17107178
17107734
17107927
17108440
17110227
17112649
17114329
17114700
17114908
17116928
17120432
17121618
17122424
17124122
17125735
17128251
17131124
17132039
17135096
17136355
17137187
17137693
17138843
17139298
17140833
17146523
17148248
17149410
17150246
17152513
17155256
17155545
17156794
17157916
17159381
17160466
17162550
17163521
17166184
17171359
17171440
17175335
17181328
17181548
17184374
17186213
17191825
17194671
17196859
17198454
17198534
17201122
17202336
17202867
17203182
17203843
17204043
17206174
17206357
17209660
17216019
17216544
17220218
17220242
17220535
17221569
17221996
17222231
17223813
17224001
17224115
17224750
17226493
17232414
17234762
17235014
17235109
17236572
17236801
17237310
17239770
17246954
17250746
17254389
17257530
17260217
17260704
17260997
17261100
17261802
17263537
17267029
17267342
17269913
17279048
17281653
17283751
17285998
17288092
17291086
17293813
17298828
17299332
17299736
17300494
17307484
17307770
17309154
17312384
17312791
17315215
17315474
17318334
17322321
17325014
17326671
17328542
17329710
17329988
17331232
17332320
17333101
17334165
17335786
17336282
17336896
17337128
17338455
17342446
17343519
17346608
17350588
17352435
17352696
17353064
17356321
17356728
17356758
17357346
17360996
17363069
17367771
17368473
17369758
17375225
17375601
17377358
17378969
17379570
17388764
17390569
17395482
17397539
17399855
17400023
17402651
17403495
17404649
17405353
17405891
17407271
17407399
17407520
17407967
17410090
17410733
17410890
17411185
17411281
17412801
17413675
17414410
17417042
17418383
17418496
17421103
17421631
17422062
17423355
17423865
17427499
17430221
17431265
17431510
17433040
17434885
17437234
17441608
17442205
17443284
17446836
17450241
17451769
17452186
17457162
17458200
17459095
17459688
17466056
17466344
17469364
17473350
17475350
17476865
17480221
17481735
17482271
17482833
17485391
17487866
17490092
17493840
17495337
17497121
17497135
17499262
17503693
17506754
17509767
17510004
17510859
17510977
17517466
17517642
17518596
17519560
17522862
17524669
17524870
17533536
17533581
17534184
17534738
17534874
17536849
17537867
17539797
17551708
17553383
17554515
17558671
17560772
17561213
17562206
17562754
17563012
17563796
17563817
17569491
17570144
17570852
17571693
17573613
17574082
17574165
17574352
17575932
17578473
17579169
17579967
17580599
17581082
17581251
17581514
17582121
17584272
17587317
17587785
17588459
17588737
17589117
17596292
17603510
17605203
17605398
17606412
17606689
17607502
17609246
17610293
17610628
17616858
17617242
17618668
17619450
17620212
17621007
17621451
17621969
17622362
17623394
17627349
17629572
17636582
17637097
17637215
17638099
17638219
17638766
17639009
17639776
17640076
17642621
17643368
17647610
17651084
17651300
17651503
17654022
17654172
17654795
17655371
17656057
17657406
17657528
17658925
17660125
17661511
17663091
17665604
17667434
17668784
17669441
17669585
17680141
17684084
17686607
17686695
17686877
17690287
17690904
17690985
17692252
17694917
17697231
17697705
17700423
17706276
17707830
17711125
17711679
17712004
17712277
17713754
17715493
17715842
17717288
17718785
17719340
17720449
17723734
17724447
17724853
17726399
17729331
17729912
17733949
17739825
17741774
17743733
17745388
17746277
17746452
17746541
17749231
17750314
17751435
17752411
17752613
17757151
17758494
17759273
17759544
17762346
17764015
17764305
17765982
17770006
17771054
17772006
17775679
17777895
17779193
17781982
17788438
17788847
17790518
17794022
17794774
17796580
17798781
17799731
17800406
17800486
17804687
17805646
17808839
17808867
17809663
17809969
17811771
17816728
17817729
17819515
17819895
17826549
17827674
17829178
17830380
17831262
17833258
17835177
17835319
17835464
17836932
17841356
17843622
17844947
17845742
17848029
17848337
17854812
17855733
17861769
17862950
17863645
17866278
17867106
17867194
17867930
17872725
17872925
17876695
17880299
17880362
17881929
17882298
17882650
17882917
17883491
17883537
17886588
17887827
17888017
17889114
17891567
17891992
17895320
17899804
17901208
17903173
17909170
17914220
17914826
17920985
17923102
17928439
17935461
17936996
17938231
17940938
17941691
17942823
17943125
17944544
17947341
17949126
17954733
17957814
17959230
17961236
17962364
17962946
17963134
17964748
17968250
17971487
17972855
17973066
17973626
17974226
17974996
17979637
17980419
17983949
17986648
17987573
17988656
17989320
17992589
17993137
17993184
17993375
17993456
17993668
17996090
17996294
17997507
17997697
17998140
17999591
18000243
18000893
18007182
18010006
18010653
18016126
18018242
18019335
18023124
18026777
18029959
18031063
18032394
18034321
18037622
18037800
18041400
18041821
18042021
18045707
18047049
18048047
18050448
18050815
18053470
18058003
18060708
18061916
18064265
18065217
18067305
18068438
18069201
18069573
18071299
18073335
18075524
18079127
18084016
18089347
18092143
18092290
18094503
18096041
18096680
18101295
18105927
18106282
18109979
18111477
18112492
18113766
18115486
18115942
18117094
18117829
18118278
18122651
18122722
18123837
18124346
18126897
18129641
18130733
18130933
18135712
18136315
18137235
18139643
18140977
18144269
18145270
18146334
18147299
18147621
18149368
18149369
18150412
18153636
18156969
18158734
18173427
18175857
18176742
18177568
18178038
18181049
18181123
18187107
18188554
18189377
18192586
18192776
18193117
18195388
18202730
18207643
18210436
18217406
18219060
18219428
18220565
18220783
18221387
18221677
18222890
18225073
18227482
18231980
18235035
18236673
18237064
18237211
18239017
18241423
18242833
18246999
18250027
18251070
18254190
18254971
18257145
18259475
18260709
18261909
18263226
18263256
18264609
18266751
18268331
18275919
18276798
18279966
18280114
18280876
18281443
18283362
18283842
18285388
18286674
18289416
18293504
18294102
18295956
18296815
18297802
18298445
18300498
18300839
18300877
18301221
18301275
18302840
18308521
18308736
18309308
18309483
18310411
18312284
18315049
18315588
18317892
18323266
18323560
18325354
18326425
18326698
18333030
18333632
18335420
18339161
18339471
18340193
18340604
18340932
18342681
18346406
18347888
18352832
18352926
18353051
18356434
18357680
18358234
18358945
18361831
18368284
18370743
18371958
18372730
18373291
18374193
18378229
18378593
18379991
18380622
18389079
18390102
18390447
18390731
18390815
18391587
18392718
18396209
18397195
18397233
18401354
18404619
18406582
18409095
18410390
18414137
18416482
18417384
18418506
18420795
18421972
18423452
18424058
18425884
18427111
18427660
18428423
18430120
18431606
18431899
18437397
18441849
18442367
18442845
18443690
18443922
18445780
18448203
18449302
18449592
18449593
18451008
18452555
18454458
18455461
18456880
18457791
18458162
18458328
18459113
18465453
18465699
18466938
18467624
18467934
18468160
18468162
18469236
18474215
18477198
18477265
18477288
18477758
18478618
18480819
18483628
18488378
18490404
18491214
18493468
18494957
18495373
18496077
18498119
18498277
18498744
18502648
18504286
18504514
18510429
18511604
18517067
18520787
18522184
18522341
18522907
18527536
18527649
18527919
18528355
18529868
18532604
18532682
18533964
18536106
18536223
18536697
18537201
18538261
18541137
18544317
18545188
18548553
18551019
18551562
18552900
18553083
18557282
18564633
18566763
18567913
18572514
18576328
18576551
18576719
18580398
18580581
18581608
18582534
18582946
18584363
