46134
46325
47599
47804
48480
48591
49138
49140
49162
49239
49598
50158
51537
52003
52797
52853
53073
53284
53802
53940
53996
54144
54529
54554
54986
55649
55868
56120
56256
56294
56393
56799
57020
57090
57171
57395
57625
58045
58063
59657
59803
59879
59880
60068
60740
60847
61038
61149
61954
62315
62520
62888
63231
63496
63657
63816
63963
69502
72463
72730
102107
171161
171660
172092
172490
172726
172829
172846
174584
174668
174760
176815
177857
179515
179635
180391
212973
267433
267512
267585
267692
267797
268540
268953
268991
269118
269651
269793
270181
270250
270357
270999
271017
271109
271374
271791
272250
272300
273100
273276
273453
273528
273603
274157
274339
274614
274736
274877
275428
276198
276584
277154
277244
277764
277806
277837
277887
278016
278614
279242
279713
279970
280280
280470
280636
280794
281094
281490
283120
283404
283754
283890
283923
283962
284199
284759
285203
285211
285618
286720
287423
287439
288038
288101
288206
289743
289964
290125
290347
290561
291266
292290
292396
292653
292840
293197
293269
295387
295417
295581
295935
295962
296102
296714
296944
297002
297126
297457
297624
298118
298905
357850
358244
359193
359262
360226
362076
362509
362902
364567
365215
365500
365657
366972
367142
367241
373959
493402
493596
496247
497498
498718
500437
501201
501977
502691
503477
503670
503998
504824
504838
504853
505386
507415
507550
509434
509435
509723
520264
569992
570102
570500
570575
570821
570999
571040
571169
571198
571445
571665
571832
571992
572118
572238
572552
572841
572916
573082
573236
573946
574113
574534
574913
574997
575015
575338
575481
575508
575756
576167
576220
576748
576818
577166
577236
577286
577576
577663
577812
577831
577975
578013
578142
578151
578216
578217
578370
578424
578436
579369
579499
579651
580082
580269
580377
580506
580791
580908
581035
618313
619094
619149
620467
621818
625729
627366
627544
628461
628655
630507
630920
643493
643809
644245
644503
644595
644717
646468
647349
647416
648001
648125
648237
648321
649204
649586
649619
649865
649958
649969
650196
650586
650665
651271
651613
651643
652013
652043
652089
652557
652685
653199
653629
653758
653927
654005
654156
654462
654734
655003
655310
655538
655719
657552
658164
658403
659308
659828
659830
659871
660022
660116
660569
660806
660858
660967
661472
661787
661847
662233
662721
663334
663444
663654
663814
663836
664186
664232
665109
665361
665481
665623
666061
666164
666355
666446
666560
667080
667313
667321
667722
668171
668635
668694
668825
669171
669342
669812
669997
670227
670261
670469
670538
670626
670942
670989
670996
671129
671140
671224
671378
671960
672360
672366
673075
673096
673679
674161
674440
674566
674678
674690
674723
675236
675342
675370
675620
675761
675848
675873
676167
676216
676401
676543
676678
702692
703803
704532
704556
706880
707908
708219
708838
709468
709575
710048
710080
710151
711099
711209
715569
716344
716346
716445
774736
775671
778917
780678
781930
783250
799419
799907
800737
800742
800756
800905
801051
801235
801251
801289
802030
802488
802608
802998
803008
803079
803240
803358
803863
804324
804596
804808
804956
805200
805247
805255
806199
807447
807760
808278
808907
808945
809071
809234
809260
810277
810638
810794
811404
811509
812471
813650
813761
813867
815569
816080
816310
816767
816897
817180
817217
817638
818586
899031
899554
900300
900830
901456
901930
902022
902120
904344
905199
905694
905962
906006
906396
907080
908005
908734
910368
911118
912012
912263
912279
912934
913145
913795
916347
916954
917295
939065
939365
943250
943458
943709
944442
946209
947102
947308
951288
952137
952514
955146
958924
959669
960554
961480
961793
962901
963301
965298
1040307
1040420
1040476
1040540
1040649
1041814
1041979
1042112
1042200
1043285
1043925
1044376
1044387
1045020
1045049
1045534
1046473
1047587
1047704
1048485
1048560
1048572
1048848
1048914
1048969
1049135
1049598
1050231
1050974
1051477
1051694
1051844
1051989
1052224
1052235
1052664
1052691
1052819
1053039
1053350
1054300
1054442
1054542
1054706
1054948
1055350
1055357
1055434
1055696
1056346
1056376
1185179
1185424
1185482
1185551
1185709
1186098
1186581
1186660
1186771
1187093
1187717
1187750
1188001
1188061
1188092
1188648
1188889
1189006
1189288
1189444
1189454
1190163
1190253
1190818
1190891
1191364
1191414
1191493
1191627
1191804
1192290
1192861
1193156
1193187
1193324
1193972
1193976
1194458
1194514
1195154
1195738
1196098
1196172
1196940
1197405
1197410
1197931
1198738
1199030
1199247
1199385
1199434
1199555
1199568
1200285
1201062
1201139
1201352
1201818
1201982
1202119
1203477
1203815
1204448
1204870
1204991
1205129
1205742
1206630
1207127
1207282
1207392
1208238
1208308
1208367
1208639
1209164
1209246
1210384
1210604
1210825
1210976
1211222
1211505
1211581
1212467
1212570
1212666
1212732
1213080
1213386
1213753
1213806
1214145
1214396
1215802
1217105
1219947
1245274
1246848
1246915
1247263
1247440
1247503
1247519
1248932
1249183
1249708
1249967
1250076
1250345
1250877
1251793
1252107
1252280
1252453
1253039
1253170
1253217
1253480
1253892
1254186
1254702
1254758
1255335
1255945
1256020
1256632
1256952
1257532
1258544
1263894
1270114
1271040
1384380
1384694
1384932
1385044
1385073
1385237
1385627
1385675
1385936
1385987
1385993
1386546
1386682
1387081
1387122
1387311
1387344
1387943
1388475
1388884
1389047
1389090
1389399
1389804
1390097
1390896
1391123
1391975
1392444
1392611
1392635
1392708
1393563
1393753
1393840
1394034
1484229
1484312
1484607
1485081
1485229
1485254
1486359
1487347
1487610
1487813
1488649
1488931
1489352
1489694
1489705
1489774
1489806
1489930
1490300
1490642
1490723
1491290
1491920
1492241
1492618
1493206
1493705
1493797
1494025
1494327
1494835
1494937
1495008
1495031
1495230
1496388
1496809
1496958
1499177
1499390
1500162
1528765
1529069
1529275
1529523
1529723
1530882
1531217
1531261
1531403
1531754
1532005
1532214
1533029
1533256
1533559
1533839
1534186
1534503
1534637
1534660
1534753
1535066
1535261
1536037
1536235
1536504
1537239
1537370
1537489
1537623
1537768
1537786
1537927
1538093
1538805
1538970
1539090
1539187
1539322
1539402
1539959
1540866
1540962
1540971
1541063
1541535
1541578
1541641
1542066
1542766
1542883
1543173
1543444
1543688
1543702
1582373
1661675
1661846
1662094
1662424
1662647
1663272
1663288
1663620
1664334
1664730
1665167
1665621
1665695
1666696
1667189
1667983
1668201
1669760
1671351
1777004
1845628
1845855
1847893
1849928
1850520
1852939
1855766
1857075
1859602
1859817
1860392
1860696
1860709
1861105
1929732
1929998
1930270
1930519
1930681
1930857
1930930
1931246
1931346
1931671
1931981
1932460
1932756
1932826
1933392
1933535
1934182
1934272
1934563
1934824
1935252
1935390
1935407
1936101
1936183
1937470
1937539
1937802
1939405
1939781
1939828
1940358
1941697
1941932
1942661
1942667
1942837
1943459
1943822
1943879
1943906
1943976
1944156
1944517
1944543
1944569
1946056
1946121
1946346
1946535
2024514
2024789
2025864
2027687
2028644
2029424
2029760
2030199
2030642
2030684
2030949
2031266
2031434
2033010
2034171
2034348
2034923
2034970
2171371
2172758
2173908
2175460
2177561
2177801
2179273
2179293
2181421
2184324
2186997
2218146
2219228
2219437
2219808
2220415
2220540
2220723
2221029
2221139
2221625
2221702
2222063
2222326
2222911
2223143
2223520
2223772
2223851
2224021
2224142
2224197
2224398
2225316
2225387
2225465
2225590
2225851
2226230
2226426
2226582
2226681
2226991
2227471
2228013
2228350
2318827
2326707
2353084
2353261
2353492
2353835
2353860
2354056
2354225
2355448
2355564
2355566
2355626
2355799
2355931
2355944
2356724
2357039
2357176
2357220
2357523
2358101
2358160
2358205
2358320
2358545
2358607
2358615
2358761
2359060
2359242
2359305
2359504
2359573
2359691
2359769
2359825
2360300
2360470
2360523
2361356
2361475
2361851
2362187
2362585
2362920
2363132
2363441
2363957
2364555
2365091
2365228
2365412
2365843
2365956
2366199
2366306
2366340
2367333
2367698
2367881
2367927
2368292
2368706
2368847
2368925
2369353
2369507
2369634
2369962
2370129
2370287
2370463
2370651
2371085
2372143
2427551
2431419
2440175
2440250
2440901
2441802
2443988
2444079
2444400
2444487
2445004
2445867
2446465
2447106
2448051
2448111
2448466
2449119
2449795
2450258
2450491
2451100
2451124
2451681
2451982
2452633
2452716
2453235
2454407
2486450
2486468
2486723
2486797
2486963
2489162
2489311
2489399
2490334
2490539
2490914
2490951
2491145
2491442
2491526
2491628
2491826
2491884
2491974
2492104
2492230
2492307
2492813
2492949
2493074
2493606
2493838
2494202
2494408
2494432
2494610
2495169
2495642
2496410
2496600
2497461
2497872
2497894
2498102
2499074
2499330
2499622
2499712
2500578
2500799
2500910
2501314
2501820
2502860
2503190
2503221
2504125
2504279
2504444
2504502
2505090
2505142
2505375
2505788
2506394
2506515
2506657
2506856
2507480
2507563
2507976
2508110
2508358
2508563
2509035
2509145
2509721
2509751
2509964
2509995
2510054
2510357
2510435
2510740
2511298
2511385
2511425
2511502
2511657
2511863
2511889
2511910
2512156
2512294
2512496
2513061
2513854
2514218
2514380
2514466
2514544
2514979
2515175
2515804
2516336
2516339
2541757
2543079
2543091
2543443
2543659
2543690
2543908
2543929
2544578
2544803
2545056
2545311
2545649
2546077
2547271
2547616
2547632
2547980
2548010
2548116
2548285
2548293
2548913
2549001
2550017
2550063
2550078
2550648
2550801
2550848
2550876
2551106
2551174
2551332
2551391
2551418
2551549
2551748
2552038
2552348
2552477
2552560
2552877
2553357
2553421
2553693
2553804
2553990
2554550
2554961
2555408
2555505
2555520
2555833
2556122
2556556
2556790
2557135
2557622
2557666
2557743
2558225
2558440
2558497
2558525
2559056
2559387
2559652
2560016
2560017
2560315
2560598
2560908
2561132
2561139
2561264
2561297
2561421
2562007
2562259
2562768
2562799
2562827
2562882
2563071
2563795
2563804
2564512
2564517
2564904
2565337
2565471
2565551
2565840
2566144
2566813
2566887
2587591
2645822
2646614
2646833
2646992
2649914
2650715
2651610
2652479
2652623
2652719
2653588
2654177
2654491
2654806
2654954
2655179
2656986
2657518
2658080
2658988
2659291
2659340
2660739
2661366
2661458
2661512
2662494
2672236
2673683
2679793
2680502
2710608
2711997
2713738
2714391
2715923
2715971
2716527
2717276
2717432
2717609
2717684
2717690
2718374
2718383
2719329
2719470
2720622
2721931
2722705
2723833
2723857
2724761
2725178
2725258
2725685
2725871
2726658
2727665
2728006
2728564
2728787
2728842
2729354
2729623
2730309
2731135
2731327
2732418
2733055
2733645
2733993
2734043
2734121
2734336
2734621
2734998
2735109
2735432
2736896
2738318
2738979
2739864
2739996
2740153
2740348
2740372
2741022
2741959
2742419
2742656
2742815
2744046
2744757
2744946
2745034
2745189
2746651
2746682
2747342
2773435
2774010
2774442
2774767
2775247
2776550
2776878
2777663
2778399
2792933
2797680
2822495
2822945
2823146
2823256
2823302
2824352
2824679
2824693
2824815
2824927
2825400
2825779
2826118
2826434
2826731
2826811
2827319
2827404
2827791
2827866
2828029
2828373
2828647
2828980
2829258
2829539
2829583
2830148
2830158
2830662
2830859
2832164
2832212
2832375
2832603
2832626
2832700
2833377
2833539
2833679
2833782
2834184
2834240
2834288
2834354
2834372
2834493
2834918
2834977
2835086
2835090
2842147
2870645
2873217
2876317
2879512
2881233
2881628
2885107
2885446
2887816
2889801
2890196
2891467
2892885
2893105
2894048
2894092
2895087
2896285
2899279
2899925
2900041
2901313
2901744
2901972
2905766
2910191
2911537
2914336
2915703
2917280
2966713
2967079
2967712
2967834
2968508
2970399
2970898
2971352
2971628
2972105
2972479
2973265
2973942
2974038
2974242
2975350
2977144
2977628
2977746
2977858
2978335
2978492
2978786
2979099
2979615
2979665
2979816
2980156
2980359
2980360
2981232
2981322
2981624
2981636
2981645
2981763
2982027
2982469
2982510
2982793
2983170
2983351
2983388
2983451
2983799
2984639
2985294
2986360
2986409
2986519
2986717
2986964
2987545
2987761
2987785
2987888
2988231
2988552
2988592
2988817
2988922
2989044
2989133
2989403
2989414
2989426
2989456
2989478
2989535
2989628
2989807
3005922
3006599
3007093
3012980
3013993
3056933
3056943
3057502
3057629
3057671
3057687
3057737
3058138
3058257
3058570
3058730
3059141
3059149
3059683
3060102
3060191
3060828
3060870
3060990
3061565
3062560
3062606
3062906
3063548
3063826
3064004
3064849
3065494
3066123
3066174
3066351
3066420
3066578
3066586
3066706
3066715
3067386
3117722
3118054
3118741
3118747
3118917
3119288
3119462
3119704
3119919
3120155
3121675
3122076
3122705
3122852
3123764
3123776
3124208
3124558
3124623
3124978
3125128
3125394
3126130
3126736
3127397
3127758
3127821
3127831
3128683
3129152
3129763
3130450
3130759
3130904
3130963
3131432
3131707
3131844
3132689
3133924
3134136
3134459
3135431
3242603
3243285
3243317
3243513
3243645
3245481
3245977
3247816
3260376
3278545
3278545
3278922
3281277
3281784
3282156
3282518
3284449
3285201
3286156
3286548
3287103
3290010
3292256
3293281
3294183
3296384
3298824
3300937
3335173
3335304
3335554
3335676
3335933
3335942
3337287
3337474
3337850
3338172
3339036
3339373
3339614
3339624
3339671
3339679
3340022
3340095
3340109
3340323
3340589
3341217
3341353
3342196
3342261
3342305
3342379
3342968
3343178
3343927
3345000
3345122
3345778
3346082
3347230
3347236
3347258
3347585
3348049
3348372
3348898
3349388
3350015
3350128
3350931
3351586
3351843
3352681
3352912
3353092
3353180
3353318
3353638
3353851
3354044
3354125
3354216
3374134
3374597
3376110
3376610
3377244
3377572
3378741
3380238
3381165
3383011
3383101
3384442
3385442
3385751
3385794
3387639
3389261
3389918
3412078
3415417
3415982
3417103
3417572
3417672
3417742
3417862
3417916
3417942
3418433
3418540
3418544
3419898
3420259
3420297
3420335
3420482
3421222
3421772
3422189
3422568
3422607
3422839
3423504
3423773
3423953
3424120
3424129
3424388
3425256
3425259
3425297
3425502
3425964
3426149
3426255
3426621
3427081
3427115
3427962
3430713
3437873
3549304
3551411
3551825
3552253
3556661
3558448
3558811
3559267
3561109
3564180
3565257
3582882
3586250
3586627
3589575
3590368
3591814
3593854
3595226
3657049
3657172
3657390
3657826
3657869
3658152
3658465
3658916
3658948
3659103
3659251
3659331
3659535
3659775
3659881
3659893
3659920
3660276
3661077
3661485
3661856
3662007
3662591
3662784
3662989
3663003
3663092
3663491
3663781
3663835
3664284
3664537
3664875
3665522
3665757
3665890
3666392
3687046
3688177
3689234
3693889
3693896
3694217
3697423
3697679
3700857
3704370
3704371
3748777
3749096
3749435
3749533
3749748
3750101
3750378
3751058
3751114
3751873
3752113
3752175
3752218
3752718
3753360
3753387
3753452
3753694
3753699
3754014
3754016
3754084
3754993
3755295
3755615
3755627
3755828
3755970
3756222
3756303
3757607
3758062
3758483
3758636
3766708
3770613
3776247
3839451
3839617
3839965
3840410
3840441
3840551
3840583
3840904
3841110
3841151
3841592
3841789
3841855
3842483
3842561
3842608
3842726
3843318
3843339
3844210
3844444
3844679
3845154
3845667
3845735
3846566
3847077
3847168
3847188
3847401
3847668
3847710
3847848
3847851
3848306
3849497
3869831
3869978
3870341
3870353
3871448
3871736
3872615
3873338
3873444
3873774
3874156
3874660
3875280
3875621
3875679
3876262
3876370
3876507
3877007
3877361
3877464
3878684
3879321
3879647
3880489
3880893
3881383
3882323
3882491
3882670
3882961
3883178
3883556
3883994
3884135
3884673
3885407
3885714
3885754
3886149
3935591
3935983
3936212
3936342
3936411
3936811
3937129
3937149
3937626
3937920
3937953
3938017
3938105
3938163
3938280
3938348
3938364
3938521
3939102
3939265
3939631
3939666
3939930
3940725
3940892
3941156
3941653
3941807
3942021
3942369
3942504
3942537
3942589
3942727
3942808
3942874
3942938
3942973
3943256
3943430
3943648
3943678
3944333
3944908
3945291
3945398
3945493
3945553
3946468
3946493
3946769
3946853
3947213
3947250
3947698
3947854
3948125
3948398
3948502
3948525
3948707
3948818
3949009
3949211
3949277
3949575
3949738
3950057
3950143
3950195
3950902
3951021
3951280
3951364
3951398
3951431
3951541
3951922
3952019
3952198
3952394
3971076
3971327
3972306
3972630
3975143
3975278
3975525
3975911
3976262
3976857
3977297
3977458
3977472
3977859
3979189
3979640
3979830
3980441
3980584
3980993
3981172
3981208
3981671
3981751
3981804
3981862
3981872
3982743
3983103
3984107
3984314
3984549
4031254
4036569
4039618
4039717
4041686
4155114
4163788
4238321
4241473
4245382
4323277
4325791
4333744
4334534
4336782
4339870
4340880
4341756
4438810
4439243
4439605
4439713
4439726
4440438
4440941
4441021
4441556
4441588
4441914
4442288
4442541
4443181
4443338
4443414
4443448
4443726
4444160
4444226
4444237
4444588
4444960
4445273
4445451
4446072
4446382
4446425
4446551
4446891
4446987
4447183
4447826
4448517
4448532
4448895
4449105
4449581
4449652
4449758
4450094
4450107
4450382
4450562
4450790
4451157
4451189
4451370
4451542
4451845
4451946
4452165
4452320
4452333
4452756
4453078
4453249
4453328
4453413
4453635
4453783
4466577
4466909
4469534
4560630
4561769
4561948
4565155
4565655
4565702
4571906
4572398
4572477
4575405
4578702
4615823
4615843
4616260
4616556
4616877
4617038
4617147
4617408
4617848
4617973
4618082
4618494
4618587
4618629
4618941
4619012
4620057
4620094
4620539
4621058
4621510
4621636
4621646
4621701
4621829
4622575
4622949
4623188
4623680
4624091
4624197
4624481
4624959
4625142
4625175
4625249
4625495
4625969
4626342
4626427
4626506
4627427
4627455
4627480
4627843
4627986
4629114
4629254
4629312
4630040
4630485
4631190
4632761
4632953
4633980
4634869
4667063
4669938
4675580
4678293
4769376
4769463
4769598
4770057
4770164
4770265
4771376
4771445
4771487
4771678
4772342
4772374
4772946
4773009
4773226
4773601
4773648
4773697
4773728
4774120
4774308
4774638
4774769
4774793
4775012
4775046
4775544
4775626
4775687
4776072
4776097
4776128
4776454
4776744
4776788
4777131
4777176
4777429
4777597
4778290
4778402
4778498
4778577
4778650
4778870
4779058
4779818
4780297
4780652
4780708
4900588
4900743
4907612
4909027
4909148
4910648
4914950
4917450
5121763
5122265
5124812
5128879
5131299
5131447
5131868
5132575
5136678
5140574
5141503
5141659
5142367
5143314
5145750
5181405
5184941
5193472
5212337
5212745
5213079
5214200
5214844
5217192
5217212
5217319
5217856
5218655
5218767
5222456
5223635
5224035
5224841
5224869
5226432
5227772
5257862
5257918
5258004
5258790
5259135
5259285
5259815
5259828
5260321
5260416
5260481
5261829
5262262
5262404
5263606
5264728
5264976
5264983
5265085
5266000
5266161
5266283
5266424
5266450
5266603
5267375
5267882
5267937
5268067
5268822
5269386
5270206
5270467
5270559
5270872
5271005
5271144
5271159
5271168
5271544
5271829
5271931
5272052
5272119
5272234
5272281
5272543
5272680
5272887
5273166
5295522
5295889
5296031
5296982
5297104
5297243
5297969
5298184
5298916
5298946
5299044
5299099
5299626
5300291
5300890
5301555
5301952
5302709
5303515
5304135
5304158
5304334
5304790
5305567
5308704
5310525
5397481
5422140
5422292
5422394
5422396
5422469
5422635
5422745
5423123
5424123
5424301
5424521
5424568
5424608
5424613
5424697
5424922
5425688
5426032
5426831
5426870
5427143
5427511
5427917
5428111
5428191
5428746
5428812
5429440
5429511
5429672
5429910
5430018
5430451
5430459
5430778
5430946
5431261
5431574
5431779
5431900
5432033
5432052
5432166
5432304
5432508
5432799
5433192
5433299
5433363
5433804
5434098
5434576
5434795
5434804
5434927
5435544
5435710
5435881
5436711
5436984
5437712
5439015
5444216
5444810
5445094
5450366
5450443
5451025
5451984
5452397
5452997
5456721
5466952
5516124
5516349
5516877
5516962
5517200
5517244
5517266
5518912
5519313
5519779
5520260
5520290
5520471
5520685
5520847
5521118
5523270
5523311
5523588
5524659
5524736
5525483
5525488
5526551
5526729
5527105
5528328
5529778
5530253
5530346
5530857
5531410
5531878
5531916
5533391
5535610
5535622
5535807
5535907
5535961
5536455
5536935
5538006
5538193
5538484
5538876
5538887
5539014
5539192
5539244
5539399
5539650
5539672
5539679
5540089
5540105
5540115
5540288
5540318
5540714
5541124
5541193
5541527
5541669
5541827
5542170
5542233
5542344
5543029
5544160
5544431
5545429
5545699
5546127
5546242
5546940
5547029
5547087
5547183
5547827
5566083
5567117
5567531
5567567
5567941
5568099
5569349
5569608
5570386
5570819
5571087
5571217
5572529
5574103
5574410
5576126
5576642
5578955
5660986
5661300
5661636
5661965
5663261
5663538
5663623
5663877
5664166
5664373
5664740
5665030
5665088
5665251
5665459
5665885
5666126
5666220
5666265
5666351
5666479
5666769
5667354
5667828
5668260
5668438
5668634
5668727
5668779
5668817
5668879
5669115
5669562
5669900
5670295
5670332
5671090
5671301
5671452
5672352
5672702
5672818
5673046
5673860
5674063
5674236
5674516
5674784
5675100
5675309
5675676
5675747
5675788
5675794
5675989
5676208
5676291
5676343
5676403
5676465
5676630
5676834
5676899
5677019
5677413
5678429
5678446
5678715
5678989
5679357
5679861
5680088
5680905
5681785
5682767
5683021
5683440
5683743
5684530
5684763
5685130
5685177
5685402
5686140
5686831
5686880
5686988
5687174
5687441
5687711
5687799
5688561
5688609
5688938
5689573
5689875
5690032
5690922
5692376
5692390
5692431
5692624
5693268
5693296
5693367
5693484
5693594
5694069
5694221
5694860
5733255
5738267
5739600
5776226
5808159
5808954
5809387
5809665
5810697
5812130
5813119
5814435
5815539
5815792
5817523
5818654
5819342
5820636
5822925
5824591
5825246
5844471
5845721
5846469
5846951
5848141
5849636
5850752
5861971
5865117
5887779
5889426
5889756
5890861
5893044
5894640
5895068
5895284
5897176
5897846
5898796
5899411
5900002
5900409
5900943
5902822
6079227
6079810
6079986
6080779
6080887
6081056
6081747
6082212
6082773
6084914
6085586
6086386
6087602
6087641
6087892
6088668
6089829
6089861
6090032
6090414
6092333
6092748
6092800
6092846
6093015
6093072
6093339
6093476
6093825
6093905
6094000
6095733
6095785
6096182
6096540
6096628
6096748
6096895
6167464
6167626
6168113
6168306
6169158
6169689
6170182
6170766
6171172
6171326
6171387
6171470
6171904
6172377
6172931
6172947
6173098
6173109
6174566
6174951
6175415
6175690
6175715
6176395
6176698
6223515
6224158
6224981
6225008
6225015
6225263
6225396
6225455
6225818
6225923
6226030
6226781
6226971
6227634
6227901
6228451
6228481
6228531
6228567
6228753
6229277
6229574
6229593
6229652
6229808
6229859
6229880
6230180
6230439
6230735
6230772
6230806
6230953
6231149
6231190
6231202
6231391
6231435
6231878
6232349
6232687
6233444
6233452
6233617
6233927
6234151
6234489
6235112
6235140
6235453
6235836
6235897
6270446
6272260
6272310
6274189
6275235
6276634
6277326
6279863
6365567
6369554
6370803
6392796
6399804
6400147
6401644
6408971
6409016
6429683
6429859
6429986
6431836
6432381
6432607
6432866
6433366
6434167
6434190
6434888
6435621
6436031
6436315
6436437
6436802
6437117
6437543
6438075
6438378
6438807
6438920
6439097
6439098
6439397
6439651
6440298
6507931
6508295
6518575
6520418
6520631
6524888
6552858
6552981
6553107
6553876
6553916
6554489
6554935
6555698
6556626
6556937
6558338
6558389
6558627
6559225
6560181
6560414
6560938
6561830
6562131
6562678
6563490
6564029
6564104
6564610
6576375
6576429
6577274
6577570
6577691
6577987
6578281
6578403
6579117
6579392
6579403
6579560
6579626
6580255
6580515
6580614
6580755
6581383
6581407
6581561
6581580
6581605
6581662
6581837
6582404
6583135
6583455
6584121
6584173
6584274
6584340
6584371
6584419
6585308
6585413
6585541
6585634
6585723
6585892
6586283
6586552
6586724
6586742
6587121
6588354
6589116
6589671
6589995
6590306
6590331
6591180
6591593
6591886
6592130
6592449
6592791
6592871
6592896
6593210
6593778
6606544
6607073
6607245
6607294
6608205
6608330
6608819
6608989
6609469
6609586
6609876
6610336
6610642
6611089
6612393
6612464
6612482
6612825
6613044
6613288
6613423
6613754
6614501
6614675
6614902
6615058
6615267
6615687
6615688
6615697
6616611
6616940
6617213
6617596
6617607
6617612
6618435
6618484
6619693
6619836
6676528
6676819
6677067
6677127
6677507
6677607
6678287
6678871
6679322
6680302
6680432
6680471
6680483
6680546
6681007
6681230
6681307
6681616
6681943
6682501
6682574
6682893
6683627
6684462
6684741
6684908
6684936
6684986
6685482
6685638
6685686
6685848
6686185
6686578
6687023
6687093
6687141
6687270
6731186
6731214
6731507
6731709
6732063
6732459
6732465
6732584
6732790
6733522
6733582
6733655
6733710
6733925
6734275
6734348
6734549
6734741
6734925
6735336
6735788
6735950
6736025
6736240
6736518
6736991
6737125
6737178
6737241
6737296
6737664
6738520
6738602
6738625
6738859
6739326
6740291
6740414
6740638
6740658
6740850
6741671
6741697
6741903
6742282
6742673
6742781
6742791
6742851
6743364
6743564
6743912
6744263
6744323
6744408
6744819
6744903
6744967
6744976
6745165
6745247
6745424
6745679
6746072
6746478
6746864
6746928
6747012
6747299
6747402
6816978
6818300
6820236
6856909
6860738
6861786
6863260
6865271
6865682
6866351
6866548
6868526
6870644
6871711
6872169
6873479
6874502
6874669
6874725
6875177
6875600
6875724
6875753
6875903
6876114
6876270
6876473
6876479
6877436
6877550
6878101
6878217
6878336
6878659
6878749
6879141
6879295
6879543
6879559
6879734
6879761
6879811
6879849
6881144
6881276
6881497
6881967
6882200
6882284
6882495
6882586
6882941
6882966
6883173
6883427
6883435
6883518
6883583
6884528
6885178
6885311
6885561
6886085
6886188
6886581
6886831
6886935
6886964
6904815
6905030
6905597
6905609
6905932
6906896
6907083
6907535
6907768
6908143
6909329
6909776
6909861
6910089
6910645
6910935
6911372
6911667
6912227
6912285
6912394
6913565
6914553
6914604
6914702
6914878
6915142
6915650
6915713
6916695
6917264
6917669
6917942
6918254
6918588
6918766
6918800
6919100
6919735
6919751
6920265
6920409
6920786
6920838
6920884
6921050
6921341
6921594
6921674
6922012
6922209
6922272
6922499
6922706
6922966
6923197
6923579
6924268
6924617
6925034
6925048
6925225
6925251
6925550
6925598
6925937
6926203
6926606
6926844
6926933
6927035
6927267
6927278
6927388
6927502
6927563
6927852
6928011
6928127
6928138
6928162
6928609
6928755
6928956
6929441
6929709
6930145
6930190
6930310
6930402
6930456
6930514
6930561
6931111
6931565
6931889
6931915
6932206
6932516
6933012
6933189
6960434
6960815
6960847
6961027
6961120
6961129
6961207
6961212
6961303
6961740
6961797
6962270
6962273
6962614
6963030
6963134
6963346
6964362
6964553
6964732
6965393
6966052
6966217
6966714
6966800
6967054
6967143
6967148
6967190
6967325
6967407
6968055
6968502
6968570
6969101
6969357
6969421
6969440
6969725
6970154
6970254
6970292
6970434
6970600
6970694
6970925
6971051
6971165
6971311
6971506
6971563
6971713
6971974
6972160
6972196
6972200
6972213
6972358
6972458
6972555
6972611
6972708
6973035
6973054
6973116
6973783
6974040
6974391
6974396
6974435
6974604
6975059
6975122
6976309
6976446
6977235
6977613
6977702
6977703
6977945
6978123
7008141
7038200
7038423
7038557
7038813
7038932
7039447
7039772
7039814
7040514
7040562
7040648
7040870
7041515
7041738
7041894
7042484
7042495
7042707
7042928
7043236
7043676
7043778
7044193
7044408
7044471
7044522
7044546
7044660
7044866
7045209
7045971
7046132
7046649
7046718
7046832
7047041
7047584
7047620
7047682
7047760
7047971
7048736
7048858
7048967
7048999
7049232
7049427
7049622
7049721
7049751
7049757
7050019
7050479
7052083
7052155
7052314
7052860
7052869
7052890
7053621
7054226
7054400
7054750
7115383
7115418
7115481
7115829
7115950
7116112
7116589
7116664
7117152
7117656
7117690
7118540
7118564
7118839
7119105
7119194
7119262
7119754
7120204
7120277
7120319
7120557
7120720
7121122
7121176
7121250
7122054
7122453
7122468
7122525
7122631
7122733
7123035
7123401
7123929
7124304
7124388
7124564
7124639
7125217
7125240
7125261
7125367
7125379
7125626
7125703
7126193
7126550
7126561
7127001
7127465
7127662
7127721
7127953
7128172
7128223
7128361
7141716
7141997
7142215
7143518
7143778
7146071
7147833
7148035
7150343
7156242
7156811
7172619
7173042
7173581
7173819
7173895
7175226
7175885
7176766
7178330
7178380
7179078
7179519
7179531
7180028
7180572
7181764
7181808
7181908
7181996
7182956
7183492
7183694
7184785
7185005
7185259
7185434
7185593
7186543
7283709
7288401
7291114
7339231
7340191
7340239
7340461
7340478
7340537
7340683
7341422
7341911
7342549
7342609
7343044
7343088
7343448
7344437
7344752
7344860
7344870
7345169
7345437
7345794
7346019
7346468
7346541
7346598
7346823
7347566
7347921
7348155
7348216
7348494
7348517
7348809
7349048
7350056
7350829
7350863
7370889
7370941
7371294
7371729
7372301
7373059
7373585
7374360
7374621
7374670
7374871
7376185
7376353
7376989
7377061
7377112
7377208
7377335
7377719
7379396
7380055
7381333
7381375
7381936
7382542
7383287
7383397
7383501
7383691
7383768
7384301
7384536
7392113
7397575
7397996
7398859
7399059
7399550
7399574
7400401
7400739
7401118
7402184
7402824
7403029
7403555
7403648
7403958
7405329
7406644
7406716
7407275
7408130
7408772
7409391
7409589
7409986
7410329
7410913
7412551
7412624
7412727
7431655
7441229
7441424
7442165
7442175
7442608
7442709
7442890
7443431
7443503
7443747
7444638
7444771
7445208
7445271
7445855
7445887
7446218
7446873
7446936
7447053
7447559
7448044
7448178
7448426
7448849
7448937
7449026
7449117
7449202
7449322
7449452
7449626
7449960
7450357
7450402
7450722
7451346
7451734
7451747
7451824
7451992
7452611
7452829
7452977
7454578
7454898
7454945
7454969
7455213
7455292
7455351
7455505
7455621
7455835
7455888
7457111
7457202
7460295
7462714
7465447
7466101
7541839
7542686
7542691
7542798
7544211
7544469
7545500
7545921
7546332
7546454
7546603
7547533
7547650
7548095
7548121
7548462
7549318
7550206
7551832
7569776
7570242
7570353
7570484
7571102
7571173
7571645
7571848
7571963
7572586
7573074
7573857
7574202
7575053
7576311
7576644
7576849
7577269
7577525
7577787
7578055
7578744
7580000
7580010
7580191
7580288
7580809
7580998
7581580
7581918
7581994
7582504
7582637
7582873
7583242
7583530
7583680
7584232
7584478
7584841
7585478
7585922
7585954
7586081
7586221
7586458
7586463
7586879
7587631
7587761
7588053
7588284
7588538
7588751
7588886
7589032
7589042
7589662
7589702
7590522
7590724
7590848
7591672
7591887
7592154
7592314
7592350
7593814
7594836
7595024
7595260
7596290
7596299
7596856
7597121
7597983
7597991
7598089
7598239
7598312
7598532
7598878
7599020
7599075
7599954
7600075
7600262
7600368
7600727
7600862
7628298
7631407
7634194
7634564
7637266
7637426
7637457
7638215
7638263
7638365
7638400
7638803
7638819
7638999
7639019
7639416
7639630
7639956
7639984
7640166
7640341
7640744
7640767
7640896
7641168
7641384
7642371
7642541
7642542
7642715
7642751
7642933
7643118
7643277
7643337
7643356
7643505
7644354
7644422
7644569
7644576
7644749
7645074
7645136
7645203
7645522
7645608
7645942
7646088
7646753
7648818
7650312
7650484
7650660
7650987
7651055
7651254
7651339
7651407
7651440
7679872
7680593
7684257
7685056
7686654
7686742
7690219
7690561
7691750
7693947
7698449
7698577
7698608
7698741
7698952
7698989
7699130
7699194
7699591
7699730
7699754
7699777
7699996
7700060
7700175
7700376
7700564
7700599
7700687
7700781
7700860
7701016
7701151
7701470
7701579
7701636
7701925
7703179
7703246
7703479
7703623
7703935
7704046
7704273
7705043
7705086
7705367
7705793
7705852
7706063
7706115
7706147
7706196
7707017
7707138
7707254
7708271
7708330
7708602
7708734
7708864
7708905
7709293
7709428
7709805
7710239
7710387
7710430
7710782
7710783
7710870
7710971
7711549
7711577
7711602
7711901
7711964
7711990
7712060
7712083
7712084
7712127
7712359
7712470
7712763
7712799
7713502
7713541
7714015
7714589
7714763
7715582
7715659
7716070
7716511
7716597
7735769
7736793
7737234
7737618
7737639
7737875
7738904
7739411
7739858
7740123
7741061
7741632
7741898
7743000
7743527
7744619
7746093
7746182
7746717
7748741
7749304
7749582
7749834
7888361
7889390
7924056
7981269
7981270
7982081
7982165
7982263
7982461
7983459
7984672
7986742
7987141
7987241
7987397
7988141
7988618
7989517
7989791
7989824
7989839
7990451
7990882
7990959
7991193
7991287
7991723
8044869
8045038
8045814
8045901
8046195
8046774
8047095
8047127
8047145
8047427
8049113
8049546
8049612
8049668
8049735
8050201
8050310
8050669
8051057
8051101
8051478
8051889
8052048
8053151
8053836
8053938
8053977
8054161
8054571
8054605
8054775
8054810
8055406
8055919
8056219
8056292
8056408
8056969
8056981
8057063
8057093
8057335
8057485
8058035
8058082
8058225
8058699
8058824
8059120
8059334
8060003
8060464
8060907
8061161
8061453
8061688
8078730
8078852
8078863
8078934
8079302
8079321
8079528
8079581
8079883
8080164
8081047
8081390
8081551
8081765
8082253
8082359
8082999
8083086
8083207
8083326
8083713
8083811
8083925
8084975
8085389
8085968
8086011
8087249
8087541
8087696
8087889
8087976
8088244
8088462
8088898
8089088
8139227
8156586
8156629
8157001
8157273
8157387
8158626
8158757
8159162
8159368
8160026
8160225
8160339
8160759
8161105
8161328
8161337
8161787
8162027
8162059
8163121
8163332
8163351
8163405
8163661
8163756
8163893
8164223
8164522
8164625
8164817
8165329
8165340
8165416
8165435
8165437
8165972
8166361
8166389
8166629
8166717
8166982
8167055
8167153
8167178
8167808
8167841
8167949
8170281
8172085
8173132
8239642
8244879
8255046
8259414
8260140
8261277
8262416
8262675
8262867
8264191
8264352
8264388
8265158
8265794
8265920
8266026
8269734
8269821
8347236
8347800
8348388
8348558
8348785
8349017
8350224
8351024
8351060
8351130
8352113
8352196
8352567
8352839
8353603
8354392
8355228
8357803
8362459
8365446
8369333
8369887
8370816
8503084
8507741
8514785
8579996
8580811
8581253
8581885
8584415
8585116
8586929
8587834
8588469
8589525
8589537
8589841
8589885
8590837
8591967
8592254
8592288
8600975
8602499
8607205
8611263
8617058
8617691
8663170
8666158
8666898
8667953
8669942
8670643
8671099
8775834
8776078
8776463
8776846
8777063
8777417
8778130
8778897
8778926
8779024
8779615
8780267
8781004
8781061
8781187
8781255
8781415
8781627
8781752
8781767
8781977
8782340
8782484
8782669
8782918
8783260
8783594
8784121
8784679
8785037
8785436
8786192
8786484
8786885
8787012
8787398
8787404
8788021
8789039
8789080
8789151
8789884
8790473
8791261
8791354
8875072
8875072
8875843
8877276
8877553
8877696
8877718
8877980
8878836
8878970
8879283
8879509
8879712
8879742
8879771
8879890
8880793
8880880
8880902
8880987
8881122
8881722
8882723
8882894
8883503
8883910
8884052
8884178
8884306
8884484
8884599
8885216
8885409
8885699
8886210
8887073
8888230
8889065
8889494
8890065
8890070
8890390
8890420
8890787
8956337
8961474
8961529
9063592
9063650
9064133
9064247
9065357
9065585
9066070
9066260
9067007
9067014
9067205
9067455
9068673
9069031
9069214
9069415
9070241
9071200
9071415
9072410
9072458
9072581
9073305
9073632
9073811
9073877
9074371
9074656
9074712
9074765
9075049
9075295
9075378
9075484
9075675
9075958
9076601
9077201
9077360
9157707
9157770
9161230
9162176
9163173
9164269
9165715
9167919
9170091
9170893
9172364
9172395
9173757
9176635
9178091
9179378
9179525
9180979
9181842
9182029
9182101
9184537
9185202
9186205
9186495
9186528
9186633
9187601
9187758
9187936
9188031
9188657
9188686
9189842
9190677
9190815
9191823
9193284
9194507
9194895
9194966
9195616
9196020
9197028
9198311
9199737
9200250
9200317
9200986
9202247
9202832
9202832
9203111
9204055
9205873
9206585
9207223
9208230
9209058
9209189
9209727
9210759
9210785
9242010
9259426
9260054
9260477
9260984
9261474
9261538
9261557
9261638
9262182
9262285
9262484
9263755
9264041
9264175
9264235
9264341
9264502
9264559
9265199
9265246
9266685
9267238
9268076
9268608
9269120
9269135
9269714
9269781
9269803
9270234
9270394
9270905
9270968
9271132
9271140
9272393
9272521
9273408
9273792
9273835
9273874
9273911
9274042
9275011
9275314
9275764
9276150
9276669
9276681
9277022
9277650
9278041
9278151
9278873
9280634
9281070
9281304
9281743
9282059
9282389
9282488
9282895
9284198
9300333
9304276
9482614
9482692
9482694
9482739
9483302
9483881
9484313
9484321
9484389
9484468
9485681
9485939
9486001
9486074
9486181
9486744
9487119
9487328
9487470
9487691
9488093
9488234
9488722
9488731
9488780
9489078
9489978
9489982
9490077
9490237
9490264
9490723
9491604
9491703
9491873
9491892
9492248
9492567
9493031
9493167
9493225
9493234
9493275
9493678
9493896
9494336
9494616
9494706
9495480
9495734
9496041
9496068
9496508
9496540
9496546
9496770
9496861
9496984
9580573
9593523
9629147
9629507
9632615
9633620
9633665
9633788
9636353
9637306
9651694
9658616
9658653
9659111
9659190
9659557
9659933
9660215
9661012
9661206
9661321
9661462
9661597
9661737
9661739
9662233
9663361
9664054
9664188
9664512
9664841
9665107
9665640
9665865
9666556
9666734
9667806
9668666
9670634
9689798
9690154
9690182
9690201
9690313
9690590
9690834
9690959
9691254
9691727
9692315
9693591
9693965
9694065
9694116
9694934
9695384
9695419
9695443
9695516
9695686
9695713
9695793
9695835
9696115
9696283
9696979
9697705
9698017
9698271
9699187
9699377
9699587
9700059
9700082
9700182
9700577
9700607
9700617
9702294
9702354
9702572
9702588
9703281
9703382
9703443
9703667
9704545
9704596
9704756
9704869
9705608
9706062
9706077
9706261
9706319
9706683
9707688
9707888
9708024
9708161
9727984
9728395
9734300
9735906
9736782
9738815
9740263
9760528
9760850
9760879
9760971
9761023
9761294
9761853
9762422
9762566
9762691
9762867
9762951
9762994
9763107
9763437
9763637
9763640
9764277
9764416
9764871
9764880
9765445
9765872
9765898
9766127
9766234
9766260
9766602
9767806
9767814
9767964
9768654
9769581
9770472
9770561
9770588
9770670
9770900
9771070
9771100
9771108
9771363
9771432
9771657
9771857
9772047
9773358
9773584
9773810
9774585
9774642
9775192
9775854
9776548
9776817
9776829
9776996
9777018
9777167
9777533
9778133
9778382
9778629
9778886
9779078
9779786
9780006
9780011
9780386
9780398
9780462
9780782
9781021
9781231
9781761
9781833
9781968
9782268
9782364
9782376
9782418
9782762
9783064
9783127
9783555
9783587
9783875
9784305
9784345
9784429
9784891
9785459
9785558
9785793
9785797
9786497
9786673
9786709
9786750
9786900
9787116
9787559
9787885
9787892
9788590
9790141
9790680
9790770
9790787
9790868
9790923
9791165
9791774
9791964
9792256
9792791
9793133
9793207
9793208
9793505
9793577
9793971
9793988
9794029
9794070
9794325
9794351
9794564
9794843
9795432
9795726
9795763
9795785
9839192
9839281
9839498
9839504
9839600
9840458
9840626
9841000
9841130
9841436
9841512
9841959
9842080
9842188
9842629
9842630
9842755
9842936
9843528
9843726
9843881
9843951
9844434
9845178
9845300
9845442
9845649
9845759
9846510
9847036
9847621
9847791
9847829
9848371
9848958
9848976
9849115
9849156
9849201
9849246
9849367
9850262
9854172
9861713
9861915
9863321
9863908
9864942
9868523
9868893
9869283
9869670
9870100
9870962
9871456
9871590
9871966
9872368
9872427
9873338
9873380
9873789
9874115
9875079
9875981
9876169
9876255
9876442
9876903
9876904
9877095
9877514
9877898
9877921
9878001
9878586
9878706
9879010
9879610
9879620
9879679
9879947
9880479
9881204
9881227
9881241
9881293
9881353
9881661
9881803
9881829
9882120
9882273
9882593
9882981
9883656
9883800
9883997
9884086
9917446
9917718
9917754
9917869
9918202
9918251
9918621
9919005
9919212
9920163
9921113
9921468
9921768
9921950
9921956
9921964
9922086
9922116
9922166
9922814
9923625
9924279
9924365
9924388
9924409
9924572
9924641
9924948
9925363
9925404
9925938
9926064
9926114
9926228
9926308
9927113
9928215
9928448
9928578
9928587
9928736
9928750
9928971
9929046
9929221
9929465
9929649
9930005
9930035
9930303
9930403
9931283
9931377
9931460
9931746
9932329
9932685
9932711
9932838
9933209
9933279
9933500
9933697
9933708
9933840
9934444
9934676
9934932
9935015
9935087
9935247
9935955
9936743
9936950
9937080
9937220
9937260
9937757
9938446
9938693
9938898
9939293
9939359
9939382
9939969
9940583
9940626
9941229
9942232
9942267
9942662
9943540
9943666
9943731
9944007
9944195
9944503
9945334
9946472
9946590
9946612
9946743
9947156
9947462
9947520
9947527
9947528
9947788
9947829
9947877
9948517
9948736
9948740
9949043
9949112
9949196
9949365
9950489
9950848
9950876
9950885
9951016
9951544
9951948
9952066
9952296
9952299
9952695
9952732
9953359
9953457
9953850
9954021
9956829
9985550
9986393
9986653
9986883
9987987
9990837
9994547
9995140
9996011
10046227
10046387
10046704
10047560
10047668
10047871
10048187
10049449
10049907
10050264
10050320
10050377
10050416
10051011
10051014
10051058
10051996
10052294
10052587
10052814
10052899
10053261
10053597
10054041
10054277
10054312
10054798
10054975
10055963
10056065
10056244
10056415
10056416
10057822
10057908
10058353
10058416
10087216
10087438
10087450
10087463
10088123
10088819
10089571
10089648
10089783
10089825
10089963
10090018
10091080
10091874
10093038
10093347
10093371
10093773
10093972
10094347
10094366
10094534
10094891
10095176
10095428
10096134
10096753
10096918
10096920
10097055
10097264
10097345
10097623
10097708
10098495
10098982
10099327
10099679
10099770
10100168
10100191
10100851
10100957
10101049
10101295
10101345
10101376
10101520
10101553
10101867
10111366
10113160
10148834
10148874
10149574
10151496
10153055
10153313
10153772
10154160
10155151
10155410
10155416
10155780
10157845
10180863
10188182
10207271
10232616
10233461
10233462
10234124
10234870
10235021
10236165
10236779
10237277
10238616
10239050
10239164
10239521
10240995
10245503
10247376
10249638
10249996
10250346
10266562
10266738
10266952
10267252
10267435
10267501
10268232
10268337
10268452
10268630
10268823
10268866
10269361
10269821
10269921
10269974
10270021
10270212
10270383
10270862
10271078
10271417
10272701
10273865
10273876
10273899
10274627
10274794
10275562
10276004
10276127
10276201
10276753
10277200
10277200
10277314
10278493
10278669
10278724
10279036
10279121
10279245
10279393
10279475
10279684
10280189
10280542
10280787
10281309
10281596
10281675
10282438
10283245
10283290
10283486
10283721
10283813
10283933
10284551
10285869
10286274
10286415
10286537
10286910
10287150
10287167
10287358
10287843
10288560
10288711
10288996
10289035
10289177
10289556
10289759
10290066
10290329
10290359
10290890
10290980
10291032
10291256
10291406
10292269
10292388
10293167
10293210
10293253
10294105
10294350
10294773
10294858
10295477
10295732
10295774
10295800
10296317
10296884
10296994
10297106
10297148
10297202
10297466
10297612
10298138
10298414
10298677
10298797
10299049
10299235
10299294
10300399
10300410
10301491
10302218
10303153
10303544
10303693
10303768
10303788
10303816
10303860
10303866
10303889
10304492
10304586
10304587
10304886
10304989
10305022
10305503
10305539
10305567
10305593
10305604
10306015
10306040
10306260
10306586
10306632
10306682
10306932
10306989
10307043
10307281
10307444
10307479
10308023
10308144
10308243
10308457
10308525
10309213
10309497
10309765
10310010
10310162
10310655
10310975
10311139
10311734
10311755
10311802
10311839
10311915
10311948
10312243
10312400
10312434
10312610
10312730
10313612
10314103
10314240
10314289
10331130
10331183
10331985
10332052
10332283
10332291
10332515
10333259
10333293
10333541
10333977
10334877
10335125
10335134
10335315
10335555
10336317
10337272
10337522
10338406
10338459
10338759
10338794
10338859
10339329
10339454
10339685
10339826
10339861
10339907
10339910
10340504
10340696
10341142
10341219
10341306
10342219
10342404
10342738
10350077
10368909
10369011
10395314
10396197
10397865
10398522
10398543
10399063
10400007
10400893
10401827
10401993
10403699
10403976
10404406
10436390
10436500
10436616
10436817
10437012
10437208
10437223
10437246
10437485
10437754
10438266
10438309
10438329
10438438
10438528
10438561
10439286
10439333
10439639
10439979
10440825
10440897
10440936
10440949
10441299
10441589
10442132
10442202
10442344
10442545
10442691
10443172
10443579
10444787
10445343
10445392
10445705
10446174
10446512
10446844
10447046
10447080
10447246
10447469
10448808
10449188
10449222
10449293
10488452
10516842
10517953
10519703
10530974
10534133
10535854
10535987
10537123
10537225
10537691
10537772
10538090
10538357
10538742
10539096
10548572
10549257
10551813
10554609
10556625
10557119
10558577
10558723
10558991
10559039
10560467
10560653
10560731
10561201
10561326
10561647
10561929
10562724
10563715
10565478
10565819
10565885
10566933
10567600
10567892
10568221
10568273
10568599
10570296
10571475
10571693
10572013
10572524
10572616
10572718
10572863
10572919
10574117
10574595
10575187
10575339
10575358
10575388
10575736
10575945
10576182
10576427
10576493
10576702
10577042
10577043
10577047
10577052
10577146
10577203
10577398
10577806
10577934
10578013
10578033
10578298
10579180
10579276
10579831
10580169
10580405
10580419
10580494
10580535
10580613
10580668
10580754
10580791
10580809
10580877
10580994
10581098
10581278
10581469
10581592
10581596
10581703
10582222
10582289
10582662
10622982
10624740
10626134
10626547
10631460
10634298
10640311
10641104
10642571
10646542
10646839
10662214
10662918
10666245
10668612
10669238
10669281
10669361
10669979
10670076
10670283
10670327
10670485
10670611
10670698
10671435
10672640
10672823
10672973
10673604
10673899
10674246
10675058
10675584
10676124
10676399
10677860
10677887
10678272
10678485
10678660
10678698
10678776
10678979
10679742
10679781
10679988
10680526
10681351
10681535
10682208
10683204
10684235
10684304
10684990
10687189
10687329
10687988
10688196
10689071
10689210
10689451
10690947
10691615
10692138
10692550
10693508
10694744
10697920
10698823
10699619
10700241
10700726
10701155
10702370
10702577
10760670
10766015
10766957
10767022
10767421
10767576
10768003
10768551
10770149
10770418
10770420
10770963
10771609
10835249
10835265
10835359
10837581
10837759
10839230
10839699
10840196
10840551
10840846
10841633
10842909
10843249
10844078
10844168
10844183
10845518
10846142
10846918
10847043
10848422
10850338
10851595
10854322
10855414
10855874
10856625
10857231
10857855
10858256
10859610
10860509
10861406
10863191
10863487
10863564
10863616
10864518
10864915
10865443
10866309
10866467
10866765
10866830
10866840
10867006
10868102
10868485
10868495
10868642
10868800
10868807
10869259
10869647
10869900
10870311
10870497
10870644
10871499
10871564
10872043
10872441
10872649
10873067
10873327
10904673
10904749
10904979
10905722
10906141
10906188
10906191
10906449
10907298
10907413
10907876
10908886
10909585
10909691
10909862
10910339
10910485
10910868
10911863
10911896
10912371
10912498
10912580
10912913
10913240
10913843
10913980
10914163
10914335
10914394
10914412
10915635
10915835
10916238
10916306
10917178
10917500
10918259
10918459
10918532
10919359
10919629
10919864
10920212
10920512
10920514
11021154
11021236
11022014
11022826
11023249
11023574
11024045
11024708
11024922
11025718
11026285
11026331
11026721
11027892
11027926
11028476
11028598
11028700
11029765
11030694
11031706
11032249
11033008
11033175
11050942
11051315
11051779
11052171
11052256
11052376
11052611
11052674
11052892
11052902
11053965
11054154
11054316
11054320
11054373
11054431
11054657
11054939
11055035
11055607
11056756
11056864
11056907
11057034
11057158
11057170
11057226
11057234
11057632
11057800
11057983
11058173
11058303
11058581
11058725
11058884
11059032
11059464
11060176
11060734
11060737
11061397
11061859
11061952
11062393
11062749
11062833
11062981
11063285
11064023
11064173
11064192
11064317
11064645
11064887
11064968
11065896
11065932
11065977
11066319
11066619
11066965
11067230
11067367
11067488
11067895
11068037
11068245
11068427
11068793
11068924
11069764
11069897
11070215
11070366
11070500
11070665
11070988
11071327
11071816
11072414
11072938
11073282
11073399
11073854
11075061
11075098
11075376
11075420
11075538
11076403
11076540
11076584
11076923
11076954
11077328
11077609
11077637
11078007
11078046
11078060
11078949
11078999
11129192
11130833
11131104
11131543
11131566
11131651
11131707
11132858
11132901
11133742
11135227
11135701
11135757
11136533
11137784
11138857
11139009
11140911
11159056
11160295
11160436
11160748
11161778
11161869
11162020
11162099
11162640
11162810
11162981
11163362
11163866
11163954
11164307
11164545
11164608
11164900
11165554
11165814
11166256
11166799
11166949
11168165
11168277
11168545
11168760
11168797
11168884
11169345
11169658
11170104
11170268
11170601
11170936
11171338
11171407
11171754
11172517
11172840
11172932
11173261
11173595
11174045
11174401
11174638
11174759
11174987
11175291
11175399
11175430
11175708
11175755
11175825
11176761
11176858
11176931
11176957
11177443
11177678
11196195
11196791
11197689
11198969
11201464
11203916
11205460
11206277
11207929
11212026
11260854
11261205
11261702
11262042
11262491
11262671
11262676
11263142
11263424
11264182
11264233
11264758
11265136
11265280
11265524
11266038
11266308
11266369
11266621
11266649
11266767
11266956
11267410
11267637
11267922
11268062
11268064
11268095
11268485
11268693
11268783
11270328
11270381
11270546
11270615
11270707
11271249
11271270
11271666
11272029
11272259
11272744
11272762
11272998
11273287
11273618
11273667
11273777
11273948
11274197
11274447
11274581
11274875
11275296
11275368
11276798
11277100
11277433
11277447
11277612
11278024
11278071
11278470
11278925
11279008
11279185
11279525
11281399
11281514
11281696
11281723
11281937
11282310
11282645
11283755
11284054
11284170
11284678
11284790
11285045
11285751
11285934
11286418
11286559
11286602
11286755
11286957
11287317
11287574
11287669
11287764
11288677
11288897
11288994
11289012
11289062
11289118
11289131
11289858
11290024
11316905
11317090
11317905
11319277
11320507
11321456
11324846
11325891
11326380
11326762
11327009
11330989
11346720
11347096
11348532
11348970
11350174
11350527
11350589
11350911
11350967
11351863
11352134
11352301
11352337
11352486
11352491
11352789
11353054
11353080
11353198
11353374
11353393
11353461
11353668
11354077
11354517
11354969
11355130
11355195
11355529
11355554
11355854
11355892
11356270
11356533
11356593
11356769
11357520
11435663
11436425
11436824
11439507
11440863
11442280
11444010
11444827
11445889
11447204
11477399
11477549
11478047
11478131
11478367
11478623
11478849
11479017
11479122
11479278
11479400
11480089
11480491
11480861
11480939
11481046
11481329
11481903
11482265
11482386
11482954
11483091
11483459
11483765
11484088
11484588
11484851
11484961
11485030
11485159
11485184
11486285
11486840
11487277
11487327
11487606
11487686
11487822
11487935
11492446
11497639
11542533
11544902
11548959
11548972
11550513
11551626
11552421
11553935
11557161
11558143
11558246
11558291
11558321
11558630
11558772
11559182
11559912
11560083
11560370
11560403
11561320
11561386
11561856
11562093
11562147
11562351
11562472
11562753
11563251
11563611
11564547
11565029
11565163
11565427
11565621
11565621
11565742
11565912
11566368
11566550
11567217
11567247
11567380
11567549
11567595
11568293
11568347
11568522
11568605
11568796
11569059
11569079
11569228
11569872
11570881
11571455
11571586
11572852
11573035
11573146
11573522
11573934
11573936
11574340
11576259
11576674
11576683
11577159
11578304
11579299
11579412
11579436
11580262
11580522
11580545
11580745
11581601
11582045
11583337
11583465
11584216
11584757
11584793
11585247
11585479
11585679
11585833
11586394
11586827
11586960
11586981
11587443
11587547
11588019
11588059
11588729
11589155
11589671
11608750
11608758
11609129
11609474
11609558
11609709
11609782
11610110
11610130
11610160
11610224
11611037
11611147
11611613
11611621
11611764
11611837
11611973
11612179
11612455
11612657
11613175
11613311
11613845
11614313
11614432
11615046
11615832
11616230
11616705
11617066
11617139
11617429
11617452
11617527
11617849
11618015
11618251
11618665
11619469
11619861
11619946
11620042
11620381
11620424
11620473
11620496
11620708
11621061
11669801
11674688
11676833
11678357
11694521
11694577
11695189
11695316
11695444
11695949
11696301
11697271
11697296
11697334
11697376
11697395
11698772
11699133
11699160
11699434
11699814
11700052
11700355
11700749
11701440
11702390
11703143
11703271
11703807
11705366
11705422
11705971
11706154
11706559
11706824
11706833
11706842
11706852
11706929
11707398
11707405
11707476
11708082
11708353
11728422
11735729
11755472
11756280
11757437
11757692
11757844
11758314
11758895
11759044
11759176
11759620
11759701
11760579
11761484
11761975
11763368
11764445
11764488
11764560
11764566
11764702
11764997
11765150
11766025
11766881
11767951
11768058
11768381
11768624
11768973
11769391
11769484
11769590
11769606
11770969
11771773
11772358
11772622
11772919
11773143
11773405
11773428
11773497
11774267
11774851
11775002
11775132
11775332
11775461
11775711
11776093
11776192
11776970
11777026
11777104
11777114
11777706
11778658
11778718
11778773
11778869
11779760
11779926
11780206
11780964
11781283
11781439
11782270
11782751
11783240
11783293
11785027
11785141
11785269
11785315
11785415
11786053
11786205
11786290
11786407
11786756
11786776
11786926
11787287
11787537
11788185
11789311
11789504
11790226
11790764
11790991
11791652
11791664
11792011
11792022
11792122
11792444
11792687
11792954
11793340
11794030
11794183
11794373
11794669
11794879
11795015
11795032
11796080
11796111
11796506
11796855
11797209
11797219
11797225
11797255
11797874
11798203
11798525
11798699
11798735
11798749
11798848
11799218
11799838
11800033
11800067
11800821
11800827
11800840
11801091
11801320
11801485
11801998
11802534
11802608
11807370
11865721
11867682
11868974
11974024
11983608
11984063
11989277
11995604
12048550
12053468
12056589
12093786
12094764
12094955
12095121
12095441
12095501
12096068
12096329
12096775
12098553
12099460
12099515
12099716
12099812
12099889
12099995
12100279
12100395
12100838
12101016
12101917
12102128
12102406
12102605
12103431
12103633
12103679
12104820
12105264
12106566
12106949
12107206
12107507
12108885
12110718
12111262
12111510
12112537
12134773
12135962
12136119
12137030
12138937
12139922
12142484
12144016
12144929
12145154
12146558
12147383
12147770
12148059
12150447
12151235
12152301
12152714
12153150
12153351
12155370
12156164
12157680
12158464
12158885
12160411
12160863
12160889
12161663
12163661
12174863
12176435
12194379
12194698
12194912
12195329
12195493
12195498
12196702
12197027
12197603
12198931
12199422
12199571
12200310
12200550
12201213
12201586
12201951
12202638
12203274
12203417
12204009
12204575
12205214
12205346
12206100
12206152
12206296
12206334
12207445
12208160
12208501
12208782
12210239
12210379
12210415
12248823
12249026
12249826
12250840
12251178
12251473
12251963
12252199
12252402
12252426
12252538
12253458
12254383
12254398
12254857
12255290
12255649
12256584
12257107
12257305
12257542
12257549
12257871
12258029
12258121
12258540
12258904
12261348
12262948
12264092
12264367
12264419
12264797
12306965
12307669
12307701
12307789
12307821
12308566
12309262
12309314
12309773
12309909
12310134
12311563
12311920
12311987
12312125
12312286
12312534
12312694
12312931
12312963
12313059
12313108
12313629
12313652
12313870
12314153
12314359
12314375
12314989
12315836
12315860
12316106
12317290
12317389
12317413
12317574
12317893
12318500
12318732
12318903
12319454
12319493
12319619
12319889
12320152
12320202
12320306
12320784
12320886
12321742
12322183
12337352
12349369
12349387
12351146
12356826
12357341
12359855
12436071
12436218
12436328
12436630
12437965
12438749
12438961
12439949
12440744
12440897
12441761
12442481
12444499
12444950
12448436
12501369
12502086
12502900
12504771
12511503
12512747
12512895
12514034
12532405
12535008
12537189
12540621
12543457
12547401
12579235
12580855
12584095
12584295
12585046
12588914
12592141
12593068
12593791
12594319
12594343
12625745
12626263
12626397
12628978
12629171
12629965
12638181
12638313
12638427
12638825
12639110
12639244
12639821
12641383
12641489
12641510
12642134
12642439
12642487
12643314
12644217
12644371
12644725
12645554
12645597
12646089
12646186
12646814
12647043
12647363
12647397
12647675
12647791
12647874
12648215
12648274
12648633
12648911
12649099
12649210
12649214
12649330
12649809
12650055
12650233
12651095
12651789
12651891
12652280
12652403
12652569
12725276
12725475
12726199
12726404
12726747
12727565
12727833
12728200
12728295
12729167
12729226
12729337
12729375
12729895
12729898
12729926
12730327
12730706
12730782
12731178
12731722
12731963
12731984
12732888
12733981
12734215
12734580
12734663
12734736
12749256
12749953
12749993
12750022
12751909
12753615
12753960
12754333
12755235
12755410
12755604
12756187
12756326
12756450
12757180
12758202
12759394
12760164
12761849
12762503
12762581
12763149
12763589
12763975
12765231
12765670
12786599
12786607
12786926
12788411
12788852
12789040
12789319
12790421
12790644
12790704
12790938
12791056
12791227
12791297
12791689
12791836
12792682
12792900
12793041
12793603
12793679
12793763
12793802
12793851
12793979
12794237
12794405
12794699
12795417
12795434
12796087
12796530
12796541
12796956
12798035
12798339
12799505
12799527
12821086
12821109
12822225
12822503
12822628
12822675
12823153
12823669
12823941
12824349
12824418
12825099
12825832
12826147
12827894
12828243
12828722
12829629
12829770
12830408
12830424
12830530
12831472
12831930
12832048
12851105
12851233
12851492
12851639
12852204
12852209
12852709
12853031
12853061
12853705
12853968
12854222
12854955
12855474
12855633
12855805
12855824
12856189
12856668
12858426
12858726
12859446
12860068
12860310
12860729
12861270
12861359
12861410
12896553
12898289
12898668
12898931
12899023
12899025
12899504
12899579
12899773
12900584
12900862
12901004
12901342
12901706
12902678
12903382
12903475
12903562
12903576
12903708
12903745
12904093
12904222
12904413
12905213
12905453
12905568
12905912
12906054
12906245
12906374
12906380
12906520
12906562
12906777
12907089
12907310
12907500
12907740
12908199
12908358
12908577
12908673
12909033
12909160
12909745
12909811
12910340
12910546
12910599
12910646
12910684
12911233
12911259
12911498
12911683
12911922
12911933
12912041
12912215
12912433
12912734
12912754
12912903
12912980
12912995
12914073
12914307
12914432
12915194
12915372
12915574
12915741
12916084
12960209
12960303
12960445
12960683
12960746
12960761
12960896
12961013
12961541
12961669
12962046
12962377
12962514
12962736
12962864
12963078
12963193
12963245
12963250
12963657
12963780
12963902
12964310
12964339
12964791
12965615
12966649
12967046
12967153
12967304
12967319
12967365
12968186
12968308
12968324
12968888
12969041
12969156
12969385
12969405
12969552
12969998
12970151
12970393
13001004
13001247
13002201
13002204
13002492
13002770
13002933
13004026
13004577
13005117
13006248
13007018
13007102
13007876
13008388
13009051
13009099
13009151
13009220
13009712
13010175
13010240
13010455
13010756
13010911
13011868
13012059
13013057
13013645
13013743
13013894
13014982
13027728
13029685
13033737
13037824
13038188
13038801
13041218
13041262
13042472
13044564
13044679
13044793
13045038
13046086
13047238
13047291
13048325
13048753
13048983
13049514
13051883
13052783
13053057
13053129
13053286
13094965
13095226
13095471
13095783
13096066
13096110
13096207
13096220
13096326
13096357
13096837
13096927
13097126
13097305
13097613
13097736
13098215
13098343
13098468
13098527
13098734
13098844
13099319
13099570
13099629
13099706
13100342
13100488
13100682
13100735
13102235
13102468
13102495
13102554
13102628
13102897
13103077
13103178
13103593
13103640
13103707
13104093
13104139
13104854
13104965
13105258
13105927
13107164
13108713
13108904
13109109
13110653
13110856
13110918
13110925
13111041
13111291
13111353
13111482
13156246
13170794
13170848
13170899
13170980
13172106
13172406
13172474
13172533
13172669
13172770
13173062
13173418
13173829
13173894
13174057
13175167
13175738
13175826
13176177
13176451
13176520
13176933
13177116
13177227
13177647
13177915
13178276
13178933
13179261
13179263
13179594
13179667
13180139
13180388
13180802
13180864
13180964
13181505
13181759
13181867
13182068
13182412
13182497
13182649
13182650
13182695
13183699
13184047
13184737
13184741
13185788
13185882
13185931
13186106
13186463
13186693
13186816
13187139
13221915
13222515
13224560
13225260
13225730
13226657
13228415
13228522
13229641
13232594
13234416
13235500
13250090
13250142
13250464
13250520
13250548
13250727
13250992
13251006
13251063
13251072
13251208
13251267
13251326
13252308
13252355
13252759
13252978
13253031
13253109
13253404
13253417
13253567
13253926
13254282
13255067
13255200
13255401
13256153
13257710
13257744
13257792
13257810
13258377
13258619
13258716
13259026
13259094
13259169
13259847
13259957
13260156
13260178
13260281
13260557
13260658
13260817
13260831
13261128
13261314
13261344
13261530
13261531
13262087
13263332
13263551
13263606
13371401
13371814
13372767
13372877
13373114
13373746
13374230
13374343
13375435
13375797
13376104
13376942
13377281
13377303
13377985
13378102
13378186
13378953
13378964
13379121
13379561
13381338
13383752
13383757
13384353
13385586
13385883
13386930
13387078
13415822
13418821
13425257
13470305
13470462
13471102
13471312
13471458
13472350
13472446
13472458
13472609
13472662
13472777
13473270
13473541
13473564
13473820
13473912
13473942
13474261
13474694
13474745
13474859
13475024
13475065
13475680
13476057
13476190
13476399
13477390
13477573
13477769
13478453
13478517
13478853
13479171
13479269
13479352
13479681
13479728
13479836
13480268
13480316
13480697
13480745
13480873
13480943
13481281
13481404
13481550
13500297
13500389
13500973
13501324
13501638
13501814
13502012
13503397
13503643
13504003
13504050
13504378
13505082
13505812
13506085
13506523
13506998
13507195
13507375
13508490
13509608
13511252
13511334
13511964
13512875
13513689
13513751
13514367
13540767
13542830
13542989
13546146
13546439
13548262
13551926
13552461
13553066
13553931
13554040
13588219
13589413
13591001
13592019
13592596
13592665
13592930
13592967
13593681
13593790
13595092
13597196
13600509
13613079
13618609
13633360
13633507
13633628
13633638
13633736
13634538
13634846
13635432
13636300
13636990
13637401
13638637
13638965
13639154
13639517
13639971
13640300
13641428
13641739
13641751
13641899
13641992
13642207
13642507
13643099
13643396
13643549
13644133
13644395
13644838
13645401
13645586
13645730
13645812
13645845
13646041
13646444
13646924
13647318
13647769
13667811
13669192
13669712
13669749
13671184
13671588
13671747
13672675
13672776
13673046
13673191
13673411
13673721
13673886
13675119
13675773
13676264
13676497
13676672
13677060
13677396
13677649
13677788
13679082
13679208
13679810
13680127
13680258
13680430
13680472
13709604
13710657
13710943
13710996
13711270
13711487
13711661
13711941
13712170
13712457
13712665
13712709
13712914
13713170
13713323
13713584
13713677
13713776
13714033
13714057
13714479
13714587
13714708
13714964
13715853
13716497
13716550
13716573
13716669
13716991
13717181
13717403
13717613
13717942
13718020
13718177
13718442
13718963
13719446
13719758
13719947
13720092
13720237
13720313
13720837
13721574
13859053
13859421
13859557
13860224
13860376
13860511
13861141
13861304
13861333
13861411
13861455
13862281
13862344
13862499
13862574
13862616
13862650
13862900
13863377
13863780
13863845
13864295
13864436
13864609
13864696
13864903
13866470
13867203
13867211
13868142
13868804
13868960
13868986
13869040
13869217
13869226
13870065
13870725
13871315
13889489
13889835
13889909
13890022
13890168
13890190
13890273
13891079
13891590
13891657
13892504
13892743
13894475
13894749
13895124
13895148
13895448
13896835
13897252
13897436
13897705
13897777
13897970
13898077
13898601
13899137
13899197
13900068
13900310
13900337
13901049
13901157
13901193
13901538
13902196
13902501
13902549
13902565
13902603
13902870
13903313
13903345
13903434
13903441
13903707
13904571
13904726
13904803
13905357
13905384
13905687
13905731
13905737
13905794
13906061
13906522
13906526
13906568
13931114
13931272
13931628
13931893
13932977
13933835
13934115
13934637
13936388
13938969
13940497
13941435
13942322
13943296
13944087
13945783
13946259
13948345
13949469
13952061
13953228
13954316
14018660
14018852
14018911
14019089
14019389
14019486
14019524
14019785
14019794
14020617
14020671
14021087
14021703
14021955
14022247
14022446
14022633
14022980
14023798
14025048
14025384
14025717
14026597
14026883
14027502
14027875
14028221
14028470
14028611
14028814
14028906
14030262
14030411
14031298
14031315
14031593
14032069
14032212
14032264
14032991
14033483
14033689
14034057
14034990
14035099
14035158
14035477
14035598
14035733
14036020
14036660
14037331
14037417
14037502
14037598
14037698
14037934
14038073
14038439
14038582
14039284
14039560
14040100
14040152
14040163
14041266
14041731
14042196
14042209
14042805
14042895
14042959
14043343
14043349
14043459
14044108
14044252
14044986
14045200
14045586
14046062
14046159
14046361
14046460
14046489
14046541
14046820
14046853
14046940
14046992
14047213
14048806
14049685
14049780
14049791
14050067
14050128
14050278
14050559
14050950
14051023
14051268
14051313
14091535
14091605
14091627
14091705
14092367
14092409
14092482
14093602
14094464
14095150
14095680
14096428
14097344
14097861
14098517
14098615
14098640
14098987
14099045
14099236
14099532
14099757
14099776
14099899
14099952
14100067
14100100
14100674
14101227
14101230
14101354
14101723
14102482
14102741
14102753
14103656
14103796
14104058
14104471
14106109
14106718
14106758
14106803
14107311
14107404
14108357
14108818
14128028
14128128
14128646
14128827
14130033
14130052
14130249
14130525
14130653
14131024
14131042
14131174
14132306
14132516
14132665
14133331
14133355
14133727
14134366
14135037
14136434
14136545
14136698
14136761
14136899
14137943
14138033
14139084
14139120
14139355
14139977
14140447
14140761
14141232
14141606
14141925
14142291
14143671
14144222
14144365
14144573
14145437
14145448
14146007
14146185
14147442
14147642
14147798
14147877
14147919
14149734
14151435
14151639
14151775
14153780
14155214
14155739
14156719
14158472
14159790
14160421
14161474
14163434
14163567
14163624
14163723
14164070
14164419
14164439
14164915
14165285
14165751
14165993
14166236
14166751
14166893
14167233
14167419
14167595
14167659
14167745
14167788
14167822
14168303
14168510
14168731
14168941
14168943
14169365
14169547
14169572
14169881
14170119
14170194
14170242
14170359
14171181
14172048
14172161
14172181
14173369
14173562
14193139
14193208
14193838
14193880
14194683
14195312
14195336
14196069
14196154
14197148
14197203
14197275
14197304
14197968
14197979
14198253
14198273
14198723
14198945
14198997
14199012
14199675
14199754
14199980
14200313
14201537
14202270
14202415
14203227
14203504
14203549
14203901
14203909
14204666
14204782
14205229
14205346
14205977
14206990
14207146
14207201
14207459
14207515
14208026
14208284
14208599
14209122
14209588
14209985
14210035
14210479
14210597
14210840
14210872
14211057
14211131
14212306
14212444
14212483
14212720
14212844
14213076
14213394
14214676
14214749
14214840
14214871
14215531
14215840
14216197
14216259
14217497
14217563
14217806
14217887
14217958
14218057
14218267
14218550
14218888
14219472
14219605
14220205
14220232
14220468
14221035
14221298
14221409
14221536
14221601
14221837
14222170
14222274
14222344
14223126
14223259
14223403
14223618
14223663
14223671
14225930
14227103
14230004
14245840
14245899
14247009
14248345
14249255
14250099
14250357
14250384
14250405
14250910
14251014
14251044
14251141
14251842
14251961
14252792
14252944
14253183
14254229
14254247
14255796
14256451
14256561
14256619
14256749
14256854
14257729
14258288
14259212
14261120
14261647
14263226
14263234
14263550
14263557
14263914
14264023
14265623
14266158
14266908
14267202
14267775
14268440
14268561
14269236
14270299
14271063
14271119
14271705
14272564
14273421
14273864
14274256
14274759
14274938
14275094
14275840
14275887
14276288
14277052
14277166
14278110
14278155
14278390
14278567
14278845
14279051
14281194
14281804
14283000
14283433
14284509
14284795
14285061
14285231
14285578
14285691
14285940
14289844
14290468
14290986
14291646
14291665
14292674
14293485
14293610
14293912
14294679
14295387
14295500
14295711
14295887
14299971
14299976
14299995
14300033
14301151
14302154
14302376
14304222
14331337
14332762
14333881
14334298
14334307
14334651
14334825
14335716
14337088
14337156
14337457
14338630
14338753
14338846
14339192
14339353
14339708
14340310
14340936
14341087
14341103
14341598
14342176
14343238
14343521
14343660
14343782
14345127
14345176
14345454
14345573
14345621
14346115
14346263
14346273
14346783
14347430
14347509
14347521
14347884
14348755
14349076
14419183
14425238
14428679
14434622
14439389
14480491
14480877
14481316
14481764
14482037
14482870
14483649
14483718
14484164
14484170
14485229
14485451
14485464
14485703
14485962
14486522
14486584
14486783
14486855
14487165
14487192
14487595
14487723
14487838
14488655
14490091
14490634
14490916
14491441
14491756
14491829
14491886
14491990
14492170
14492453
14492759
14492857
14506140
14506493
14506507
14510448
14510851
14512228
14512253
14514058
14514453
14515605
14516298
14520574
14521168
14565462
14568504
14681136
14712114
14715783
14738102
14738977
14738988
14739003
14739096
14739192
14739802
14740159
14740352
14740578
14740731
14740746
14740811
14740925
14741482
14741789
14741828
14741931
14741936
14742279
14742505
14742572
14742910
14742927
14742959
14744233
14744285
14744288
14744327
14744805
14745055
14745150
14745186
14745597
14746856
14746947
14747131
14747318
14747677
14747851
14747923
14748349
14748534
14748554
14748599
14749319
14749388
14749414
14750335
14753355
14753632
14755970
14756999
14757035
14759173
14759794
14764070
14765598
14766882
14768546
14770907
14771001
14771418
14772560
14772914
14773511
14773677
14775580
14775997
14777011
14875985
14883186
14892238
14894037
14894111
14895222
14895971
14900071
14900810
14901727
14901746
14904033
14960301
14960522
14961033
14961093
14961263
14961691
14962712
14962844
14963125
14963520
14964873
14965749
14966277
14967386
14967877
14967983
14968362
14968778
14968815
14969267
14969605
14970615
14970748
14970767
14971739
14971769
14971843
14972329
14972682
14972891
14972920
14973946
14973947
14974024
14974362
14974412
14974823
14975156
14975182
14975226
15058604
15170113
15170161
15170743
15170767
15171685
15172543
15172636
15173232
15173309
15173520
15173552
15173625
15173680
15174315
15174519
15174565
15174706
15174836
15174886
15175674
15175884
15175915
15176009
15176344
15176365
15176868
15177401
15178186
15178419
15178798
15179164
15179564
15179831
15180196
15180212
15180630
15205360
15205667
15205670
15205680
15205869
15205963
15206326
15206404
15206844
15207108
15207600
15207767
15208086
15208173
15208884
15208961
15209136
15209230
15209456
15209530
15209551
15209624
15210682
15210924
15212079
15212214
15212504
15213072
15213149
15213832
15214180
15214212
15214980
15215204
15215244
15215298
15215760
15215804
15215865
15215906
15216305
15216328
15216526
15216627
15216663
15217130
15217205
15217579
15217724
15217861
15217899
15218003
15218887
15218915
15219010
15219209
15219248
15219366
15219659
15220089
15220307
15220547
15220672
15220724
15220842
15221192
15222003
15238364
15240228
15240528
15241170
15241931
15242628
15242809
15243010
15243907
15244952
15245390
15245998
15246462
15247298
15247638
15250608
15251636
15252077
15252155
15268032
15268065
15268070
15269162
15269351
15269416
15269909
15270023
15270448
15270777
15270993
15270995
15272530
15272893
15273227
15274841
15275146
15275548
15275937
15276200
15276906
15277175
15277292
15277917
15278066
15278170
15278759
15278898
15279081
15279267
15280110
15280712
15280926
15281520
15281658
15282006
15282248
15282315
15282481
15283544
15284001
15290198
15293460
15409833
15419490
15419710
15420890
15420893
15421873
15422025
15422038
15422286
15422444
15422678
15422720
15423213
15423280
15423685
15423935
15424090
15424882
15425076
15425976
15426554
15426676
15426856
15427966
15428069
15428196
15428327
15428788
15428952
15429322
15429498
15429763
15434144
15435481
15437133
15438436
15439086
15439257
15440911
15441559
15445233
15446752
15447372
15563675
15563775
15563838
15563870
15564062
15564520
15564892
15565054
15565110
15565151
15566288
15566346
15566624
15567069
15567104
15567353
15567486
15567716
15567909
15568055
15568366
15568395
15568500
15568550
15568686
15568795
15569185
15569607
15569631
15570355
15570627
15571189
15571601
15571913
15571921
15572017
15572345
15572448
15572509
15572564
15573207
15574522
15574685
15653212
15675427
15685012
15687994
15703385
15703940
15703996
15704253
15704344
15704604
15704832
15705369
15705468
15706316
15706352
15706499
15706532
15706950
15707179
15707816
15709220
15709401
15709464
15709586
15709831
15709855
15710023
15710055
15710116
15710173
15710226
15710774
15710991
15710996
15711005
15711294
15711479
15711507
15711637
15711792
15711874
15712241
15712955
15713134
15713229
15713244
15713428
15713614
15714013
15714423
15714541
15714727
15714821
15717145
15717581
15717652
15718429
15719901
15722318
15722563
15722585
15723275
15723687
15724374
15726474
15726795
15727256
15728415
15729419
15729862
15730182
15730886
15731176
15731406
15733553
15733647
15734177
15734652
15735814
15735874
15736497
15736559
15736808
15738931
15738984
15739490
15739866
15740396
15740597
15742041
15742199
15743537
15744147
15744458
15745008
15745444
15746482
15746538
15746558
15747025
15747352
15747416
15747593
15748132
15749003
15749094
15749293
15750006
15750309
15750602
15750688
15750834
15751067
15751325
15751369
15751621
15751876
15752799
15752937
15753278
15753776
15753868
15753890
15754285
15754806
15755513
15756002
15756126
15756284
15756490
15756646
15756742
15757142
15757231
15758943
15759645
15760154
15760321
15760526
15793855
15794260
15794396
15795355
15796005
15796280
15796719
15796984
15797290
15799567
15799709
15800351
15800640
15801499
15802698
15837359
15840475
15847579
15854553
15946321
15949315
15950959
15951958
15953229
15953667
15955127
15956415
15957654
16045785
16045920
16046222
16046360
16046490
16047105
16048413
16048840
16048965
16048999
16049070
16049273
16049508
16049599
16050577
16051310
16051831
16052223
16052344
16052372
16052491
16052605
16053139
16053552
16053652
16054160
16054197
16054321
16054733
16054818
16054837
16055329
16055461
16055921
16056560
16056897
16057394
16057888
16058725
16059188
16059260
16059706
16059911
16059979
16060045
16060211
16061313
16061850
16062217
16063630
16067265
16067541
16069603
16074431
16091246
16092158
16092233
16092323
16092673
16092889
16093109
16093780
16094697
16095184
16095462
16096730
16096975
16097650
16098064
16098645
16099019
16099270
16099886
16100155
16100658
16101811
16102775
16115222
16115798
16116990
16117224
16117489
16117972
16118871
16118881
16120170
16120647
16121011
16121685
16121939
16121962
16122267
16122742
16123226
16124752
16125358
16125600
16126315
16126359
16126628
16128387
16128666
16129454
16129779
16129825
16130796
16131736
16131944
16132227
16132588
16132853
16133085
16133472
16134140
16134421
16134658
16135476
16135702
16136009
16136058
16136578
16137261
16137864
16138234
16138767
16138934
16139114
16139691
16140214
16141781
16141992
16142383
16143242
16143527
16143535
16143649
16144855
16144867
16145029
16145034
16147218
16147677
16192916
16192993
16198459
16202516
16202632
16207861
16207880
16208034
16208603
16208713
16209016
16209629
16209752
16209817
16209849
16210160
16210234
16210322
16210868
16210978
16211210
16211263
16211272
16211389
16211532
16211591
16211648
16211959
16212361
16213334
16213527
16214995
16215140
16215412
16215533
16215610
16215891
16215958
16216792
16216880
16217128
16217265
16217527
16217556
16217828
16218053
16218568
16218644
16219109
16219188
16219301
16219360
16292104
16292122
16292417
16292508
16292525
16292966
16293062
16293589
16295523
16296930
16299041
16300540
16300623
16302212
16304146
16305938
16306060
16307006
16378036
16378609
16378757
16379495
16382078
16382914
16383807
16384218
16384991
16385021
16386902
16388341
16389807
16390149
16406090
16406207
16406509
16406740
16407740
16407908
16407939
16408299
16408705
16409068
16409076
16409110
16409532
16409561
16409627
16409813
16411378
16411703
16411712
16412095
16412522
16412571
16414098
16414814
16415985
16416332
16417384
16417609
16418058
16418162
16418239
16418291
16486442
16487039
16490299
16490998
16493405
16494240
16494432
16494679
16519273
16547816
16554004
16554327
16554689
16555054
16555481
16555930
16556080
16556199
16556215
16556617
16556931
16557025
16557559
16557588
16558092
16558163
16558458
16558650
16559081
16559161
16560397
16561370
16561561
16562161
16563220
16563441
16563732
16563735
16564304
16565024
16565126
16565424
16565477
16565822
16566650
16567181
16568237
16568276
16568513
16568631
16568760
16568918
16569706
16570130
16570474
16570674
16570797
16571028
16571207
16571286
16571568
16571652
16571726
16572128
16572318
16572339
16573086
16574477
16575345
16576811
16577489
16579533
16579622
16580760
16581039
16581811
16582133
16583357
16584098
16584232
16584981
16587190
16590147
16591869
16633902
16635297
16635905
16636263
16636407
16636571
16636786
16637266
16638052
16638400
16638626
16639155
16639247
16639364
16640788
16641358
16641666
16642740
16643216
16643344
16644512
16711452
16711547
16711568
16711845
16712662
16713658
16713734
16714100
16714225
16714967
16714975
16715203
16715682
16716105
16716528
16717812
16718157
16718378
16719651
16720346
16720472
16739564
16739612
16739815
16739884
16740003
16740456
16740851
16740873
16741050
16741545
16741665
16741956
16742042
16742368
16742515
16742672
16742965
16743240
16743860
16744148
16744239
16744504
16744705
16744801
16745477
16745653
16746294
16746297
16746507
16746892
16746989
16747207
16747227
16747721
16747846
16748156
16748368
16748481
16748594
16748755
16748854
16787013
16787046
16787251
16787369
16787375
16788305
16788403
16789228
16789648
16789786
16790329
16790433
16790447
16790456
16790757
16790805
16790982
16791754
16792037
16792305
16792959
16793037
16793176
16793423
16793531
16793756
16794267
16794569
16794656
16794687
16794710
16794753
16795233
16795277
16795535
16796096
16796371
16796726
16797036
16797282
16797299
16797462
16798132
16798290
16798328
16799040
16799041
16799117
16799222
16799530
16799666
16799878
16799959
16800651
16801121
16801697
16801833
16802015
16802557
16802584
16802878
16802880
16803057
16803680
16803878
16804335
16804890
16804954
16805970
16806859
16806985
16807158
16807212
16807574
16807709
16807911
16808203
16808205
16808275
16808404
16809063
16809678
16809785
16809828
16810435
16810647
16810715
16810866
16811758
16811922
16812718
16812784
16812820
16812877
16813272
16813773
16814030
16814070
16814412
16814447
16814729
16814741
16814745
16814752
16815155
16815640
16815782
16835333
16835341
16835394
16835709
16836230
16836570
16836605
16836830
16838012
16838318
16838435
16838525
16838675
16838794
16838817
16839684
16839965
16839993
16840012
16840781
16840870
16840941
16841107
16841191
16841199
16841388
16841884
16842252
16842365
16842573
16842857
16842978
16843132
16843475
16844273
16844436
16844450
16844474
16845260
16845411
16845463
16845815
16847280
16848765
16850249
16852596
16852696
16853915
16853943
16855134
16876837
16884077
16891726
16896815
16897512
16897732
16902911
16902992
16905324
16938426
16940183
16940893
16942854
16944340
16945592
16945886
16947076
16947340
16947546
16948792
16949503
16950370
16950948
16951329
16952653
16953271
16953568
16953778
16954071
16955092
16955145
16955290
16955354
16955986
16956139
16956291
16956506
16956967
16957062
16957250
16957845
16957971
16958011
16958426
16958502
16958570
16959081
16959649
16960596
16960766
16960785
16960827
16960940
16961170
16961281
16961327
16962449
16963172
16963958
16964092
16964123
16964143
16964236
16964325
16964606
16964658
16964726
16964946
16965634
16965690
16965779
16966034
16966154
16966472
16966488
16966754
16966799
16966933
16967075
16967088
17168336
17180834
17181152
17181319
17181401
17181413
17181501
17181528
17181602
17181757
17181928
17181978
17182375
17182710
17182797
17182918
17183441
17183518
17183793
17185011
17185088
17185292
17186024
17186196
17186372
17186656
17186857
17186965
17187199
17187661
17187713
17187747
17187827
17188580
17188674
17188732
17188744
17188826
17188897
17188947
17189043
17189293
17189594
17190071
17190281
17190921
17191064
17191291
17191600
17191833
17191857
17192598
17192680
17192767
17192815
17192935
17193078
17193167
17193326
17193706
17194511
17194575
17194672
17195000
17195325
17195644
17195671
17195948
17195962
17196114
17196297
17196512
17196694
17208018
17217427
17383974
17386288
17386670
17386796
17387472
17387868
17389006
17389195
17389921
17390117
17390342
17391922
17392006
17392560
17393612
17393891
17416832
17418020
17418915
17419324
17447591
17447704
17447810
17448462
17448584
17449144
17449211
17449675
17449830
17450261
17450267
17450832
17450984
17452457
17453228
17453320
17453578
17454443
17454821
17455078
17455829
17456088
17456772
17457164
17457845
17457912
17457913
17458117
17458786
17459008
17459107
17459226
17459780
17459797
17461775
17462068
17462211
17463577
17464066
17464398
17464522
17464982
17465183
17465228
17465478
17465860
17465921
17466421
17466503
17466528
17466729
17466843
17467507
17468519
17468760
17468925
17469531
17469814
17470016
17470056
17470938
17471473
17471599
17471616
17471667
17471981
17472396
17472969
17473128
17473293
17473374
17474000
17474076
17474414
17474466
17474588
17475346
17475392
17475805
17476595
17476616
17476709
17476928
17477096
17477108
17479524
17479603
17479664
17479889
17479967
17480095
17480116
17480254
17480261
17480461
17480624
17481035
17481151
17481426
17481854
17481975
17482268
17482440
17482477
17482555
17482901
17483625
17483640
17483842
17483915
17483984
17484231
17484786
17484917
17485010
17485432
17485679
17485686
17485689
17486184
17486311
17486400
17486446
17486968
17487083
17487132
17487572
17488041
17488371
17488832
17489052
17489093
17489173
17489448
17489714
17489719
17489948
17490071
17490345
17490521
17490750
17490912
17490927
17491148
17491159
17491202
17491283
17491529
17491744
17491897
17492055
17492761
17493082
17493128
17493473
17493569
17493633
17493814
17493865
17494544
17495540
17495779
17496131
17496262
17496509
17497259
17497290
17497657
17497751
17498565
17498707
17498882
17498951
17499148
17499192
17499479
17501053
17503906
17504269
17505542
17508977
17511345
17512251
17512783
17513652
17514068
17652432
17652566
17652595
17652815
17658589
17732924
17735753
17737671
17738940
17743843
17745033
17746225
17748025
17748242
17760058
17760525
17760827
17761418
17761710
17763426
17765554
17766939
17767198
17767426
17860442
17860532
17860610
17861455
17861542
17861583
17861884
17861984
17862089
17862267
17862537
17862783
17862976
17863133
17863955
17863981
17864366
17864467
17864470
17864690
17864771
17864900
17865556
17865651
17865668
17866419
17866528
17867325
17867338
17868733
17868976
17870082
17870162
17870701
17870763
17871697
17871748
17871902
17872359
17888893
17888905
17889394
17889648
17889925
17890070
17890450
17890838
17890864
17891397
17891496
17891620
17891692
17892438
17892669
17893052
17893133
17893325
17893367
17893373
17893597
17893607
17893743
17893792
17893796
17893947
17894143
17894233
17894307
17894647
17894986
17895138
17895211
17895643
17895740
17896086
17896559
17896577
17896606
17897387
17897442
17897750
17897964
17898076
17898137
17898351
17898383
17898593
17898880
17899055
17899776
17899974
17900385
17900648
17901192
17901277
17901485
17901956
17902179
17902378
17902472
17903181
17903233
17903533
17904033
17935788
17999795
18001403
18002609
18004817
18007498
18010518
18014001
18015893
18017736
18019792
18020816
18021246
18022334
18024632
18024805
18027980
18053955
18057904
18058754
18059073
18059203
18059478
18061427
18061514
18062713
18062793
18065503
18067225
18067360
18067432
18067839
18068670
18069458
18070484
18071158
18233512
18233567
18236433
18269006
18269217
18271679
18274483
18274684
18275059
18276131
18279227
18279413
18279420
18284101
18325622
18325854
18326365
18327180
18327392
18327781
18327845
18328515
18328597
18328914
18329172
18329330
18329401
18329879
18330022
18330696
18331093
18331151
18331380
18331647
18331666
18332651
18332802
18332841
18333003
18333556
18333583
18333585
18333673
18333740
18334453
18334670
18334928
18335360
18335376
18335594
18335672
18335714
18336064
18336174
18336271
18336327
18336830
18336985
18337474
18337642
18337746
18337901
18337995
18338259
18338521
18338522
18338638
18339169
18339499
18339771
18339932
18340106
18340126
18393739
18394088
18394185
18436422
18437134
18437661
18437829
18438163
18438449
18440869
18440872
18442219
18442326
18442554
18443198
18444109
18444233
18444551
18444958
18445146
18489856
18540248
18540966
18542536
18544235
18544572
18545998
18546828
18547986
18550425
18552185
18554217
18554438
18554601
18555024
18555121
18558231
18560174
18561151
18561902
18564606
18565737
18567229
18568111
