108505
109297
109516
109675
112597
113398
114293
115162
115306
115402
116271
116860
117174
117489
117637
117862
119669
120201
120763
121671
121974
122023
123422
124049
124141
124195
125177
126573
126834
127079
127391
127674
127718
127815
127828
127934
127965
128445
128535
128734
128913
129221
129344
129823
129951
130076
130135
130342
130452
130927
131178
131237
131314
131950
132096
132290
132343
133843
134076
134103
134162
134236
134505
134685
134786
135201
135248
135315
135701
135747
136462
136573
136866
137535
138772
140321
140512
140717
142261
142464
142526
142533
142649
142899
142961
143090
146454
147648
149236
150254
150831
150900
151165
151202
151916
152025
153327
155431
158744
202226
202425
203149
203354
203697
204515
204783
205150
205245
206117
206176
206287
206325
206845
206848
206876
207277
207656
207732
208128
208672
208913
208934
209838
210931
211165
211530
211613
211686
212664
212945
213163
214466
214726
217019
218781
218983
221291
227190
227759
293204
296079
301721
304434
305607
305683
305913
306656
307075
307122
307125
307383
308232
308347
308810
309820
310519
310625
310796
311273
311419
311802
312797
312830
313305
313432
313514
313847
314174
314777
314914
315097
315269
315328
315346
316569
316769
317172
317240
318112
318434
319193
319393
319466
320293
320563
320798
321146
321446
321448
433024
434361
436013
437316
437966
438137
439791
440439
444113
445632
446252
448217
448622
448763
448885
449258
449498
449515
449706
450191
450908
451059
451344
451383
451525
451904
452107
452414
452677
452707
453238
453328
453380
453604
453754
454617
454736
455515
455558
455601
456453
456698
457121
457206
457825
458080
458122
458148
458665
459232
459342
459454
459496
459550
459814
459960
460486
460762
461025
461145
461397
461583
461642
462747
462758
464029
464450
465313
465513
466004
466028
466855
467193
467572
468638
469278
469483
470009
470102
470412
471783
473098
473170
473729
474584
475226
475845
476043
476440
476783
477367
479005
479078
479181
480342
490573
494663
495151
495981
495986
496000
496149
496295
496479
496495
496533
497274
497732
497852
498242
498252
498323
498484
498602
499107
499568
499840
500052
500200
500444
500491
500499
501443
502691
503004
503522
504151
504189
504315
504478
504504
505521
505882
506038
506648
506753
507715
508894
509005
509111
510813
511324
511554
512011
512141
512424
512461
512882
513830
550040
550490
550691
550801
550847
551897
552224
552238
552360
552472
552945
553324
553663
553979
554276
554356
554864
554949
555336
555411
555574
555918
556192
556525
556803
557084
557128
557693
557703
558207
558404
559709
559757
559920
560148
560171
560245
560922
561084
561224
561327
561729
561785
561833
561899
561917
562038
562463
562522
562631
562635
562900
564657
565367
567328
568814
570066
570360
571550
571814
572020
573266
573977
574844
575422
575803
577127
643826
643926
643996
644116
644170
644196
644687
644794
644798
646152
646513
646551
646589
646736
647476
648026
648443
648822
648861
649093
649758
650027
650207
650374
650383
650642
651510
651513
651551
651756
652218
652403
652509
652875
653335
653369
654216
808599
809669
809776
810099
810342
810691
811109
811202
811308
811324
812687
813491
814076
814340
814637
814861
815123
815146
815215
815985
816569
816720
816850
817050
817179
817429
817811
817910
818688
818744
818822
818832
819424
820376
820436
820491
820587
821478
821644
821924
822682
823001
823157
823988
824469
824958
825011
836248
837637
839378
840031
841563
841611
842167
842916
843072
843249
843324
843330
844014
844023
844969
845110
846262
847571
848345
849473
849497
850401
850818
850898
851325
851511
852298
853305
853646
854338
854509
854757
855087
855310
855935
855951
856283
856997
857393
857830
858284
858358
859359
859852
860646
860864
862423
864014
893226
893618
893847
893977
894046
894446
894764
894784
895261
895555
895588
895652
895740
895798
895915
895983
895999
896156
896737
896900
897266
897301
897565
898360
898527
898791
899288
899442
899656
900004
900139
900172
900224
900362
900443
900509
900573
900608
900891
901065
901283
901313
901968
902543
902926
903033
903128
903188
904103
904128
904404
904488
904848
904885
905333
905489
905760
906033
906137
906160
906342
906453
906644
906846
906912
907210
907373
907692
907778
907830
908537
908656
908915
908999
909033
909066
909176
909557
909654
909833
910029
999637
1012587
1045229
1045589
1048697
1049702
1049747
1049870
1052435
1053388
1067792
1231573
1231618
1231648
1231957
1232099
1232509
1233239
1233410
1233697
1233730
1234647
1234713
1235183
1235420
1235474
1235678
1235799
1236080
1236578
1236938
1237874
1238356
1238490
1238754
1238948
1238948
1239069
1239239
1239695
1239877
1240544
1240574
1240707
1240876
1240922
1241620
1241674
1241849
1241932
1242123
1242386
1242406
1242555
1243199
1244186
1244502
1244938
1245196
1245288
1245410
1247161
1248042
1248109
1248694
1248818
1248930
1249014
1249897
1250279
1250312
1250558
1250651
1250662
1250889
1251279
1251358
1251964
1252306
1252336
1252706
1252736
1252782
1253250
1253378
1253892
1254322
1254451
1254620
1254698
1254849
1255155
1255427
1255696
1256003
1256231
1256412
1258245
1258857
1259096
1260001
1260521
1260523
1260564
1260715
1260809
1261262
1261499
1261551
1261660
1275921
1276387
1276498
1276629
1277247
1277318
1277790
1277993
1278108
1278731
1279219
1280002
1280347
1281198
1282456
1282789
1282994
1283414
1283670
1283932
1284200
1284889
1286145
1286155
1286336
1286433
1286954
1287143
1287725
1288063
1288139
1288649
1288782
1289018
1289387
1289675
1290532
1290590
1291073
1291187
1292297
1292525
1293010
1293200
1293947
1293954
1294145
1294395
1295613
1295971
1296154
1296355
1297181
1298140
1298355
1299350
1299398
1299521
1300245
1300572
1300751
1300817
1301311
1301596
1301652
1301705
1301989
1302235
1302318
1302424
1302615
1302898
1303541
1304141
1304300
1307655
1309718
1309877
1313034
1313327
1315150
1318814
1319349
1319954
1320819
1320928
1365872
1365941
1366627
1368826
1368966
1369625
1369833
1370708
1370847
1371088
1372584
1373252
1373775
1374187
1375145
1376381
1379557
1380460
1381256
1381878
1382363
1382792
1384007
1384214
1385105
1385886
1385941
1387259
1388610
1392521
1394158
1394336
1395253
1395447
1397299
1397712
1398619
1400377
1401771
1402184
1407097
1409935
1411712
1411804
1411906
1412051
1412107
1413305
1413783
1414375
1414527
1414546
1414576
1414924
1415133
1415370
1415615
1415681
1415890
1416230
1416231
1416235
1416240
1416334
1416391
1416586
1416994
1417122
1417201
1417221
1417486
1418368
1418464
1419019
1419357
1419593
1419607
1419682
1419723
1419801
1419856
1419942
1419979
1419997
1420065
1420182
1420286
1420466
1420657
1420780
1420784
1420891
1421410
1421477
1421850
1425822
1431877
1435318
1450013
1451585
1455802
1455907
1456782
1457341
1458265
1460173
1460700
1462279
1462287
1462603
1462610
1462967
1463076
1464676
1465211
1465961
1466255
1466828
1467493
1467614
1468289
1469352
1470116
1470172
1470758
1471617
1472753
1472881
1473140
1473287
1473852
1473857
1474357
1474679
1474709
1475353
1475616
1475870
1476603
1477122
1477281
1477453
1477472
1477837
1478316
1480074
1480374
1481094
1481716
1481958
1482377
1482918
1483007
1483058
1623229
1626568
1627133
1628254
1672534
1672534
1673305
1674738
1675015
1675158
1675180
1675442
1676298
1676432
1676745
1676971
1677174
1677204
1677233
1677352
1678255
1678342
1678364
1678449
1678584
1679184
1680185
1680356
1680965
1681372
1681514
1681640
1681768
1681946
1682061
1682678
1682871
1683161
1683672
1684535
1685692
1686527
1686956
1687527
1687532
1687852
1687882
1688249
1729825
1744870
1745097
1747135
1749170
1749762
1752181
1755008
1756317
1758844
1759059
1759634
1759938
1759951
1760347
1798375
1800039
1802400
1802494
1802911
1804053
1804407
1805004
1805170
1807073
1807490
1808504
1873595
1875459
1875759
1876401
1877162
1877859
1878040
1878241
1879138
1880183
1880621
1881229
1881693
1882529
1882869
1885839
1886867
1887308
1887386
1888315
1892183
1901521
1901613
1902197
1902548
1902862
1903038
1903236
1904621
1904867
1905227
1905274
1905602
1906306
1907036
1907309
1907747
1908222
1908419
1908599
1909714
1910832
1912476
1912558
1913188
1914099
1914913
1914975
1915591
1933863
1934268
1934404
1935363
1936013
1936288
1936727
1936992
1937298
1939575
1939717
1940359
1940648
1941507
1942706
1944797
1947956
1949677
1949810
1950946
1951048
1951514
1951595
1951913
1952180
1952565
1952919
1972965
1974612
1974942
1976047
1978230
1979826
1980254
1980470
1982362
1983032
1983982
1984597
1985188
1985595
1986129
1988008
2035406
2036517
2037246
2037270
2039594
2040622
2040933
2041552
2042182
2042289
2042762
2042794
2042865
2043813
2043923
2048283
2049058
2049060
2049159
2077253
2079214
2080506
2117459
2130577
2134634
2134647
2136188
2137301
2138096
2139610
2142836
2143818
2144204
2144449
2144507
2144576
2144734
2145123
2145606
2145685
2145796
2146118
2146742
2146775
2147026
2147086
2147117
2147673
2147914
2148031
2148313
2148469
2148479
2149188
2149278
2149843
2149916
2150389
2150439
2150518
2150652
2150829
2151315
2151886
2152181
2152212
2152349
2152997
2153001
2153483
2153539
2154179
2154763
2155123
2155197
2155965
2156430
2156435
2156956
2157763
2158055
2158272
2158410
2158459
2158580
2158593
2159310
2160087
2160164
2160390
2160757
2160899
2161850
2161972
2162111
2162837
2163052
2163784
2163814
2163912
2163967
2164494
2165159
2165758
2166423
2166820
2167577
2168383
2169003
2169026
2169202
2169658
2170435
2173572
2175393
2194375
2194427
2194779
2196244
2197729
2199213
2201560
2201660
2202879
2202907
2204098
2222711
2222729
2223024
2223115
2223132
2223573
2223669
2224196
2226130
2227537
2229648
2231147
2231230
2232819
2234753
2236545
2236667
2237613
2255305
2255781
2257867
2258991
2261583
2262750
2263838
2286268
2288004
2288383
2288646
2288738
2288740
2289219
2289294
2289488
2290299
2290577
2290719
2291057
2291421
2292393
2293097
2293190
2293277
2293291
2293423
2293460
2293808
2293937
2294128
2294928
2295168
2295283
2295627
2295769
2295960
2296089
2296095
2296235
2296277
2296492
2296804
2297025
2297215
2297455
2297914
2298073
2298292
2298388
2298748
2298875
2299460
2299526
2300055
2300261
2300314
2300361
2300399
2300948
2300974
2301213
2301398
2301637
2301648
2301756
2301930
2302148
2302449
2302469
2302618
2302695
2302710
2303788
2304022
2304147
2304909
2305087
2305289
2305456
2305799
2321709
2322016
2322019
2322029
2322218
2322312
2322675
2322753
2323193
2323457
2323949
2324116
2324435
2324522
2325233
2325310
2325485
2325579
2325805
2325879
2325900
2325973
2327031
2327273
2328428
2328563
2328853
2329421
2329498
2330181
2330529
2330561
2331329
2331553
2331593
2331647
2332109
2332153
2332214
2332255
2332654
2332677
2332875
2332976
2333012
2333479
2333554
2333928
2334073
2334210
2334248
2334352
2335236
2335264
2335359
2335558
2335597
2335715
2336008
2336438
2336656
2336896
2337021
2337073
2337191
2337541
2338352
2340237
2340351
2340479
2340525
2340625
2341263
2341415
2341500
2341617
2341966
2341986
2342136
2342497
2342747
2343395
2344521
2344714
2345436
2345974
2346201
2346862
2346874
2347221
2347232
2347332
2347654
2347897
2348164
2348550
2349240
2349393
2349583
2349879
2350089
2350225
2350242
2351290
2351321
2351716
2352065
2352419
2352429
2352435
2352465
2353084
2353413
2353735
2353909
2353945
2353959
2354058
2354428
2355048
2355243
2355277
2356031
2356037
2356050
2356301
2356530
2356695
2357208
2357744
2357818
2369533
2374378
2376950
2380050
2383245
2384966
2385361
2413335
2419019
2419323
2419529
2419777
2419977
2421136
2421471
2421515
2421657
2422008
2422259
2422468
2423283
2423510
2423813
2424093
2424440
2424757
2424891
2424914
2425007
2425320
2425515
2426291
2426489
2426758
2427493
2427624
2427743
2427877
2428022
2428040
2428181
2428347
2429059
2429224
2429344
2429441
2429576
2429656
2430213
2431120
2431216
2431225
2431317
2431789
2431832
2431895
2432320
2433020
2433137
2433427
2433698
2433942
2433956
2456383
2460288
2465922
2495782
2498385
2500566
2503998
2506834
2510778
2511133
2511697
2512285
2512455
2512682
2512914
2514121
2514921
2514957
2515027
2516010
2516093
2516464
2516736
2517500
2518289
2519125
2521700
2552659
2580237
2580326
2580543
2580549
2580645
2581503
2581671
2582045
2582175
2582481
2582557
2583004
2583125
2583233
2583674
2583675
2583800
2583981
2584573
2584771
2584926
2584996
2585479
2586223
2586345
2586487
2586694
2586804
2587555
2588081
2588666
2588836
2588874
2589416
2590003
2590021
2590160
2590201
2590246
2590291
2590412
2591307
2612096
2612144
2612726
2612750
2613668
2614526
2614619
2615215
2615292
2615503
2615535
2615608
2615663
2616298
2616502
2616548
2616689
2616819
2616869
2617657
2617867
2617898
2617992
2618327
2618348
2618851
2619384
2620169
2620402
2620781
2621147
2621547
2621814
2622179
2622195
2622613
2659704
2660259
2660315
2660572
2660663
2660923
2661151
2661688
2661787
2662635
2662671
2662818
2662851
2663269
2663498
2664135
2665539
2665720
2665783
2665905
2666150
2666174
2666342
2666374
2666435
2666492
2666545
2667093
2667310
2667315
2667324
2667613
2667798
2667826
2667956
2668111
2668193
2668560
2669274
2669453
2669548
2669563
2669747
2669933
2670332
2670742
2670860
2671046
2671140
2694429
2701748
2703083
2703111
2703404
2703606
2703960
2704356
2704362
2704481
2704687
2705419
2705479
2705552
2705607
2705822
2706172
2706245
2706446
2706638
2706822
2707233
2707685
2707847
2707922
2708137
2708415
2708888
2709022
2709075
2709138
2709193
2709561
2710417
2710499
2710522
2710756
2711223
2712188
2712311
2712535
2712555
2712747
2713568
2713594
2713800
2714179
2714570
2714678
2714688
2714748
2715261
2715461
2715809
2716160
2716220
2716305
2716716
2716800
2716864
2716873
2717062
2717144
2717321
2717576
2717969
2718375
2718761
2718825
2718909
2719196
2719299
2913761
2914900
2915079
2918286
2918786
2918833
2925037
2925529
2925608
2928536
2931833
2933719
2933909
2934075
2934233
2934533
2934929
2936559
2936843
2937193
2937329
2937362
2937401
2937638
2938198
2938642
2938650
2939057
2940159
2940862
2940878
2941477
2941540
2941645
2943182
2943403
2943564
2943786
2944000
2944705
2945729
2945835
2946092
2946279
2946636
2946708
2948826
2948856
2949020
2949374
2949401
2949541
2950153
2950383
2950441
2950565
2950896
2951063
2951557
2952344
2952703
2953719
2953736
2954005
2954279
2954647
2955151
2955378
2956195
2957075
2958057
2958311
2958730
2959033
2959820
2960053
2960420
2960467
2960692
2961430
2962121
2962170
2962278
2962464
2962731
2963001
2963089
2963851
2963899
2964228
2964863
2965165
2965322
2966212
2967666
2967680
2967721
2967914
2968558
2968586
2968657
2968774
2968884
2969359
2969511
2970150
2971507
2971515
2971886
2972231
2972315
2972466
2972539
2972867
2972887
2972917
2972981
2973794
2973904
2974370
2974378
2974521
2974594
2974730
2974936
2975212
2975414
2975932
2976068
2976602
2977070
2977189
2977803
2978589
2978987
2979462
2979823
2979896
2980186
2980209
2980284
2980606
2980772
2981008
2981422
2982226
2982618
2982703
2982799
2983138
2983181
2983230
2983253
2983465
2983818
3015299
3015875
3017067
3017301
3017566
3018049
3018948
3018958
3020247
3020724
3021088
3021762
3022016
3022039
3022344
3022819
3023303
3024829
3025435
3025677
3026392
3026436
3026705
3028464
3028743
3029531
3029856
3029902
3030873
3072018
3090780
3092388
3093594
3095802
3098483
3101503
3104986
3106878
3108721
3135341
3135496
3142365
3143780
3143901
3145401
3149703
3152203
3189307
3192160
3192523
3193796
3197231
3199599
3200505
3201037
3201906
3202322
3202849
3205756
3208002
3209027
3209929
3212130
3214570
3216683
3282941
3284397
3285684
3285831
3287285
3288148
3288335
3288407
3290843
3291508
3292511
3292801
3292834
3292939
3293907
3294064
3294242
3294337
3294963
3294992
3296148
3296983
3297121
3298129
3360012
3360109
3360124
3360437
3360726
3361160
3361394
3361739
3362226
3362270
3362347
3362829
3363044
3363101
3363129
3363660
3363991
3364256
3364620
3364621
3364919
3365202
3365512
3365736
3365743
3365868
3365901
3366025
3366611
3366863
3367372
3367403
3367431
3367486
3367675
3368399
3368408
3369116
3369121
3369508
3369941
3370075
3370155
3370444
3370748
3371417
3371491
3404424
3405106
3405138
3405334
3405466
3407302
3407798
3409637
3446840
3447468
3447891
3448398
3448888
3448952
3448971
3449052
3449596
3449699
3449898
3451169
3451455
3451589
3451649
3451755
3451916
3451973
3452613
3452660
3454099
3454652
3455490
3456022
3456534
3456549
3457128
3457195
3457217
3457648
3457808
3458319
3458382
3458546
3458554
3656456
3666040
3666495
3725118
3725246
3725277
3725410
3725621
3725658
3725799
3725863
3726260
3726399
3726423
3726446
3726665
3726729
3726844
3727045
3727233
3727268
3727356
3727450
3727529
3727685
3727820
3728139
3728248
3728305
3728594
3729848
3729915
3730148
3730292
3730604
3730715
3730942
3731712
3731755
3732036
3732462
3732521
3732732
3732784
3732816
3732865
3733686
3733807
3733923
3734940
3734999
3735271
3735403
3735533
3735574
3735962
3736097
3736474
3736908
3737056
3737099
3737451
3737452
3737539
3737640
3738218
3738246
3738271
3738570
3738633
3738659
3738729
3738752
3738753
3738796
3739028
3739139
3739432
3739468
3740171
3740210
3740684
3741258
3741432
3742251
3742328
3742739
3743180
3743266
3796336
3825673
3825801
3826688
3827072
3827115
3827154
3827191
3827322
3828291
3828594
3829044
3829430
3829949
3829961
3830302
3830930
3831321
3831431
3832153
3833914
3834350
3834584
3835023
3835339
3835669
3835768
3836175
3837478
3851139
3851847
3852635
3852842
3852972
3853112
3853152
3853649
3854338
3854585
3854790
3855185
3855251
3855274
3855861
3856475
3856518
3857121
3858124
3858159
3858554
3859432
3859558
3859623
3859899
3860087
3860395
3861226
3862364
3862482
3862504
3862635
3863048
3863354
3863412
3863419
3863420
3863680
3863721
3863769
3864409
3864628
3864632
3864935
3865004
3865088
3865257
3866381
3866740
3866768
3866777
3866908
3867436
3867840
3867958
3868188
3868191
3868587
3868624
3869251
3869349
3869742
3869913
3888764
3888916
3889018
3889020
3889093
3889259
3889369
3889747
3890747
3890925
3891145
3891192
3891232
3891237
3891321
3891546
3892312
3892656
3893455
3893494
3893767
3894135
3894541
3894735
3894815
3895370
3895436
3896064
3896135
3896296
3896534
3896642
3897075
3897083
3897402
3897570
3897885
3898198
3898403
3898524
3898657
3898676
3898790
3898928
3899132
3899423
3899816
3899923
3899987
3900428
3900722
3901200
3901419
3901428
3901551
3902168
3902334
3902505
3903335
3903608
3923669
3923725
3924337
3924464
3924592
3925097
3925449
3926419
3926444
3926482
3926524
3926543
3927920
3928281
3928308
3928582
3928962
3929200
3929503
3929897
3930588
3931538
3932291
3932419
3932955
3934514
3934570
3935119
3935302
3935707
3935972
3935981
3935990
3936000
3936077
3936546
3936553
3936624
3937230
3937501
3938252
3939555
3944756
3945350
3945634
3950906
3950983
3951565
3952524
3952937
3953537
3969041
3969356
3969416
3969802
3970290
3970903
3971013
3971223
3971383
3971405
3971755
3971801
3972678
3972930
3973050
3973192
3973630
3973733
3973924
3974015
3974129
3974649
3974882
3974890
3975291
3975740
3976204
3976263
3976394
3976740
3976911
3977381
3977566
3977796
3977830
3978038
3978107
3978195
3978511
3978558
3978565
3978698
3978709
3978793
3978947
3979529
3979929
3979935
3980644
3980665
3981248
3981730
3982009
3982135
3982247
3982259
3982292
3982805
3982911
3982939
3983189
3983330
3983417
3983442
3983736
3983785
3983970
3984112
3984247
4010626
4015373
4035860
4036083
4036138
4036650
4036919
4037605
4038431
4038623
4039714
4040351
4040941
4041289
4041339
4041417
4041632
4041917
4042294
4042405
4042728
4044192
4045614
4046275
4047160
4047292
4047449
4047644
4047668
4048318
4049255
4049715
4049952
4050111
4051342
4052053
4052242
4052330
4052485
4053947
4053978
4054638
4067975
4067998
4069114
4069392
4069517
4069564
4070042
4070558
4070830
4071238
4071307
4071988
4072721
4073036
4074783
4075132
4075611
4076518
4076659
4077297
4077313
4077419
4078361
4078819
4078937
4194935
4195056
4195191
4195478
4196118
4196789
4196875
4196960
4197056
4197156
4197392
4197531
4197897
4198040
4198742
4199018
4199558
4199610
4199621
4200724
4201189
4201654
4201667
4202263
4202353
4202417
4202801
4202807
4202917
4203566
4203710
4204444
4204658
4205044
4205520
4205617
4205819
4205918
4205947
4205999
4206278
4206311
4206398
4206450
4206671
4208264
4209143
4209238
4209249
4209525
4209586
4209736
4210017
4210408
4210481
4210726
4210771
4250125
4253234
4256021
4256391
4269657
4269989
4270676
4270682
4270852
4271223
4271397
4271639
4271854
4272090
4273610
4274011
4274640
4274787
4275699
4275711
4276143
4276493
4276558
4276913
4277063
4277329
4278065
4278671
4279332
4279693
4279756
4279766
4280618
4281087
4281698
4282385
4282694
4282839
4282898
4283367
4283642
4283779
4284624
4285859
4286071
4286394
4287366
4306212
4306369
4307009
4307219
4307365
4308257
4308353
4308365
4308516
4308569
4308684
4309177
4309448
4309471
4309727
4309819
4309849
4310168
4310601
4310652
4310766
4310931
4310972
4311587
4311964
4312097
4312306
4313297
4313480
4313676
4314360
4314424
4314760
4315078
4315176
4315259
4315588
4315635
4315743
4316175
4316223
4316604
4316652
4316780
4316850
4317188
4317311
4317457
4350594
4350908
4351146
4351258
4351287
4351451
4351841
4351889
4352150
4352201
4352207
4352760
4352896
4353295
4353336
4353525
4353558
4354157
4354689
4355098
4355261
4355304
4355613
4356018
4356311
4357110
4357337
4358189
4358658
4358825
4358849
4358922
4359777
4359967
4360054
4360248
4379013
4379100
4379235
4379694
4379801
4379902
4381013
4381082
4381124
4381315
4381979
4382011
4382583
4382646
4382863
4383238
4383285
4383334
4383365
4383757
4383945
4384275
4384406
4384430
4384649
4384683
4385181
4385263
4385324
4385709
4385734
4385765
4386091
4386381
4386425
4386768
4386813
4387066
4387234
4387927
4388039
4388135
4388214
4388287
4388507
4388695
4389455
4389934
4390289
4390345
4395646
4398908
4436771
4437147
4438583
4439021
4440225
4440578
4440640
4440962
4441018
4441914
4442185
4442352
4442388
4442537
4442542
4442840
4443105
4443131
4443249
4443425
4443444
4443512
4443719
4444128
4444568
4445020
4445181
4445246
4445580
4445605
4445905
4445943
4446321
4446584
4446644
4446820
4447571
4453065
4454094
4459505
4460636
4461693
4466348
4466355
4466676
4469882
4470138
4473316
4476829
4476830
4477584
4477643
4478753
4480089
4480999
4481843
4482101
4482128
4482149
4482654
4482758
4482788
4482885
4483586
4483705
4484536
4484688
4484927
4485973
4485991
4487540
4488195
4488305
4488363
4542625
4792665
4792744
4792817
4792924
4793029
4793772
4794185
4794223
4794350
4794883
4795025
4795413
4795482
4795589
4796231
4796249
4796341
4796606
4797023
4797482
4797532
4798332
4798508
4798685
4798760
4798835
4799389
4799571
4799846
4799968
4800109
4800660
4801430
4801816
4802386
4802476
4802996
4803038
4803069
4803119
4803248
4803846
4804474
4804945
4805202
4839579
4840341
4840740
4843423
4844779
4846196
4847926
4848743
4849805
4851120
4981449
4982292
4982552
4982782
4983886
4986736
4990446
4991039
4991910
4993345
4993365
4993782
4994078
4994399
4994560
4994669
4994930
4995370
4995495
4995604
4996016
4996109
4996151
4996463
4996534
4997579
4997616
4998061
4998580
4999032
4999158
4999168
4999223
4999351
5000097
5000471
5000710
5001202
5001613
5001719
5002003
5002481
5002664
5002697
5002771
5003017
5003491
5003864
5003949
5004028
5004949
5004977
5005002
5005365
5005508
5006636
5006776
5006834
5007562
5008007
5008712
5010283
5010475
5011502
5012391
5014188
5014906
5016476
5018175
5018512
5019938
5020768
5021926
5037280
5037483
5038283
5039297
5039635
5039930
5040420
5040656
5040859
5040883
5040995
5041915
5042840
5042855
5043314
5043747
5044106
5045041
5045564
5045762
5045999
5046006
5046328
5046486
5046578
5046997
5047361
5049805
5051405
5052549
5052824
5052876
5053254
5053845
5054192
5055004
5055530
5056070
5056345
5057806
5057833
5058218
5058431
5058606
5058644
5058722
5058925
5059688
5059727
5059934
5060472
5061297
5061481
5062154
5063150
5138545
5143860
5146909
5147008
5148977
5152263
5152989
5154126
5155265
5155524
5155716
5157040
5157201
5157237
5158007
5158643
5158769
5158875
5162583
5162670
5246662
5253822
5315800
5316211
5322116
5323722
5324598
5326631
5328079
5347698
5357107
5364103
5364703
5366748
5367448
5367918
5368845
5370603
5370710
5371829
5374782
5376604
5377688
5461690
5461723
5461728
5462820
5463009
5463074
5463567
5463681
5464106
5464435
5464651
5464653
5466188
5466551
5466885
5468499
5468804
5469206
5469595
5469858
5470564
5470833
5470950
5471575
5471724
5471828
5472417
5472556
5472739
5472925
5473768
5474370
5474584
5475178
5475316
5475664
5475906
5475973
5476139
5477202
5477659
5507759
5508108
5508205
5541038
5543457
5546190
5546844
5676825
5677206
5677238
5677418
5677511
5677520
5677598
5677603
5677694
5678131
5678188
5678661
5678664
5679005
5679421
5679525
5679737
5680753
5680944
5681123
5681784
5682443
5682608
5683105
5683191
5683445
5683534
5683539
5683581
5683716
5683798
5684446
5684893
5684961
5685492
5685748
5685812
5685831
5686116
5686545
5686645
5686683
5686825
5686991
5687085
5687316
5687442
5687556
5687702
5687897
5687954
5688104
5688365
5688551
5688587
5688591
5688604
5688749
5688849
5688946
5689002
5689099
5689426
5689445
5689507
5690174
5690431
5690782
5690787
5690826
5690995
5691450
5691513
5692700
5692837
5693626
5694004
5694093
5694094
5694336
5694514
5695712
5695781
5696411
5696453
5697256
5697885
5697909
5698642
5698727
5699721
5699776
5699848
5699877
5700541
5700552
5700826
5700846
5701296
5701518
5701570
5701585
5702248
5702327
5702553
5702886
5704110
5704843
5704988
5705800
5706077
5706122
5706474
5706482
5707732
5715612
5800951
5803993
5819393
5819515
5819526
5819597
5819965
5819984
5820191
5820244
5820546
5820827
5821710
5822053
5822214
5822428
5822916
5823022
5823662
5823749
5823870
5823989
5824376
5824474
5824588
5825638
5826052
5826631
5826674
5827912
5828204
5828359
5828552
5828639
5828907
5829125
5829561
5829751
5843969
5844082
5844331
5848235
5848859
5849377
5850037
5850056
5851065
5851876
5852001
5852303
5853070
5853778
5853891
5854102
5854278
5858362
5858367
5858386
5858424
5859542
5860545
5860767
5862613
5896447
5896662
5897229
5897241
5897564
5898528
5898715
5899167
5899400
5899775
5900961
5901408
5901493
5901721
5902277
5902567
5903004
5903299
5903859
5903917
5904026
5905197
5906185
5906236
5906334
5906510
5906774
5907282
5907345
5908327
5908896
5909301
5909574
5909886
5910220
5910398
5910432
5910732
5911367
5911383
5911897
5912041
5912418
5912470
5912516
5912682
5912973
5913226
5913306
5913644
5914216
5914920
5918247
5920614
5921240
5921283
5921363
5921981
5922078
5922285
5922329
5922487
5922613
5922700
5923437
5924642
5924825
5924975
5925606
5969442
6008306
6015314
6015657
6017154
6024481
6024526
6058249
6058492
6059446
6059449
6059737
6060015
6060178
6061271
6061822
6062362
6063493
6064263
6064347
6065121
6065633
6066296
6066344
6066396
6066465
6066957
6067420
6067485
6067700
6068001
6068156
6069113
6069304
6070302
6070890
6070988
6071139
6072227
6072587
6072878
6073126
6073186
6073566
6073666
6074346
6074930
6075381
6076361
6076491
6076530
6076542
6076605
6077066
6077289
6077366
6077675
6078002
6078560
6078633
6078952
6079686
6080521
6080800
6080967
6080995
6081045
6081541
6081697
6081745
6081907
6082244
6082637
6083082
6083152
6083200
6083329
6116896
6120042
6147014
6147353
6149723
6151708
6152103
6153374
6154792
6155012
6155955
6155999
6156994
6158192
6161186
6161832
6161948
6163220
6163651
6163879
6168388
6169065
6169559
6175446
6176459
6231665
6231888
6232022
6232278
6232397
6232912
6233237
6233279
6233979
6234027
6234113
6234335
6234980
6235203
6235359
6235949
6235960
6236172
6236393
6236701
6237141
6237243
6237658
6237873
6237936
6237987
6238011
6238125
6238331
6238674
6239436
6239597
6240114
6240183
6240297
6240506
6241049
6241085
6241147
6241225
6241436
6242201
6242323
6242432
6242464
6242697
6242892
6243087
6243186
6243216
6243222
6243484
6243944
6245548
6245620
6245779
6246325
6246334
6246355
6247086
6247691
6247865
6248215
6248826
6248942
6249389
6249506
6250137
6251150
6251306
6251361
6251619
6251675
6252186
6252444
6252759
6253282
6253748
6254145
6254195
6254639
6254757
6255000
6255032
6255217
6255291
6256466
6256604
6256643
6256880
6257004
6257236
6257554
6258836
6258909
6259000
6259031
6259691
6260000
6260357
6260419
6261657
6261723
6261966
6262047
6262118
6262217
6262427
6262710
6263048
6263632
6263765
6264365
6264392
6264628
6265195
6265458
6265569
6265696
6265761
6265997
6266330
6266434
6266504
6267286
6267419
6267563
6267778
6267823
6267831
6268032
6268907
6268918
6268933
6269026
6269122
6269732
6270089
6270282
6270508
6270661
6270676
6270741
6270855
6271412
6271719
6271758
6271861
6271866
6272209
6272435
6272502
6272840
6272857
6272889
6274163
6274215
6274218
6274257
6274735
6274985
6275080
6275116
6275527
6276786
6276877
6277061
6277248
6277607
6277781
6277853
6278279
6278464
6278484
6278529
6318753
6320148
6320756
6321114
6321258
6321422
6321637
6322117
6322903
6323251
6323477
6324006
6324098
6324215
6325639
6326209
6326517
6327591
6328067
6328195
6329363
6377218
6445102
6450020
6453141
6469126
6469934
6471091
6471346
6471498
6471968
6472549
6472698
6472830
6473274
6473355
6474233
6475138
6475629
6477022
6478099
6478142
6478214
6478220
6478356
6478651
6478804
6479679
6543758
6548450
6551163
6553128
6555545
6555589
6556799
6558891
6559006
6559120
6559365
6560413
6561565
6561618
6562652
6563080
6563310
6563841
6566210
6567110
6567384
6567456
6567613
6624205
6624426
6624937
6624997
6625167
6625595
6626616
6626748
6627029
6627424
6628777
6629653
6630181
6631290
6631781
6631887
6632266
6632682
6632719
6633171
6633509
6634519
6634652
6634671
6635643
6635673
6635747
6636233
6636586
6636795
6636824
6637850
6637851
6637928
6638266
6638316
6638727
6639060
6639086
6639130
6704231
6704363
6704477
6704875
6705160
6705294
6705871
6707433
6707539
6707560
6708184
6708489
6708537
6709364
6710267
6710421
6710775
6711604
6711647
6712139
6712236
6712864
6713093
6713413
6713447
6713725
6713841
6713924
6714265
6714324
6714683
6714961
6715149
6715260
6715264
6715380
6715859
6716105
6716283
6717145
6717839
6717941
6718330
6718453
6718619
6719251
6720211
6720259
6720481
6720498
6720557
6720703
6721442
6721931
6722569
6722629
6723064
6723108
6723468
6724457
6724772
6724880
6724890
6725189
6725457
6725814
6726039
6726488
6726561
6726618
6726843
6727586
6727941
6728175
6728236
6728514
6728537
6728829
6729068
6730076
6730849
6730883
6745666
6745678
6746167
6746421
6746698
6746843
6747223
6747611
6747637
6748170
6748269
6748393
6748465
6749211
6749442
6749825
6749906
6750098
6750140
6750146
6750370
6750380
6750516
6750565
6750569
6750720
6750916
6751006
6751080
6751420
6751759
6751911
6751984
6752416
6752513
6752859
6753332
6753350
6753379
6754160
6754215
6754523
6754737
6754849
6754910
6755124
6755156
6755366
6755653
6755828
6756549
6756747
6757158
6757421
6757965
6758050
6758258
6758729
6758952
6759151
6759245
6759954
6760006
6760306
6760806
6778562
6900461
6902221
6904253
6904474
6904637
6905060
6905157
6908267
6910210
6911187
6928526
6929848
6929860
6930212
6930428
6930459
6930677
6930698
6931347
6931572
6931825
6932080
6932418
6932846
6934040
6934385
6934401
6934749
6934779
6934885
6935054
6935062
6935682
6935770
6936786
6936832
6936847
6937417
6937570
6937617
6937645
6937875
6937943
6938101
6938160
6938187
6938318
6938517
6938807
6939117
6939246
6939329
6939646
6940126
6940190
6940462
6940573
6940759
6941319
6941730
7147344
7147396
7147718
7147774
7147802
7147981
7148246
7148260
7148317
7148326
7148462
7148521
7148580
7149562
7149609
7150013
7150232
7150285
7150363
7150658
7150671
7150821
7151180
7151536
7152321
7152454
7152655
7153407
7154964
7154998
7155046
7155064
7155631
7155873
7155970
7156280
7156348
7156423
7157101
7157211
7157410
7157432
7157535
7157811
7157912
7158071
7158085
7158382
7158568
7158598
7158784
7158785
7159341
7160586
7160805
7160860
7176518
7176769
7177748
7178072
7180585
7180720
7180967
7181353
7181704
7182299
7182739
7182900
7182914
7183301
7184631
7185082
7185272
7185883
7186026
7186435
7186614
7186650
7187113
7187193
7187246
7187304
7187314
7188185
7188545
7189549
7189756
7189991
7281770
7284731
7284998
7298715
7300356
7300627
7301066
7301089
7301174
7301230
7302381
7302424
7303265
7304750
7305224
7305280
7306056
7307307
7308380
7308532
7310434
7311127
7311145
7311400
7311474
7311640
7313839
7313988
7314076
7315011
7315216
7315591
7315628
7315822
7316119
7316203
7316305
7316503
7316561
7316651
7316781
7316907
7316984
7317490
7317626
7317751
7318283
7318515
7318879
7319085
7319109
7319287
7319846
7320319
7321087
7321277
7322138
7322549
7322571
7322779
7323751
7324007
7324299
7324389
7325255
7325476
7325587
7325991
7326497
7327537
7327867
7327898
7328802
7328956
7329121
7329179
7329767
7329819
7330052
7330465
7342872
7344061
7344218
7345129
7347036
7348021
7350583
7352115
7353028
7353253
7354657
7355482
7355869
7356158
7358546
7378456
7378667
7381129
7383933
7384134
7384509
7385581
7388677
7388863
7388870
7393551
7395386
7395885
7396317
7396715
7396951
7397054
7397071
7398809
7398893
7398985
7401040
7402082
7403740
7403860
7404616
7441203
7441573
7441963
7442350
7442780
7443642
7444136
7444270
7444646
7445048
7445107
7446018
7446060
7446469
7446795
7447759
7448661
7448849
7448935
7449122
7449583
7449584
7449775
7450194
7450578
7450601
7450681
7451266
7451386
7451690
7452290
7452300
7452359
7452627
7453159
7453884
7453907
7453921
7453973
7454033
7454341
7454483
7454509
7454800
7454953
7455273
7455661
7456336
7456480
7456677
7456766
7469603
7469956
7469970
7473911
7474314
7475691
7475716
7477521
7477916
7479068
7479761
7484037
7484631
7512227
7520901
7623194
7623360
7623708
7624153
7624184
7624294
7624326
7624647
7624853
7624894
7625335
7625532
7625598
7626226
7626304
7626351
7626469
7627061
7627082
7627953
7628187
7628422
7628897
7629410
7629478
7630309
7630820
7630911
7630931
7631144
7631411
7631453
7631591
7631594
7632049
7633240
7657297
7660285
7661025
7662080
7664069
7664770
7665226
7752007
7752232
7752760
7752845
7753083
7753127
7753149
7754795
7755196
7755662
7756143
7756173
7756354
7756568
7756730
7757001
7759153
7759194
7759471
7760542
7760619
7761366
7761371
7762434
7762612
7762988
7764211
7765661
7766136
7766229
7766740
7767293
7767761
7767799
7769274
7825374
7826397
7826564
7826620
7827072
7827495
7827619
7827648
7827798
7828009
7828165
7828368
7828374
7829331
7829445
7829996
7830112
7830231
7830554
7830644
7831036
7831190
7831438
7831454
7831629
7831656
7831706
7831744
7833039
7833171
7833392
7833862
7834095
7834179
7834390
7834481
7834836
7834861
7835068
7835322
7835330
7835413
7835478
7836423
7837073
7837206
7837456
7837980
7838083
7838476
7838726
7838830
7838859
7913261
7913269
7913322
7913637
7914158
7914498
7914533
7914758
7915940
7916246
7916363
7916453
7916603
7916722
7916745
7917612
7917893
7917921
7917940
7918709
7918798
7918869
7919035
7919119
7919127
7919316
7919812
7920180
7920293
7920501
7920785
7920906
7921060
7921403
7922201
7922364
7922378
7922402
7923188
7940133
7941306
7944207
7998797
8003454
8010498
8016528
8026639
8026833
8029484
8030735
8031955
8033674
8034438
8035214
8035928
8036714
8036907
8037235
8038061
8038075
8038090
8038623
8040652
8040787
8042671
8042672
8042960
8238990
8239111
8239253
8239452
8240076
8240159
8240572
8240706
8240954
8241159
8241631
8241741
8242317
8242347
8242560
8242591
8242650
8242953
8243031
8243336
8243894
8243981
8244021
8244098
8244253
8244459
8244485
8244506
8244752
8244890
8245092
8245657
8246450
8246814
8246976
8247062
8247140
8247575
8247771
8248400
8248932
8248935
8249897
8249953
8249973
8250440
8250767
8250831
8251008
8251547
8252418
8252509
8252708
8253421
8253724
8254017
8254103
8254249
8254482
8254740
8254784
8255036
8255291
8256214
8256352
8256693
8257191
8257283
8257305
8257700
8258221
8258928
8259417
8259541
8259699
8259905
8260061
8260157
8260557
8260646
8262358
8263060
8263569
8263736
8263941
8292480
8292480
8292857
8295212
8295719
8296091
8296453
8298384
8299136
8300091
8300483
8412274
8414088
8414138
8416017
8417063
8418462
8419154
8421691
8495251
8495633
8495694
8496194
8496276
8496301
8496502
8496616
8497280
8498292
8498533
8498698
8499304
8499587
8499789
8499829
8500711
8501246
8501372
8501389
8501440
8501754
8502169
8502742
8502901
8503066
8503147
8503773
8503849
8504187
8504239
8504361
8505119
8505165
8505578
8506368
8506389
8506482
8506701
8506869
8506881
8509297
8509376
8509437
8509662
8509740
8509868
8509889
8510027
8510034
8510234
8510397
8510808
8510924
8511199
8511627
8511748
8512041
8512213
8512250
8512328
8512674
8513398
8513413
8513615
8513688
8513757
8514004
8514244
8514952
8515172
8515177
8515552
8515564
8515628
8515948
8516187
8516397
8516927
8516999
8517134
8517434
8517530
8517542
8517584
8517928
8518230
8518293
8518721
8518753
8519041
8519471
8519511
8519595
8520057
8520625
8520724
8520959
8520963
8521663
8521839
8521875
8521916
8522066
8522282
8522725
8523051
8523058
8523756
8525307
8525846
8525936
8525953
8526034
8526089
8526331
8526940
8527130
8527422
8527957
8528299
8528373
8528374
8528671
8528743
8529137
8529154
8529195
8529236
8529491
8529517
8529730
8530009
8530598
8530892
8530929
8530951
8579430
8579561
8579811
8579933
8580190
8580199
8581544
8581731
8582107
8582429
8583293
8583630
8583871
8583881
8583928
8583936
8584279
8584352
8584366
8584580
8584846
8585474
8585610
8586453
8586518
8586562
8586636
8587225
8587435
8588184
8589257
8589379
8590035
8590339
8591487
8591493
8591515
8591842
8592306
8592629
8593155
8593645
8594272
8594385
8595188
8595843
8596100
8596938
8597169
8597349
8597437
8597575
8597895
8598108
8598301
8598382
8598473
8638169
8638632
8640145
8640645
8641279
8641607
8642776
8644273
8645200
8647046
8647136
8648477
8649477
8649786
8649829
8651674
8653296
8653953
8655715
8656066
8656563
8656903
8657352
8657532
8657537
8658003
8658285
8659043
8659094
8659619
8659997
8660141
8660385
8660899
8661169
8661230
8661482
8661510
8661628
8661817
8662271
8662498
8662783
8662923
8662925
8662956
8663346
8663554
8663644
8665189
8665242
8665407
8665476
8665568
8666110
8666131
8666527
8666890
8667120
8667605
8667623
8667859
8668148
8668479
8668528
8668638
8668809
8669058
8669308
8669442
8669736
8670157
8670229
8671659
8671961
8672294
8672308
8689277
8691081
8692128
8809319
8809414
8809435
8809712
8810529
8811525
8811601
8811967
8812092
8812834
8812842
8813070
8813549
8813972
8814395
8815679
8816024
8816245
8817518
8818213
8818339
8852350
8853262
8853337
8853427
8853777
8853993
8854213
8854884
8855801
8856288
8856566
8857834
8858079
8858754
8859168
8859749
8860123
8860374
8860990
8861259
8861762
8862915
8863879
8899525
8902367
8961306
8961889
8962065
8962858
8962966
8963135
8963826
8964291
8964852
8966993
8967665
8968465
8969681
8969720
8969971
8970747
8971908
8971940
8972111
8972493
8974412
8974827
8974879
8974925
8975094
8975151
8975418
8975555
8975904
8975984
8976079
8977812
8977864
8978261
8978619
8978707
8978827
8978974
9021140
9022565
9023684
9024101
9024110
9024454
9024628
9025519
9026891
9026959
9027260
9028433
9028556
9028649
9028995
9029156
9029511
9030113
9030739
9030890
9030906
9031401
9031979
9033041
9033324
9033463
9033585
9034930
9034979
9035257
9035376
9035424
9035918
9036066
9036076
9036586
9037233
9037312
9037324
9037687
9038558
9038879
9039573
9039723
9040221
9040305
9040541
9040797
9041023
9041191
9041296
9041452
9041574
9042263
9042665
9043035
9043113
9043220
9043503
9044077
9044439
9044560
9045128
9045265
9045633
9045939
9046262
9046762
9047025
9047135
9047204
9047333
9047358
9048459
9049014
9049451
9049501
9049780
9049860
9049996
9050109
9146876
9147009
9147066
9147165
9147512
9147861
9147881
9148357
9148727
9149193
9149435
9149678
9150193
9150335
9150675
9150861
9151037
9151101
9151187
9151230
9151264
9151745
9151952
9152173
9152383
9152385
9152807
9152989
9153014
9153323
9153561
9153636
9153684
9153801
9154623
9155490
9155603
9155623
9156811
9157004
9157122
9157843
9161507
9162306
9163904
9163992
9167469
9167811
9169000
9171197
9233177
9233992
9234434
9235066
9237596
9238297
9240110
9241015
9241650
9242706
9242718
9243022
9243066
9244018
9245148
9245435
9245469
9349889
9350257
9350393
9351060
9351212
9351347
9351977
9352140
9352169
9352247
9352291
9353117
9353180
9353335
9353410
9353452
9353486
9353736
9354213
9354616
9354681
9355131
9355272
9355445
9355532
9355739
9357306
9358039
9358047
9358978
9359640
9359796
9359822
9359876
9360053
9360062
9360901
9361561
9362151
9362569
9362606
9363064
9363143
9363510
9363886
9364168
9364965
9365159
9365274
9365415
9365550
9365690
9365692
9366186
9367314
9368007
9368141
9368465
9368794
9369060
9369593
9369818
9370509
9370687
9371759
9372619
9374587
9379858
9394247
9406713
9512240
9556815
9556915
9556978
9557010
9557202
9557660
9558032
9558194
9558250
9558291
9559428
9559486
9559764
9560209
9560244
9560493
9560626
9560856
9561049
9561195
9561506
9561535
9561640
9561690
9561826
9561935
9562325
9562747
9562771
9563495
9563767
9564329
9564741
9565053
9565061
9565157
9565485
9565588
9565649
9565704
9566347
9567662
9567825
9599248
9602247
9608683
9646697
9646831
9646860
9647080
9652854
9848075
9848094
9848248
9848817
9848927
9849230
9849843
9849966
9850031
9850063
9850374
9850448
9850536
9851082
9851192
9851424
9851477
9851486
9851603
9851746
9851805
9851862
9852173
9852575
9853548
9853741
9855209
9855354
9855626
9855747
9855824
9856105
9856172
9857006
9857094
9857342
9857479
9857741
9857770
9858042
9858267
9858782
9858858
9859323
9859402
9859515
9859574
9939181
9939216
9939279
9939627
9939748
9939910
9940387
9940462
9940950
9941454
9941488
9942338
9942362
9942637
9942903
9942992
9943060
9943552
9944002
9944075
9944117
9944355
9944518
9944920
9944974
9945048
9945852
9946251
9946266
9946323
9946429
9946531
9946833
9947199
9947727
9948102
9948186
9948362
9948437
9949015
9949038
9949059
9949165
9949177
9949424
9949501
9949991
9950348
9950359
9950799
9951263
9951460
9951519
9951751
9951970
9952021
9952159
10060270
10073064
10073396
10076021
10142813
10142867
10142918
10142999
10144125
10144425
10144493
10144552
10144688
10144789
10145081
10145437
10145848
10145913
10146076
10147186
10147757
10147845
10148196
10148470
10148539
10148952
10149135
10149246
10149666
10149934
10150295
10150952
10151280
10151282
10151613
10151686
10152158
10152407
10152821
10152883
10152983
10153524
10153778
10153886
10154087
10154431
10154516
10154668
10154669
10154714
10155718
10156066
10156756
10156760
10157807
10157901
10157950
10158125
10158482
10158712
10158835
10159158
10159932
10161313
10161833
10161870
10163305
10163709
10163868
10164796
10164897
10165167
10165312
10165532
10165842
10166007
10167240
10167894
10168385
10168618
10168793
10169181
10169517
10169770
10169909
10171203
10171329
10171931
10172248
10172379
10172551
10172593
10199331
10201288
10205340
10209427
10209791
10259487
10265690
10267012
10268948
10309852
10310934
10311143
10311514
10312121
10312246
10312429
10312735
10312845
10313331
10313408
10313769
10314032
10314617
10314849
10315226
10315478
10315557
10315727
10315848
10315903
10316104
10317022
10317093
10317171
10317296
10317557
10317936
10318132
10318288
10318387
10318697
10319177
10319719
10320056
10349858
10349941
10350236
10350710
10350858
10350883
10351988
10352976
10353239
10353442
10354278
10354560
10354981
10355323
10355334
10355403
10355435
10355559
10355929
10356271
10356352
10356919
10357549
10357870
10358247
10358835
10359334
10359426
10359654
10359956
10360464
10360566
10360637
10360660
10360859
10362017
10362438
10362587
10364806
10365019
10365791
10389154
10389566
10389613
10390012
10390467
10390550
10390727
10391067
10392941
10393056
10393238
10393265
10393479
10393852
10394187
10395297
10395596
10395712
10396220
10396332
10396587
10397293
10397476
10397960
10398101
10398144
10398297
10398499
10398859
10399116
10399211
10399306
10400219
10400439
10400536
10400554
10400604
10400660
10400673
10401400
10401566
10454622
10454630
10454949
10456434
10456875
10457063
10457342
10458444
10458667
10458727
10458961
10459079
10459250
10459320
10459712
10459859
10460705
10460923
10461064
10461626
10461702
10461786
10461825
10461874
10462002
10462260
10462428
10462722
10463440
10463457
10464110
10464553
10464564
10464979
10466058
10466362
10467528
10467550
10511405
10511507
10545233
10545333
10545851
10546032
10547238
10547257
10547454
10547730
10547858
10548229
10548247
10548379
10549511
10549721
10549870
10550536
10550560
10550932
10551571
10552242
10553639
10553750
10553903
10553966
10554104
10555148
10555238
10556289
10556325
10556560
10557182
10557652
10557966
10558437
10558811
10559130
10559496
10560623
10565390
10692857
10693881
10694311
10695399
10697697
10697870
10701045
10751192
10757519
10807222
10809329
10809743
10810171
10814579
10816366
10816729
10817185
10819027
10822098
10823175
10890093
10890630
10890997
10892410
10896045
10896321
10898383
10903211
10926725
10926780
10929646
10959454
10960235
10960393
10960749
10961014
10962098
10962956
10963236
10963758
10965509
10968090
10969618
10970556
10971443
10972417
10973208
11033573
11033686
11033742
11033806
11033915
11035080
11035245
11035378
11035466
11036551
11037191
11037642
11037653
11038286
11038315
11038800
11039739
11040853
11040970
11041751
11041826
11041838
11042114
11042180
11042235
11042401
11042864
11043497
11044240
11044743
11044960
11045110
11045255
11045490
11045501
11045930
11045957
11046085
11046305
11046616
11047566
11047708
11047808
11047972
11048214
11048616
11048623
11048700
11048962
11049612
11049642
11100600
11282537
11282538
11283349
11283433
11283531
11283729
11284727
11285940
11288010
11288409
11288509
11288665
11289409
11289886
11290785
11291059
11291092
11291107
11291719
11292150
11292227
11292461
11292555
11292991
11307759
11310911
11314820
11390987
11391057
11391079
11391157
11391819
11391861
11391934
11393054
11393916
11394602
11395132
11395880
11396796
11397313
11397969
11398067
11398092
11398439
11398497
11398688
11398984
11399209
11399228
11399351
11399404
11399519
11399552
11400126
11400679
11400682
11400806
11401175
11401934
11402193
11402205
11403108
11403248
11403510
11403923
11405561
11406170
11406210
11406255
11406763
11406856
11407809
11408270
11409070
11410457
11411607
11413159
11415260
11415500
11416972
11416992
11419120
11422023
11424696
11427472
11432561
11433258
11433478
11438657
11438738
11441070
11476894
11477360
11477524
11477661
11479019
11479357
11479990
11480412
11480533
11480671
11481284
11482172
11482669
11482824
11482934
11483780
11483850
11483909
11484181
11484706
11484788
11485926
11486146
11486367
11486518
11486764
11487047
11487123
11488009
11488112
11488208
11488274
11488622
11488928
11489295
11489348
11489687
11489938
11491344
11506783
11510612
11511660
11513134
11515145
11515556
11516225
11516422
11518400
11520518
11521585
11522043
11637232
11637379
11637500
11637510
11637608
11638410
11638718
11639304
11640172
11640862
11641273
11642509
11642837
11643026
11643389
11643843
11644172
11645300
11645611
11645623
11645771
11645864
11646079
11646379
11646971
11647268
11647421
11648005
11648267
11648710
11649273
11649458
11649602
11649684
11649717
11649913
11650316
11650796
11651190
11651641
11682727
11683977
11684725
11685207
11686397
11687892
11689008
11755686
11755719
11755924
11756042
11756048
11756978
11757076
11757901
11758321
11758459
11759002
11759106
11759120
11759129
11759430
11759478
11759655
11760427
11760710
11760978
11761632
11761710
11761849
11762096
11762204
11762429
11762940
11763242
11763329
11763360
11763383
11763426
11763906
11763950
11764208
11764769
11765044
11765399
11765709
11765955
11765972
11766135
11766805
11766963
11767001
11767713
11767714
11767790
11767895
11768203
11768339
11768551
11768632
11814996
11815390
11816339
11816408
11817372
11819222
11819655
11820048
11821713
11822361
11822646
11822803
11824118
11824288
11824387
11895898
11896120
11896132
11896145
11896805
11897501
11898253
11898330
11898465
11898507
11898645
11898700
11899762
11900556
11901720
11902029
11902053
11902455
11902654
11903029
11903048
11903216
11903573
11903858
11904110
11904816
11905435
11905600
11905602
11905737
11905946
11906027
11906305
11906390
11907177
11907664
11908009
11908361
11908452
11908850
11908873
11909533
11909639
11909731
11909977
11910027
11910058
11910202
11910235
11910549
11910881
11910944
11911171
11911378
11911638
11911869
11912251
11912940
11913289
11913706
11913720
11913897
11913923
11914222
11914270
11914609
11914875
11915278
11915516
11915605
11915707
11915939
11915950
11916060
11916174
11916235
11916524
11916683
11916799
11916810
11916834
11917281
11917427
11917628
11918113
11918381
11918817
11918862
11918982
11919074
11919128
11919186
11919233
11919783
11920237
11920561
11920587
11920878
11921188
11921684
11921861
11950233
11955763
12042425
12042798
12043262
12043654
12043739
12043859
12044094
12044157
12044375
12044385
12045448
12045637
12045799
12045803
12045856
12045914
12046140
12046422
12046518
12047090
12048239
12048347
12048390
12048517
12048641
12048653
12048709
12048717
12049115
12049283
12049466
12049656
12049786
12050064
12050208
12050367
12050515
12050947
12051659
12052217
12052220
12052880
12053342
12053435
12053876
12054232
12054316
12054464
12054768
12055506
12055656
12055675
12056508
12056716
12056999
12057360
12057625
12057857
12058244
12058912
12059193
12059430
12060248
12060474
12060781
12060830
12061350
12062033
12062636
12063006
12063539
12063706
12063886
12064463
12064986
12066553
12066764
12067155
12068014
12068299
12068307
12068421
12069627
12069639
12069801
12069806
12071990
12072449
12100673
12101556
12103224
12103881
12103902
12104422
12105366
12106252
12107186
12107352
12109058
12109335
12109765
12127586
12127655
12127681
12128602
12131622
12131899
12134237
12135266
12135302
12137440
12138061
12142337
12143865
12186720
12186730
12187163
12187264
12187445
12187986
12188058
12188302
12189193
12189326
12189763
12189826
12190410
12190442
12190773
12191428
12191491
12191608
12192114
12192599
12192733
12192981
12193404
12193492
12193581
12193672
12193757
12193877
12194007
12194181
12194515
12194912
12194957
12195277
12195901
12196289
12196302
12196379
12196547
12197166
12197384
12197532
12199133
12199453
12199500
12199524
12199768
12199847
12199906
12200060
12200176
12200390
12200443
12201666
12201757
12223474
12223976
12226523
12230590
12233010
12305211
12305334
12305552
12305988
12306031
12306314
12306627
12307078
12307110
12307265
12307413
12307493
12307697
12307937
12308043
12308055
12308082
12308438
12309239
12309647
12310018
12310169
12310753
12310946
12311151
12311165
12311254
12311653
12311943
12311997
12312446
12312699
12313037
12313684
12313919
12314052
12314554
12321374
12321949
12322381
12322706
12323186
12324489
12324817
12325602
12326338
12361381
12361475
12361617
12361855
12361918
12361933
12362068
12362185
12362713
12362841
12363218
12363549
12363686
12363908
12364036
12364250
12364365
12364417
12364422
12364829
12364952
12365074
12365482
12365511
12365963
12366787
12367821
12368218
12368325
12368476
12368491
12368537
12369358
12369480
12369496
12370060
12370213
12370328
12370557
12370577
12370724
12371170
12371323
12371565
12371959
12371975
12372069
12374291
12374469
12375940
12376409
12376906
12377261
12377556
12378343
12379619
12379959
12380788
12380878
12380893
12382228
12382852
12383628
12383753
12385132
12387048
12388305
12477424
12532059
12532228
12533004
12533091
12533385
12533964
12534285
12534317
12534335
12534617
12536303
12536736
12536802
12536858
12536925
12537391
12537500
12537859
12538247
12538291
12538668
12539079
12539238
12540341
12541026
12541128
12541167
12541351
12541761
12541795
12541965
12542000
12542596
12543109
12543409
12543482
12543598
12544159
12544171
12544253
12544283
12544525
12544675
12545225
12545272
12545415
12545889
12546014
12546310
12546524
12547193
12547654
12548097
12548351
12548643
12548878
12631804
12632870
12633283
12633719
12633920
12635939
12636733
12638249
12639033
12639454
12640980
12641432
12641458
12642232
12644230
12665687
12665847
12666164
12667020
12667128
12667331
12667647
12668909
12669367
12669724
12669780
12669837
12669876
12670471
12670474
12670518
12671456
12671754
12672047
12672274
12672359
12672721
12673057
12673501
12673737
12673772
12674258
12674435
12675423
12675525
12675704
12675875
12675876
12677282
12677368
12677813
12677876
12679270
12679318
12679521
12679590
12679709
12680162
12680557
12680579
12680756
12681251
12681371
12681662
12681748
12682074
12682221
12682378
12682671
12682946
12683566
12683854
12683945
12684210
12684411
12684507
12685183
12685359
12686000
12686003
12686213
12686598
12686695
12686913
12686933
12687427
12687552
12687862
12688074
12688187
12688300
12688461
12688560
12705573
12705749
12705963
12706263
12706446
12706512
12707243
12707348
12707463
12707641
12707834
12707877
12708372
12708832
12708932
12708985
12709032
12709223
12709394
12709873
12710089
12710428
12711712
12712876
12712887
12712910
12713638
12713805
12714573
12715015
12715138
12715212
12715764
12716211
12716211
12716325
12717504
12717680
12717735
12718047
12718132
12718256
12718404
12718486
12718695
12719200
12719553
12719798
12720320
12720607
12720686
12721449
12722256
12722301
12722497
12722732
12722824
12722944
12723562
12781482
12782332
12782651
12782781
12783056
12785005
12785092
12786291
12786371
12789081
12790803
12790938
12791010
12791417
12792248
12793036
12794062
12794736
12840335
12840649
12840985
12841314
12842610
12842887
12842972
12843226
12843515
12843722
12844089
12844379
12844437
12844600
12844808
12845234
12845475
12845569
12845614
12845700
12845828
12846118
12846703
12847177
12847609
12847787
12847983
12848076
12848128
12848166
12848228
12848464
12848911
12849249
12849644
12849681
12850439
12850650
12850801
12851701
12852051
12852167
12852395
12853209
12853412
12853585
12853865
12854133
12854449
12854658
12855025
12855096
12855137
12855143
12855338
12855557
12855640
12855692
12855752
12855814
12855979
12856183
12856248
12856368
12887172
12887495
12887857
12888222
12888649
12889098
12889248
12889367
12889383
12889785
12890099
12890193
12890727
12890756
12891260
12891331
12891626
12891818
12892249
12892329
12893565
12894538
12894729
12895329
12896388
12896609
12896900
12896903
12897472
12898192
12898294
12898592
12898645
12898990
12899818
12900349
12901405
12901444
12901681
12901799
12901928
12902086
12902874
12903298
12903642
12903842
12903965
12904196
12904375
12904454
12904736
12904820
12904894
12905296
12905486
12905507
12979777
12979924
12980287
12980299
12981394
12981682
12982561
12983284
12983390
12983720
12984102
12984606
12985226
12985567
12985625
12986208
12986316
12986453
12986953
12987307
12987410
12988630
12989267
12989593
12990435
12990839
12991329
12992269
12992437
12992616
12992907
12993124
12993502
12993940
12994081
12994619
12995353
12995660
12995700
12996095
13102920
13108057
13108112
13113091
13113311
13114491
13114494
13115474
13115626
13115639
13115887
13116045
13116279
13116321
13116814
13116881
13117286
13117536
13117691
13118483
13118677
13119577
13120155
13120277
13120457
13121567
13121670
13121797
13121928
13122389
13122553
13122923
13123099
13123364
13131170
13152591
13152955
13163235
13165078
13165291
13169548
13180639
13180958
13181172
13181589
13181753
13181758
13182962
13183287
13183863
13185191
13185682
13185831
13186570
13186810
13187473
13187846
13188211
13188898
13189534
13189677
13190269
13190835
13191474
13191606
13192360
13192412
13192556
13192594
13193705
13194420
13194761
13195042
13196499
13196639
13196675
13220117
13220912
13221345
13221623
13222655
13224088
13225077
13226393
13227497
13227750
13229481
13230612
13231300
13232594
13234883
13236549
13237204
13240195
13240718
13241464
13241994
13242620
13243094
13243186
13243284
13245508
13246363
13246858
13247126
13247170
13247560
13248244
13249169
13249898
13251532
13252282
13253176
13253427
13253443
13254098
13254309
13254959
13257511
13258118
13258459
13258862
13260436
13260503
13260851
13261028
13261091
13261107
13262520
13262771
13263296
13263555
13263664
13263933
13264465
13265381
13265695
13265868
13266041
13266627
13266758
13266805
13267068
13267480
13267774
13268290
13268346
13268923
13269533
13269608
13270220
13270540
13272012
13274841
13276759
13278028
13282931
13284121
13285313
13287113
13287330
13302083
13302161
13302163
13302208
13302771
13303350
13303782
13303790
13303858
13303937
13305150
13305408
13305470
13305543
13305650
13306213
13306588
13306797
13306939
13307160
13307562
13307703
13308191
13308200
13308249
13308547
13309447
13309451
13309546
13309706
13309733
13310192
13311073
13311172
13311342
13311361
13311717
13312036
13312500
13312636
13312694
13312703
13312744
13313147
13313365
13313805
13314085
13314175
13314949
13315203
13315510
13315537
13315977
13316009
13316015
13316239
13316330
13316453
13326134
13327928
13370084
13370517
13370879
13370987
13371000
13371712
13372215
13372295
13372830
13372862
13373188
13373562
13373815
13374455
13374612
13374688
13374722
13375000
13375434
13375500
13375511
13375862
13376234
13376547
13376725
13377346
13377656
13377699
13377825
13378165
13378261
13378457
13379100
13379791
13379806
13380169
13380379
13380855
13380926
13381032
13381368
13381381
13381656
13381836
13382064
13382431
13382463
13382644
13382816
13383119
13383220
13383439
13383594
13383607
13384030
13384352
13384523
13384602
13384687
13384909
13387779
13388491
13389018
13389186
13389520
13389806
13392226
13392229
13393576
13393683
13393911
13394555
13395466
13395590
13395908
13396315
13396503
13403516
13428204
13428617
13429570
13429680
13429917
13430549
13431033
13431146
13432238
13432600
13432907
13433745
13434084
13434106
13434788
13434905
13434989
13435756
13435767
13435924
13436364
13438141
13440555
13440560
13441156
13442389
13442686
13443733
13443881
13444595
13444648
13445450
13445517
13445748
13445756
13445980
13446724
13446758
13447006
13447442
13448342
13448590
13448599
13448780
13449020
13449782
13450737
13450987
13451871
13451924
13452224
13452259
13452324
13452794
13452919
13453150
13453291
13453326
13453372
13453375
13453969
13454161
13454607
13454684
13454771
13455684
13455869
13456203
13468816
13469237
13469944
13474047
13477943
13478872
13479028
13479736
13480683
13483119
13488541
13489258
13490072
13491943
13498675
13499919
13500067
13501206
13517959
13519182
13519570
13519641
13520291
13520695
13521703
13522986
13524412
13524925
13524992
13525661
13526922
13527507
13527507
13527786
13528730
13530548
13531260
13531898
13532905
13533733
13533864
13534402
13535434
13535460
13575620
13575676
13575762
13576548
13576893
13577043
13577573
13577586
13578079
13578174
13578239
13579587
13580020
13580162
13581364
13582486
13582734
13582741
13582843
13583758
13583919
13584041
13584182
13584208
13584361
13585133
13585640
13585695
13585825
13586580
13587144
13587964
13588225
13588317
13588630
13588763
13588902
13588917
13588926
13589302
13589587
13589689
13589810
13589877
13589992
13590039
13590301
13590438
13590645
13590924
13637060
13644300
13799304
13799727
13800266
13800504
13800580
13801911
13802570
13803451
13805015
13805065
13805763
13806204
13806216
13806713
13807257
13808449
13808493
13808593
13808681
13809641
13810177
13810379
13811470
13811690
13811944
13812119
13812278
13813228
13853955
13854979
13855420
13855804
13855825
13856061
13857090
13857597
13858044
13858309
13859247
13859818
13860084
13861186
13861713
13862805
13864279
13864368
13864903
13866927
13867490
13867768
13868020
13888301
13891669
13892046
13894994
13895787
13897233
13899273
13900645
13929435
13931749
13932131
13932257
13932933
13933329
13934467
13934656
13935382
13935578
13935803
13937383
13937467
13938021
13939073
13939352
13982204
13982901
13982941
13982970
13984857
13986563
13986908
13987281
13988183
13988358
13988552
13989135
13989274
13989398
13990128
13991150
13992342
13993112
13994797
13995451
13995529
13996097
13996537
13996923
13998179
13998618
14002319
14007331
14008664
14011883
14012201
14012368
14012450
14012462
14012550
14012577
14012651
14012806
14012977
14013027
14013424
14013759
14013846
14013967
14014490
14014567
14014842
14016060
14016137
14016341
14017073
14017245
14017421
14017705
14017906
14018014
14018248
14018710
14018762
14018796
14018876
14019629
14019723
14019781
14019793
14019875
14019946
14019996
14020092
14020342
14020643
14021120
14021330
14021970
14022113
14022340
14022649
14022882
14022906
14023647
14023729
14023816
14023864
14023984
14024127
14024216
14024375
14024755
14025560
14025624
14025721
14026049
14026374
14026693
14026720
14026997
14027011
14027163
14027346
14027561
14027743
14032249
14036236
14037485
14041058
14045116
14050911
14051544
14054493
14054503
14055062
14055189
14055231
14055247
14055297
14055698
14055817
14056130
14056290
14056701
14056709
14057243
14057662
14057751
14058388
14058430
14058550
14059125
14060120
14060166
14060466
14061108
14061386
14061564
14062409
14063054
14063683
14063734
14063911
14063980
14064138
14064146
14064266
14064275
14064946
14137050
14138289
14138430
14138742
14139772
14139863
14140014
14140093
14140634
14140804
14140975
14141356
14141860
14141948
14142301
14142539
14142602
14142894
14143548
14143808
14144250
14144793
14144943
14146159
14146271
14146539
14146754
14146791
14146878
14147339
14147652
14148098
14148262
14148595
14148930
14149332
14149401
14149748
14150511
14150834
14150926
14151255
14151589
14152039
14152395
14152632
14152753
14152981
14153285
14153393
14153424
14153702
14153749
14153819
14154755
14154852
14154925
14154951
14155437
14155672
14225236
14225299
14228759
14229705
14230702
14231798
14233244
14235448
14237620
14238422
14239893
14239924
14241286
14266805
14267151
14267225
14267338
14267484
14267506
14267589
14268395
14268906
14268973
14269820
14270059
14271791
14272065
14272440
14272464
14272764
14274151
14274568
14274752
14275021
14275093
14275286
14275393
14275917
14276453
14276513
14277384
14277626
14277653
14278365
14278473
14278509
14278854
14279512
14279817
14279865
14279881
14279919
14280186
14280629
14280661
14280750
14280757
14281023
14281887
14282042
14282119
14282673
14282700
14283003
14283047
14283053
14283110
14283377
14283838
14283842
14283884
14309058
14309168
14309566
14309641
14309887
14310065
14310106
14310235
14310264
14310511
14310731
14310898
14311058
14311184
14311304
14311618
14311907
14311982
14312148
14312302
14313012
14313179
14313600
14313979
14314063
14314081
14314404
14314547
14314574
14314822
14315233
14315286
14315814
14315884
14316232
14316302
14316352
14316642
14316729
14316878
14316897
14317041
14317079
14317208
14317217
14317282
14317283
14317436
14317490
14317502
14318435
14318565
14318717
14319148
14319335
14319443
14319572
14319857
14319974
14320101
14341000
14341518
14341652
14344233
14344426
14345220
14366050
14439268
14445761
14449704
14466114
14500252
14507453
14516373
14517561
14518456
14518865
14573537
14573577
14574277
14576199
14577758
14578016
14578475
14578863
14579854
14580113
14580119
14580483
14582548
14620854
14621031
14621262
14621605
14621630
14621826
14621995
14623218
14623334
14623336
14623396
14623569
14623701
14623714
14624494
14624809
14624946
14624990
14625293
14625871
14625930
14625975
14626090
14626315
14626377
14626385
14626531
14626830
14627012
14627075
14627274
14627343
14627461
14627539
14627595
14628070
14628240
14628293
14629126
14629245
14629621
14629957
14630355
14630690
14630902
14631211
14631727
14632325
14632861
14632998
14633182
14633613
14633726
14633969
14634076
14634110
14635103
14635468
14635651
14635697
14636062
14636476
14636617
14636695
14637123
14637277
14637404
14637732
14637899
14638057
14638233
14638421
14638855
14639913
14650999
14651365
14651998
14652120
14652794
14654685
14655184
14655638
14655914
14656391
14656765
14657551
14658228
14658324
14658528
14659636
14705461
14705592
14705685
14706107
14706354
14706361
14706364
14706859
14706986
14707075
14707121
14707643
14707758
14707807
14708247
14708716
14709046
14709507
14709727
14709768
14709848
14710123
14710389
14710394
14710623
14710746
14711020
14711196
14711425
14711587
14711602
14711823
14711834
14711877
14711958
14712204
14712419
14712572
14712730
14713436
14713757
14713803
14714148
14714244
14714308
14714489
14714540
14715219
14716215
14716454
14716806
14716937
14717184
14717934
14717965
14718332
14718426
14719240
14719382
14719557
14719626
14719823
14719867
14720154
14739753
14742267
14750220
14751010
14753258
14756346
14757356
14758232
14777053
14778145
14778605
14779356
14779962
14780586
14780987
14782341
14783240
14784137
14785922
14786218
14786295
14786347
14787249
14787646
14788174
14789040
14789198
14789496
14789561
14789571
14789737
14790833
14791216
14791226
14791373
14791531
14791538
14791990
14792378
14792631
14793042
14793228
14793375
14794230
14794295
14794774
14795172
14795380
14795798
14796058
14796204
14797662
14797808
14798076
14798124
14799552
14799738
14799816
14800286
14800411
14800732
14801014
14801809
14802800
14804563
14804904
14804970
14806018
14806685
14806977
14807306
14807358
14807684
14809381
14810560
14810778
14811098
14900973
14904509
14913040
14913876
14914346
14914922
14915058
14915240
14915782
14915809
14916103
14916105
14916282
14916905
14917103
14917560
14918115
14918179
14919195
14920084
14920210
14920383
14920437
14920799
14920934
14921136
14921428
14921430
14921500
14921629
14922288
14922903
14923010
14923053
14923660
14923872
14923940
14924091
14924983
14925147
14925943
14926009
14926045
14926102
14926497
14926998
14927255
14927295
14927637
14927672
14927954
14927966
14927970
14927977
14928380
14928865
14929007
14930043
14930086
14930458
14930730
14930844
14932083
14932214
14932619
14932825
14933483
14933682
14933796
14934216
14934562
14934785
14934794
14935244
14935484
14935516
14936578
14936789
14936808
14936862
14937118
14937213
14937350
14937680
14937979
14938082
14938274
14938786
14938797
14938873
14938892
14938894
14939429
14939818
14939846
14940086
14940174
14940439
14940512
14940610
14940635
14941265
14941298
14941406
14941712
14941787
14942438
14943339
14945525
14945616
14945937
14946024
14946541
14947404
14948002
14948643
14949588
14949648
14950003
14950656
14951332
14951795
14952028
14952637
14952661
14953218
14953519
14954170
14954253
14954772
14955944
14975159
14975431
14975467
14975582
14975915
14975964
14976334
14976718
14976925
14977876
14978826
14979181
14979481
14979663
14979669
14979677
14979799
14979829
14979879
14980527
14981338
14981992
14982078
14982101
14982122
14982285
14982354
14982661
14983076
14983117
14983651
14983777
14983827
14983941
14984021
14984826
14985928
14986161
14986291
14986300
14986449
14986463
14986684
14986759
14986934
14987178
14987362
14987718
14987748
14988016
14988116
14988996
14989090
14989173
14989459
14990042
14990398
14990424
14990551
14990922
14990992
14991213
14991410
14991421
14991553
14992157
14992389
14992645
14992728
14992800
15001547
15003071
15031843
15035512
15106221
15106688
15106990
15107581
15107873
15109589
15111717
15113102
15113361
15113589
15115570
15115898
15116140
15116221
15117149
15117185
15117230
15117572
15117872
15118218
15118483
15118620
15118741
15119148
15119290
15119498
15119680
15120046
15120177
15121017
15121150
15121468
15121619
15121753
15121918
15122241
15122580
15123069
15123667
15124191
15124535
15124652
15125107
15126314
15126351
15126629
15126673
15126791
15127656
15127793
15127837
15128176
15128207
15128581
15128862
15128890
15129260
15129299
15129313
15130202
15130252
15183845
15201034
15201278
15201663
15202046
15202263
15202617
15203330
15204097
15204126
15204224
15204815
15205467
15206204
15206261
15206387
15206455
15206615
15206827
15206952
15206967
15207177
15207540
15207684
15207869
15208118
15208460
15208794
15209321
15209879
15210237
15210636
15211392
15211684
15212085
15212212
15212598
15212604
15213221
15214239
15214280
15214351
15215084
15215673
15216461
15216554
15235252
15235660
15235994
15237115
15237759
15240107
15240127
15240234
15240771
15241570
15241682
15245371
15246550
15246950
15247756
15247784
15249347
15250687
15312042
15315029
15318916
15319470
15320399
15338582
15342360
15343105
15343990
15344916
15345229
15346337
15346737
15348734
15411811
15419352
15419554
15420960
15421547
15422581
15425896
15426019
15426145
15426914
15426954
15427527
15427973
15428736
15429664
15429975
15431376
15431427
15431665
15432263
15433219
15433452
15433976
15434868
15435169
15435716
15436528
15437067
15437142
15437648
15442809
15448002
15454544
15454596
15454949
15455384
15455956
15456714
15457240
15458015
15458276
15458325
15458526
15459840
15460008
15460644
15460716
15460767
15460863
15460990
15461374
15463051
15463710
15464988
15465030
15465591
15466197
15466942
15467052
15467156
15467346
15467423
15467956
15468191
15513068
15513368
15517253
15517461
15517712
15518445
15520212
15521105
15521311
15525291
15526140
15526517
15580799
15581118
15581457
15581555
15581770
15582123
15582400
15583080
15583136
15583895
15584135
15584197
15584240
15584740
15585382
15585409
15585474
15585716
15585721
15586036
15586038
15586106
15587015
15587317
15587637
15587649
15587850
15587992
15588244
15588325
15589629
15590084
15590505
15590658
15590923
15591070
15591180
15591482
15592817
15593601
15593813
15594801
15595596
15595749
15596613
15597333
15599351
15599802
15603288
15655443
15655560
15655862
15656093
15657093
15657261
15657292
15657652
15658058
15658421
15658429
15658463
15658885
15658914
15658980
15659166
15660731
15661056
15661065
15661448
15661875
15661924
15663451
15664167
15665338
15665685
15666737
15666962
15667411
15667515
15667592
15667644
15668403
15668415
15668600
15668700
15668754
15669248
15669728
15670799
15670986
15671277
15671669
15671680
15671807
15671985
15672037
15672192
15672443
15672465
15672472
15672882
15672898
15672908
15673081
15673111
15673507
15673917
15673986
15674320
15674462
15674620
15674963
15675026
15675137
15675822
15676953
15677224
15678222
15678492
15678920
15679035
15679733
15679822
15679880
15679976
15680620
15700245
15702044
15702118
15703229
15703978
15708078
15708817
15709734
15709753
15712040
15748632
15749477
15749478
15750140
15750886
15751037
15752181
15752795
15753293
15754632
15755066
15755180
15755537
15757011
15761519
15763392
15765654
15766012
15766362
15854626
15854788
15855275
15855468
15856320
15856851
15857344
15857928
15858334
15858488
15858549
15858632
15859066
15859539
15860093
15860109
15860260
15860271
15861728
15862113
15862577
15862852
15862877
15863557
15863860
15908525
15909636
15911386
15933513
15945943
15946135
15946194
15946372
15946672
15946769
15946807
15947068
15947077
15947900
15947954
15948370
15948986
15949238
15949530
15949729
15949916
15950263
15951081
15952331
15952667
15953000
15953880
15954166
15954785
15955158
15955504
15955753
15955894
15956097
15956189
15957545
15957694
15958581
15958598
15958876
15959352
15959495
15959547
15960274
15960766
15960972
15961340
15962273
15962382
15962441
16014374
16041593
16042029
16042100
16042877
16044349
16046766
16047011
16047033
16047723
16048135
16048822
16050922
16051243
16052246
16052478
16052989
16053804
16054016
16054405
16054469
16055139
16055221
16055538
16055796
16055954
16056025
16056503
16056646
16057320
16057717
16057775
16058004
16058271
16058290
16059275
16059426
16059465
16059627
16060180
16060207
16060209
16060297
16060364
16061077
16061294
16061552
16061984
16062000
16062218
16062296
16062338
16062688
16062798
16062895
16062951
16063454
16063609
16064098
16064266
16064370
16064525
16064619
16064883
16065145
16065146
16065262
16065793
16066123
16066395
16066556
16066730
16066750
16152352
16220415
16220575
16220606
16221364
16221412
16221514
16221549
16221952
16221968
16222148
16222168
16222565
16222779
16223105
16223133
16223315
16223490
16223893
16223916
16224045
16224317
16224533
16225520
16225690
16225691
16225864
16225900
16226082
16226267
16226426
16226486
16226505
16226654
16227503
16227571
16227718
16227725
16227898
16228223
16228285
16228352
16228671
16228757
16229091
16229237
16229902
16231967
16233461
16233633
16233809
16234136
16234204
16234403
16234488
16234556
16234589
16243102
16303734
16304787
16305073
16305126
16305400
16305617
16305791
16306071
16306300
16306587
16306795
16306839
16307044
16307300
16307453
16307714
16307807
16307906
16308163
16308187
16308609
16308717
16308838
16309094
16309983
16310627
16310680
16310703
16310799
16311121
16311311
16311533
16311743
16312072
16312150
16312307
16312572
16313093
16313576
16313888
16314077
16314222
16314367
16314443
16314967
16315704
16332252
16337597
16338539
16338604
16339003
16339158
16339585
16340133
16341731
16342000
16342002
16342545
16343191
16389944
16389962
16391721
16397401
16397916
16400430
16401051
16401437
16401876
16402324
16402597
16403430
16404209
16404278
16404724
16404730
16405789
16406011
16406024
16406263
16406522
16407082
16407144
16407343
16407415
16407725
16407752
16408155
16408283
16408398
16409215
16410651
16411194
16411476
16412001
16412316
16412389
16412446
16412550
16412730
16413013
16413319
16413417
16448719
16449404
16451960
16454756
16456772
16458444
16458629
16459444
16460816
16462046
16462995
16466385
16467430
16467919
16468301
16468548
16472528
16472628
16473475
16473480
16473587
16475000
16475258
16476289
16476710
16477121
16477243
16477392
16478322
16478439
16478884
16478910
16479251
16480107
16480995
16482621
16576987
16578378
16579246
16580712
16581390
16583434
16583523
16584661
16584940
16585712
16586034
16587258
16587999
16588133
16588882
16591091
16594048
16595770
16598149
16607734
16610716
16614236
16645863
16646160
16646370
16646663
16647684
16647737
16647882
16647946
16648578
16648731
16648883
16649098
16649559
16649654
16649842
16650437
16650563
16650603
16651018
16651094
16651162
16651673
16652241
16653188
16653358
16653377
16653419
16653532
16653762
16653873
16653919
16655041
16655764
16656550
16656684
16656715
16656735
16656828
16656917
16657198
16657250
16657318
16657538
16658226
16658282
16658371
16658626
16658746
16659064
16659080
16659346
16659391
16659525
16659667
16659680
16660184
16660294
16660410
16660611
16660806
16661002
16661017
16661040
16661279
16661548
16662060
16662103
16662123
16662232
16662322
16662355
16663080
16663127
16663433
16663773
16664619
16664691
16664730
16664743
16665093
16665383
16665926
16665996
16666138
16666339
16666485
16666966
16667373
16668581
16669137
16669186
16669499
16669968
16670306
16670638
16670840
16670874
16671040
16671263
16672602
16672982
16673016
16673087
16690043
16782218
16913433
16914076
16914899
16914926
16914933
16915181
16915314
16915373
16915736
16915841
16915948
16916699
16916889
16917552
16917819
16918369
16918399
16918449
16918485
16918671
16919195
16919492
16919511
16919570
16919726
16919777
16919798
16920098
16920357
16920653
16920690
16920724
16920871
16921067
16921108
16921120
16921309
16921353
16921796
16922267
16922605
16923362
16923370
16923535
16923845
16924069
16924407
16925030
16925058
16925371
16925754
16925815
16988822
16989526
16989558
16989646
16989678
16990423
16991119
16991171
16991630
16991766
16991991
16993420
16993777
16993844
16993982
16994143
16994391
16994551
16994788
16994820
16994916
16994965
16995486
16995509
16995727
16996010
16996216
16996232
16996846
16997693
16997717
16997963
16999147
16999246
16999270
16999431
16999750
17000357
17000589
17000760
17001311
17001350
17001476
17001746
17002009
17002059
17002163
17002641
17002743
17003599
17004040
17016473
17023780
17170281
17171293
17176643
17182863
17183789
17206990
17211877
17214022
17215546
17274641
17277757
17284861
17341426
17341869
17342261
17342764
17342943
17343099
17343845
17343892
17344293
17345057
17345171
17346115
17346160
17346395
17346572
17346850
17347056
17349199
17349809
17351005
17351438
17352514
17352800
17353066
17353236
17381928
17382063
17382365
17382503
17382633
17383248
17384556
17384983
17385108
17385142
17385213
17385416
17385651
17385742
17386720
17387453
17387974
17388366
17388487
17388515
17388634
17388748
17389282
17389695
17389795
17390303
17390340
17390464
17390876
17390961
17390980
17391472
17391604
17392064
17392703
17393040
17393537
17394031
17394868
17395331
17395403
17395849
17396054
17396122
17396188
17396354
17397255
17397784
17397956
17398005
17398916
17399041
17399530
17399700
17400180
17400297
17400587
17401047
17401353
17401800
17403104
17403175
17403193
17403536
17403755
17403999
17404134
17404465
17405212
17405386
17405613
17405769
17405978
17406398
17406399
17406408
17407322
17407651
17407924
17408307
17408318
17408323
17409146
17409195
17410404
17410547
17411548
17412099
17412242
17412450
17413314
17413325
17413884
17414062
17415319
17415519
17415675
17415754
17415796
17417611
17419312
17419516
17419652
17421657
17423091
17423616
17424596
17426349
17427667
17428298
17429351
17434760
17435357
17438617
17439316
17441723
17442558
17442750
17442997
17470402
17471129
17472064
17472455
17472604
17472679
17472699
17472727
17472771
17472777
17472800
17473403
17473497
17473498
17473797
17473900
17473933
17474414
17474450
17474478
17474504
17474515
17474926
17474951
17475171
17475497
17475543
17475593
17475843
17475900
17475954
17476192
17476355
17476390
17476934
17477055
17477154
17477368
17477436
17478124
17478408
17478676
17478921
17479073
17479566
17479886
17480050
17480645
17480666
17480713
17480750
17480826
17480859
17481154
17481311
17481345
17481521
17481641
17482523
17483014
17483151
17483200
17625121
17626568
17632678
17633387
17635588
17635701
17635807
17636459
17636581
17637141
17637208
17637672
17637827
17638258
17638264
17638829
17638981
17640454
17641225
17641317
17641575
17642440
17642818
17643075
17643826
17644085
17644769
17645161
17645842
17645909
17645910
17646114
17646783
17647005
17647104
17647223
17647777
17647794
17649772
17650065
17650208
17651574
17652063
17652395
17652519
17652979
17653180
17653225
17685048
17685532
17685650
17685762
17686239
17686396
17686690
17687003
17687519
17687569
17687720
17688060
17688263
17688264
17689136
17689226
17689528
17689540
17689549
17689667
17689931
17690373
17690414
17690697
17691074
17691255
17691292
17691355
17691703
17692543
17693198
17694264
17694313
17694423
17694621
17694868
17695449
17695665
17695689
17695792
17696135
17696456
17696496
17696721
17696826
17696948
17697037
17697307
17697318
17697330
17697360
17697382
17697439
17697532
17697711
17753551
17753826
17754901
17756724
17757681
17758461
17758797
17759236
17759679
17759721
17759986
17760303
17760471
17762047
17763208
17763385
17763960
17764007
17776567
17776657
17776735
17777580
17777667
17777708
17778009
17778109
17778214
17778392
17778662
17778908
17779101
17779258
17780080
17780106
17780491
17780592
17780595
17780815
17780896
17781025
17781681
17781776
17781793
17782544
17782653
17783450
17783463
17784858
17785101
17786207
17786287
17786826
17786888
17787822
17787873
17788027
17788484
17788636
17789795
17790799
17791242
17791562
17792266
17792556
17792786
17794933
17795027
17795557
17796032
17797194
17797254
17797877
17797939
17798188
17800311
17800364
17800870
17801246
17801776
17801977
17803421
17803579
17804917
17805527
17805838
17806388
17806824
17807698
17807889
17809163
17809368
17810044
17810155
17810702
17810704
17810726
17810803
17811162
17811722
17813101
17813567
17814361
17814417
17814637
17814848
17815366
17815504
17815560
17815708
17816093
17816118
17816550
17817213
17817432
17817684
17817820
17817858
17817957
17818363
17818584
17818654
17818735
17818959
17819189
17819609
17819627
17821221
17821367
17821443
17821444
17821632
17822304
17822411
17822602
17822713
17823518
17823879
17824084
17824452
17824795
17825060
17825221
17825380
17825527
17826875
17827051
17827178
17829028
17829573
17829799
17830058
17830558
17831359
17831382
17832080
17832813
17833223
17833507
17833629
17833994
17834309
17834735
17835267
17835570
17835999
17836112
17836289
17836290
17836589
17836843
17837490
17838085
17840789
17841920
17843412
17844294
17854024
17854101
17859567
17863624
17863740
17869005
17870625
17873865
17874065
17874816
17878684
17881911
17882838
17883561
17884089
17884113
17894173
17903747
17903942
17904782
17905760
17905951
17906117
17906437
17906497
17907064
17907325
17907771
17909549
17910456
17910511
17910712
17910808
17910885
17910991
17911275
17911391
17911834
17912012
17912913
17913124
17913402
17913601
17914427
17914629
17914675
17915816
17916260
17917562
17917945
17918202
17918503
17919881
17921714
17922258
17922506
17923533
17924127
17924483
17924511
17924530
17924642
17924919
17925163
17925288
17925583
17926056
17926644
17927920
17928294
17928394
17928445
17929263
17929713
17929748
17929772
17929845
17930015
17930042
17930122
17930164
17930444
17930612
17931308
17932034
17932346
17932600
17933516
17933706
17933916
17934388
17934411
17934511
17934906
17934936
17934946
17936623
17936683
17936901
17936917
17937610
17937711
17937772
17937996
17938874
17938925
17939085
17939198
17939937
17940391
17940406
17940590
17940648
17941012
17942017
17942217
17942353
17942490
17961636
17962188
17962434
17962797
17963434
17963878
17963910
17964037
17964177
17964414
17964419
17964835
17965587
17965717
17966009
17966240
17966494
17966707
17966842
17966988
17966998
17967618
17967658
17968478
17968680
17968804
17969628
17969843
17970110
17970270
17970306
17971770
17972792
17972980
17973216
17974246
17974255
17974812
17975077
17975939
17975947
17976045
17976195
17976268
17976488
17976834
17976976
17977031
17977910
17978031
17978218
17978324
17978683
17978818
17980014
17981048
17981462
17981498
17981872
17982030
17983280
17983539
17984317
17984750
17985018
17985148
17986460
17988034
17988341
17990057
17990573
17992886
17995566
17995620
17996465
17996761
17996882
17997178
17997472
17997594
17998308
17998583
17998594
17998751
17998817
17999446
17999706
17999805
17999946
18000574
18000598
18000752
18000771
18000796
18000853
18001028
18001595
18002326
18002646
18003312
18003364
18003465
18003531
18003562
18003610
18004499
18004604
18004732
18004825
18004914
18005083
18005474
18005743
18005915
18005933
18006312
18007545
18008307
18008862
18009186
18009497
18009522
18010371
18010784
18011077
18011321
18011640
18011982
18012062
18012087
18012401
18012969
18017793
18018586
18020053
18024024
18024321
18036348
18068944
18073369
18074715
18077514
18078881
18080458
18112364
18121821
18122417
18123315
18124595
18127090
18129542
18131086
18131903
18133555
18137652
18138326
18138648
18138677
18138769
18138821
18139092
18139651
18140220
18140364
18140489
18140665
18140749
18140792
18140905
18141235
18141435
18141438
18142075
18142214
18142669
18142678
18143243
18143670
18143696
18143925
18144032
18144058
18144400
18145604
18145612
18145762
18146452
18147379
18148270
18148359
18148386
18148468
18148698
18148868
18148898
18148906
18149161
18149230
18149455
18149655
18149845
18151156
18151382
18151608
18152383
18152440
18152990
18153652
18154346
18154615
18154627
18154794
18154816
18154965
18155331
18155931
18156180
18156427
18156684
18186722
18186988
18187260
18187509
18187671
18187847
18187920
18188236
18188336
18188661
18188971
18189450
18189746
18189816
18190382
18190525
18191172
18191262
18191553
18191814
18192242
18192380
18192397
18193091
18193173
18194460
18194529
18194792
18196395
18196771
18196818
18197348
18198687
18198922
18199651
18199657
18199827
18200449
18200812
18200869
18200896
18200966
18201146
18201507
18201533
18201559
18203046
18203111
18203336
18203525
18278615
18283852
18294019
18314592
18314674
18315452
18316264
18316687
18317012
18317483
18318146
18318360
18319156
18319723
18319769
18320159
18321330
18321364
18321914
18322036
18322138
18323203
18324132
18325144
18325687
18326446
18326613
18381567
18382502
18385748
18387509
18388761
18390081
18408137
18408710
18408858
18409596
18412179
18413015
18413908
18414319
18415092
18415122
18417003
18418442
18419908
18420250
18549479
18552473
18554117
18555116
18556387
18556825
18558285
18559573
18560812
18565512
18566086
18566217
18567483
18567666
18567777
18568153
18568565
18568567
18568971
18570890
18571305
18571314
18571790
18572935
18573930
18574043
18574067
18574893
18575153
18575176
18575376
18576232
18576676
18577968
18578096
18578847
18579388
18579424
18579878
18580110
18580310
18580464
18581025
18581458
18581591
18581612
18582074
18582178
18582650
18582690
18583360
18583786
18584302
