112427
113219
113438
113597
116519
117320
118215
119084
119228
119324
120193
120782
121096
121411
121559
121784
123591
124123
124685
125593
125896
125945
127344
127971
128063
128117
129099
130495
130756
131001
131313
131596
131640
131737
131750
131856
131887
132367
132457
132656
132835
133143
133266
133745
133873
133998
134057
134264
134374
134849
135100
135159
135236
135872
136018
136212
136265
137765
137998
138025
138084
138158
138427
138607
138708
139123
139170
139237
139623
139669
140384
140495
140788
141457
142694
144243
144434
144639
146183
146386
146448
146455
146571
146821
146883
147012
150376
151570
153158
154176
154753
154822
155087
155124
155838
155947
157249
159353
162666
206148
206347
207071
207276
207619
208437
208705
209072
209167
210039
210098
210209
210247
210767
210770
210798
211199
211578
211654
212050
212594
212835
212856
213760
214853
215087
215452
215535
215608
216586
216867
217085
218388
218648
220941
222703
222905
225213
231112
231681
310956
311032
311262
312005
312424
312471
312474
312732
313581
313696
314159
315169
315868
315974
316145
316622
316768
317151
318146
318179
318654
318781
318863
319196
319523
320126
320263
320446
320618
320677
320695
321918
322118
322521
322589
323461
323783
324542
324742
324815
325642
325912
326147
326495
326795
326797
438373
439710
441362
442665
443315
443486
445140
445788
449462
450981
451601
453566
453971
454112
454234
454607
454847
454864
455055
455540
456257
456408
456693
456732
456874
457253
457456
457763
458026
458056
458587
458677
458729
458953
459103
459966
460085
460864
460907
460950
461802
462047
462470
462555
463174
463429
463471
463497
464014
464581
464691
464803
464845
464899
465163
465309
465835
466111
466374
466494
466746
466932
466991
468096
468107
469378
469799
470662
470862
471353
471377
472204
472542
472921
473987
474627
474832
475358
475451
475761
477132
478447
478519
479078
479933
480575
481194
481392
481789
482132
482716
484354
484427
484530
485691
495922
500012
500500
501330
501335
501349
501498
501644
501828
501844
501882
502623
503081
503201
503591
503601
503672
503833
503951
504456
504917
505189
505401
505549
505793
505840
505848
506792
508040
508353
508871
509500
509538
509664
509827
509853
510870
511231
511387
511997
512102
513064
514243
514354
514460
516162
516673
516903
517360
517490
517773
517810
518231
519179
555389
555839
556040
556150
556196
557246
557573
557587
557709
557821
558294
558673
559012
559328
559625
559705
560213
560298
560685
560760
560923
561267
561541
561874
562152
562433
562477
563042
563052
563556
563753
565058
565106
565269
565497
565520
565594
566271
566433
566573
566676
567078
567134
567182
567248
567266
567387
567812
567871
567980
567984
568249
570006
570716
572677
574163
575415
575709
576899
577163
577369
578615
579326
580193
580771
581152
582476
649175
649275
649345
649465
649519
649545
650036
650143
650147
651501
651862
651900
651938
652085
652825
653375
653792
654171
654210
654442
655107
655376
655556
655723
655732
655991
656859
656862
656900
657105
657567
657752
657858
658224
658684
658718
659565
813948
815018
815125
815448
815691
816040
816458
816551
816657
816673
818036
818840
819425
819689
819986
820210
820472
820495
820564
821334
821918
822069
822199
822399
822528
822778
823160
823259
824037
824093
824171
824181
824773
825725
825785
825840
825936
826827
826993
827273
828031
828350
828506
829337
829818
830307
830360
841597
842986
844727
845380
846912
846960
847516
848265
848421
848598
848673
848679
849363
849372
850318
850459
851611
852920
853694
854822
854846
855750
856167
856247
856674
856860
857647
858654
858995
859687
859858
860106
860436
860659
861284
861300
861632
862346
862742
863179
863633
863707
864708
865201
865995
866213
867772
869363
898575
898967
899196
899326
899395
899795
900113
900133
900610
900904
900937
901001
901089
901147
901264
901332
901348
901505
902086
902249
902615
902650
902914
903709
903876
904140
904637
904791
905005
905353
905488
905521
905573
905711
905792
905858
905922
905957
906240
906414
906632
906662
907317
907892
908275
908382
908477
908537
909452
909477
909753
909837
910197
910234
910682
910838
911109
911382
911486
911509
911691
911802
911993
912195
912261
912559
912722
913041
913127
913179
913886
914005
914264
914348
914382
914415
914525
914906
915003
915182
915378
1006557
1019507
1052149
1052509
1055617
1056622
1056667
1056790
1059355
1060308
1074712
1238493
1238538
1238568
1238877
1239019
1239429
1240159
1240330
1240617
1240650
1241567
1241633
1242103
1242340
1242394
1242598
1242719
1243000
1243498
1243858
1244794
1245276
1245410
1245674
1245868
1245868
1245989
1246159
1246615
1246797
1247464
1247494
1247627
1247796
1247842
1248540
1248594
1248769
1248852
1249043
1249306
1249326
1249475
1250119
1251106
1251422
1251858
1252116
1252208
1252330
1254081
1254962
1255029
1255614
1255738
1255850
1255934
1256817
1257199
1257232
1257478
1257571
1257582
1257809
1258199
1258278
1258884
1259226
1259256
1259626
1259656
1259702
1260170
1260298
1260812
1261242
1261371
1261540
1261618
1261769
1262075
1262347
1262616
1262923
1263151
1263332
1265165
1265777
1266016
1266921
1267441
1267443
1267484
1267635
1267729
1268182
1268419
1268471
1268580
1282841
1283307
1283418
1283549
1284167
1284238
1284710
1284913
1285028
1285651
1286139
1286922
1287267
1288118
1289376
1289709
1289914
1290334
1290590
1290852
1291120
1291809
1293065
1293075
1293256
1293353
1293874
1294063
1294645
1294983
1295059
1295569
1295702
1295938
1296307
1296595
1297452
1297510
1297993
1298107
1299217
1299445
1299930
1300120
1300867
1300874
1301065
1301315
1302533
1302891
1303074
1303275
1304101
1305060
1305275
1306270
1306318
1306441
1307165
1307492
1307671
1307737
1308231
1308516
1308572
1308625
1308909
1309155
1309238
1309344
1309535
1309818
1310461
1311061
1311220
1314575
1316638
1316797
1319954
1320247
1322070
1325734
1326269
1326874
1327739
1327848
1372792
1372861
1373547
1375746
1375886
1376545
1376753
1377628
1377767
1378008
1379504
1380172
1380695
1381107
1382065
1383301
1386477
1387380
1388176
1388798
1389283
1389712
1390927
1391134
1392025
1392806
1392861
1394179
1395530
1399441
1401078
1401256
1402173
1402367
1404219
1404632
1405539
1407297
1408691
1409104
1414017
1416855
1418632
1418724
1418826
1418971
1419027
1420225
1420703
1421295
1421447
1421466
1421496
1421844
1422053
1422290
1422535
1422601
1422810
1423150
1423151
1423155
1423160
1423254
1423311
1423506
1423914
1424042
1424121
1424141
1424406
1425288
1425384
1425939
1426277
1426513
1426527
1426602
1426643
1426721
1426776
1426862
1426899
1426917
1426985
1427102
1427206
1427386
1427577
1427700
1427704
1427811
1428330
1428397
1428770
1432742
1438797
1442238
1456933
1458505
1462722
1462827
1463702
1464261
1465185
1467093
1467620
1469199
1469207
1469523
1469530
1469887
1469996
1471596
1472131
1472881
1473175
1473748
1474413
1474534
1475209
1476272
1477036
1477092
1477678
1478537
1479673
1479801
1480060
1480207
1480772
1480777
1481277
1481599
1481629
1482273
1482536
1482790
1483523
1484042
1484201
1484373
1484392
1484757
1485236
1486994
1487294
1488014
1488636
1488878
1489297
1489838
1489927
1489978
1630149
1633488
1634053
1635174
1679454
1679454
1680225
1681658
1681935
1682078
1682100
1682362
1683218
1683352
1683665
1683891
1684094
1684124
1684153
1684272
1685175
1685262
1685284
1685369
1685504
1686104
1687105
1687276
1687885
1688292
1688434
1688560
1688688
1688866
1688981
1689598
1689791
1690081
1690592
1691455
1692612
1693447
1693876
1694447
1694452
1694772
1694802
1695169
1696764
1697128
1707408
1709251
1709464
1713721
1729442
1744487
1744714
1746752
1748787
1749379
1751798
1754625
1755934
1758461
1758676
1759251
1759555
1759568
1759964
1797992
1799656
1802017
1802111
1802528
1803670
1804024
1804621
1804787
1806690
1807107
1808121
1872777
1874641
1874941
1875583
1876344
1877041
1877222
1877423
1878320
1879365
1879803
1880411
1880875
1881711
1882051
1885021
1886049
1886490
1886568
1887497
1891365
1900703
1900795
1901379
1901730
1902044
1902220
1902418
1903803
1904049
1904409
1904456
1904784
1905488
1906218
1906491
1906929
1907404
1907601
1907781
1908896
1910014
1911658
1911740
1912370
1913281
1914095
1914157
1914773
1933045
1933450
1933586
1934545
1935195
1935470
1935909
1936174
1936480
1938757
1938899
1939541
1939830
1940689
1941888
1943979
1947138
1948859
1948992
1950128
1950230
1950696
1950777
1951095
1951362
1951747
1952101
1972147
1973794
1974124
1975229
1977412
1979008
1979436
1979652
1981544
1982214
1983164
1983779
1984370
1984777
1985311
1987190
2034588
2035699
2036428
2036452
2038776
2039804
2040115
2040734
2041364
2041471
2041944
2041976
2042047
2042995
2043105
2047465
2048240
2048242
2048341
2076435
2078396
2079688
2116641
2129759
2133816
2133829
2135370
2136483
2137278
2138792
2142018
2143000
2143386
2143631
2143689
2143758
2143916
2144305
2144788
2144867
2144978
2145300
2145924
2145957
2146208
2146268
2146299
2146855
2147096
2147213
2147495
2147651
2147661
2148370
2148460
2149025
2149098
2149571
2149621
2149700
2149834
2150011
2150497
2151068
2151363
2151394
2151531
2152179
2152183
2152665
2152721
2153361
2153945
2154305
2154379
2155147
2155612
2155617
2156138
2156945
2157237
2157454
2157592
2157641
2157762
2157775
2158492
2159269
2159346
2159572
2159939
2160081
2161032
2161154
2161293
2162019
2162234
2162966
2162996
2163094
2163149
2163676
2164341
2164940
2165605
2166002
2166759
2167565
2168185
2168208
2168384
2168840
2169617
2172754
2174575
2193557
2193609
2193961
2195426
2196911
2198395
2200742
2200842
2202061
2202089
2203280
2221893
2221911
2222206
2222297
2222314
2222755
2222851
2223378
2225312
2226719
2228830
2230329
2230412
2232001
2233935
2235727
2235849
2236795
2254487
2254963
2257049
2258173
2260765
2261932
2263020
2285450
2287186
2287565
2287828
2287920
2287922
2288401
2288476
2288670
2289481
2289759
2289901
2290239
2290603
2291575
2292279
2292372
2292459
2292473
2292605
2292642
2292990
2293119
2293310
2294110
2294350
2294465
2294809
2294951
2295142
2295271
2295277
2295417
2295459
2295674
2295986
2296207
2296397
2296637
2297096
2297255
2297474
2297570
2297930
2298057
2298642
2298708
2299237
2299443
2299496
2299543
2299581
2300130
2300156
2300395
2300580
2300819
2300830
2300938
2301112
2301330
2301631
2301651
2301800
2301877
2301892
2302970
2303204
2303329
2304091
2304269
2304471
2304638
2304981
2320891
2321198
2321201
2321211
2321400
2321494
2321857
2321935
2322375
2322639
2323131
2323298
2323617
2323704
2324415
2324492
2324667
2324761
2324987
2325061
2325082
2325155
2326213
2326455
2327610
2327745
2328035
2328603
2328680
2329363
2329711
2329743
2330511
2330735
2330775
2330829
2331291
2331335
2331396
2331437
2331836
2331859
2332057
2332158
2332194
2332661
2332736
2333110
2333255
2333392
2333430
2333534
2334418
2334446
2334541
2334740
2334779
2334897
2335190
2335620
2335838
2336078
2336203
2336255
2336373
2336723
2337534
2339419
2339533
2339661
2339707
2339807
2340445
2340597
2340682
2340799
2341148
2341168
2341318
2341679
2341929
2342577
2343703
2343896
2344618
2345156
2345383
2346044
2346056
2346403
2346414
2346514
2346836
2347079
2347346
2347732
2348422
2348575
2348765
2349061
2349271
2349407
2349424
2350472
2350503
2350898
2351247
2351601
2351611
2351617
2351647
2352266
2352595
2352917
2353091
2353127
2353141
2353240
2353610
2354230
2354425
2354459
2355213
2355219
2355232
2355483
2355712
2355877
2356390
2356926
2357000
2368715
2373560
2376132
2379232
2382427
2384148
2384543
2412517
2418201
2418505
2418711
2418959
2419159
2420318
2420653
2420697
2420839
2421190
2421441
2421650
2422465
2422692
2422995
2423275
2423622
2423939
2424073
2424096
2424189
2424502
2424697
2425473
2425671
2425940
2426675
2426806
2426925
2427059
2427204
2427222
2427363
2427529
2428241
2428406
2428526
2428623
2428758
2428838
2429395
2430302
2430398
2430407
2430499
2430971
2431014
2431077
2431502
2432202
2432319
2432609
2432880
2433124
2433138
2455565
2459470
2465104
2467037
2468103
2468516
2468952
2469153
2471172
2471966
2473482
2474266
2474687
2476213
2476665
2476691
2477465
2479463
2496673
2499276
2501457
2504889
2507725
2511669
2512024
2512588
2513176
2513346
2513573
2513805
2515012
2515812
2515848
2515918
2516901
2516984
2517355
2517627
2518391
2519180
2520016
2522591
2553550
2581128
2581217
2581434
2581440
2581536
2582394
2582562
2582936
2583066
2583372
2583448
2583895
2584016
2584124
2584565
2584566
2584691
2584872
2585464
2585662
2585817
2585887
2586370
2587114
2587236
2587378
2587585
2587695
2588446
2588972
2589557
2589727
2589765
2590307
2590894
2590912
2591051
2591092
2591137
2591182
2591303
2592198
2612987
2613035
2613617
2613641
2614559
2615417
2615510
2616106
2616183
2616394
2616426
2616499
2616554
2617189
2617393
2617439
2617580
2617710
2617760
2618548
2618758
2618789
2618883
2619218
2619239
2619742
2620275
2621060
2621293
2621672
2622038
2622438
2622705
2623070
2623086
2623504
2660595
2661150
2661206
2661463
2661554
2661814
2662042
2662579
2662678
2663526
2663562
2663709
2663742
2664160
2664389
2665026
2666430
2666611
2666674
2666796
2667041
2667065
2667233
2667265
2667326
2667383
2667436
2667984
2668201
2668206
2668215
2668504
2668689
2668717
2668847
2669002
2669084
2669451
2670165
2670344
2670439
2670454
2670638
2670824
2671223
2671633
2671751
2671937
2672031
2695320
2702639
2703974
2704002
2704295
2704497
2704851
2705247
2705253
2705372
2705578
2706310
2706370
2706443
2706498
2706713
2707063
2707136
2707337
2707529
2707713
2708124
2708576
2708738
2708813
2709028
2709306
2709779
2709913
2709966
2710029
2710084
2710452
2711308
2711390
2711413
2711647
2712114
2713079
2713202
2713426
2713446
2713638
2714459
2714485
2714691
2715070
2715461
2715569
2715579
2715639
2716152
2716352
2716700
2717051
2717111
2717196
2717607
2717691
2717755
2717764
2717953
2718035
2718212
2718467
2718860
2719266
2719652
2719716
2719800
2720087
2720190
2891080
2891516
2891587
2892364
2893836
2896253
2896498
2896520
2897210
2897622
2898309
2900409
2900730
2916884
2918023
2918202
2921409
2921909
2921956
2928160
2928652
2928731
2931659
2934956
2936842
2937032
2937198
2937356
2937656
2938052
2939682
2939966
2940316
2940452
2940485
2940524
2940761
2941321
2941765
2941773
2942180
2943282
2943985
2944001
2944600
2944663
2944768
2946305
2946526
2946687
2946909
2947123
2947828
2948852
2948958
2949215
2949402
2949759
2949831
2951949
2951979
2952143
2952497
2952524
2952664
2953276
2953506
2953564
2953688
2954019
2954186
2954680
2955467
2955826
2956842
2956859
2957128
2957402
2957770
2958274
2958501
2959318
2960198
2961180
2961434
2961853
2962156
2962943
2963176
2963543
2963590
2963815
2964553
2965244
2965293
2965401
2965587
2965854
2966124
2966212
2966974
2967022
2967351
2967986
2968288
2968445
2969335
2970789
2970803
2970844
2971037
2971681
2971709
2971780
2971897
2972007
2972482
2972634
2973273
2974630
2974638
2975009
2975354
2975438
2975589
2975662
2975990
2976010
2976040
2976104
2976917
2977027
2977493
2977501
2977644
2977717
2977853
2978059
2978335
2978537
2979055
2979191
2979725
2980193
2980312
2980926
2981712
2982110
2982585
2982946
2983019
2983309
2983332
2983407
2983729
2983895
2984131
2984545
2985349
2985741
2985826
2985922
2986261
2986304
2986353
2986376
2986588
2986941
3018422
3018998
3020190
3020424
3020689
3021172
3022071
3022081
3023370
3023847
3024211
3024885
3025139
3025162
3025467
3025942
3026426
3027952
3028558
3028800
3029515
3029559
3029828
3031587
3031866
3032654
3032979
3033025
3033996
3075141
3093903
3095511
3096717
3098925
3101606
3104626
3108109
3110001
3111844
3138464
3138619
3145488
3146903
3147024
3148524
3152826
3155326
3192430
3195283
3195646
3196919
3200354
3202722
3203628
3204160
3205029
3205445
3205972
3208879
3211125
3212150
3213052
3215253
3217693
3219806
3284493
3285949
3287236
3287383
3288837
3289700
3289887
3289959
3292395
3293060
3294063
3294353
3294386
3294491
3295459
3295616
3295794
3295889
3296515
3296544
3297700
3298535
3298673
3299681
3361564
3361661
3361676
3361989
3362278
3362712
3362946
3363291
3363778
3363822
3363899
3364381
3364596
3364653
3364681
3365212
3365543
3365808
3366172
3366173
3366471
3366754
3367064
3367288
3367295
3367420
3367453
3367577
3368163
3368415
3368924
3368955
3368983
3369038
3369227
3369951
3369960
3370668
3370673
3371060
3371493
3371627
3371707
3371996
3372300
3372969
3373043
3405976
3406658
3406690
3406886
3407018
3408854
3409350
3411189
3448392
3449020
3449443
3449950
3450440
3450504
3450523
3450604
3451148
3451251
3451450
3452721
3453007
3453141
3453201
3453307
3453468
3453525
3454165
3454212
3455651
3456204
3457042
3457574
3458086
3458101
3458680
3458747
3458769
3459200
3459360
3459871
3459934
3460098
3460106
3658008
3667592
3668047
3726670
3726798
3726829
3726962
3727173
3727210
3727351
3727415
3727812
3727951
3727975
3727998
3728217
3728281
3728396
3728597
3728785
3728820
3728908
3729002
3729081
3729237
3729372
3729691
3729800
3729857
3730146
3731400
3731467
3731700
3731844
3732156
3732267
3732494
3733264
3733307
3733588
3734014
3734073
3734284
3734336
3734368
3734417
3735238
3735359
3735475
3736492
3736551
3736823
3736955
3737085
3737126
3737514
3737649
3738026
3738460
3738608
3738651
3739003
3739004
3739091
3739192
3739770
3739798
3739823
3740122
3740185
3740211
3740281
3740304
3740305
3740348
3740580
3740691
3740984
3741020
3741723
3741762
3742236
3742810
3742984
3743803
3743880
3744291
3744732
3744818
3797888
3827225
3827353
3828240
3828624
3828667
3828706
3828743
3828874
3829843
3830146
3830596
3830982
3831501
3831513
3831854
3832482
3832873
3832983
3833705
3835466
3835902
3836136
3836575
3836891
3837221
3837320
3837727
3839030
3852691
3853399
3854187
3854394
3854524
3854664
3854704
3855201
3855890
3856137
3856342
3856737
3856803
3856826
3857413
3858027
3858070
3858673
3859676
3859711
3860106
3860984
3861110
3861175
3861451
3861639
3861947
3862778
3863916
3864034
3864056
3864187
3864600
3864906
3864964
3864971
3864972
3865232
3865273
3865321
3865961
3866180
3866184
3866487
3866556
3866640
3866809
3867933
3868292
3868320
3868329
3868460
3868988
3869392
3869510
3869740
3869743
3870139
3870176
3870803
3870901
3871294
3871465
3890316
3890468
3890570
3890572
3890645
3890811
3890921
3891299
3892299
3892477
3892697
3892744
3892784
3892789
3892873
3893098
3893864
3894208
3895007
3895046
3895319
3895687
3896093
3896287
3896367
3896922
3896988
3897616
3897687
3897848
3898086
3898194
3898627
3898635
3898954
3899122
3899437
3899750
3899955
3900076
3900209
3900228
3900342
3900480
3900684
3900975
3901368
3901475
3901539
3901980
3902274
3902752
3902971
3902980
3903103
3903720
3903886
3904057
3904887
3905160
3925221
3925277
3925889
3926016
3926144
3926649
3927001
3927971
3927996
3928034
3928076
3928095
3929472
3929833
3929860
3930134
3930514
3930752
3931055
3931449
3932140
3933090
3933843
3933971
3934507
3936066
3936122
3936671
3936854
3937259
3937524
3937533
3937542
3937552
3937629
3938098
3938105
3938176
3938782
3939053
3939804
3941107
3946308
3946902
3947186
3952458
3952535
3953117
3954076
3954489
3955089
3970593
3970908
3970968
3971354
3971842
3972455
3972565
3972775
3972935
3972957
3973307
3973353
3974230
3974482
3974602
3974744
3975182
3975285
3975476
3975567
3975681
3976201
3976434
3976442
3976843
3977292
3977756
3977815
3977946
3978292
3978463
3978933
3979118
3979348
3979382
3979590
3979659
3979747
3980063
3980110
3980117
3980250
3980261
3980345
3980499
3981081
3981481
3981487
3982196
3982217
3982800
3983282
3983561
3983687
3983799
3983811
3983844
3984357
3984463
3984491
3984741
3984882
3984969
3984994
3985288
3985337
3985522
3985664
3985799
4016508
4021255
4041742
4041965
4042020
4042532
4042801
4043487
4044313
4044505
4045596
4046233
4046823
4047171
4047221
4047299
4047514
4047799
4048176
4048287
4048610
4050074
4051496
4052157
4053042
4053174
4053331
4053526
4053550
4054200
4055137
4055597
4055834
4055993
4057224
4057935
4058124
4058212
4058367
4059829
4059860
4060520
4073857
4073880
4074996
4075274
4075399
4075446
4075924
4076440
4076712
4077120
4077189
4077870
4078603
4078918
4080665
4081014
4081493
4082400
4082541
4083179
4083195
4083301
4084243
4084701
4084819
4200817
4200938
4201073
4201360
4202000
4202671
4202757
4202842
4202938
4203038
4203274
4203413
4203779
4203922
4204624
4204900
4205440
4205492
4205503
4206606
4207071
4207536
4207549
4208145
4208235
4208299
4208683
4208689
4208799
4209448
4209592
4210326
4210540
4210926
4211402
4211499
4211701
4211800
4211829
4211881
4212160
4212193
4212280
4212332
4212553
4214146
4215025
4215120
4215131
4215407
4215468
4215618
4215899
4216290
4216363
4216608
4216653
4256007
4259116
4261903
4262273
4275539
4275871
4276558
4276564
4276734
4277105
4277279
4277521
4277736
4277972
4279492
4279893
4280522
4280669
4281581
4281593
4282025
4282375
4282440
4282795
4282945
4283211
4283947
4284553
4285214
4285575
4285638
4285648
4286500
4286969
4287580
4288267
4288576
4288721
4288780
4289249
4289524
4289661
4290506
4291741
4291953
4292276
4293248
4312094
4312251
4312891
4313101
4313247
4314139
4314235
4314247
4314398
4314451
4314566
4315059
4315330
4315353
4315609
4315701
4315731
4316050
4316483
4316534
4316648
4316813
4316854
4317469
4317846
4317979
4318188
4319179
4319362
4319558
4320242
4320306
4320642
4320960
4321058
4321141
4321470
4321517
4321625
4322057
4322105
4322486
4322534
4322662
4322732
4323070
4323193
4323339
4358471
4358785
4359023
4359135
4359164
4359328
4359718
4359766
4360027
4360078
4360084
4360637
4360773
4361172
4361213
4361402
4361435
4362034
4362566
4362975
4363138
4363181
4363490
4363895
4364188
4364987
4365214
4366066
4366535
4366702
4366726
4366799
4367654
4367844
4367931
4368125
4386890
4386977
4387112
4387571
4387678
4387779
4388890
4388959
4389001
4389192
4389856
4389888
4390460
4390523
4390740
4391115
4391162
4391211
4391242
4391634
4391822
4392152
4392283
4392307
4392526
4392560
4393058
4393140
4393201
4393586
4393611
4393642
4393968
4394258
4394302
4394645
4394690
4394943
4395111
4395804
4395916
4396012
4396091
4396164
4396384
4396572
4397332
4397811
4398166
4398222
4403523
4406785
4444648
4445024
4446460
4446898
4448102
4448455
4448517
4448839
4448895
4449791
4450062
4450229
4450265
4450414
4450419
4450717
4450982
4451008
4451126
4451302
4451321
4451389
4451596
4452005
4452445
4452897
4453058
4453123
4453457
4453482
4453782
4453820
4454198
4454461
4454521
4454697
4455448
4460942
4461971
4467382
4468513
4469570
4474225
4474232
4474553
4477759
4478015
4481193
4484706
4484707
4485461
4485520
4486630
4487966
4488876
4489720
4489978
4490005
4490026
4490531
4490635
4490665
4490762
4491463
4491582
4492413
4492565
4492804
4493850
4493868
4495417
4496072
4496182
4496240
4550502
4709621
4712663
4717710
4724718
4725061
4726558
4733885
4733930
4734512
4734735
4734869
4735125
4735244
4735759
4736084
4736126
4736826
4736874
4736960
4737182
4737827
4738050
4738206
4738796
4738807
4739019
4739240
4739548
4739988
4740090
4740505
4740720
4740783
4740834
4740858
4740972
4741178
4741521
4742283
4742444
4742961
4743030
4743144
4743353
4743896
4743932
4743994
4744072
4744283
4745048
4745170
4745279
4745311
4745544
4745739
4745934
4746033
4746063
4746069
4746331
4746791
4748395
4748467
4748626
4749172
4749181
4749202
4749933
4750538
4750712
4751062
4784991
4792871
4852542
4990383
4991226
4991486
4991716
4992820
4995670
4999380
4999973
5000844
5005126
5007545
5010278
5010932
5041328
5041441
5041690
5045594
5046218
5046736
5047396
5047415
5048424
5049235
5049360
5049662
5050429
5051137
5051250
5051461
5051637
5055721
5055726
5055745
5055783
5056901
5057904
5058126
5059972
5070510
5070859
5070956
5075473
5082633
5085553
5086279
5087416
5088555
5088814
5089006
5090330
5090491
5090527
5091297
5091933
5092059
5092165
5095873
5095960
5161527
5164673
5173004
5173247
5174201
5174204
5174492
5174770
5174933
5176026
5176577
5177117
5178248
5179018
5179102
5179876
5180388
5181051
5181099
5181151
5181220
5181712
5182175
5182240
5182455
5182756
5182911
5183868
5184059
5185057
5185645
5185743
5185894
5186982
5236191
5236572
5236604
5236784
5236877
5236886
5236964
5236969
5237060
5237497
5237554
5238027
5238030
5238371
5238787
5238891
5239103
5240119
5240310
5240489
5241150
5241809
5241974
5242471
5242557
5242811
5242900
5242905
5242947
5243082
5243164
5243812
5244259
5244327
5244858
5245114
5245178
5245197
5245482
5245911
5246011
5246049
5246191
5246357
5246451
5246682
5246808
5246922
5247068
5247263
5247320
5247470
5247731
5247917
5247953
5247957
5247970
5248115
5248215
5248312
5248368
5248465
5248792
5248811
5248873
5249540
5249797
5250148
5250153
5250192
5250361
5250816
5250879
5252066
5252203
5252992
5253370
5253459
5253460
5253702
5253880
5294146
5294746
5296791
5297491
5297961
5298888
5300646
5300753
5301872
5304825
5306647
5307731
5389558
5389680
5389691
5389762
5390130
5390149
5390356
5390409
5390711
5390992
5391875
5392218
5392379
5392593
5393081
5393187
5393827
5393914
5394035
5394154
5394541
5394639
5394753
5395803
5396217
5396796
5396839
5398077
5398369
5398524
5398717
5398804
5399072
5399290
5399726
5399916
5458086
5467495
5500426
5500773
5501585
5502111
5502651
5502926
5504387
5504414
5504799
5505012
5505187
5505225
5505303
5505506
5506269
5506308
5506515
5507053
5507878
5508062
5508735
5509731
5579543
5584858
5587907
5588006
5589975
5592987
5593278
5593526
5593586
5593966
5594066
5594746
5595330
5595781
5596761
5596891
5596930
5596942
5597005
5597466
5597689
5597766
5598075
5598402
5598960
5599033
5599352
5600086
5600921
5601200
5601367
5601395
5601445
5601941
5602097
5602145
5602307
5602644
5603037
5603482
5603552
5603600
5603729
5605240
5605958
5607528
5609227
5609564
5610990
5611820
5612978
5639631
5640335
5643662
5646029
5646655
5646698
5646778
5647396
5647493
5647700
5647744
5647902
5648028
5648115
5648852
5650057
5650240
5650390
5651021
5810182
5810202
5810619
5810915
5811236
5811397
5811506
5811767
5812207
5812332
5812441
5812853
5812946
5812988
5813300
5813371
5814416
5814453
5814898
5815417
5815869
5815995
5816005
5816060
5816188
5816934
5817308
5817547
5818039
5818450
5818556
5818840
5819318
5819501
5819534
5819608
5819854
5820328
5820701
5820786
5820865
5821786
5821814
5821839
5822202
5822345
5823473
5823613
5823671
5824399
5824844
5825549
5827120
5827312
5828339
5829228
5833904
5834581
5835075
5840962
5841975
5928080
5928842
5929241
5931924
5933280
5934697
5936427
5937244
5938306
5939621
5953337
5953748
5959653
5961259
5962135
5964168
5965616
5966116
5966195
5966268
5966375
5966480
5967223
5967636
5967674
5967801
5968334
5968476
5968864
5968933
5969040
5969682
5969700
5969792
5970057
5970474
5970933
5970983
5971783
5971959
5972136
5972211
5972286
5972840
5973022
5973297
5973419
5973560
5974111
5974881
5975267
5975837
5975927
5976447
5976489
5976520
5976570
5976699
5977297
5977925
5978396
5978653
6009786
6009819
6009824
6010916
6011105
6011170
6011663
6011777
6012202
6012531
6012747
6012749
6014284
6014647
6014981
6016595
6016900
6017302
6017691
6017954
6018660
6018929
6019046
6019671
6019820
6019924
6020513
6020652
6020835
6021021
6021864
6022466
6022680
6023274
6023412
6023760
6024002
6024069
6024235
6025298
6025755
6026795
6027134
6029504
6031489
6031884
6033155
6034573
6034793
6035736
6035780
6036775
6037973
6040967
6041613
6041729
6043001
6043432
6043660
6132156
6132225
6132855
6132897
6133700
6134329
6134353
6135086
6135171
6136165
6136220
6136292
6136321
6136985
6136996
6137270
6137290
6137740
6137962
6138014
6138029
6138692
6138771
6138997
6139330
6140554
6141287
6141432
6142244
6142521
6142566
6142918
6142926
6198786
6199001
6199568
6199580
6199903
6200867
6201054
6201506
6201739
6202114
6203300
6203747
6203832
6204060
6204616
6204906
6205343
6205638
6206198
6206256
6206365
6207536
6208524
6208575
6208673
6208849
6209113
6209621
6209684
6210666
6211235
6211640
6211913
6212225
6212559
6212737
6212771
6213071
6213706
6213722
6214236
6214380
6214757
6214809
6214855
6215021
6215312
6215565
6215645
6215983
6216383
6216586
6217386
6218400
6218738
6219033
6219523
6219759
6219962
6219986
6220098
6221018
6221943
6221958
6222417
6222850
6223209
6224144
6224667
6224865
6225102
6225109
6225431
6225589
6225681
6226100
6226464
6228908
6230508
6231652
6231927
6231979
6232357
6249526
6249642
6250089
6250206
6250837
6251850
6252006
6252061
6252319
6252375
6252886
6253144
6253459
6253982
6254448
6254845
6254895
6255339
6255457
6255700
6255732
6255917
6255991
6257166
6257304
6257343
6257580
6257704
6257936
6258254
6259536
6259609
6259700
6259731
6260391
6260700
6261057
6261119
6262357
6262423
6262666
6262747
6262818
6262917
6263127
6263410
6263748
6264332
6264465
6265065
6265092
6265328
6265895
6266158
6266269
6266396
6266461
6266697
6267030
6267134
6267204
6267986
6268119
6268263
6268478
6268523
6268531
6268732
6269607
6269618
6269633
6269726
6269822
6270432
6270789
6270982
6271208
6271361
6271376
6271441
6271555
6272112
6272419
6272458
6272561
6272566
6272909
6273135
6273202
6273540
6273557
6273589
6274863
6274915
6274918
6274957
6275435
6275685
6275780
6275816
6276227
6277486
6277577
6277761
6277948
6278307
6278481
6278553
6278979
6279164
6279184
6279229
6319453
6320848
6321456
6321814
6321958
6322122
6322337
6322817
6323603
6323951
6324177
6324706
6324798
6324915
6326339
6326909
6327217
6328291
6328767
6328895
6330063
6377918
6445802
6450720
6453841
6469826
6470634
6471791
6472046
6472198
6472668
6473249
6473398
6473530
6473974
6474055
6474933
6475838
6476329
6477722
6478799
6478842
6478914
6478920
6479056
6479351
6479504
6480379
6544458
6549150
6551863
6553828
6556245
6556289
6557499
6559591
6559706
6559820
6560065
6561113
6562265
6562318
6563352
6563780
6564010
6564541
6566910
6567810
6568084
6568156
6568313
6624905
6625126
6625637
6625697
6625867
6626295
6627316
6627448
6627729
6628124
6629477
6630353
6630881
6631990
6632481
6632587
6632966
6633382
6633419
6633871
6634209
6635219
6635352
6635371
6636343
6636373
6636447
6636933
6637286
6637495
6637524
6638550
6638551
6638628
6638966
6639016
6639427
6639760
6639786
6639830
6700601
6700733
6700847
6701245
6701530
6701664
6702241
6703803
6703909
6703930
6704554
6704859
6704907
6705734
6706637
6706791
6707145
6707974
6708017
6708509
6708606
6709234
6709463
6709783
6709817
6710095
6710211
6710294
6710635
6710694
6711053
6711331
6711519
6711630
6711634
6711750
6712229
6712475
6712653
6713515
6714209
6714311
6714700
6714823
6714989
6715621
6716581
6716629
6716851
6716868
6716927
6717073
6717812
6718301
6718939
6718999
6719434
6719478
6719838
6720827
6721142
6721250
6721260
6721559
6721827
6722184
6722409
6722858
6722931
6722988
6723213
6723956
6724311
6724545
6724606
6724884
6724907
6725199
6725438
6726446
6727219
6727253
6742036
6742048
6742537
6742791
6743068
6743213
6743593
6743981
6744007
6744540
6744639
6744763
6744835
6745581
6745812
6746195
6746276
6746468
6746510
6746516
6746740
6746750
6746886
6746935
6746939
6747090
6747286
6747376
6747450
6747790
6748129
6748281
6748354
6748786
6748883
6749229
6749702
6749720
6749749
6750530
6750585
6750893
6751107
6751219
6751280
6751494
6751526
6751736
6752023
6752198
6752919
6753117
6753528
6753791
6754335
6754420
6754628
6755099
6755322
6755521
6755615
6756324
6756376
6756676
6757176
6774932
6894963
6896723
6898755
6898976
6899139
6899562
6899659
6902769
6904712
6905689
6923028
6924350
6924362
6924714
6924930
6924961
6925179
6925200
6925849
6926074
6926327
6926582
6926920
6927348
6928542
6928887
6928903
6929251
6929281
6929387
6929556
6929564
6930184
6930272
6931288
6931334
6931349
6931919
6932072
6932119
6932147
6932377
6932445
6932603
6932662
6932689
6932820
6933019
6933309
6933619
6933748
6933831
6934148
6934628
6934692
6934964
6935075
6935261
6935821
6936232
7141846
7141898
7142220
7142276
7142304
7142483
7142748
7142762
7142819
7142828
7142964
7143023
7143082
7144064
7144111
7144515
7144734
7144787
7144865
7145160
7145173
7145323
7145682
7146038
7146823
7146956
7147157
7147909
7149466
7149500
7149548
7149566
7150133
7150375
7150472
7150782
7150850
7150925
7151603
7151713
7151912
7151934
7152037
7152313
7152414
7152573
7152587
7152884
7153070
7153100
7153286
7153287
7153843
7155088
7155307
7155362
7171020
7171271
7172250
7172574
7175087
7175222
7175469
7175855
7176206
7176801
7177241
7177402
7177416
7177803
7179133
7179584
7179774
7180385
7180528
7180937
7181116
7181152
7181615
7181695
7181748
7181806
7181816
7182687
7183047
7184051
7184258
7184493
7273928
7276889
7277156
7290873
7292514
7292785
7293224
7293247
7293332
7293388
7294539
7294582
7295423
7296908
7297382
7297438
7298214
7299465
7300538
7300690
7302592
7303285
7303303
7303558
7303632
7303798
7305997
7306146
7306234
7307169
7307374
7307749
7307786
7307980
7308277
7308361
7308463
7308661
7308719
7308809
7308939
7309065
7309142
7309648
7309784
7309909
7310441
7310673
7311037
7311243
7311267
7311445
7312004
7312477
7313245
7313435
7314296
7314707
7314729
7314937
7315909
7316165
7316457
7316547
7317413
7317634
7317745
7318149
7318655
7319695
7320025
7320056
7320960
7321114
7321279
7321337
7321925
7321977
7322210
7322623
7335030
7336219
7336376
7337287
7339194
7340179
7342741
7344273
7345186
7345411
7346815
7347640
7348027
7348316
7350704
7370614
7370825
7373287
7376091
7376292
7376667
7377739
7380835
7381021
7381028
7385709
7387544
7388043
7388475
7388873
7389109
7389212
7389229
7390967
7391051
7391143
7393198
7394240
7395898
7396018
7396774
7433361
7433731
7434121
7434508
7434938
7435800
7436294
7436428
7436804
7437206
7437265
7438176
7438218
7438627
7438953
7439917
7440819
7441007
7441093
7441280
7441741
7441742
7441933
7442352
7442736
7442759
7442839
7443424
7443544
7443848
7444448
7444458
7444517
7444785
7445317
7446042
7446065
7446079
7446131
7446191
7446499
7446641
7446667
7446958
7447111
7447431
7447819
7448494
7448638
7448835
7448924
7461761
7462114
7462128
7466069
7466472
7467849
7467874
7469679
7470074
7471226
7471919
7476195
7476789
7504385
7513059
7615352
7615518
7615866
7616311
7616342
7616452
7616484
7616805
7617011
7617052
7617493
7617690
7617756
7618384
7618462
7618509
7618627
7619219
7619240
7620111
7620345
7620580
7621055
7621568
7621636
7622467
7622978
7623069
7623089
7623302
7623569
7623611
7623749
7623752
7624207
7625398
7649455
7652443
7653183
7654238
7656227
7656928
7657384
7743558
7743783
7744311
7744396
7744634
7744678
7744700
7746346
7746747
7747213
7747694
7747724
7747905
7748119
7748281
7748552
7750704
7750745
7751022
7752093
7752170
7752917
7752922
7753985
7754163
7754539
7755762
7757212
7757687
7757780
7758291
7758844
7759312
7759350
7760825
7816925
7817948
7818115
7818171
7818623
7819046
7819170
7819199
7819349
7819560
7819716
7819919
7819925
7820882
7820996
7821547
7821663
7821782
7822105
7822195
7822587
7822741
7822989
7823005
7823180
7823207
7823257
7823295
7824590
7824722
7824943
7825413
7825646
7825730
7825941
7826032
7826387
7826412
7826619
7826873
7826881
7826964
7827029
7827974
7828624
7828757
7829007
7829531
7829634
7830027
7830277
7830381
7830410
7904812
7904820
7904873
7905188
7905709
7906049
7906084
7906309
7907491
7907797
7907914
7908004
7908154
7908273
7908296
7909163
7909444
7909472
7909491
7910260
7910349
7910420
7910586
7910670
7910678
7910867
7911363
7911731
7911844
7912052
7912336
7912457
7912611
7912954
7913752
7913915
7913929
7913953
7914739
7931684
7932857
7935758
7990348
7995005
8002049
8008079
8018190
8018384
8021035
8022286
8023506
8025225
8025989
8026765
8027479
8028265
8028458
8028786
8029612
8029626
8029641
8030174
8032203
8032338
8034222
8034223
8034511
8152153
8211242
8214117
8219759
8222472
8223937
8224058
8224200
8224399
8225023
8225106
8225519
8225653
8225901
8226106
8226578
8226688
8227264
8227294
8227507
8227538
8227597
8227900
8227978
8228283
8228841
8228928
8228968
8229045
8229200
8229406
8229432
8229453
8229699
8229837
8230039
8230604
8231397
8231761
8231923
8232009
8232087
8232522
8232718
8233347
8233879
8233882
8234844
8234900
8234920
8235387
8235714
8235778
8235955
8236494
8237365
8237456
8237655
8238368
8238671
8238964
8239050
8239196
8239429
8239687
8239731
8239983
8240238
8241161
8241299
8241640
8242138
8242230
8242252
8242647
8243168
8243875
8244364
8244488
8244646
8244852
8245008
8245104
8245504
8245593
8247305
8248007
8248516
8248683
8248888
8277427
8277427
8277804
8280159
8280666
8281038
8281400
8283331
8284083
8285038
8285430
8397221
8399035
8399085
8400964
8402010
8403409
8404101
8406638
8480198
8480580
8480641
8481141
8481223
8481248
8481449
8481563
8482227
8483239
8483480
8483645
8484251
8484534
8484736
8484776
8485658
8486193
8486319
8486336
8486387
8486701
8487116
8487689
8487848
8488013
8488094
8488720
8488796
8489134
8489186
8489308
8490066
8490112
8490525
8491315
8491336
8491429
8491648
8491816
8491828
8494244
8494323
8494384
8494609
8494687
8494815
8494836
8494974
8494981
8495181
8495344
8495755
8495871
8496146
8496574
8496695
8496988
8497160
8497197
8497275
8497621
8498345
8498360
8498562
8498635
8498704
8498951
8499191
8499899
8500119
8500124
8500499
8500511
8500575
8500895
8501134
8501344
8501874
8501946
8502081
8502381
8502477
8502489
8502531
8502875
8503177
8503240
8503668
8503700
8503988
8504418
8504458
8504542
8505004
8505572
8505671
8505906
8505910
8506610
8506786
8506822
8506863
8507013
8507229
8507672
8507998
8508005
8508703
8510254
8510793
8510883
8510900
8510981
8511036
8511278
8511887
8512077
8512369
8512904
8513246
8513320
8513321
8513618
8513690
8514084
8514101
8514142
8514183
8514438
8514464
8514677
8514956
8515545
8515839
8515876
8515898
8564377
8564508
8564758
8564880
8565137
8565146
8566491
8566678
8567054
8567376
8568240
8568577
8568818
8568828
8568875
8568883
8569226
8569299
8569313
8569527
8569793
8570421
8570557
8571400
8571465
8571509
8571583
8572172
8572382
8573131
8574204
8574326
8574982
8575286
8576434
8576440
8576462
8576789
8577253
8577576
8578102
8578592
8579219
8579332
8580135
8580790
8581047
8581885
8582116
8582296
8582384
8582522
8582842
8583055
8583248
8583329
8583420
8623116
8623579
8625092
8625592
8626226
8626554
8627723
8629220
8630147
8631993
8632083
8633424
8634424
8634733
8634776
8636621
8638243
8638900
8640662
8641013
8641510
8641850
8642299
8642479
8642484
8642950
8643232
8643990
8644041
8644566
8644944
8645088
8645332
8645846
8646116
8646177
8646429
8646457
8646575
8646764
8647218
8647445
8647730
8647870
8647872
8647903
8648293
8648501
8648591
8650136
8650189
8650354
8650423
8650515
8651057
8651078
8651474
8651837
8652067
8652552
8652570
8652806
8653095
8653426
8653475
8653585
8653756
8654005
8654255
8654389
8654683
8655104
8655176
8656606
8656908
8657241
8657255
8674224
8676028
8677075
8794266
8794361
8794382
8794659
8795476
8796472
8796548
8796914
8797039
8797781
8797789
8798017
8798496
8798919
8799342
8800626
8800971
8801192
8802465
8803160
8803286
8837297
8838209
8838284
8838374
8838724
8838940
8839160
8839831
8840748
8841235
8841513
8842781
8843026
8843701
8844115
8844696
8845070
8845321
8845937
8846206
8846709
8847862
8848826
8884472
8887314
8946253
8946836
8947012
8947805
8947913
8948082
8948773
8949238
8949799
8951940
8952612
8953412
8954628
8954667
8954918
8955694
8956855
8956887
8957058
8957440
8959359
8959774
8959826
8959872
8960041
8960098
8960365
8960502
8960851
8960931
8961026
8962759
8962811
8963208
8963566
8963654
8963774
8963921
9003900
9005325
9006444
9006861
9006870
9007214
9007388
9008279
9009651
9009719
9010020
9011193
9011316
9011409
9011755
9011916
9012271
9012873
9013499
9013650
9013666
9014161
9014739
9015801
9016084
9016223
9016345
9017690
9017739
9018017
9018136
9018184
9018678
9018826
9018836
9019346
9019993
9020072
9020084
9020447
9021318
9021639
9022333
9022483
9022981
9023065
9023301
9023557
9023783
9023951
9024056
9024212
9024334
9025023
9025425
9025795
9025873
9025980
9026263
9026837
9027199
9027320
9027888
9028025
9028393
9028699
9029022
9029522
9029785
9029895
9029964
9030093
9030118
9031219
9031774
9032211
9032261
9032540
9032620
9032756
9032869
9125714
9125847
9125904
9126003
9126350
9126699
9126719
9127195
9127565
9128031
9128273
9128516
9129031
9129173
9129513
9129699
9129875
9129939
9130025
9130068
9130102
9130583
9130790
9131011
9131221
9131223
9131645
9131827
9131852
9132161
9132399
9132474
9132522
9132639
9133461
9134328
9134441
9134461
9135649
9135842
9135960
9136681
9140345
9141144
9142742
9142830
9146307
9146649
9147838
9150035
9212015
9212830
9213272
9213904
9216434
9217135
9218948
9219853
9220488
9221544
9221556
9221860
9221904
9222856
9223986
9224273
9224307
9328727
9329095
9329231
9329898
9330050
9330185
9330815
9330978
9331007
9331085
9331129
9331955
9332018
9332173
9332248
9332290
9332324
9332574
9333051
9333454
9333519
9333969
9334110
9334283
9334370
9334577
9336144
9336877
9336885
9337816
9338478
9338634
9338660
9338714
9338891
9338900
9339739
9340399
9340989
9341407
9341444
9341902
9341981
9342348
9342724
9343006
9343803
9343997
9344112
9344253
9344388
9344528
9344530
9345024
9346152
9346845
9346979
9347303
9347632
9347898
9348431
9348656
9349347
9349525
9350597
9351457
9353425
9358696
9373085
9385551
9491078
9535653
9535753
9535816
9535848
9536040
9536498
9536870
9537032
9537088
9537129
9538266
9538324
9538602
9539047
9539082
9539331
9539464
9539694
9539887
9540033
9540344
9540373
9540478
9540528
9540664
9540773
9541163
9541585
9541609
9542333
9542605
9543167
9543579
9543891
9543899
9543995
9544323
9544426
9544487
9544542
9545185
9546500
9546663
9578086
9581085
9587521
9625535
9625669
9625698
9625918
9631692
9826913
9826932
9827086
9827655
9827765
9828068
9828681
9828804
9828869
9828901
9829212
9829286
9829374
9829920
9830030
9830262
9830315
9830324
9830441
9830584
9830643
9830700
9831011
9831413
9832386
9832579
9834047
9834192
9834464
9834585
9834662
9834943
9835010
9835844
9835932
9836180
9836317
9836579
9836608
9836880
9837105
9837620
9837696
9838161
9838240
9838353
9838412
9918019
9918054
9918117
9918465
9918586
9918748
9919225
9919300
9919788
9920292
9920326
9921176
9921200
9921475
9921741
9921830
9921898
9922390
9922840
9922913
9922955
9923193
9923356
9923758
9923812
9923886
9924690
9925089
9925104
9925161
9925267
9925369
9925671
9926037
9926565
9926940
9927024
9927200
9927275
9927853
9927876
9927897
9928003
9928015
9928262
9928339
9928829
9929186
9929197
9929637
9930101
9930298
9930357
9930589
9930808
9930859
9930997
10039539
10040389
10040708
10040838
10041113
10043062
10043149
10044348
10044428
10047138
10048860
10048995
10049067
10049474
10050305
10051093
10052119
10052793
10119712
10119766
10119817
10119898
10121024
10121324
10121392
10121451
10121587
10121688
10121980
10122336
10122747
10122812
10122975
10124085
10124656
10124744
10125095
10125369
10125438
10125851
10126034
10126145
10126565
10126833
10127194
10127851
10128179
10128181
10128512
10128585
10129057
10129306
10129720
10129782
10129882
10130423
10130677
10130785
10130986
10131330
10131415
10131567
10131568
10131613
10132617
10132965
10133655
10133659
10134706
10134800
10134849
10135024
10135381
10135611
10135734
10136057
10136831
10138212
10138732
10138769
10140204
10140608
10140767
10141695
10141796
10142066
10142211
10142431
10142741
10142906
10144139
10144793
10145284
10145517
10145692
10146080
10146416
10146669
10146808
10148102
10148228
10148830
10149147
10149278
10149450
10149492
10176230
10178187
10182239
10186326
10186690
10236386
10242589
10243911
10245847
10286751
10287833
10288042
10288413
10289020
10289145
10289328
10289634
10289744
10290230
10290307
10290668
10290931
10291516
10291748
10292125
10292377
10292456
10292626
10292747
10292802
10293003
10293921
10293992
10294070
10294195
10294456
10294835
10295031
10295187
10295286
10295596
10296076
10296618
10296955
10326757
10326840
10327135
10327609
10327757
10327782
10328887
10329875
10330138
10330341
10331177
10331459
10331880
10332222
10332233
10332302
10332334
10332458
10332828
10333170
10333251
10333818
10334448
10334769
10335146
10335734
10336233
10336325
10336553
10336855
10337363
10337465
10337536
10337559
10337758
10338916
10339337
10339486
10341705
10341918
10342690
10366053
10366465
10366512
10366911
10367366
10367449
10367626
10367966
10369840
10369955
10370137
10370164
10370378
10370751
10371086
10372196
10372495
10372611
10373119
10373231
10373486
10374192
10374375
10374859
10375000
10375043
10375196
10375398
10375758
10376015
10376110
10376205
10377118
10377338
10377435
10377453
10377503
10377559
10377572
10378299
10378465
10431521
10431529
10431848
10433333
10433774
10433962
10434241
10435343
10435566
10435626
10435860
10435978
10436149
10436219
10436611
10436758
10437604
10437822
10437963
10438525
10438601
10438685
10438724
10438773
10438901
10439159
10439327
10439621
10440339
10440356
10441009
10441452
10441463
10441878
10442957
10443261
10444427
10444449
10486511
10486613
10520339
10520439
10520957
10521138
10522344
10522363
10522560
10522836
10522964
10523335
10523353
10523485
10524617
10524827
10524976
10525642
10525666
10526038
10526677
10527348
10528745
10528856
10529009
10529072
10529210
10530254
10530344
10531395
10531431
10531666
10532288
10532758
10533072
10533543
10533917
10534236
10534602
10535729
10540496
10667963
10668987
10669417
10670505
10672803
10672976
10676151
10726298
10732625
10782328
10784435
10784849
10785277
10789685
10791472
10791835
10792291
10794133
10797204
10798281
10865199
10865736
10866103
10867516
10871151
10871427
10873489
10878317
10901831
10901886
10904752
10940049
10940207
10940563
10940828
10941912
10942770
10943050
10943572
10945323
10947904
10949432
10950370
10951257
10952231
10953022
11015574
11015687
11015743
11015807
11015916
11017081
11017246
11017379
11017467
11018552
11019192
11019643
11019654
11020287
11020316
11020801
11021740
11022854
11022971
11023752
11023827
11023839
11024115
11024181
11024236
11024402
11024865
11025498
11026241
11026744
11026961
11027111
11027256
11027491
11027502
11027931
11027958
11028086
11028306
11028617
11029567
11029709
11029809
11029973
11030215
11030617
11030624
11030701
11030963
11031613
11031643
11082601
11264538
11264539
11265350
11265434
11265532
11265730
11266728
11267941
11270011
11270410
11270510
11270666
11271410
11271887
11272786
11273060
11273093
11273108
11273720
11274151
11274228
11274462
11274556
11274992
11289760
11292912
11296821
11372988
11373058
11373080
11373158
11373820
11373862
11373935
11375055
11375917
11376603
11377133
11377881
11378797
11379314
11379970
11380068
11380093
11380440
11380498
11380689
11380985
11381210
11381229
11381352
11381405
11381520
11381553
11382127
11382680
11382683
11382807
11383176
11383935
11384194
11384206
11385109
11385249
11385511
11385924
11387562
11388171
11388211
11388256
11388764
11388857
11389810
11390271
11391071
11392458
11393608
11395160
11397261
11397501
11398973
11398993
11401121
11404024
11406697
11409473
11414562
11415259
11415479
11420658
11420739
11423071
11458895
11459361
11459525
11459662
11461020
11461358
11461991
11462413
11462534
11462672
11463285
11464173
11464670
11464825
11464935
11465781
11465851
11465910
11466182
11466707
11466789
11467927
11468147
11468368
11468519
11468765
11469048
11469124
11470010
11470113
11470209
11470275
11470623
11470929
11471296
11471349
11471688
11471939
11473345
11488784
11492613
11493661
11495135
11497146
11497557
11498226
11498423
11500401
11502519
11503586
11504044
11619233
11619380
11619501
11619511
11619609
11620411
11620719
11621305
11622173
11622863
11623274
11624510
11624838
11625027
11625390
11625844
11626173
11627301
11627612
11627624
11627772
11627865
11628080
11628380
11628972
11629269
11629422
11630006
11630268
11630711
11631274
11631459
11631603
11631685
11631718
11631914
11632317
11632797
11633191
11633642
11664728
11665978
11666726
11667208
11668398
11669893
11671009
11737687
11737720
11737925
11738043
11738049
11738979
11739077
11739902
11740322
11740460
11741003
11741107
11741121
11741130
11741431
11741479
11741656
11742428
11742711
11742979
11743633
11743711
11743850
11744097
11744205
11744430
11744941
11745243
11745330
11745361
11745384
11745427
11745907
11745951
11746209
11746770
11747045
11747400
11747710
11747956
11747973
11748136
11748806
11748964
11749002
11749714
11749715
11749791
11749896
11750204
11750340
11750552
11750633
11796997
11797391
11798340
11798409
11799373
11801223
11801656
11802049
11803714
11804362
11804647
11804804
11806119
11806289
11806388
11877899
11878121
11878133
11878146
11878806
11879502
11880254
11880331
11880466
11880508
11880646
11880701
11881763
11882557
11883721
11884030
11884054
11884456
11884655
11885030
11885049
11885217
11885574
11885859
11886111
11886817
11887436
11887601
11887603
11887738
11887947
11888028
11888306
11888391
11889178
11889665
11890010
11890362
11890453
11890851
11890874
11891534
11891640
11891732
11891978
11892028
11892059
11892203
11892236
11892550
11892882
11892945
11893172
11893379
11893639
11893870
11894252
11894941
11895290
11895707
11895721
11895898
11895924
11896223
11896271
11896610
11896876
11897279
11897517
11897606
11897708
11897940
11897951
11898061
11898175
11898236
11898525
11898684
11898800
11898811
11898835
11899282
11899428
11899629
11900114
11900382
11900818
11900863
11900983
11901075
11901129
11901187
11901234
11901784
11902238
11902562
11902588
11902879
11903189
11903685
11903862
11932234
11937764
12024426
12024799
12025263
12025655
12025740
12025860
12026095
12026158
12026376
12026386
12027449
12027638
12027800
12027804
12027857
12027915
12028141
12028423
12028519
12029091
12030240
12030348
12030391
12030518
12030642
12030654
12030710
12030718
12031116
12031284
12031467
12031657
12031787
12032065
12032209
12032368
12032516
12032948
12033660
12034218
12034221
12034881
12035343
12035436
12035877
12036233
12036317
12036465
12036769
12037507
12037657
12037676
12038509
12038717
12039000
12039361
12039626
12039858
12040245
12040913
12041194
12041431
12042249
12042475
12042782
12042831
12043351
12044034
12044637
12045007
12045540
12045707
12045887
12046464
12046987
12048554
12048765
12049156
12050015
12050300
12050308
12050422
12051628
12051640
12051802
12051807
12053991
12054450
12082674
12083557
12085225
12085882
12085903
12086423
12087367
12088253
12089187
12089353
12091059
12091336
12091766
12109587
12109656
12109682
12110603
12113623
12113900
12116238
12117267
12117303
12119441
12120062
12124338
12125866
12168721
12168731
12169164
12169265
12169446
12169987
12170059
12170303
12171194
12171327
12171764
12171827
12172411
12172443
12172774
12173429
12173492
12173609
12174115
12174600
12174734
12174982
12175405
12175493
12175582
12175673
12175758
12175878
12176008
12176182
12176516
12176913
12176958
12177278
12177902
12178290
12178303
12178380
12178548
12179167
12179385
12179533
12181134
12181454
12181501
12181525
12181769
12181848
12181907
12182061
12182177
12182391
12182444
12183667
12183758
12205475
12205977
12208524
12212591
12215011
12287212
12287335
12287553
12287989
12288032
12288315
12288628
12289079
12289111
12289266
12289414
12289494
12289698
12289938
12290044
12290056
12290083
12290439
12291240
12291648
12292019
12292170
12292754
12292947
12293152
12293166
12293255
12293654
12293944
12293998
12294447
12294700
12295038
12295685
12295920
12296053
12296555
12303375
12303950
12304382
12304707
12305187
12306490
12306818
12307603
12308339
12343382
12343476
12343618
12343856
12343919
12343934
12344069
12344186
12344714
12344842
12345219
12345550
12345687
12345909
12346037
12346251
12346366
12346418
12346423
12346830
12346953
12347075
12347483
12347512
12347964
12348788
12349822
12350219
12350326
12350477
12350492
12350538
12351359
12351481
12351497
12352061
12352214
12352329
12352558
12352578
12352725
12353171
12353324
12353566
12358712
12359429
12360243
12362114
12368846
12370090
12370238
12371377
12401976
12402054
12402056
12402101
12402664
12403243
12403675
12403683
12403751
12403830
12405043
12405301
12405363
12405436
12405543
12406106
12406481
12406690
12406832
12407053
12407455
12407596
12408084
12408093
12408142
12408440
12409340
12409344
12409439
12409599
12409626
12410085
12410966
12411065
12411235
12411254
12411610
12411929
12412393
12412529
12412587
12412596
12412637
12413040
12413258
12413698
12413978
12414068
12414842
12415096
12415403
12415430
12415870
12415902
12415908
12416132
12416223
12416346
12520565
12520712
12521075
12521087
12522182
12522470
12523349
12524072
12524178
12524508
12524890
12525394
12526014
12526355
12526413
12526996
12527104
12527241
12527741
12528095
12528198
12529418
12530055
12530381
12531223
12531627
12532117
12533057
12533225
12533404
12533695
12533912
12534290
12534728
12534869
12535407
12536141
12536448
12536488
12536883
12537006
12537320
12537656
12537985
12539281
12539558
12539643
12539897
12540186
12540393
12540760
12541050
12541108
12541271
12541479
12541905
12542146
12542240
12542285
12542371
12542499
12542789
12543374
12543848
12544280
12544458
12544654
12544747
12544799
12544837
12544899
12545135
12545582
12545920
12546315
12546352
12547110
12547321
12547472
12548372
12548722
12548838
12549066
12549880
12550083
12550256
12550536
12550804
12551120
12551329
12551696
12551767
12551808
12551814
12552009
12552228
12552311
12552363
12552423
12552485
12552650
12552854
12552919
12553039
12640414
12642208
12644109
12644428
12644642
12645059
12645223
12645228
12646432
12646757
12647333
12648661
12649152
12649301
12650040
12650280
12650943
12651316
12651681
12652368
12653004
12653147
12653739
12654305
12654944
12655076
12655830
12655882
12656026
12656064
12657175
12657890
12658231
12658512
12659969
12660109
12660145
12735924
12735940
12736034
12738256
12738434
12739905
12740374
12740871
12741226
12741521
12742308
12743584
12743924
12744753
12744843
12744858
12746193
12746817
12747593
12747718
12749097
12751013
12752270
12793241
12793401
12793718
12794574
12794682
12794885
12795201
12796463
12796921
12797278
12797334
12797391
12797430
12798025
12798028
12798072
12799010
12799308
12799601
12799828
12799913
12800275
12800611
12801055
12801291
12801326
12801812
12801989
12802977
12803079
12803258
12803429
12803430
12804836
12804922
12805367
12805430
12806430
12809259
12811177
12812446
12817349
12818539
12819731
12821531
12821748
12822440
12823464
12823905
12824289
12824310
12824546
12825575
12826082
12826529
12826794
12827732
12828303
12828569
12829671
12830198
12831290
12832764
12832853
12833388
12835412
12835975
12836253
12836505
12850100
12855237
12855292
12902875
12903308
12903670
12903778
12903791
12904503
12905006
12905086
12905621
12905653
12905979
12906353
12906606
12907246
12907403
12907479
12907513
12907791
12908225
12908291
12908302
12908653
12909025
12909338
12909516
12910137
12910447
12910490
12910616
12910956
12911052
12911248
12911891
12912582
12912597
12912960
12913170
12913646
12913717
12913823
12914159
12914172
12914447
12914627
12914855
12915222
12915254
12915435
12915607
12915910
12916011
12916230
12916385
12916398
12916821
12917143
12917314
12917393
12917478
12917700
12929213
12929636
12930175
12930413
12930489
12931820
12932479
12933360
12934924
12934974
12935672
12936113
12936125
12936622
12937166
12938358
12938402
12938502
12938590
12939550
12940086
12940288
12941379
12941599
12941853
12942028
12942187
12943137
12990057
12991280
12991668
12991739
12992389
12992793
12993801
12995084
12996510
12997023
12997090
12997759
12999020
12999605
12999605
12999884
13000828
13002646
13003358
13003996
13005003
13005831
13005962
13006500
13007532
13007558
13041744
13061935
13062104
13062880
13062967
13063261
13063840
13064161
13064193
13064211
13064493
13066179
13066612
13066678
13066734
13066801
13067267
13067376
13067735
13068123
13068167
13068544
13068955
13069114
13070217
13070902
13071004
13071043
13071227
13071637
13071671
13071841
13071876
13072472
13072985
13073285
13073358
13073474
13074035
13074047
13074129
13074159
13074401
13074551
13075101
13075148
13075291
13075765
13075890
13076186
13076400
13077069
13077530
13077973
13078227
13078519
13078754
13080109
13080165
13080251
13081037
13081382
13081532
13082062
13082075
13082568
13082663
13082728
13084076
13084509
13084651
13085853
13086975
13087223
13087230
13087332
13088247
13088408
13088530
13088671
13088697
13088850
13089622
13090129
13090184
13090314
13091069
13091633
13092453
13092714
13092806
13093119
13093252
13093391
13093406
13093415
13093791
13094076
13094178
13094299
13094366
13094481
13094528
13094790
13094927
13095134
13095413
13096531
13097054
13097800
13098330
13098956
13099430
13099522
13099620
13101844
13102699
13103194
13103462
13103506
13103896
13104580
13105505
13106234
13107868
13108618
13109512
13109763
13109779
13110434
13110645
13111295
13113847
13114454
13114795
13192913
13193236
13193598
13193963
13194390
13194839
13194989
13195108
13195124
13195526
13195840
13195934
13196468
13196497
13197001
13197072
13197367
13197559
13197990
13198070
13199306
13200279
13200470
13201070
13202129
13202350
13202641
13202644
13203213
13203933
13204035
13204333
13204386
13204731
13205559
13206090
13207146
13207185
13207422
13207540
13207669
13207827
13208615
13209039
13209383
13209583
13209706
13209937
13210116
13210195
13210477
13210561
13210635
13211037
13211227
13211248
13309354
13309574
13310754
13310757
13311737
13311889
13311902
13312150
13312308
13312542
13312584
13313077
13313144
13313549
13313799
13313954
13314746
13314940
13315840
13316418
13316540
13316720
13317830
13317933
13318060
13318191
13318652
13318816
13319186
13319362
13319627
13345656
13345704
13345907
13345976
13346095
13346548
13346943
13346965
13347142
13347637
13347757
13348048
13348134
13348460
13348607
13348764
13349057
13349332
13349952
13350240
13350331
13350596
13350797
13350893
13351569
13351745
13352386
13352389
13352599
13352984
13353081
13353299
13353319
13353813
13353938
13354248
13354460
13354573
13354686
13354847
13354946
13415120
13435575
13435751
13435965
13436265
13436448
13436514
13437245
13437350
13437465
13437643
13437836
13437879
13438374
13438834
13438934
13438987
13439034
13439225
13439396
13439875
13440091
13440430
13441714
13442878
13442889
13442912
13443640
13443807
13444575
13445017
13445140
13445214
13445766
13446213
13446213
13446327
13447506
13447682
13447737
13448049
13448134
13448258
13448406
13448488
13448697
13449202
13449555
13449800
13450322
13450609
13450688
13451451
13452258
13452303
13452499
13452734
13452826
13452946
13453564
13492941
13494515
13494582
13494930
13495107
13495170
13495186
13496599
13496850
13497375
13497634
13497743
13498012
13498544
13499460
13499774
13499947
13500120
13500706
13500837
13500884
13501147
13501559
13501853
13502369
13502425
13503002
13503612
13503687
13504299
13504619
13505826
13513066
13531801
13532214
13533167
13533277
13533514
13534146
13534630
13534743
13535835
13536197
13536504
13537342
13537681
13537703
13538385
13538502
13538586
13539353
13539364
13539521
13539961
13541738
13544152
13544157
13544753
13545986
13546283
13547330
13547478
13547728
13560522
13560854
13563479
13594159
13594212
13595014
13595081
13595312
13595320
13595544
13596288
13596322
13596570
13597006
13597906
13598154
13598163
13598344
13598584
13599346
13600301
13600551
13601435
13601488
13601788
13601823
13601888
13602358
13602483
13602714
13602855
13602890
13602936
13602939
13603533
13603725
13604171
13604248
13604335
13605248
13605433
13605767
13606706
13607501
13607934
13608212
13609244
13610677
13611666
13612982
13614086
13614339
13616070
13617201
13617889
13619183
13621472
13623138
13623793
13644326
13645038
13645565
13645733
13646067
13646353
13648773
13648776
13650123
13650230
13650458
13651102
13652013
13652137
13652455
13652862
13653050
13824081
13824502
13825209
13829312
13833208
13834137
13834293
13835001
13835948
13838384
13867745
13871113
13871490
13874438
13875231
13876677
13878717
13880089
13908879
13911193
13911575
13911701
13912377
13912773
13913911
13914100
13914826
13915022
13915247
13916827
13916911
13917465
13918517
13918796
13961648
13962345
13962385
13962414
13964301
13966007
13966352
13966725
13967627
13967802
13967996
13968579
13968718
13968842
13969572
13970594
13971786
13972556
13974241
13974895
13974973
13975541
13975981
13976367
13977623
13978062
13981763
13986775
13988108
13991327
13991645
13991812
13991894
13991906
13991994
13992021
13992095
13992250
13992421
13992471
13992868
13993203
13993290
13993411
13993934
13994011
13994286
13995504
13995581
13995785
13996517
13996689
13996865
13997149
13997350
13997458
13997692
13998154
13998206
13998240
13998320
13999073
13999167
13999225
13999237
13999319
13999390
13999440
13999536
13999786
14000087
14000564
14000774
14001414
14001557
14001784
14002093
14002326
14002350
14003091
14003173
14003260
14003308
14003428
14003571
14003660
14003819
14004199
14005004
14005068
14005165
14005493
14005818
14006137
14006164
14006441
14006455
14006607
14006790
14007005
14007187
14011693
14015680
14016929
14020502
14024560
14030355
14030988
14033937
14033947
14034506
14034633
14034675
14034691
14034741
14035142
14035261
14035574
14035734
14036145
14036153
14036687
14037106
14037195
14037832
14037874
14037994
14038569
14039564
14039610
14039910
14040552
14040830
14041008
14041853
14042498
14043127
14043178
14043355
14043424
14043582
14043590
14043710
14043719
14044390
14116494
14117733
14117874
14118186
14119216
14119307
14119458
14119537
14120078
14120248
14120419
14120800
14121304
14121392
14121745
14121983
14122046
14122338
14122992
14123252
14123694
14124237
14124387
14125603
14125715
14125983
14126198
14126235
14126322
14126783
14127096
14127542
14127706
14128039
14128374
14128776
14128845
14129192
14129955
14130278
14130370
14130699
14131033
14131483
14131839
14132076
14132197
14132425
14132729
14132837
14132868
14133146
14133193
14133263
14134199
14134296
14134369
14134395
14134881
14135116
14144896
14199972
14200035
14203495
14204441
14205438
14206534
14207980
14210184
14212356
14213158
14214629
14214660
14216022
14241541
14241887
14241961
14242074
14242220
14242242
14242325
14243131
14243642
14243709
14244556
14244795
14246527
14246801
14247176
14247200
14247500
14248887
14249304
14249488
14249757
14249829
14250022
14250129
14250653
14251189
14251249
14252120
14252362
14252389
14253101
14253209
14253245
14253590
14254248
14254553
14254601
14254617
14254655
14254922
14255365
14255397
14255486
14255493
14255759
14256623
14256778
14256855
14257409
14257436
14257739
14257783
14257789
14257846
14258113
14258574
14258578
14258620
14283794
14283904
14284302
14284377
14284623
14284801
14284842
14284971
14285000
14285247
14285467
14285634
14285794
14285920
14286040
14286354
14286643
14286718
14286884
14287038
14287748
14287915
14288336
14288715
14288799
14288817
14289140
14289283
14289310
14289558
14289969
14290022
14290550
14290620
14290968
14291038
14291088
14291378
14291465
14291614
14291633
14291777
14291815
14291944
14291953
14292018
14292019
14292172
14292226
14292238
14293171
14293301
14293453
14293884
14294071
14294179
14294308
14294593
14294710
14294837
14315736
14316254
14316388
14318969
14319162
14319956
14340786
14414004
14420497
14424440
14440850
14474988
14482189
14491109
14492297
14493192
14493601
14548273
14548313
14549013
14550935
14552494
14552752
14553211
14553599
14554590
14554849
14554855
14555219
14557284
14595590
14595767
14595998
14596341
14596366
14596562
14596731
14597954
14598070
14598072
14598132
14598305
14598437
14598450
14599230
14599545
14599682
14599726
14600029
14600607
14600666
14600711
14600826
14601051
14601113
14601121
14601267
14601566
14601748
14601811
14602010
14602079
14602197
14602275
14602331
14602806
14602976
14603029
14603862
14603981
14604357
14604693
14605091
14605426
14605638
14605947
14606463
14607061
14607597
14607734
14607918
14608349
14608462
14608705
14608812
14608846
14609839
14610204
14610387
14610433
14610798
14611212
14611353
14611431
14611859
14612013
14612140
14612468
14612635
14612793
14612969
14613157
14613591
14614649
14625735
14626101
14626734
14626856
14627530
14629421
14629920
14630374
14630650
14631127
14631501
14632287
14632964
14633060
14633264
14634372
14680197
14680328
14680421
14680843
14681090
14681097
14681100
14681595
14681722
14681811
14681857
14682379
14682494
14682543
14682983
14683452
14683782
14684243
14684463
14684504
14684584
14684859
14685125
14685130
14685359
14685482
14685756
14685932
14686161
14686323
14686338
14686559
14686570
14686613
14686694
14686940
14687155
14687308
14687466
14688172
14688493
14688539
14688884
14688980
14689044
14689225
14689276
14689955
14690951
14691190
14691542
14691673
14691920
14692670
14692701
14693068
14693162
14693976
14694118
14694293
14694362
14694559
14694603
14694890
14714489
14717003
14724956
14725746
14727994
14731082
14732092
14732968
14751789
14752881
14753341
14754092
14754698
14755322
14755723
14757077
14757976
14758873
14760658
14760954
14761031
14761083
14761985
14762382
14762910
14763776
14763934
14764232
14764297
14764307
14764473
14765569
14765952
14765962
14766109
14766267
14766274
14766726
14767114
14767367
14767778
14767964
14768111
14768966
14769031
14769510
14769908
14770116
14770534
14770794
14770940
14772398
14772544
14772812
14772860
14774288
14774474
14774552
14775022
14775147
14775468
14775750
14776545
14777536
14779299
14779640
14779706
14780754
14781421
14781713
14782042
14782094
14782420
14784117
14785296
14785514
14785834
14875709
14879245
14887776
14888612
14889082
14889658
14889794
14889976
14890518
14890545
14890839
14890841
14891018
14891641
14891839
14892296
14892851
14892915
14893931
14894820
14894946
14895119
14895173
14895535
14895670
14895872
14896164
14896166
14896236
14896365
14897024
14897639
14897746
14897789
14898396
14898608
14898676
14898827
14899719
14899883
14900679
14900745
14900781
14900838
14901233
14901734
14901991
14902031
14902373
14902408
14902690
14902702
14902706
14902713
14903116
14903601
14903743
14904779
14904822
14905194
14905466
14905580
14906819
14906950
14907355
14907561
14908219
14908418
14908532
14908952
14909298
14909521
14909530
14909980
14910220
14910252
14911314
14911525
14911544
14911598
14911854
14911949
14912086
14912416
14912715
14912818
14913010
14913522
14913533
14913609
14913628
14913630
14914165
14914554
14914582
14914822
14914910
14915175
14915248
14915346
14915371
14916001
14916034
14916142
14916448
14916523
14917174
14918075
14920261
14920352
14920673
14920760
14921277
14922140
14922738
14923379
14924324
14924384
14924739
14925392
14926068
14926531
14926764
14927373
14927397
14927954
14928255
14928906
14928989
14929508
14930680
14949895
14950167
14950203
14950318
14950651
14950700
14951070
14951454
14951661
14952612
14953562
14953917
14954217
14954399
14954405
14954413
14954535
14954565
14954615
14955263
14956074
14956728
14956814
14956837
14956858
14957021
14957090
14957397
14957812
14957853
14958387
14958513
14958563
14958677
14958757
14959562
14960664
14960897
14961027
14961036
14961185
14961199
14961420
14961495
14961670
14961914
14962098
14962454
14962484
14962752
14962852
14963732
14963826
14963909
14964195
14964778
14965134
14965160
14965287
14965658
14965728
14965949
14966146
14966157
14966289
14966893
14967125
14967381
14967464
14967536
14976283
14977807
15006579
15010248
15080376
15080843
15081145
15081736
15082028
15083744
15085872
15087257
15087516
15087744
15089725
15090053
15090295
15090376
15091304
15091340
15091385
15091727
15092027
15092373
15092638
15092775
15092896
15093303
15093445
15093653
15093835
15094201
15094332
15095172
15095305
15095623
15095774
15095908
15096073
15096396
15096735
15097224
15097822
15098346
15098690
15098807
15099262
15100469
15100506
15100784
15100828
15100946
15101811
15101948
15101992
15102331
15102362
15102736
15103017
15103045
15103415
15103454
15103468
15104357
15104407
15158000
15175189
15175433
15175818
15176201
15176418
15176772
15177485
15178252
15178281
15178379
15178970
15179622
15180359
15180416
15180542
15180610
15180770
15180982
15181107
15181122
15181332
15181695
15181839
15182024
15182273
15182615
15182949
15183476
15184034
15184392
15184791
15185547
15185839
15186240
15186367
15186753
15186759
15187376
15188394
15188435
15188506
15189239
15189828
15190616
15190709
15209407
15209815
15210149
15211270
15211914
15214262
15214282
15214389
15214926
15215725
15215837
15219526
15220705
15221105
15221911
15221939
15223502
15224842
15286197
15289184
15293071
15293625
15294554
15312737
15316515
15317260
15318145
15319071
15319384
15320492
15320892
15322889
15387759
15395300
15395502
15396908
15397495
15398529
15401844
15401967
15402093
15402862
15402902
15403475
15403921
15404684
15405612
15405923
15407324
15407375
15407613
15408211
15409167
15409400
15409924
15410816
15411117
15411664
15412476
15413015
15413090
15413596
15418757
15423950
15430492
15430544
15430897
15431332
15431904
15432662
15433188
15433963
15434224
15434273
15434474
15435788
15435956
15436592
15436664
15436715
15436811
15436938
15437322
15438999
15439658
15440936
15440978
15441539
15442145
15442890
15443000
15443104
15443294
15443371
15443904
15444139
15496664
15496964
15500849
15501057
15501308
15502041
15503808
15504701
15504907
15508887
15509736
15510113
15564395
15564714
15565053
15565151
15565366
15565719
15565996
15566676
15566732
15567491
15567731
15567793
15567836
15568336
15568978
15569005
15569070
15569312
15569317
15569632
15569634
15569702
15570611
15570913
15571233
15571245
15571446
15571588
15571840
15571921
15573225
15573680
15574101
15574254
15574519
15574666
15574776
15575078
15576413
15577197
15577409
15578397
15579192
15579345
15580209
15580929
15582947
15583398
15586884
15639039
15639156
15639458
15639689
15640689
15640857
15640888
15641248
15641654
15642017
15642025
15642059
15642481
15642510
15642576
15642762
15644327
15644652
15644661
15645044
15645471
15645520
15647047
15647763
15648934
15649281
15650333
15650558
15651007
15651111
15651188
15651240
15651999
15652011
15652196
15652296
15652350
15652844
15653324
15654395
15654582
15654873
15655265
15655276
15655403
15655581
15655633
15655788
15656039
15656061
15656068
15656478
15656494
15656504
15656677
15656707
15657103
15657513
15657582
15657916
15658058
15658216
15658559
15658622
15658733
15659418
15660549
15660820
15661818
15662088
15662516
15662631
15663329
15663418
15663476
15663572
15664216
15683841
15685640
15685714
15686825
15687574
15691674
15692413
15693330
15693349
15695636
15732228
15733073
15733074
15733736
15734482
15734633
15735777
15736391
15736889
15738228
15738662
15738776
15739133
15740607
15745115
15746988
15749250
15749608
15749958
15838222
15838384
15838871
15839064
15839916
15840447
15840940
15841524
15841930
15842084
15842145
15842228
15842662
15843135
15843689
15843705
15843856
15843867
15845324
15845709
15846173
15846448
15846473
15847153
15847456
15892121
15893232
15894982
15917109
15929539
15929731
15929790
15929968
15930268
15930365
15930403
15930664
15930673
15931496
15931550
15931966
15932582
15932834
15933126
15933325
15933512
15933859
15934677
15935927
15936263
15936596
15937476
15937762
15938381
15938754
15939100
15939349
15939490
15939693
15939785
15941141
15941290
15942177
15942194
15942472
15942948
15943091
15943143
15943870
15944362
15944568
15944936
15945869
15945978
15946037
15997970
16033610
16033842
16034353
16035168
16035380
16035769
16035833
16036503
16036585
16036902
16037160
16037318
16037389
16037867
16038010
16038684
16039081
16039139
16039368
16039635
16039654
16040639
16040790
16040829
16040991
16041544
16041571
16041573
16041661
16041728
16042441
16042658
16042916
16043348
16043364
16043582
16043660
16043702
16044052
16044162
16044259
16044315
16044818
16044973
16045462
16045630
16045734
16045889
16045983
16046247
16046509
16046510
16046626
16047157
16047487
16047759
16047920
16048094
16048114
16133716
16201779
16201939
16201970
16202728
16202776
16202878
16202913
16203316
16203332
16203512
16203532
16203929
16204143
16204469
16204497
16204679
16204854
16205257
16205280
16205409
16205681
16205897
16206884
16207054
16207055
16207228
16207264
16207446
16207631
16207790
16207850
16207869
16208018
16208867
16208935
16209082
16209089
16209262
16209587
16209649
16209716
16210035
16210121
16210455
16210601
16211266
16213331
16214825
16214997
16215173
16215500
16215568
16215767
16215852
16215920
16215953
16224466
16289678
16290731
16291017
16291070
16291344
16291561
16291735
16292015
16292244
16292531
16292739
16292783
16292988
16293244
16293397
16293658
16293751
16293850
16294107
16294131
16294553
16294661
16294782
16295038
16295927
16296571
16296624
16296647
16296743
16297065
16297255
16297477
16297687
16298016
16298094
16298251
16298516
16299037
16299520
16299832
16300021
16300166
16300311
16300387
16300911
16301648
16318196
16323541
16324483
16324548
16324947
16325102
16325529
16326077
16327675
16327944
16327946
16328489
16329135
16375888
16375906
16377665
16383345
16383860
16386374
16386995
16387381
16387820
16388268
16388541
16389374
16390153
16390222
16390668
16390674
16391733
16391955
16391968
16392207
16392466
16393026
16393088
16393287
16393359
16393669
16393696
16394099
16394227
16394342
16395159
16396595
16397138
16397420
16397945
16398260
16398333
16398390
16398494
16398674
16398957
16399263
16399361
16434663
16435348
16437904
16440700
16442716
16444388
16444573
16445388
16446760
16447990
16448939
16452329
16453374
16453863
16454245
16454492
16458472
16458572
16459419
16459424
16459531
16460944
16461202
16462233
16462654
16463065
16463187
16463336
16464266
16464383
16464828
16464854
16465195
16466051
16466939
16468565
16562931
16564322
16565190
16566656
16567334
16569378
16569467
16570605
16570884
16571656
16571978
16573202
16573943
16574077
16574826
16577035
16579992
16581714
16584093
16593678
16596660
16600180
16631807
16632104
16632314
16632607
16633628
16633681
16633826
16633890
16634522
16634675
16634827
16635042
16635503
16635598
16635786
16636381
16636507
16636547
16636962
16637038
16637106
16637617
16638185
16639132
16639302
16639321
16639363
16639476
16639706
16639817
16639863
16640985
16641708
16642494
16642628
16642659
16642679
16642772
16642861
16643142
16643194
16643262
16643482
16644170
16644226
16644315
16644570
16644690
16645008
16645024
16645290
16645335
16645469
16645611
16645624
16646128
16646238
16646354
16646555
16646750
16646946
16646961
16646984
16647223
16647492
16648004
16648047
16648067
16648176
16648266
16648299
16649024
16649071
16649377
16649717
16650563
16650635
16650674
16650687
16651037
16651327
16651870
16651940
16652082
16652283
16652429
16652910
16653317
16654525
16655081
16655130
16655443
16655912
16656250
16656582
16656784
16656818
16656984
16657207
16658546
16658926
16658960
16659031
16675987
16768162
16899377
16900020
16900843
16900870
16900877
16901125
16901258
16901317
16901680
16901785
16901892
16902643
16902833
16903496
16903763
16904313
16904343
16904393
16904429
16904615
16905139
16905436
16905455
16905514
16905670
16905721
16905742
16906042
16906301
16906597
16906634
16906668
16906815
16907011
16907052
16907064
16907253
16907297
16907740
16908211
16908549
16909306
16909314
16909479
16909789
16910013
16910351
16910974
16911002
16911315
16911698
16911759
16977110
16977814
16977846
16977934
16977966
16978711
16979407
16979459
16979918
16980054
16980279
16981708
16982065
16982132
16982270
16982431
16982679
16982839
16983076
16983108
16983204
16983253
16983774
16983797
16984015
16984298
16984504
16984520
16985134
16985981
16986005
16986251
16987435
16987534
16987558
16987719
16988038
16988645
16988877
16989048
16989599
16989638
16989764
16990034
16990297
16990347
16990451
16990929
16991031
16991887
16992328
17005196
17012503
17159004
17160016
17165366
17171586
17172512
17195713
17200600
17202745
17204269
17263364
17266480
17273584
17330149
17330592
17330984
17331487
17331666
17331822
17332568
17332615
17333016
17333780
17333894
17334838
17334883
17335118
17335295
17335573
17335779
17337922
17338532
17339728
17340161
17341237
17341523
17341789
17341959
17379453
17379588
17379890
17380028
17380158
17380773
17382081
17382508
17382633
17382667
17382738
17382941
17383176
17383267
17384245
17384978
17385499
17385891
17386012
17386040
17386159
17386273
17386807
17387220
17387320
17387828
17387865
17387989
17388401
17388486
17388505
17388997
17389129
17389589
17390228
17390565
17391062
17391556
17392393
17392856
17392928
17393374
17393579
17393647
17393713
17393879
17394780
17395309
17395481
17395530
17396441
17396566
17397055
17397225
17397705
17397822
17398112
17398572
17398878
17399325
17400629
17400700
17400718
17401061
17401280
17401524
17401659
17401990
17402737
17402911
17403138
17403294
17403503
17403923
17403924
17403933
17404847
17405176
17405449
17405832
17405843
17405848
17406671
17406720
17407929
17408072
17409073
17409624
17409767
17409975
17410839
17410850
17411409
17411587
17412844
17413044
17413200
17413279
17413321
17415136
17416837
17417041
17417177
17419182
17420616
17421141
17422121
17423874
17425192
17425823
17426876
17432285
17432882
17436142
17436841
17439248
17440083
17440275
17440522
17467927
17468654
17469589
17469980
17470129
17470204
17470224
17470252
17470296
17470302
17470325
17470928
17471022
17471023
17471322
17471425
17471458
17471939
17471975
17472003
17472029
17472040
17472451
17472476
17472696
17473022
17473068
17473118
17473368
17473425
17473479
17473717
17473880
17473915
17474459
17474580
17474679
17474893
17474961
17475649
17475933
17476201
17476446
17476598
17477091
17477411
17477575
17478170
17478191
17478238
17478275
17478351
17478384
17478679
17478836
17478870
17479046
17479166
17480048
17480539
17480676
17480725
17622646
17624093
17630203
17630912
17633113
17633226
17633332
17633984
17634106
17634666
17634733
17635197
17635352
17635783
17635789
17636354
17636506
17637979
17638750
17638842
17639100
17639965
17640343
17640600
17641351
17641610
17642294
17642686
17643367
17643434
17643435
17643639
17644308
17644530
17644629
17644748
17645302
17645319
17647297
17647590
17647733
17649099
17649588
17649920
17650044
17650504
17650705
17650750
17682573
17683057
17683175
17683287
17683764
17683921
17684215
17684528
17685044
17685094
17685245
17685585
17685788
17685789
17686661
17686751
17687053
17687065
17687074
17687192
17687456
17687898
17687939
17688222
17688599
17688780
17688817
17688880
17689228
17690068
17690723
17691789
17691838
17691948
17692146
17692393
17692974
17693190
17693214
17693317
17693660
17693981
17694021
17694246
17694351
17694473
17694562
17694832
17694843
17694855
17694885
17694907
17694964
17695057
17695236
17751076
17751351
17752426
17754249
17755206
17755986
17756322
17756761
17757204
17757246
17757511
17757828
17757996
17759572
17760733
17760910
17761485
17761532
17774699
17774789
17774867
17775712
17775799
17775840
17776141
17776241
17776346
17776524
17776794
17777040
17777233
17777390
17778212
17778238
17778623
17778724
17778727
17778947
17779028
17779157
17779813
17779908
17779925
17780676
17780785
17781582
17781595
17782990
17783233
17784339
17784419
17784958
17785020
17785954
17786005
17786159
17786616
17786768
17787927
17788931
17789374
17789694
17790398
17790688
17790918
17793065
17793159
17793689
17794164
17795326
17795386
17796009
17796071
17796320
17798443
17798496
17799002
17799378
17799908
17800109
17801553
17801711
17803049
17803659
17803970
17804520
17804956
17805830
17806021
17807295
17807500
17808176
17808287
17808834
17808836
17808858
17808935
17809294
17809854
17811233
17811699
17812493
17812549
17812769
17812980
17813498
17813636
17813692
17813840
17814225
17814250
17814682
17815345
17815564
17815816
17815952
17815990
17816089
17816495
17816716
17816786
17816867
17817091
17817321
17817741
17817759
17819353
17819499
17819575
17819576
17819764
17820436
17820543
17820734
17820845
17821650
17822011
17822216
17822584
17822927
17823192
17823353
17823512
17823659
17825007
17825183
17825310
17827160
17827705
17827931
17828190
17828690
17829491
17829514
17830212
17830945
17831355
17831639
17831761
17832126
17832441
17832867
17833399
17833702
17834131
17834244
17834421
17834422
17834721
17834975
17835622
17836217
17838921
17840052
17841544
17842426
17852156
17852233
17857699
17861756
17861872
17867137
17868757
17871997
17872197
17872948
17876816
17880043
17880970
17881693
17882221
17882245
17892305
17901879
17902074
17902914
17903892
17904083
17904249
17904569
17904629
17905196
17905457
17905903
17907681
17908588
17908643
17908844
17908940
17909017
17909123
17909407
17909523
17909966
17910144
17911045
17911256
17911534
17911733
17912559
17912761
17912807
17913948
17914392
17915694
17916077
17916334
17916635
17918013
17919846
17920390
17920638
17921665
17922259
17922615
17922643
17922662
17922774
17923051
17923295
17923420
17923715
17924188
17924776
17926052
17926426
17926526
17926577
17927395
17927845
17927880
17927904
17927977
17928147
17928174
17928254
17928296
17928576
17928744
17929440
17930166
17930478
17930732
17931648
17931838
17932048
17932520
17932543
17932643
17933038
17933068
17933078
17934755
17934815
17935033
17935049
17935742
17935843
17935904
17936128
17937006
17937057
17937217
17937330
17938069
17938523
17938538
17938722
17938780
17939144
17940149
17940349
17940485
17940622
17959768
17960320
17960566
17960929
17961566
17962010
17962042
17962169
17962309
17962546
17962551
17962967
17963719
17963849
17964141
17964372
17964626
17964839
17964974
17965120
17965130
17965750
17965790
17966610
17966812
17966936
17967760
17967975
17968242
17968402
17968438
17969902
17970924
17971112
17971348
17972378
17972387
17972944
17973209
17974071
17974079
17974177
17974327
17974400
17974620
17974966
17975108
17975163
17976042
17976163
17976350
17976456
17976815
17976950
17978146
17979180
17979594
17979630
17980004
17980162
17981412
17981671
17982449
17982882
17983150
17983280
17984592
17986166
17986473
17988189
17988705
17991018
17993698
17993752
17994597
17994893
17995014
17995310
17995604
17995726
17996440
17996715
17996726
17996883
17996949
17997578
17997838
17997937
17998078
17998706
17998730
17998884
17998903
17998928
17998985
17999160
17999727
18000458
18000778
18001444
18001496
18001597
18001663
18001694
18001742
18002631
18002736
18002864
18002957
18003046
18003215
18003606
18003875
18004047
18004065
18004444
18005677
18006439
18006994
18007318
18007629
18007654
18008503
18008916
18009209
18009453
18009772
18010114
18010194
18010219
18010533
18011101
18015925
18016718
18018185
18022156
18022453
18034480
18067076
18071501
18072847
18075646
18077013
18078590
18110496
18119953
18120549
18121447
18122727
18125222
18127674
18129218
18130035
18131687
18135784
18136458
18136780
18136809
18136901
18136953
18137224
18137783
18138352
18138496
18138621
18138797
18138881
18138924
18139037
18139367
18139567
18139570
18140207
18140346
18140801
18140810
18141375
18141802
18141828
18142057
18142164
18142190
18142532
18143736
18143744
18143894
18144584
18145511
18146402
18146491
18146518
18146600
18146830
18147000
18147030
18147038
18147293
18147362
18147587
18147787
18147977
18149288
18149514
18149740
18150515
18150572
18151122
18151784
18152478
18152747
18152759
18152926
18152948
18153097
18153463
18154063
18154312
18154559
18154816
18184854
18185120
18185392
18185641
18185803
18185979
18186052
18186368
18186468
18186793
18187103
18187582
18187878
18187948
18188514
18188657
18189304
18189394
18189685
18189946
18190374
18190512
18190529
18191223
18191305
18192592
18192661
18192924
18194527
18194903
18194950
18195480
18196819
18197054
18197783
18197789
18197959
18198581
18198944
18199001
18199028
18199098
18199278
18199639
18199665
18199691
18201178
18201243
18201468
18201657
18276747
18281984
18292151
18312724
18312806
18313584
18314396
18314819
18315144
18315615
18316278
18316492
18317288
18317855
18317901
18318291
18319462
18319496
18320046
18320168
18320270
18321335
18322264
18323276
18323819
18324578
18324745
18379699
18380634
18383880
18385641
18386893
18388213
18408137
18408710
18408858
18409596
18412179
18413015
18413908
18414319
18415092
18415122
18417003
18418442
18419908
18420250
18549479
18552473
18554117
18555116
18556387
18556825
18558285
18559573
18560812
18565512
18566086
18566217
18567483
18567666
18567777
18568153
18568565
18568567
18568971
18570890
18571305
18571314
18571790
18572935
18573930
18574043
18574067
18574893
18575153
18575176
18575376
18576232
18576676
18577968
18578096
18578847
18579388
18579424
18579878
18580110
18580310
18580464
18581025
18581458
18581591
18581612
18582074
18582178
18582650
18582690
18583360
18583786
18584302
