1133
3930
5715
11322
13098
14427
21490
22960
24903
25792
26212
27401
29639
29956
30430
30503
31878
32265
34207
34375
34625
34755
34972
37971
38764
39177
42699
45183
47723
48509
48756
51964
52672
55606
56079
58911
59022
59739
61526
65048
67514
71381
73655
76980
77302
85497
85532
86912
92771
94496
95658
96494
98761
101504
101793
103042
104164
105629
106714
109245
110040
110776
112089
115540
118138
121362
122824
124677
125363
128342
131338
131857
133109
134204
137158
140680
141562
143849
145529
147089
148427
148785
150860
153035
158888
160733
162650
163001
163468
163931
164472
167569
168586
171639
173540
174275
174583
175282
178795
178991
179261
181206
182846
184337
185158
185931
188137
190070
190810
191198
192864
195830
198169
199168
200082
204925
206005
209118
209976
210375
213234
215453
217788
220621
221442
221488
221797
221912
222057
223471
226291
227202
228312
229044
229477
232311
233396
239431
246188
248657
249480
251786
252201
253015
254845
255312
257372
257650
259290
260108
260350
261147
261426
262760
266133
269650
273225
273230
274497
275089
275728
275872
282827
291786
294359
294834
295265
297668
300398
302265
303676
305180
305887
307843
308657
308758
309246
309283
311671
311694
314748
319118
321002
322245
322329
322749
327694
328758
329266
329858
329943
331936
333990
336031
340825
346257
349519
350400
351731
353365
356812
359614
361495
363184
363292
367364
369181
370287
371211
371317
372575
373345
374034
375951
380518
385655
389987
390908
391335
391813
393045
393537
393678
396096
398722
399219
400221
403518
405116
406171
406438
408649
408877
414325
415126
418374
419875
421297
423491
424251
434118
434505
435387
436086
436097
436290
436752
441087
442042
442349
442385
444674
447825
450181
450703
454348
455984
458542
459483
465359
465478
466083
468101
470734
471974
475730
475841
478385
479149
481229
481295
483663
484833
487890
489644
490292
490976
492137
492821
493623
494936
496430
501221
501636
502718
502747
504289
509438
514046
515932
516045
519164
520526
521790
524449
527336
529302
529568
533188
539120
541501
541674
542389
547125
548098
550322
551850
552504
555312
555977
556667
560432
564002
564671
565841
565974
572114
572346
575737
579610
580276
582971
583367
584451
585857
586890
587178
587984
588279
589420
590837
597185
597251
598006
600779
601441
602381
603256
604551
604593
605510
605657
607870
609408
610047
614662
619294
619649
620111
622406
622588
622675
624289
627121
627610
628963
629342
634111
635152
637968
638355
639755
639832
640127
646139
646832
649485
654644
658450
658885
661170
667271
667603
668071
669125
669582
673997
675423
676846
676868
677410
677916
681770
683855
687669
690188
691792
692447
698459
700403
707058
708306
710096
715005
715583
716696
716905
718968
720494
724468
725663
726574
727736
732480
735070
735627
738387
741819
745835
746089
748116
752318
754001
754149
756119
756613
758502
761521
761847
762991
764526
769350
770742
770827
771456
775501
776539
776622
777190
778434
780521
781521
781635
785605
786629
789974
791023
795412
797573
799194
800735
806130
808523
811022
812833
816404
816581
819289
819708
821388
823907
827508
829155
831642
831997
833008
834198
834498
837282
838054
839882
842993
844422
846033
846809
848506
849008
849361
851635
853401
854552
857187
857403
858812
859165
859291
862622
863017
867083
868436
873316
873843
876644
879020
880475
884164
884825
888821
889317
889432
892978
893380
894829
896140
896675
897571
898874
906861
907140
909649
909893
910113
914197
915968
916361
919024
920534
920764
922530
924434
925487
926778
927335
930746
932938
936145
937497
938935
940954
941913
941957
942318
943502
944186
954806
955023
959206
959351
961016
963868
968151
968374
968666
971523
973120
974826
975891
976464
976993
980926
980997
983322
985584
989850
993871
996836
997416
997446
1006305
1006729
1006944
1011790
1012058
1012740
1014139
1014394
1016713
1018230
1020714
1022692
1026806
1028617
1030098
1030572
1034715
1038398
1038746
1040707
1044064
1044769
1045767
1046026
1047991
1048194
1050098
1053002
1055869
1057253
1064089
1065217
1066277
1067637
1067889
1068781
1072094
1073783
1075017
1075731
1076489
1076793
1077837
1081887
1087271
1087634
1088054
1091358
1097724
1098153
1100266
1102689
1103788
1104078
1104079
1105494
1107041
1108944
1110946
1111512
1113779
1113786
1115359
1116550
1116997
1121010
1122147
1123216
1123891
1128239
1133065
1136349
1142537
1142846
1143826
1150023
1152451
1153768
1153815
1158428
1161874
1161913
1162373
1168485
1170018
1170970
1171170
1176455
1176696
1178124
1179778
1180549
1183896
1184639
1186229
1188295
1189566
1192032
1196408
1197317
1198184
1199260
1200880
1201090
1205932
1206348
1206794
1208906
1213577
1214233
1216441
1217762
1218050
1219820
1221312
1222562
1225384
1228138
1235139
1238243
1238430
1239682
1240671
1242506
1245845
1254296
1254333
1254921
1255266
1256128
1258936
1260318
1261955
1262439
1265636
1275735
1277431
1277835
1278480
1282451
1283105
1285707
1291829
1292173
1293158
1293795
1294808
1297237
1300626
1306333
1307663
1308252
1311355
1312208
1312966
1313377
1313897
1314793
1317060
1318693
1319828
1321325
1323219
1324217
1324886
1325844
1328268
1328280
1332602
1334404
1334701
1338115
1339979
1341737
1342506
1343002
1347488
1348035
1349801
1350943
1351932
1353207
1353772
1356788
1360857
1366322
1366527
1368348
1369778
1374688
1378252
1381168
1381727
1384452
1384868
1387073
1393402
1395823
1399932
1402005
1402039
1403964
1407171
1408645
1409745
1410648
1412519
1414437
1416288
1417316
1418554
1421616
1425838
1427073
1427715
1428329
1430806
1436286
1439889
1441868
1444576
1445566
1446086
1447431
1449967
1454984
1455303
1455520
1456952
1457323
1459134
1460937
1462703
1465653
1467114
1467931
1468180
1468390
1469816
1471048
1474030
1474519
1476762
1480730
1481242
1481867
1485314
1489057
1491552
1496912
1497767
1498029
1498575
1503271
1504466
1505644
1508016
1511411
1517447
1518641
1520333
1529696
1536223
1538474
1541188
1544762
1547795
1548796
1549024
1549278
1551075
1551765
1557658
1557969
1559980
1564271
1564665
1565393
1570009
1570497
1570588
1578580
1583493
1586286
1590988
1591349
1591372
1591525
1591670
1594506
1595647
1596018
1599309
1604991
1606224
1611260
1611483
1611887
1612066
1612421
1616581
1618007
1618326
1618450
1619452
1622495
1623411
1623979
1624005
1628060
1630175
1631248
1631490
1632644
1633366
1633549
1633782
1636828
1639654
1643807
1644598
1650008
1650454
1650558
1652099
1652493
1652517
1656139
1657477
1657579
1662102
1664456
1666904
1667260
1669608
1670839
1679885
1680476
1682032
1690465
1694539
1696431
1697408
1697780
1698260
1698762
1701281
1702436
1705002
1707464
1708097
1708325
1709817
1710665
1712650
1713719
1715266
1717307
1720393
1721219
1726552
1727052
1727210
1729701
1731159
1731230
1731692
1731873
1734173
1735964
1736908
1737678
1738793
1739356
1739662
1739788
1741131
1741211
1743366
1745703
1748923
1754342
1761439
1762865
1765586
1769214
1770551
1772542
1776496
1776981
1778490
1780074
1780177
1781571
1781614
1783207
1784546
1787038
1787165
1789519
1791835
1792178
1792614
1793240
1793370
1794582
1798314
1802224
1803708
1804355
1804359
1805136
1811569
1812293
1814556
1815566
1815909
1818661
1819637
1820487
1821874
1825037
1829426
1831717
1834835
1835370
1841062
1842799
1843514
1843747
1844044
1847164
1850862
1853060
1855381
1855540
1858337
1861480
1862052
1862448
1863551
1864560
1867269
1872032
1872121
1873495
1878720
1879435
1880231
1881407
1882229
1882907
1883243
1883312
1891484
1893968
1899453
1902449
1903069
1904183
1904435
1905570
1906704
1907860
1908213
1908631
1910236
1914155
1916352
1916743
1916861
1916997
1917763
1920182
1920578
1920715
1922468
1924990
1925598
1929739
1931849
1935602
1935814
1938315
1941152
1943853
1944779
1948304
1953994
1954509
1955155
1956235
1957777
1959176
1960048
1960310
1964016
1965051
1970246
1972982
1976659
1977356
1980430
1981127
1982928
1983606
1984544
1984937
1988990
1991709
1991958
1993250
1994001
1996739
2001720
2001832
2002619
2002974
2005898
2008568
2009385
2009660
2011894
2013897
2019115
2020290
2024105
2030396
2031773
2033489
2033538
2034004
2035646
2036142
2041050
2041291
2042732
2045716
2046443
2047800
2049633
2050469
2051322
2051438
2051596
2056644
2056752
2061958
2065568
2066043
2066687
2067280
2069017
2070110
2070685
2071481
2071622
2071680
2072460
2075121
2083186
2083401
2084763
2086446
2087122
2088938
2090202
2090668
2091179
2092180
2094680
2095557
2101437
2104515
2107996
2108209
2111852
2115412
2118196
2119993
2125308
2133438
2134938
2135052
2138187
2139935
2141145
2144500
2148850
2149315
2149435
2152597
2152936
2155918
2156360
2164879
2166794
2170945
2170989
2172558
2176396
2176824
2179726
2180057
2182540
2184317
2185603
2185694
2186740
2190148
2193414
2193588
2194988
2195884
2196115
2198480
2202066
2202437
2205457
2205660
2210135
2211793
2211965
2214432
2217074
2219156
2219962
2220687
2221088
2224657
2225067
2228056
2232135
2232407
2233684
2234493
2236276
2237474
2240157
2240284
2240356
2240744
2240989
2241993
2247749
2248421
2248589
2249085
2249223
2249312
2250905
2251864
2252539
2255445
2258004
2258255
2259176
2259232
2261372
2264662
2269487
2273244
2273767
2273932
2275155
2277934
2278099
2279133
2279419
2282548
2283136
2283903
2292955
2293630
2295398
2296769
2297740
2297775
2302034
2302282
2302728
2303276
2303515
2305876
2310912
2317273
2317856
2321394
2322252
2324847
2325695
2334342
2335546
2336101
2337512
2339417
2339781
2341486
2344860
2345093
2346101
2347622
2347666
2353925
2354316
2355358
2356797
2358369
2362856
2364198
2365196
2367597
2367964
2370619
2375965
2377443
2383825
2389666
2391378
2392039
2392579
2394294
2394960
2397516
2397551
2397924
2400391
2400727
2400972
2408063
2412117
2412351
2413472
2414064
2415115
2415491
2417774
2421617
2422976
2423251
2425185
2426685
2427676
2428167
2431082
2431870
2433439
2436977
2438517
2438897
2440212
2442169
2443854
2444681
2445188
2445631
2445692
2447384
2448744
2448890
2450646
2451535
2452337
2454271
2456713
2457565
2458473
2459461
2460416
2460787
2468165
2468214
2469342
2471781
2472406
2472683
2472700
2473168
2475033
2477007
2479011
2480164
2481217
2483902
2484017
2484466
2486623
2487226
2489147
2491686
2491804
2494062
2495052
2496725
2496803
2498017
2499501
2502160
2502538
2505391
2506285
2507357
2508853
2510183
2512279
2513564
2516000
2517519
2518124
2521562
2526983
2527913
2532308
2533264
2534235
2540199
2540373
2540821
2541269
2541406
2543457
2545103
2545139
2546151
2548447
2549622
2549634
2551980
2554472
2555318
2555979
2556452
2556796
2558138
2561171
2563055
2563683
2566069
2566763
2567834
2573947
2579561
2581000
2583967
2590817
2591184
2591640
2592358
2593680
2593724
2594118
2594151
2594630
2595547
2596142
2598435
2602003
2603436
2603966
2605215
2607504
2608758
2610768
2612601
2613044
2613398
2615503
2616760
2617298
2617615
2617937
2619789
2619804
2625342
2629380
2633494
2636058
2642267
2642348
2643806
2648413
2649239
2650586
2650941
2651032
2654339
2654362
2655567
2657636
2658976
2661350
2663058
2664913
2667575
2668715
2669204
2670387
2670438
2675399
2675414
2675772
2676965
2678472
2681982
2682290
2682792
2684883
2685527
2686271
2686541
2687161
2687552
2689470
2690304
2692028
2700371
2705713
2706478
2706541
2709309
2709701
2711121
2712172
2712334
2715478
2717311
2717658
2718950
2722148
2722218
2723440
2725534
2725719
2727289
2727476
2728788
2729795
2732225
2734232
2739078
2742184
2745923
2747270
2747495
2748168
2749689
2750763
2753956
2755168
2759551
2760009
2760371
2760766
2761125
2763435
2766284
2766578
2768372
2769463
2769718
2770530
2770958
2775777
2776603
2777781
2783310
2788630
2789293
2789561
2789884
2791219
2799315
2800361
2800748
2802243
2803709
2803712
2804605
2804868
2806175
2808458
2809025
2809166
2810007
2811619
2811847
2811979
2814718
2815281
2815964
2817797
2818286
2820128
2821213
2831632
2834781
2836456
2837340
2846038
2847553
2851407
2856379
2858825
2869710
2872140
2873025
2873851
2880742
2880879
2882564
2883593
2885583
2886116
2887656
2890276
2891623
2892648
2895448
2898712
2902601
2903750
2904648
2905286
2905412
2906523
2909602
2910348
2912119
2912561
2915054
2915888
2916032
2918861
2920948
2921221
2922354
2929009
2929261
2933253
2937708
2937730
2938441
2939357
2940961
2941724
2942469
2943336
2946232
2947293
2950616
2956380
2957921
2964154
2964727
2964965
2965817
2967407
2969822
2972135
2973558
2977357
2977449
2977488
2981220
2982098
2982551
2983813
2983889
2985380
2985616
2987816
3000003
3001019
3003417
3004924
3006094
3009280
3009827
3013361
3015713
3016515
3016771
3017176
3019713
3020397
3020730
3022597
3023985
3024858
3029307
3029907
3030013
3031157
3031178
3034502
3035998
3037156
3038143
3039484
3039704
3041833
3042424
3045711
3050681
3053497
3053636
3055949
3058164
3060734
3063062
3063292
3063445
3063610
3063630
3064964
3066841
3067027
3067621
3068659
3070011
3074379
3074918
3075943
3078777
3083262
3085540
3086031
3092799
3093449
3099738
3102562
3103209
3108682
3110798
3111815
3113471
3122975
3128119
3130203
3132242
3135501
3136273
3138511
3141490
3143547
3144216
3144310
3144714
3145519
3146598
3147291
3147823
3149453
3150068
3151271
3154077
3154095
3154663
3155480
3156588
3156659
3158391
3159791
3163220
3164493
3166255
3168156
3169530
3170557
3173193
3174380
3174831
3176129
3178520
3185319
3185515
3185672
3186741
3187052
3188917
3193518
3196579
3199592
3199829
3200684
3200802
3204604
3207275
3209264
3209982
3211957
3212196
3213199
3213604
3215275
3215786
3215908
3218099
3218268
3219951
3220387
3221203
3223532
3224095
3229905
3233562
3235736
3237081
3237084
3238667
3239154
3241114
3245589
3246483
3247969
3248805
3249157
3251433
3258021
3260935
3261246
3263021
3263803
3277258
3277694
3280096
3280135
3287869
3288230
3290930
3293042
3293866
3299319
3305856
3306724
3307690
3313551
3319274
3319568
3323129
3323993
3324725
3326723
3332977
3333178
3333928
3334246
3336000
3336912
3342035
3346381
3351322
3352909
3356981
3356987
3357127
3357492
3361654
3362878
3363417
3363458
3363911
3364528
3365220
3366140
3373751
3379088
3382432
3383675
3386384
3388889
3389873
3391798
3394150
3397409
3399494
3399903
3406670
3407287
3407753
3408216
3410570
3413205
3413802
3418209
3419016
3419213
3420373
3421869
3423784
3424429
3424603
3424802
3425889
3428118
3430062
3430204
3431160
3431933
3432068
3434030
3435681
3437491
3438018
3441120
3441399
3443586
3444227
3444397
3450140
3451367
3455484
3456913
3458673
3460732
3461418
3463502
3465876
3470972
3471915
3472332
3473862
3475011
3475112
3475321
3475562
3477008
3478871
3483500
3483613
3483883
3484319
3485832
3488568
3488646
3489928
3492070
3492187
3492661
3493165
3494225
3494861
3495574
3496980
3497751
3498593
3500876
3502292
3508046
3508588
3511056
3511519
3511535
3511759
3512614
3513366
3513775
3516349
3518297
3519387
3521639
3523687
3524708
3528116
3529731
3530731
3534334
3541724
3544780
3545621
3547475
3549423
3551988
3553746
3557952
3559865
3560585
3561288
3561442
3565308
3565982
3568913
3570063
3570267
3572470
3572781
3576520
3580557
3580785
3583017
3584462
3584518
3584562
3584565
3585978
3587520
3588796
3589873
3591406
3595516
3597209
3597725
3598492
3601331
3602090
3603414
3604809
3605148
3605476
3607225
3610950
3612432
3617376
3617470
3617595
3619019
3619281
3619940
3620646
3621055
3623473
3624061
3624099
3624736
3627815
3629220
3630311
3634883
3637429
3639000
3640558
3641002
3641017
3641284
3642252
3651895
3652516
3654303
3655146
3657872
3658273
3660991
3661921
3664709
3664836
3671549
3672703
3676792
3677343
3678743
3680422
3680793
3682027
3689245
3690938
3691133
3692147
3692424
3693237
3694981
3696028
3696363
3702301
3703958
3705829
3706997
3707275
3708519
3709607
3710388
3713567
3713799
3715663
3719204
3721234
3731825
3732377
3734681
3734685
3736988
3743452
3744859
3750167
3751099
3751930
3754324
3755539
3756465
3761299
3762892
3763995
3765850
3767061
3767228
3769419
3776711
3779992
3780100
3780781
3781374
3781757
3781783
3785495
3790629
3791565
3792073
3792967
3796458
3799664
3799908
3801993
3804105
3804526
3809156
3812042
3813337
3817084
3819429
3820331
3821453
3823742
3824919
3826193
3828373
3829849
3832609
3837057
3838740
3841938
3847199
3847890
3849153
3851854
3856550
3858455
3860288
3860320
3861940
3862158
3864988
3865114
3865346
3867470
3868937
3870695
3873921
3874382
3878907
3881254
3881510
3888470
3890095
3893428
3904150
3909430
3910840
3911091
3917948
3917965
3919897
3919985
3922063
3926792
3931975
3933933
3934315
3936811
3939107
3940507
3940575
3944307
3948496
3948863
3950606
3952502
3952539
3953051
3953855
3954278
3954730
3955608
3956770
3957853
3958517
3961786
3962334
3962381
3962572
3962653
3962865
3965287
3965491
3966704
3966894
3967337
3968788
3973927
3974265
3977204
3977300
3983131
3985677
3987336
3987391
3989582
3990920
3991124
3991884
3993298
3996230
3996650
3997479
4013746
4014062
4014458
4015475
4015868
4016969
4018434
4021057
4023549
4024265
4028517
4029027
4031038
4031405
4041043
4044082
4045710
4047510
4048676
4049451
4049793
4050437
4056343
4057909
4059209
4059954
4060552
4060861
4061811
4062583
4067197
4068574
4069507
4070241
4071972
4072167
4074888
4075784
4076408
4078788
4084794
4087787
4090166
4090213
4090852
4095438
4100005
4100514
4101061
4103344
4104815
4105881
4107458
4107721
4109200
4111473
4113057
4113233
4117564
4119237
4120880
4124418
4127049
4127358
4128114
4129397
4131752
4132950
4136775
4140535
4141969
4144889
4145085
4145680
4147227
4152249
4155158
4155773
4156427
4157407
4157689
4158301
4159080
4159457
4159735
4163688
4164025
4169778
4174810
4176077
4176381
4179248
4181990
4183205
4183977
4184538
4185440
4189476
4189840
4191238
4191869
4196015
4196521
4198147
4198536
4201892
4202944
4206545
4207585
4209060
4211129
4214366
4215734
4215945
4216505
4217105
4217875
4222516
4223298
4226828
4229527
4230814
4231284
4233398
4233508
4233852
4234895
4235195
4235905
4238972
4245406
4251351
4252948
4253749
4253996
4259118
4261044
4262039
4265557
4265574
4266461
4266987
4267321
4267371
4269999
4270289
4277523
4280772
4282208
4284220
4284890
4285025
4285124
4286276
4287106
4287572
4290914
4293383
4295554
4299387
4300220
4302322
4309095
4311097
4313365
4314421
4322636
4326693
4329090
4331431
4332005
4339472
4339829
4347544
4352476
4352643
4353990
4354526
4357194
4359965
4360641
4362961
4363717
4366906
4368375
4368558
4369226
4372773
4373329
4373522
4374035
4375822
4378244
4383653
4385302
4385845
4386065
4390166
4392230
4392259
4393208
4393996
4394375
4395256
4396302
4397166
4399398
4402640
4404021
4407504
4408327
4409948
4410444
4411058
4411290
4412617
4416608
4417681
4420770
4424195
4426015
4427048
4428196
4430174
4430184
4431460
4432653
4433832
4434550
4434578
4437388
4439234
4441858
4444047
4446229
4450420
4451188
4451204
4452511
4452808
4454237
4455954
4457447
4458260
4460447
4462897
4464757
4466670
4467123
4468458
4473286
4477354
4481824
4482328
4482396
4483462
4483599
4484331
4484492
4487798
4496644
4499290
4501800
4506271
4506460
4512434
4515176
4515854
4516711
4522212
4522492
4522682
4522968
4527549
4528963
4531743
4533470
4536449
4536752
4538855
4538861
4539087
4540001
4541645
4548350
4548539
4553053
4553800
4558340
4558679
4559005
4562497
4563581
4565144
4566618
4570382
4571939
4572997
4575004
4579341
4581403
4581673
4582337
4583107
4583750
4584079
4585263
4586247
4588834
4589205
4594439
4595014
4595267
4596082
4596130
4596624
4596879
4599486
4604448
4606184
4608948
4610063
4611636
4612190
4620425
4621050
4621072
4621183
4624254
4624417
4625361
4625614
4630044
4632076
4633889
4634470
4634957
4635030
4635341
4635427
4635550
4637548
4637715
4638261
4638568
4639628
4640597
4643322
4643777
4644749
4647296
4650987
4651602
4654683
4655921
4658159
4658415
4658766
4659750
4659912
4663582
4664412
4668081
4669059
4675144
4675508
4675767
4676395
4677309
4688704
4691630
4691743
4694642
4698265
4699400
4699938
4702015
4702673
4705299
4705308
4705787
4708733
4709340
4711704
4713887
4715371
4716146
4718180
4720392
4725325
4728336
4730940
4732848
4734111
4736887
4737323
4737348
4744435
4744497
4748471
4753293
4753297
4757897
4758683
4759791
4761716
4761807
4762192
4764962
4766764
4769195
4770541
4770554
4772817
4774127
4775521
4778988
4780326
4786591
4787823
4789260
4790464
4793147
4793444
4799814
4800362
4801429
4806065
4806547
4808007
4808301
4809410
4811041
4811230
4811852
4813794
4815698
4817000
4817118
4819718
4824574
4825017
4827694
4828452
4831082
4831294
4837574
4839192
4843693
4844726
4847631
4848735
4849061
4849950
4854285
4860123
4864074
4864475
4869028
4869551
4870757
4872046
4872759
4874086
4874313
4877650
4880940
4885579
4885810
4888122
4890400
4891152
4891982
4894047
4896945
4898134
4898518
4901534
4903601
4903843
4905775
4907816
4908765
4908789
4908796
4913129
4914018
4915286
4916998
4918358
4918795
4921825
4922969
4923489
4924152
4924430
4924989
4931038
4931367
4932222
4935718
4938786
4939234
4942361
4944846
4947078
4948798
4949737
4953067
4960197
4960743
4963892
4964845
4965803
4969035
4970079
4970324
4971854
4973699
4976048
4980422
4981019
4982098
4985650
4986294
4987585
4988208
4992211
5000061
5001350
5001956
5003091
5004324
5006698
5007097
5007121
5007197
5010321
5010683
5010732
5014829
5015101
5015186
5017153
5019015
5020455
5020483
5024556
5026159
5030157
5030800
5031285
5031981
5035697
5036079
5037056
5039191
5042356
5045440
5047499
5048374
5048871
5051541
5062553
5063576
5063921
5064205
5064289
5065061
5066192
5071130
5071346
5073683
5074993
5078311
5078695
5079331
5081830
5084699
5086127
5086550
5089495
5089589
5089740
5090853
5095954
5097442
5100575
5101194
5101786
5102891
5105357
5107407
5111608
5112049
5114786
5115998
5116273
5116925
5117730
5118986
5121954
5122402
5124369
5125668
5126294
5127141
5127175
5127418
5131899
5132041
5134000
5134590
5135181
5135689
5137234
5138655
5139540
5139857
5140102
5140535
5145245
5145640
5145955
5146640
5147551
5150343
5151247
5152671
5152836
5155229
5160017
5161359
5165141
5170170
5171386
5172535
5174125
5175817
5177986
5179872
5183591
5188334
5191524
5202579
5202663
5203534
5203908
5205605
5207226
5207621
5209476
5211728
5212168
5212896
5214778
5217438
5222284
5224384
5225595
5225691
5225895
5226024
5228416
5229305
5234301
5234628
5235670
5241638
5241757
5248153
5248218
5248554
5249353
5249413
5251394
5252561
5254430
5255475
5255554
5255925
5260574
5262934
5263027
5265509
5266224
5266490
5267901
5268448
5268460
5268608
5269756
5273300
5275011
5277439
5279260
5279898
5282176
5284653
5288071
5288464
5288838
5289455
5295578
5298099
5299306
5299311
5304525
5305236
5305682
5311202
5312100
5314701
5316727
5316980
5317834
5318465
5321306
5321321
5323928
5327704
5329811
5330507
5332302
5333969
5336453
5338423
5347121
5347721
5350457
5351014
5353573
5359091
5359744
5360452
5361293
5363213
5363682
5363765
5363952
5365532
5368073
5368769
5369567
5370199
5370682
5370851
5371114
5371721
5373872
5374940
5375308
5376151
5379769
5380731
5384694
5386078
5391919
5394522
5395587
5400055
5400100
5400703
5401257
5401393
5403368
5404386
5406316
5412963
5412982
5414641
5415474
5416591
5417972
5420142
5420331
5420540
5421348
5422055
5425313
5425578
5425898
5427417
5429047
5432280
5435974
5439624
5439750
5440156
5441259
5443408
5446049
5446366
5450010
5450876
5452565
5457033
5463392
5463917
5467591
5467615
5467908
5469625
5477165
5477425
5484189
5484293
5485735
5486736
5487016
5488589
5489096
5492693
5494975
5495474
5501082
5505226
5505599
5505679
5507367
5508914
5508949
5509612
5510158
5513018
5514575
5518849
5520823
5520996
5524560
5529100
5531405
5535841
5536346
5537069
5537657
5539701
5540066
5540387
5545544
5549490
5549638
5551752
5552214
5554782
5557319
5558227
5558898
5560201
5563473
5565216
5566138
5567146
5568476
5569009
5569208
5572858
5572999
5574776
5575537
5576790
5576969
5577947
5578810
5580678
5583757
5586093
5589068
5590486
5592609
5593670
5596905
5597968
5598021
5598664
5598917
5603434
5606614
5607485
5610850
5614013
5615989
5619800
5621090
5621344
5622826
5623630
5624755
5625454
5625610
5631368
5633986
5637815
5641577
5642341
5643645
5645240
5646079
5646890
5649127
5651316
5654919
5659808
5665139
5673534
5673599
5674572
5676120
5676190
5676534
5678924
5683160
5683498
5686228
5686547
5686773
5688724
5691755
5691945
5693134
5694347
5695614
5697843
5699955
5701166
5701756
5701849
5705603
5706510
5706844
5706995
5707001
5709567
5710683
5711013
5715922
5718139
5719149
5721323
5724046
5727467
5728062
5731225
5732957
5734673
5738588
5743232
5747560
5748259
5750435
5750493
5752033
5752142
5752919
5755432
5759457
5760343
5761097
5762100
5762127
5763662
5765074
5765085
5767523
5770361
5774024
5779657
5780258
5782943
5787365
5788319
5788738
5789149
5789504
5790313
5794431
5795336
5801758
5802482
5805453
5805606
5806159
5810172
5815125
5816219
5816568
5819951
5820444
5824421
5825587
5826700
5827595
5830455
5833328
5835347
5838312
5838580
5839995
5843641
5849039
5861177
5863243
5864846
5866747
5869668
5870941
5871260
5872181
5875096
5875329
5877812
5880233
5880588
5884069
5885203
5888946
5889297
5890144
5892502
5896550
5898667
5904004
5911180
5911882
5913167
5918634
5919010
5920767
5922378
5922979
5927249
5929688
5930845
5931048
5933733
5936798
5940097
5941689
5941741
5941765
5942126
5944292
5944754
5946618
5947878
5947986
5948036
5948421
5949828
5955060
5955131
5959620
5960700
5960786
5963173
5964444
5965590
5967243
5967610
5967852
5968222
5970977
5973748
5976640
5977196
5977441
5977705
5978792
5979751
5981007
5982662
5984495
5985531
5990956
5993784
5996144
5997747
5997866
5998587
5999263
6004323
6005810
6007283
6008830
6010773
6014002
6018040
6022548
6022799
6022940
6026206
6026803
6027963
6028412
6030860
6031761
6032516
6032723
6033182
6034846
6035793
6036113
6043270
6043650
6044846
6054336
6055012
6057498
6058250
6058759
6061310
6064054
6065146
6065346
6070125
6070728
6071648
6074056
6075390
6084216
6086264
6086300
6086755
6087513
6088693
6092515
6094103
6096022
6096621
6097885
6099318
6102379
6103765
6105345
6107858
6109688
6111038
6111695
6111839
6122071
6123836
6132593
6135006
6136233
6136472
6136933
6140215
6140279
6147231
6147874
6148173
6148685
6151305
6152137
6155651
6161475
6161484
6161789
6169084
6169654
6171996
6175553
6177667
6180132
6181551
6182462
6182833
6182999
6183784
6190124
6190370
6191609
6192295
6192605
6192831
6192833
6193907
6203237
6203443
6209353
6210829
6215398
6215583
6217809
6220136
6224513
6224543
6227032
6232475
6234851
6238056
6238596
6243345
6244627
6244999
6246802
6247255
6248386
6251295
6252104
6253553
6254292
6254670
6255369
6258785
6260774
6265915
6267524
6268231
6269474
6270871
6272671
6273469
6274850
6275238
6275511
6278609
6279533
6280520
6281163
6283216
6283557
6283595
6283939
6283993
6285558
6293808
6295603
6295907
6297809
6300515
6308429
6308526
6308744
6308885
6309291
6310913
6312480
6315558
6315618
6319135
6320886
6322020
6322895
6325451
6327689
6330517
6330650
6335779
6336455
6336728
6337838
6338855
6342210
6343166
6346219
6346644
6349869
6351568
6355825
6356344
6357434
6358172
6359916
6361658
6362298
6366379
6370403
6373559
6375686
6377034
6385481
6387156
6388288
6392444
6394545
6394986
6395979
6396527
6396785
6397569
6397590
6400543
6403316
6404062
6408206
6408392
6409643
6411209
6411529
6411641
6413448
6416073
6416516
6417548
6417967
6418645
6420005
6424906
6425460
6425785
6426058
6427535
6429274
6429623
6431069
6432566
6433121
6436792
6442085
6442204
6442373
6446065
6446953
6447473
6450759
6450813
6451962
6452633
6455868
6456770
6459950
6463516
6465234
6470579
6476428
6480120
6481977
6484422
6485625
6487225
6492495
6493559
6495965
6501015
6502247
6503189
6503543
6504593
6504989
6507348
6509678
6509773
6510984
6512379
6513305
6513972
6515338
6517360
6517603
6519632
6521369
6529134
6529522
6531499
6531643
6532291
6534041
6534272
6534284
6535697
6537236
6537483
6537637
6542582
6544578
6545769
6547476
6547520
6547595
6556891
6558724
6561139
6561888
6562811
6563434
6563616
6569862
6569994
6570728
6570797
6570858
6582381
6583350
6585121
6586438
6591858
6593300
6594970
6597091
6597276
6600168
6604653
6606631
6608388
6610695
6613169
6619740
6623278
6623708
6624304
6629293
6633869
6635523
6638856
6640181
6642846
6645160
6645634
6648352
6654205
6655759
6656861
6659055
6660004
6660471
6662115
6662632
6667045
6670634
6672723
6672932
6674866
6675683
6686898
6688007
6690529
6696633
6697133
6697781
6698088
6702734
6704382
6704421
6707128
6708129
6708161
6718103
6722487
6726142
6731074
6734458
6735498
6741292
6741324
6745887
6748340
6748765
6752093
6756577
6757981
6759946
6764864
6765595
6767237
6769090
6770255
6771298
6778277
6778980
6783371
6785934
6786926
6788187
6788333
6790667
6792046
6797657
6798262
6804257
6805379
6809796
6809935
6810288
6810600
6811768
6815622
6816007
6817912
6819682
6821618
6823036
6825067
6828741
6831307
6835082
6836002
6838364
6839328
6841157
6841243
6841333
6845861
6846647
6847050
6847635
6847676
6848042
6850802
6860270
6863055
6863949
6864724
6866599
6867340
6867641
6869250
6870193
6871068
6872455
6872760
6873095
6873837
6879721
6880367
6881568
6886201
6890512
6891001
6894423
6895744
6897054
6897613
6898527
6901055
6901598
6902936
6903119
6907318
6914328
6915232
6915376
6916497
6916604
6916898
6917478
6917790
6919114
6922680
6923564
6926161
6931246
6932894
6933747
6938109
6940576
6944767
6944964
6945186
6949887
6951933
6952726
6956659
6957368
6960055
6965186
6967151
6970581
6970975
6973133
6973918
6976697
6977299
6977977
6984931
6989014
6990090
6990728
6997912
7001704
7005347
7008085
7008439
7009528
7014406
7015721
7017117
7021817
7029703
7030386
7030845
7032130
7035094
7035529
7035952
7037811
7040637
7041140
7041576
7048188
7051120
7051659
7059312
7061716
7062827
7063258
7063652
7067056
7068633
7069112
7069933
7070593
7073500
7074989
7076268
7076414
7081665
7089061
7092052
7093415
7093815
7095835
7096376
7098795
7098902
7099853
7101276
7101647
7104803
7105501
7106850
7108610
7113032
7114377
7115497
7117746
7118258
7120603
7121962
7127303
7133623
7133910
7134108
7135627
7138131
7138731
7138783
7141496
7141774
7145280
7148532
7150076
7150235
7152238
7152605
7152683
7152761
7153154
7155545
7158113
7161043
7162930
7166189
7166622
7169011
7170270
7171232
7176434
7176839
7177371
7178444
7181472
7183339
7186813
7189276
7189484
7191466
7193689
7200699
7201214
7201332
7202216
7202336
7202883
7203126
7203893
7204193
7205699
7207051
7207779
7208156
7209037
7209336
7209477
7213974
7214645
7215025
7215198
7220123
7220423
7220840
7221435
7222413
7223625
7224759
7225499
7226342
7230910
7231625
7231858
7232608
7233133
7234628
7236532
7236800
7238015
7239176
7241797
7242201
7242567
7243463
7243974
7244907
7248936
7249756
7250709
7252118
7252493
7252979
7254884
7255176
7257687
7261385
7262047
7264073
7264593
7267200
7271828
7273287
7273700
7276229
7278054
7278070
7279916
7283777
7284507
7285062
7285251
7285289
7285916
7286698
7289815
7296427
7298831
7299772
7301082
7301166
7302298
7304181
7304274
7304730
7305673
7308637
7309550
7309726
7314833
7315348
7318712
7318963
7319086
7322368
7322426
7325049
7325387
7327381
7330603
7331376
7333190
7333561
7333767
7333813
7335754
7338694
7339555
7342155
7343535
7346316
7350772
7351089
7352494
7353537
7356796
7357188
7357758
7358041
7358119
7359117
7360748
7361551
7362305
7368442
7369327
7376207
7376325
7376791
7377074
7377190
7377781
7385369
7386248
7389416
7389564
7390326
7390893
7392812
7393292
7394838
7397208
7397476
7399793
7402869
7406990
7411350
7413329
7416442
7417253
7417779
7418291
7418631
7420428
7422224
7423433
7423444
7425582
7428626
7429635
7430499
7431712
7432516
7435483
7436142
7437258
7440676
7446198
7446724
7447504
7450547
7451621
7456608
7458832
7463737
7464609
7465092
7465649
7466846
7469796
7475400
7477683
7477979
7478334
7478394
7478592
7479734
7479926
7481486
7484312
7484741
7486799
7487014
7487479
7490885
7491337
7491996
7492361
7498507
7499663
7499931
7500002
7501259
7502619
7503545
7507074
7509900
7511674
7514377
7515438
7516816
7518585
7519320
7519755
7521870
7524421
7524843
7530148
7530277
7530503
7530718
7532188
7533595
7536376
7536622
7539029
7539034
7541022
7542464
7543838
7545129
7545737
7545866
7548510
7550775
7551940
7552654
7552930
7555948
7557212
7557385
7574126
7575643
7575771
7576070
7579575
7582418
7590572
7591250
7595446
7596032
7598604
7599037
7602013
7608542
7609939
7611460
7613181
7615451
7615825
7616152
7616795
7619300
7623469
7624266
7625184
7625574
7625734
7629225
7630329
7633316
7634823
7635422
7637090
7639360
7643927
7644373
7644834
7646528
7647240
7651806
7657724
7658993
7660380
7660691
7662381
7662506
7663228
7664093
7664509
7669801
7670268
7671343
7672515
7672580
7673084
7677300
7679642
7679764
7680044
7680280
7681340
7681980
7685248
7685410
7685490
7691546
7691679
7693074
7693175
7693451
7693699
7693864
7699101
7700904
7701255
7702500
7703010
7703607
7708152
7709714
7710193
7713745
7715706
7716616
7718748
7720100
7720721
7720788
7721225
7723358
7730138
7730291
7736234
7736323
7736582
7737378
7741835
7744353
7745188
7748891
7749666
7751053
7751450
7752438
7755118
7756855
7757522
7758926
7759298
7759776
7762669
7762791
7763763
7764465
7772943
7775100
7776055
7779186
7781884
7782286
7782901
7783735
7783903
7787439
7794661
7794958
7795645
7798626
7806242
7809114
7809675
7811552
7812997
7814485
7817136
7817614
7819590
7824931
7827138
7829727
7829797
7830985
7833201
7835271
7835324
7835441
7835694
7835924
7842181
7843569
7846810
7847442
7854402
7855816
7857546
7861230
7863328
7864195
7866999
7868914
7869911
7870753
7872166
7872796
7874960
7877003
7880002
7881248
7881802
7882513
7885399
7891852
7894331
7900530
7906264
7908953
7911148
7914679
7918467
7921057
7922196
7924302
7924430
7925495
7930778
7931267
7942329
7942388
7942635
7943126
7945497
7946943
7947040
7948092
7949518
7949930
7951094
7953364
7958306
7958407
7960592
7960777
7960812
7962217
7964971
7973774
7975552
7977389
7978296
7978753
7980677
7980788
7982388
7982896
7985013
7988492
7990379
7990947
7991330
7994403
7994771
7995221
7999573
8001786
8004113
8009812
8010233
8015050
8017076
8017886
8020140
8021629
8022045
8022749
8024791
8024949
8025416
8026168
8027357
8027879
8030160
8030641
8031750
8032192
8034166
8034845
8034925
8038809
8039343
8043918
8044521
8044749
8048618
8048710
8053520
8058550
8060581
8061550
8065777
8067150
8068807
8071139
8071842
8077114
8078138
8079894
8088103
8090402
8092562
8094176
8095550
8095611
8095983
8096716
8098156
8102416
8103874
8104279
8104311
8105208
8105255
8105891
8106761
8106949
8110777
8111322
8115036
8120089
8125017
8128990
8129676
8130439
8132037
8132831
8133092
8133622
8135967
8136136
8136193
8136842
8137084
8137760
8137790
8139043
8139237
8140501
8142606
8146091
8148893
8151298
8151970
8153248
8158705
8164272
8165175
8167283
8173240
8173319
8174182
8175535
8177592
8179908
8180076
8182704
8183548
8184702
8185406
8185944
8187324
8187452
8187573
8188020
8190143
8190786
8190943
8191238
8191334
8198917
8200735
8202666
8216726
8217661
8218448
8219246
8220203
8222933
8223578
8230433
8232286
8232941
8236504
8236717
8241472
8241495
8241827
8242745
8243430
8246654
8247391
8251756
8252970
8253863
8257236
8257742
8259712
8261493
8265979
8267839
8270236
8271108
8275557
8278846
8279560
8284025
8284123
8286961
8287443
8289267
8290466
8293634
8294792
8297985
8298845
8299182
8299446
8302081
8306475
8307618
8317821
8318491
8319365
8323487
8325168
8325427
8326975
8328757
8331252
8331715
8332822
8334761
8336638
8336903
8338597
8339478
8340048
8340230
8344536
8344763
8344771
8345195
8346387
8350956
8354930
8359354
8361182
8361925
8363247
8366693
8368638
8371161
8371422
8374942
8376564
8376792
8377384
8378107
8383692
8384274
8384416
8385930
8386481
8386701
8393783
8394114
8396289
8396581
8400027
8401751
8402052
8403759
8405331
8405933
8410120
8411607
8415860
8416476
8422729
8422945
8423582
8425487
8425641
8427976
8427986
8428019
8432627
8433646
8438062
8438283
8440185
8441669
8442610
8442826
8444543
8447056
8452620
8456336
8458499
8461930
8467012
8469434
8476991
8478304
8478574
8479297
8479520
8480001
8481291
8486513
8487367
8487939
8489447
8493693
8495829
8496117
8499137
8503123
8505123
8506638
8509994
8511508
8512044
8512606
8514535
8518350
8519062
8525598
8526051
8529623
8530747
8530849
8531620
8531901
8532643
8539326
8541427
8544084
8548244
8548599
8551007
8553046
8556531
8557249
8558037
8558932
8560444
8562962
8563127
8563222
8563743
8565650
8569604
8571342
8571412
8572671
8574515
8575854
8576057
8576153
8578638
8580600
8586037
8587723
8590228
8590625
8595838
8595955
8598543
8598893
8600164
8603066
8603486
8606897
8608073
8609795
8611850
8615218
8618264
8618380
8618415
8620242
8621600
8623563
8624352
8631684
8633234
8633565
8633974
8634498
8634568
8636380
8638017
8642761
8643708
8644113
8647931
8651028
8653632
8657102
8657837
8660340
8661225
8662720
8664788
8667100
8668236
8668503
8668656
8669302
8669635
8670881
8671536
8672235
8674091
8675573
8675832
8676188
8677606
8683389
8684685
8689549
8690951
8691260
8691290
8691604
8692681
8695781
8696042
8696975
8697585
8699286
8699465
8700526
8701666
8704214
8704217
8705212
8706089
8715244
8716350
8716954
8718364
8718886
8719047
8722963
8723407
8724991
8725199
8727677
8727824
8732800
8733078
8733690
8736281
8736487
8740582
8740827
8745819
8746226
8748048
8748193
8753878
8757576
8763379
8765753
8766266
8769279
8770597
8776084
8776455
8778625
8780167
8783352
8785488
8785687
8786543
8793787
8793944
8798120
8799474
8800593
8800972
8800991
8801388
8801844
8802034
8802148
8802504
8803247
8804212
8808845
8808857
8810131
8810596
8811772
8819451
8820655
8821529
8822219
8825711
8826618
8827398
8828262
8832553
8835579
8836838
8841069
8841391
8842993
8845393
8847774
8847953
8850257
8852621
8854937
8857178
8864961
8865631
8866411
8867578
8869027
8870635
8870939
8871796
8872081
8872804
8874787
8875324
8877897
8882244
8886825
8886966
8889346
8889616
8891256
8892173
8893125
8895105
8896164
8899049
8903564
8904715
8906566
8907052
8907304
8909350
8910867
8912289
8915631
8915869
8916152
8918296
8919810
8920983
8923928
8928096
8929359
8932303
8935559
8936068
8939577
8940290
8941260
8942798
8945708
8946341
8946557
8946667
8947367
8953501
8954962
8955475
8959401
8960082
8960609
8960840
8963170
8965291
8966040
8971431
8973521
8975141
8976090
8982217
8982393
8983347
8984311
8987613
8989420
8989621
8996138
8996818
8998931
9001163
9002003
9002713
9003255
9003398
9007661
9009062
9009949
9017325
9018720
9020537
9023834
9025716
9028814
9034964
9038459
9042584
9042813
9045725
9047908
9049199
9049343
9050147
9050563
9050926
9057385
9058198
9059092
9059851
9062691
9066951
9067206
9067886
9070194
9073177
9073244
9073267
9073737
9074597
9076798
9079607
9081376
9082823
9083527
9088149
9088587
9089301
9089488
9090167
9090939
9091561
9092347
9093566
9096687
9097613
9098588
9098789
9100812
9102170
9107215
9109305
9109380
9115542
9115630
9118465
9118530
9125122
9125540
9127674
9130111
9131897
9137092
9142540
9149863
9153167
9153699
9160510
9161921
9165793
9173672
9175055
9178128
9180020
9180253
9180571
9181122
9188797
9189363
9190257
9195824
9199129
9202209
9206535
9208956
9210213
9211174
9211295
9214635
9215213
9217203
9219817
9222479
9224473
9226245
9227719
9227831
9228059
9228968
9229541
9229822
9230874
9230914
9237712
9238109
9238566
9239491
9241285
9241926
9242569
9244279
9244786
9246454
9247836
9252813
9252928
9257139
9257182
9257829
9257972
9258119
9258489
9259134
9262345
9264346
9267876
9270943
9273197
9276184
9277543
9278783
9278805
9279314
9279374
9280797
9281395
9282600
9283009
9285751
9286309
9292860
9294581
9294613
9295108
9299622
9300914
9301784
9307016
9307788
9308029
9310047
9312007
9312921
9314668
9315594
9316570
9317844
9320092
9323297
9324327
9325829
9326070
9328918
9331123
9331850
9332767
9335317
9335560
9337871
9341137
9346621
9348048
9348817
9355024
9360459
9361066
9362609
9365840
9365932
9371445
9374496
9376737
9381152
9383424
9386020
9387734
9391567
9394692
9397466
9397937
9403059
9404135
9404717
9404751
9405908
9411800
9414669
9417577
9418769
9426345
9431124
9431359
9432991
9433700
9436117
9436634
9437530
9446402
9447255
9447943
9448904
9450078
9450494
9453407
9453890
9454354
9454942
9455163
9455865
9455899
9456500
9457245
9458455
9460548
9461215
9465844
9469260
9471573
9471693
9474012
9474950
9476457
9477673
9478313
9479911
9480696
9481655
9482339
9482805
9487805
9487895
9488056
9488119
9489428
9490002
9490102
9492251
9492530
9492754
9492824
9494725
9495113
9495769
9496273
9497449
9497851
9500000
9500572
9504488
9506920
9508543
9509613
9510527
9516664
9519601
9522986
9524336
9531871
9534075
9535779
9538029
9544769
9548838
9549919
9550621
9550710
9552218
9555729
9556323
9556446
9560395
9561587
9563927
9565294
9571535
9571633
9572886
9573615
9573731
9574932
9575013
9578356
9578727
9583292
9584935
9585269
9587666
9589670
9592696
9594495
9596060
9596457
9597059
9597655
9600517
9605025
9605726
9606905
9609222
9612924
9619644
9620538
9621749
9623426
9624518
9625610
9627271
9632419
9633277
9635035
9636886
9637633
9641875
9645349
9645565
9645768
9648287
9648437
9649060
9649636
9650322
9651671
9651793
9653190
9659570
9659617
9660192
9665444
9665668
9666319
9667090
9667520
9670685
9672372
9677290
9677971
9678821
9679186
9682068
9685489
9686014
9689612
9689662
9691165
9695985
9700633
9702723
9705366
9706799
9708133
9708209
9709082
9715059
9717575
9720448
9721363
9724420
9725679
9726511
9727017
9728167
9728622
9730157
9731824
9733701
9734227
9735042
9736142
9737346
9737627
9738428
9739552
9745144
9754365
9754652
9756003
9757712
9757877
9759615
9759713
9760342
9762867
9765018
9765132
9766735
9767325
9768797
9774758
9777626
9781052
9784995
9787518
9787606
9787788
9791198
9791815
9791896
9794324
9796480
9800915
9801218
9803392
9805953
9806492
9809612
9811634
9815977
9816432
9820540
9821618
9822019
9823830
9824740
9825794
9827186
9827618
9829289
9829496
9831346
9831499
9832793
9835045
9836475
9836744
9837040
9837681
9841437
9845042
9846630
9848169
9854002
9854439
9854518
9856317
9857325
9859348
9859848
9867019
9868376
9870871
9871287
9871488
9871605
9874383
9875793
9879959
9882987
9884030
9887220
9889404
9894530
9896144
9896305
9898148
9899365
9908592
9908904
9911020
9911140
9912509
9913234
9918651
9920075
9923480
9926476
9926570
9926658
9928646
9929317
9929400
9929841
9932535
9933697
9935203
9936136
9937521
9937714
9940379
9943966
9948139
9950791
9953643
9954792
9955935
9956239
9959912
9961420
9963753
9964128
9965809
9966881
9968518
9968813
9971017
9973882
9973966
9976361
9978269
9981018
9985161
9986442
9987362
9988257
9991156
9991736
9992265
9992585
9993429
9994311
9995647
9996541
9996662
9998095
9998228
10001129
10005745
10006067
10009795
10016221
10016225
10016993
10019245
10020003
10024098
10025770
10033305
10033365
10034369
10035522
10036839
10039007
10042586
10043808
10043893
10045637
10046733
10047095
10049077
10049545
10051808
10052568
10055616
10056948
10060383
10064045
10064499
10065040
10065093
10069087
10070313
10072500
10072581
10073721
10074313
10074327
10077350
10080658
10083936
10084358
10085331
10086123
10086806
10094769
10096355
10099585
10106337
10107963
10110940
10116846
10124062
10125469
10126537
10128481
10130174
10138423
10138668
10141976
10144047
10144563
10145679
10146594
10147526
10154588
10155202
10158478
10158507
10159500
10159856
10161224
10161865
10164418
10165699
10165857
10167271
10167806
10172916
10175091
10177579
10179471
10181660
10182199
10190166
10194814
10196524
10196613
10197469
10198302
10198855
10204905
10205088
10205214
10207365
10208138
10209852
10210262
10210974
10211201
10211727
10215992
10216873
10219490
10221871
10222920
10224131
10225016
10225537
10228340
10228580
10229522
10231198
10232109
10233130
10237118
10237548
10238200
10238380
10241486
10242635
10245270
10246486
10252027
10252554
10253924
10255329
10257736
10257814
10258802
10260827
10261059
10262552
10274020
10274173
10280253
10282261
10284489
10284811
10285099
10288368
10290361
10292579
10292824
10294742
10296514
10301503
10302555
10303540
10304627
10305975
10310363
10311119
10312963
10313019
10314175
10315199
10315474
10318005
10322360
10332902
10333729
10334205
10334715
10335977
10340139
10341438
10342832
10344279
10344656
10344822
10346777
10350007
10352212
10353336
10353626
10355142
10356689
10357485
10359387
10361073
10368871
10371678
10372133
10373219
10377237
10379620
10390829
10391173
10394069
10395510
10400155
10402940
10405505
10405616
10405928
10408666
10412360
10413089
10413109
10414407
10418245
10419273
10420658
10425457
10426568
10427332
10430050
10430525
10434829
10435820
10436115
10442821
10443988
10445845
10451274
10454961
10455180
10455564
10456135
10459895
10466442
10467963
10472017
10472393
10473124
10473210
10476489
10481726
10481947
10484748
10485419
10487277
10487643
10490313
10491656
10492523
10493059
10493335
10496099
10497119
10497458
10497498
10498160
10498646
10499899
10500922
10505456
10505857
10509923
10511569
10512292
10517895
10521231
10521443
10522433
10524053
10527646
10527778
10529794
10534360
10535776
10537782
10538910
10539492
10539680
10541294
10549494
10550503
10550978
10552775
10553001
10553249
10554129
10554598
10555925
10559855
10561715
10562825
10563871
10564793
10565415
10566888
10569660
10570072
10575725
10577087
10578847
10578888
10582003
10586987
10588744
10588748
10591435
10591934
10592142
10602584
10604503
10605332
10611421
10612223
10612737
10613766
10616841
10617734
10620227
10622293
10622621
10624804
10626676
10627493
10629183
10631881
10634932
10637275
10637716
10637761
10638286
10639140
10641608
10643602
10645023
10645371
10649253
10649661
10649821
10652862
10653498
10653826
10653988
10655759
10656102
10658336
10658489
10658577
10664523
10667877
10669459
10671171
10671211
10671221
10671318
10672005
10672817
10676637
10678319
10679909
10680780
10682548
10686661
10692400
10696189
10699842
10703024
10705326
10710061
10715784
10717115
10719042
10722343
10722521
10726121
10726542
10726742
10735467
10736039
10739253
10742280
10744049
10746005
10747797
10748128
10750821
10750980
10753574
10756146
10756699
10763029
10764812
10767101
10767889
10768240
10770552
10771180
10771996
10774187
10776021
10776940
10779362
10780865
10784009
10784638
10784644
10787710
10791685
10796871
10797560
10797791
10798643
10800165
10801305
10802186
10804403
10804739
10804887
10807487
10807822
10808356
10809687
10810561
10817899
10820443
10821016
10822936
10824251
10825997
10829040
10829953
10830495
10830724
10832038
10832636
10833536
10835234
10835636
10836359
10839296
10839803
10840233
10841053
10846313
10846581
10846990
10847682
10849526
10849730
10850269
10850552
10852928
10854930
10857235
10859965
10859998
10862825
10863164
10863437
10863603
10863874
10864330
10867367
10870234
10874235
10874771
10878450
10879193
10879315
10889294
10889859
10892534
10894405
10898422
10900581
10900809
10902942
10905502
10907216
10914284
10916482
10916973
10920695
10925193
10928248
10929886
10930277
10930424
10932230
10933739
10933939
10937709
10941313
10941376
10942943
10943312
10943664
10943931
10944505
10944551
10947602
10948841
10949031
10950770
10950965
10953960
10953990
10954175
10956057
10956882
10960878
10963015
10964534
10964835
10966122
10966473
10967767
10969053
10969093
10971374
10972864
10978208
10978570
10983806
10990142
10997795
10999972
11002405
11003094
11005023
11007010
11008449
11009012
11010993
11013517
11013691
11014114
11014599
11023730
11026536
11029661
11031942
11032515
11033305
11038361
11041406
11045238
11045747
11046555
11048111
11054260
11059310
11059916
11065022
11066696
11067110
11069052
11069673
11071304
11072694
11072934
11073549
11074430
11077884
11082301
11083037
11083367
11088836
11089685
11090587
11091768
11096088
11098801
11099968
11100449
11100808
11101096
11102335
11103053
11103466
11105455
11105691
11106048
11106770
11107817
11112067
11112261
11112284
11118773
11124448
11125104
11125949
11130460
11130529
11130612
11132026
11133852
11134858
11136937
11140027
11143133
11144027
11148645
11150284
11151019
11153700
11154459
11157250
11158088
11158266
11160232
11163871
11164288
11168222
11171912
11176734
11178756
11179803
11180693
11181197
11183271
11185609
11185797
11186373
11191462
11191864
11194335
11195081
11195747
11196950
11197262
11202880
11207634
11210385
11210913
11211368
11215764
11220864
11222563
11225943
11229462
11231153
11231416
11234553
11235795
11238285
11238710
11240244
11240277
11242150
11243471
11245336
11245392
11247276
11248824
11249659
11250571
11251129
11251421
11251572
11253522
11254165
11256539
11257700
11258151
11259840
11260165
11263391
11265441
11266575
11271510
11271898
11273222
11276132
11276596
11282286
11282377
11286803
11286852
11288729
11289772
11292829
11294762
11294867
11295609
11296025
11300349
11301477
11302025
11302353
11303778
11306677
11306822
11307837
11309805
11312837
11314063
11319406
11320212
11321123
11321555
11322273
11323240
11324880
11326504
11327840
11334746
11335541
11337828
11338136
11344611
11345532
11349669
11350272
11351964
11352716
11353807
11354239
11354744
11356962
11356982
11357938
11358188
11359678
11360142
11361207
11361698
11361819
11362313
11362629
11362638
11363648
11367812
11371887
11377441
11378019
11383822
11384056
11384329
11387329
11388160
11389587
11392602
11392653
11393711
11398058
11398480
11403055
11403361
11403665
11404064
11404092
11408959
11408990
11412126
11413374
11413491
11415579
11424318
11426926
11428301
11428983
11429990
11431368
11432006
11434672
11436770
11440893
11442132
11445188
11445263
11445569
11447229
11448195
11448618
11449131
11453145
11455701
11456660
11457355
11461345
11461924
11462014
11462463
11462953
11464193
11464554
11467699
11468141
11468839
11470483
11475236
11475501
11475601
11477248
11477335
11478339
11479047
11483382
11484076
11485905
11486057
11492160
11492343
11493601
11493978
11493990
11496869
11497138
11500234
11501355
11503123
11503636
11505626
11508000
11517066
11517735
11518603
11520179
11523035
11523114
11530667
11530869
11533127
11535265
11535290
11536710
11538502
11541721
11542039
11542391
11543181
11545032
11550239
11562873
11569042
11572250
11572465
11574728
11577262
11577492
11578491
11579383
11579414
11580146
11580465
11581054
11582299
11584852
11584979
11588014
11588210
11589262
11590737
11593368
11595500
11596025
11597372
11598009
11598116
11598902
11600092
11602583
11603856
11604638
11605160
11605596
11612419
11612551
11612692
11616338
11617263
11617585
11617619
11618751
11620677
11630207
11633858
11636020
11637230
11637508
11639496
11639787
11639804
11640312
11640523
11641088
11641238
11642480
11642829
11648268
11666646
11667977
11673765
11673973
11674281
11674585
11674916
11675483
11676482
11679272
11681005
11684380
11684442
11684751
11685704
11685915
11688212
11688972
11701360
11703611
11703663
11704444
11704879
11706148
11706852
11709575
11715425
11717098
11720092
11721235
11728959
11731958
11734585
11735703
11735943
11739758
11740538
11740768
11741413
11742282
11743335
11743694
11744309
11744954
11745144
11745526
11749940
11751398
11751681
11752496
11754660
11755096
11756443
11756628
11760992
11763581
11764328
11765594
11767648
11770966
11773257
11775874
11778119
11779044
11779131
11779420
11783380
11786698
11787148
11793414
11795851
11796985
11798209
11800541
11800718
11804889
11806549
11808232
11808417
11808610
11809526
11809584
11811248
11812116
11817429
11819108
11819238
11820028
11820218
11821388
11821460
11822988
11822999
11826516
11826587
11827949
11828992
11829951
11831314
11836338
11840735
11842974
11844669
11849988
11850897
11851176
11852725
11855665
11856675
11858463
11859556
11861335
11861470
11861488
11862792
11864143
11864792
11866369
11870278
11875635
11876403
11878292
11879173
11882293
11882820
11884057
11887337
11887633
11887957
11889565
11890684
11895882
11899519
11903849
11904088
11906347
11907425
11909155
11913736
11917475
11918522
11922870
11923970
11924120
11925946
11927000
11928647
11929312
11931791
11932046
11933513
11933972
11936910
11938500
11943077
11944038
11946173
11946549
11950464
11951018
11954633
11956276
11957732
11961285
11961864
11962313
11963059
11967539
11968956
11971886
11972801
11975400
11976966
11978742
11982339
11982619
11982621
11986095
11987003
11988913
11991266
11991628
11993469
11995054
11998638
12000819
12004141
12009979
12013886
12014503
12020189
12021085
12026586
12027736
12029018
12030131
12031252
12033564
12034851
12036423
12037770
12042170
12043943
12045008
12045243
12045759
12047036
12048069
12049285
12051378
12053660
12056468
12058014
12068171
12069682
12072546
12074774
12076601
12077409
12077588
12077869
12080994
12081992
12082568
12084347
12085297
12086010
12086378
12091650
12092221
12092546
12094104
12094280
12094517
12096506
12101186
12104585
12105242
12105781
12106060
12106552
12107068
12108205
12113088
12116121
12120830
12120866
12121227
12122467
12122675
12124319
12124851
12124982
12127666
12128624
12133334
12140200
12140743
12140801
12142169
12142190
12143412
12144480
12145995
12150433
12151238
12151668
12153124
12154252
12154667
12157681
12157853
12160115
12161448
12164039
12165780
12166335
12170478
12170824
12172450
12172565
12174640
12177528
12181372
12182878
12185973
12189035
12189152
12189642
12190321
12194615
12196195
12197639
12197885
12199336
12199543
12202680
12202887
12206117
12209364
12210413
12212753
12213230
12213231
12214279
12214767
12216188
12216885
12217024
12221262
12225042
12225100
12225785
12226472
12228439
12228787
12228981
12229523
12229751
12229773
12229921
12229993
12231506
12234300
12235820
12237712
12240779
12241601
12242034
12242870
12244040
12246577
12250551
12252914
12254037
12254381
12256836
12256864
12259833
12259967
12261363
12261797
12262880
12264001
12264977
12265179
12269717
12271060
12274718
12275514
12278621
12280109
12280927
12286666
12287365
12295528
12296391
12300525
12302339
12302462
12304438
12317224
12320690
12320929
12323890
12325668
12326443
12327090
12333423
12334053
12337184
12337655
12341462
12346696
12346916
12348932
12355634
12356340
12357617
12358113
12358589
12362323
12366895
12370982
12372291
12373765
12376061
12379890
12380059
12381240
12382795
12383430
12383762
12384628
12387349
12391294
12391445
12392066
12392914
12394206
12397050
12398184
12400272
12400502
12402985
12403561
12406579
12412555
12414193
12414421
12419952
12427794
12429343
12429947
12430762
12430797
12434305
12439301
12443809
12444838
12446227
12446716
12449807
12451101
12452795
12453496
12453995
12455380
12455748
12457674
12462882
12463275
12465040
12466227
12466869
12471428
12472762
12473654
12477624
12477626
12478667
12479514
12488492
12491319
12494206
12494267
12495593
12495832
12495903
12496170
12496275
12496660
12496981
12498130
12498651
12501405
12502539
12503350
12503511
12508665
12510143
12513029
12514504
12517207
12518423
12519398
12520209
12520504
12520715
12522538
12522668
12523196
12524212
12526000
12526971
12530765
12533446
12535288
12539939
12540171
12540381
12541453
12541724
12541766
12543143
12543860
12546166
12548747
12556529
12561411
12562016
12562730
12563404
12565265
12567113
12567352
12568484
12573081
12573903
12575612
12578855
12581764
12581987
12582155
12585834
12586017
12587044
12587970
12588382
12589799
12590773
12593393
12595915
12596076
12599357
12600073
12600692
12604330
12607819
12608605
12611763
12615414
12617113
12617392
12622448
12622536
12624218
12627071
12627241
12628756
12631715
12636361
12637075
12638982
12639850
12640200
12641839
12642939
12644466
12646625
12648464
12650230
12652864
12653958
12659974
12660474
12662030
12663610
12663860
12664288
12664519
12665412
12666356
12668467
12668870
12675494
12677172
12680089
12682317
12683848
12684810
12685043
12687524
12687947
12692025
12693523
12694538
12695812
12697532
12697988
12699140
12699875
12700324
12704697
12704768
12705650
12706632
12708835
12710612
12712056
12715576
12721271
12721357
12721580
12722755
12723819
12727859
12729483
12730978
12738517
12741842
12742374
12743106
12743738
12743919
12744963
12745111
12745550
12748432
12748623
12749055
12750008
12754039
12754928
12762896
12771231
12772140
12774968
12775366
12777799
12779236
12780149
12781581
12784286
12785494
12787843
12788795
12790883
12792016
12792779
12793151
12794877
12798986
12800485
12810023
12810962
12811700
12813137
12813378
12815019
12816572
12816823
12817518
12818330
12823094
12823103
12824114
12825203
12829096
12830892
12832372
12836421
12840533
12841113
12842067
12842230
12842552
12842554
12849519
12851786
12854423
12856803
12859949
12862688
12863670
12863769
12863905
12867691
12872509
12873118
12880224
12882244
12883689
12889206
12892356
12892482
12899395
12899916
12900176
12901560
12901616
12903175
12906697
12907776
12909367
12909744
12911244
12913570
12914600
12916942
12918322
12919803
12922172
12922252
12924840
12926054
12926585
12926900
12927561
12927761
12929892
12930075
12933360
12934230
12935397
12937254
12940394
12940634
12941789
12944635
12944713
12945276
12945394
12946972
12947582
12948862
12952948
12955698
12955722
12955752
12958231
12959557
12961056
12962537
12962955
12963124
12964521
12967161
12968386
12972354
12973568
12974339
12975616
12978757
12978993
12980143
12980937
12984329
12989581
12990506
12994744
12996456
12999741
13000454
13000860
13002406
13005338
13005919
13010902
13014641
13014679
13019193
13020370
13020834
13021535
13021558
13026608
13027473
13029859
13030387
13030905
13031254
13035596
13036968
13037217
13040649
13041962
13044650
13045115
13053218
13053263
13053414
13053915
13054495
13057502
13058108
13059934
13061161
13061710
13062473
13064170
13065656
13065949
13070107
13073665
13074303
13077000
13078364
13080060
13084141
13084429
13087798
13091749
13093667
13094584
13103205
13103313
13103487
13104559
13109926
13111291
13114330
13120403
13124907
13128037
13128121
13128337
13129380
13130333
13130897
13131129
13131457
13132056
13132741
13136334
13137201
13138368
13140650
13140893
13146755
13148601
13150863
13154680
13162190
13164032
13170672
13173157
13174072
13174572
13175537
13176977
13178673
13180443
13182546
13183907
13184358
13185010
13185874
13186988
13187109
13187504
13188169
13188221
13191922
13196887
13201600
13201621
13204475
13208956
13209441
13210837
13213051
13215587
13217990
13219105
13221589
13221699
13221832
13221978
13222813
13227703
13228685
13230427
13231422
13231868
13234122
13234412
13236060
13236069
13236519
13237318
13240635
13248686
13249584
13253824
13256450
13257559
13259133
13260801
13261102
13261743
13265017
13265406
13265514
13268846
13271081
13273037
13278913
13280862
13282821
13284476
13285365
13285540
13285629
13289195
13289590
13294353
13294743
13294851
13294982
13295651
13298694
13302565
13302764
13304683
13306835
13306982
13308250
13311794
13312422
13312668
13312943
13313949
13314179
13316555
13318123
13320704
13320892
13325398
13325764
13326516
13326733
13327814
13332171
13334362
13335642
13336996
13337171
13337975
13341214
13342152
13344949
13345615
13347305
13349358
13349637
13351619
13352238
13353842
13356942
13357403
13358474
13360881
13361515
13362011
13364606
13365833
13365998
13366476
13368856
13369257
13370257
13371336
13374066
13374648
13376335
13377122
13378449
13380271
13388754
13393206
13393724
13394202
13395047
13395279
13397242
13398761
13398765
13399313
13402370
13402620
13402974
13403941
13412279
13413883
13415605
13416531
13418725
13418745
13420078
13423172
13423222
13425368
13426130
13426476
13427585
13430555
13431623
13431782
13439039
13439221
13439906
13440023
13441567
13444102
13445934
13446067
13446633
13447937
13448465
13449738
13450644
13452171
13453297
13454934
13455776
13459824
13459993
13460989
13461916
13463650
13466786
13468362
13468391
13469044
13471098
13471817
13472295
13472319
13479341
13479728
13482178
13482391
13486187
13486853
13489379
13492811
13492973
13494430
13497749
13500322
13501330
13501504
13503329
13504341
13505541
13507101
13508382
13509218
13510446
13510537
13510773
13510854
13514779
13514911
13515623
13521035
13523286
13523415
13527342
13527886
13527889
13528902
13529284
13529480
13530052
13530761
13531298
13540930
13544358
13544507
13544713
13546468
13547811
13548406
13548444
13549391
13549851
13550099
13550464
13560799
13567846
13572563
13572973
13575564
13575687
13575710
13577973
13580049
13582243
13584026
13584985
13585371
13590638
13595035
13595187
13596723
13599146
13599634
13600614
13602493
13603878
13605686
13608085
13608889
13614059
13614364
13614499
13616998
13620241
13623001
13626475
13626476
13627880
13632050
13633483
13633712
13635149
13635910
13640108
13642075
13644309
13650361
13650479
13653040
13656383
13658598
13660594
13661426
13661543
13661565
13662710
13665334
13668764
13670128
13670482
13673413
13673803
13676343
13676356
13678042
13678199
13679733
13679985
13681097
13682999
13685333
13685571
13686770
13686838
13689877
13691535
13692502
13692807
13693892
13698125
13698340
13698912
13699087
13700015
13701888
13704653
13705192
13707496
13712870
13713164
13719830
13720605
13726795
13727564
13729378
13731579
13732529
13733204
13733284
13737485
13738444
13741637
13741665
13742461
13742767
13744569
13747308
13753019
13753449
13754066
13755578
13756704
13758529
13765699
13766320
13770484
13771317
13771831
13772254
13774316
13775312
13775378
13775386
13776121
13780201
13782304
13782866
13787050
13788694
13789328
13790399
13790876
13791821
13796014
13796196
13796492
13796581
13799584
13800884
13802707
13802888
13807540
13808304
13811723
13811902
13812853
13814362
13816065
13816824
13818157
13818201
13820167
13822649
13824218
13825287
13826068
13833754
13834272
13835170
13835788
13836135
13837710
13839348
13842548
13843925
13846613
13849769
13850841
13851201
13851913
13854164
13855527
13858385
13859475
13859702
13861739
13865955
13866057
13867311
13870402
13873273
13874647
13875422
13880857
13883138
13883590
13885267
13886800
13888426
13888808
13889337
13889466
13890063
13895505
13896222
13897774
13898686
13898867
13899564
13900439
13901664
13902712
13903664
13907337
13909553
13910851
13913170
13913402
13913520
13913868
13921626
13924558
13924865
13928011
13934225
13936030
13940098
13940437
13941574
13945667
13945894
13951457
13952934
13955385
13958572
13965567
13971672
13972198
13972706
13972832
13975069
13975127
13976605
13977712
13979138
13981026
13982174
13983399
13993176
13993863
13999272
14003415
14006002
14007072
14007108
14007286
14007687
14009826
14012377
14012597
14015423
14017262
14022874
14025720
14027908
14028542
14030383
14031192
14032017
14032926
14034179
14037046
14037127
14038842
14041825
14042301
14044508
14045444
14046492
14052876
14056007
14056295
14056443
14058171
14060333
14066930
14067559
14068843
14072819
14079876
14081633
14081969
14090553
14090839
14097968
14100016
14105201
14108478
14109957
14112210
14113284
14113414
14115283
14117099
14117207
14117300
14118984
14120860
14122744
14123547
14123720
14124408
14126702
14126741
14133924
14136297
14136356
14140040
14140647
14142290
14146556
14147531
14147940
14149356
14152775
14156701
14163458
14164360
14166090
14171060
14174071
14174145
14180129
14181576
14182399
14185608
14185798
14186139
14188410
14193162
14193616
14194720
14195970
14207072
14209115
14211940
14212544
14215880
14217297
14222728
14226250
14226961
14229682
14233371
14236023
14239987
14240026
14240821
14243398
14243545
14244217
14244940
14246920
14247211
14250127
14251735
14254086
14255762
14257244
14258331
14263993
14266658
14266825
14267796
14267938
14270710
14271328
14272584
14272920
14274732
14275713
14275916
14276422
14277890
14278997
14280729
14283489
14284149
14291053
14291108
14292209
14301052
14302706
14303074
14304211
14304429
14305033
14305323
14306536
14308719
14309411
14311068
14312717
14313023
14315135
14317863
14319047
14323256
14326421
14326438
14330030
14332118
14335001
14335113
14336415
14336619
14339580
14340378
14341063
14341178
14341189
14342002
14346181
14350828
14350984
14351246
14354766
14356905
14358168
14361141
14362596
14364947
14366615
14366860
14368358
14368807
14369225
14370550
14375620
14376082
14378534
14383711
14384714
14386492
14387093
14388214
14388741
14389891
14397582
14400818
14400906
14402323
14405997
14407010
14407328
14409207
14410198
14411116
14412861
14413819
14415598
14417692
14418650
14420614
14422236
14427072
14427296
14427340
14427818
14428081
14429816
14430033
14430622
14438216
14440763
14441282
14446221
14455762
14457558
14457938
14458146
14459231
14462094
14462776
14466562
14468083
14468124
14471249
14471741
14473835
14475127
14475784
14476493
14478128
14478222
14478476
14481043
14481131
14483602
14485468
14492736
14497165
14498655
14499819
14500956
14501953
14502750
14503121
14504160
14509577
14510425
14512342
14513216
14513951
14516583
14517924
14518037
14520644
14521172
14521603
14522896
14523406
14527040
14529647
14537860
14540626
14546139
14547476
14548353
14548644
14550280
14551161
14553539
14557326
14558812
14560405
14563696
14565859
14566410
14566545
14566769
14570331
14570850
14570898
14574214
14579770
14580934
14582956
14583866
14584293
14584528
14586110
14586298
14586412
14587047
14588790
14594711
14597059
14597311
14597406
14598869
14599098
14599607
14601696
14602131
14606007
14607537
14613932
14614377
14616406
14616646
14617121
14617866
14622162
14624625
14624655
14626061
14628217
14628946
14632023
14633498
14634001
14634992
14636744
14638756
14639001
14639168
14641691
14644450
14646178
14647682
14647806
14648717
14649590
14651064
14651882
14653202
14654497
14655921
14656923
14657505
14660443
14661350
14665022
14665694
14666265
14668869
14669299
14673993
14674298
14675602
14677548
14678510
14680227
14681182
14682371
14682389
14683500
14683717
14688527
14692741
14693706
14693835
14695859
14701217
14701399
14701999
14703861
14704211
14706066
14708541
14710767
14714515
14716012
14717796
14717810
14719937
14721961
14722100
14722960
14723496
14724129
14725533
14727117
14729219
14729707
14732089
14732526
14734108
14742777
14743927
14745151
14753044
14754592
14756536
14759392
14761110
14762371
14762503
14762555
14762628
14763215
14764035
14766399
14769058
14769942
14774559
14774606
14779491
14780045
14783660
14784792
14786343
14786778
14787318
14787723
14789831
14793973
14795441
14796418
14796963
14797384
14805839
14808406
14811054
14811775
14812590
14812868
14812880
14820225
14821828
14825543
14827711
14827912
14828977
14829259
14829587
14832469
14832838
14833909
14838634
14840277
14843530
14843793
14844216
14844883
14848095
14849056
14849358
14849451
14852674
14854295
14854686
14858244
14864690
14866161
14866832
14867134
14867148
14868606
14874096
14875197
14875661
14876205
14876370
14876517
14876915
14879588
14885889
14886273
14887699
14888481
14889243
14890038
14890482
14891000
14891393
14892425
14895302
14897303
14897693
14898678
14899239
14900095
14903818
14904847
14907303
14908701
14911959
14914044
14914118
14915013
14915489
14915696
14917516
14918503
14919156
14921584
14922259
14925232
14927964
14932782
14933524
14934539
14935561
14935886
14938227
14938984
14944746
14947927
14948664
14949082
14949311
14951403
14955082
14955470
14956901
14959760
14963168
14963418
14964507
14966124
14967258
14968115
14968317
14970298
14971152
14974684
14981109
14984200
14985668
14988337
14989675
14990379
14991100
14991590
14994852
14995754
14999418
14999494
15000084
15000543
15001323
15002618
15005258
15015571
15017090
15017353
15018979
15022762
15024136
15027203
15028018
15028207
15031273
15039690
15042609
15044712
15045455
15047704
15049501
15059154
15063027
15064028
15065092
15066057
15066379
15068126
15068127
15069170
15072394
15074578
15075093
15075359
15076857
15077394
15078871
15078967
15083839
15084324
15086453
15086902
15087200
15087533
15087990
15090511
15090721
15090738
15091169
15093988
15095947
15096054
15102157
15102442
15103497
15103505
15104958
15105436
15105707
15108509
15110178
15110468
15112145
15118055
15119120
15119177
15119665
15120347
15123390
15124715
15126616
15128184
15130874
15131188
15131250
15132300
15135406
15136933
15144321
15145322
15147108
15147488
15154142
15155267
15156771
15157973
15158855
15160063
15160982
15163983
15166572
15166809
15171938
15173004
15173400
15177067
15177309
15179550
15179572
15179889
15180595
15181618
15182742
15183692
15186769
15191396
15192259
15195285
15196818
15197553
15200124
15200839
15204758
15211934
15212977
15220726
15221981
15222028
15226021
15226804
15229447
15229721
15230517
15231465
15231684
15239760
15240503
15244945
15248558
15250208
15250441
15251844
15252363
15254095
15255191
15255554
15256112
15256263
15256441
15257534
15257733
15258836
15264290
15266787
15267158
15267366
15269386
15272890
15274076
15274882
15276580
15279937
15280835
15282738
15282795
15293418
15293922
15295273
15296140
15298432
15302109
15302472
15306263
15308408
15308757
15310998
15319603
15319752
15323899
15325580
15332709
15339479
15340131
15342010
15342715
15342921
15345554
15345607
15349317
15355195
15355499
15359935
15361342
15366364
15367336
15367739
15369549
15371519
15372819
15373812
15376695
15376889
15376893
15378013
15378644
15380015
15380423
15384084
15385110
15390863
15393171
15402306
15404911
15407009
15409332
15409496
15410662
15419556
15420548
15425158
15425249
15427841
15428894
15429068
15434885
15436124
15436472
15439597
15442765
15443069
15449130
15450925
15454412
15457384
15457693
15459393
15461269
15465753
15466866
15468828
15471023
15472611
15473469
15476574
15478931
15479232
15480177
15480402
15486052
15488057
15491442
15492758
15494238
15495464
15500484
15500675
15503948
15506218
15508081
15510192
15510697
15513401
15513903
15515584
15516437
15522789
15524094
15524604
15525185
15526162
15526451
15530298
15530743
15536025
15537800
15538773
15542615
15543124
15543720
15544752
15545107
15546464
15549205
15550407
15552806
15554823
15559234
15561276
15561415
15562985
15564337
15566351
15568191
15569413
15570189
15576184
15576426
15576679
15579763
15582763
15587144
15596238
15596392
15597821
15599532
15599605
15599703
15600541
15601064
15603618
15604518
15607541
15609632
15610570
15611752
15611779
15612320
15614516
15616991
15619395
15620062
15630573
15631226
15634884
15636494
15640703
15644226
15647697
15650338
15651107
15654687
15654854
15655963
15658154
15658564
15673628
15675733
15678267
15679049
15681899
15683746
15684007
15684375
15687632
15688039
15688069
15688657
15692307
15694380
15698780
15699003
15700419
15702790
15705800
15706634
15713163
15714947
15717689
15721777
15722375
15724229
15724936
15726111
15731574
15735294
15736691
15736848
15737401
15740321
15742283
15743844
15744079
15744668
15748637
15754681
15755746
15759810
15765101
15766662
15766881
15769443
15772859
15779059
15779727
15782059
15790608
15795136
15795934
15797347
15804429
15804680
15805155
15805534
15806065
15814091
15817591
15823395
15824594
15824756
15825681
15826254
15829668
15831281
15832067
15832832
15836860
15838954
15841948
15844675
15849690
15850194
15850598
15851356
15854683
15855111
15857075
15859715
15860954
15863877
15864585
15864902
15867202
15869925
15874312
15876794
15881564
15884877
15886715
15886981
15888353
15888459
15888644
15890800
15893280
15902143
15905973
15907545
15918392
15919633
15920852
15921022
15923367
15925982
15926493
15927727
15928698
15931361
15936536
15936617
15940512
15947291
15948213
15948546
15950266
15950781
15950905
15951588
15952093
15953952
15955699
15956526
15958210
15959481
15959878
15959938
15961357
15964564
15968531
15968866
15969594
15973485
15977069
15978763
15980593
15981804
15982968
15983139
15985180
15991074
15996470
15996921
15997329
15999163
15999537
16001074
16002240
16002582
16006278
16006478
16009050
16012343
16014248
16017004
16017093
16017662
16017970
16018544
16018835
16022171
16024758
16025371
16025633
16026974
16028174
16029177
16030037
16031536
16036025
16036087
16036243
16043655
16045694
16045912
16048308
16049805
16050178
16050202
16050477
16051978
16053049
16053322
16059654
16060256
16062044
16065785
16066095
16066817
16068844
16069219
16071095
16071391
16071411
16076420
16077128
16078735
16083989
16088523
16091830
16094009
16094567
16098076
16100762
16102229
16102766
16104291
16105700
16105940
16107125
16107713
16107927
16107937
16109060
16110327
16111288
16113594
16113629
16115739
16118710
16119012
16119994
16124584
16125201
16125203
16127821
16127925
16129057
16134061
16134984
16137761
16137896
16139727
16142148
16142453
16142794
16144051
16152025
16153560
16154795
16157502
16158255
16159387
16159689
16160910
16162153
16162856
16164964
16164988
16167620
16169574
16175066
16175165
16178126
16179083
16181268
16184144
16188095
16188853
16190450
16191288
16192180
16192881
16193719
16194110
16195718
16196197
16197456
16199836
16199960
16200844
16208204
16208330
16211165
16211736
16214115
16228300
16228678
16232649
16235017
16236496
16236502
16236976
16237833
16237931
16240283
16241728
16242493
16244150
16246778
16249420
16249817
16250023
16251376
16252120
16255530
16266773
16266836
16267504
16271017
16278911
16282621
16284725
16285116
16286046
16286365
16286918
16288280
16288614
16290063
16294704
16296048
16296253
16298708
16299279
16299721
16302068
16302769
16303400
16303455
16305377
16305602
16307708
16310897
16311163
16311771
16312181
16313584
16314995
16317133
16317504
16320001
16320877
16323660
16324242
16328477
16330250
16330890
16334188
16334757
16335608
16340024
16340096
16340134
16347527
16347563
16348071
16350700
16352303
16352886
16359372
16363095
16363485
16367792
16368463
16369222
16370498
16370588
16371417
16371884
16373792
16373980
16377069
16377997
16379675
16380639
16383444
16384213
16387216
16387391
16387731
16391053
16391514
16391628
16393057
16394442
16395231
16398768
16399165
16399352
16399603
16399974
16400381
16400734
16401581
16403631
16405294
16408902
16409628
16412216
16413394
16414109
16415394
16416626
16418424
16418752
16421819
16424840
16426427
16428595
16433665
16434465
16434973
16440312
16440322
16440900
16446376
16449253
16452728
16453411
16454610
16456347
16457754
16460155
16460935
16461786
16463373
16463861
16467629
16468696
16468997
16470773
16472983
16476838
16479707
16479789
16481020
16481853
16482657
16483043
16485146
16490198
16491102
16492946
16496759
16500533
16500854
16505152
16506710
16511404
16511736
16511757
16513044
16513352
16515047
16515226
16517111
16520409
16521685
16521806
16525472
16527925
16529217
16530951
16537407
16537816
16539487
16542991
16543743
16544154
16544850
16546845
16546861
16547950
16549570
16550855
16553449
16553658
16556484
16558841
16559147
16563765
16563773
16565082
16570996
16575201
16575454
16576123
16576972
16578633
16579269
16582690
16583063
16585460
16586649
16588358
16590682
16592473
16593368
16594403
16597404
16598015
16598718
16598885
16599776
16600229
16605340
16605561
16607172
16608441
16610528
16611098
16612143
16613422
16613786
16614098
16614227
16617501
16617729
16622153
16625068
16625988
16626101
16635700
16638942
16639146
16643229
16646878
16647444
16652626
16655612
16655790
16656887
16659188
16660620
16660795
16661137
16663481
16663822
16664408
16664664
16666232
16667947
16669447
16673507
16674603
16675518
16675971
16677002
16680236
16680984
16681241
16682851
16683687
16684141
16686142
16687855
16689179
16694544
16695119
16697609
16698654
16699285
16700789
16701686
16702240
16708251
16712313
16719877
16724175
16725045
16725171
16726095
16726558
16727385
16729130
16729420
16734569
16737256
16737743
16738036
16738139
16738841
16740576
16744068
16744381
16745701
16746910
16747756
16748756
16748896
16749846
16751976
16752289
16754035
16758572
16760551
16761741
16763891
16768207
16768407
16769973
16772119
16772351
16773228
16780558
16781434
16781797
16785916
16790805
16797325
16797833
16798810
16798959
16799787
16801180
16801402
16803839
16804066
16805887
16806477
16807805
16808196
16810772
16811603
16812524
16817269
16818946
16822847
16822989
16823464
16824175
16826437
16827986
16829890
16830092
16831304
16841460
16842800
16846038
16849357
16850362
16857063
16863015
16864708
16867623
16869187
16869763
16870943
16871115
16871167
16871846
16875070
16876521
16879008
16885331
16890095
16890287
16891776
16893199
16894368
16894864
16894946
16896788
16898807
16901228
16903171
16907679
16909446
16911571
16914120
16914884
16915111
16916722
16920453
16921072
16927506
16928692
16929899
16930019
16932797
16933158
16933349
16933559
16934578
16937674
16938093
16939326
16941945
16943450
16944670
16944925
16946789
16948380
16949538
16952003
16952294
16953113
16955354
16958566
16960640
16961538
16962018
16962527
16973417
16974600
16974872
16975517
16975533
16976311
16979157
16980356
16981086
16982842
16983257
16984825
16984887
16987069
16987286
16991154
16997570
17000313
17001737
17001758
17002529
17002980
17004039
17004245
17006864
17008548
17010848
17016727
17017837
17019074
17019759
17020688
17022468
17023620
17023775
17024192
17024385
17025806
17027542
17027644
17028319
17029252
17029599
17032613
17035380
17038763
17040479
17042502
17044760
17045546
17045739
17046440
17046652
17047068
17049513
17050927
17052846
17052988
17053133
17054601
17059025
17061291
17064579
17066844
17067655
17067833
17067874
17073356
17074113
17075860
17076918
17079294
17081706
17082213
17084556
17093822
17097127
17097406
17098052
17098570
17099020
17100795
17100876
17101244
17101743
17109423
17109641
17110265
17111269
17114896
17115227
17117346
17118023
17118392
17118481
17119371
17119888
17120769
17122280
17126449
17129081
17132992
17133495
17133537
17134526
17136126
17137238
17139113
17139487
17139793
17140809
17142076
17142685
17143020
17144228
17150614
17151199
17151933
17152456
17153769
17154202
17155266
17156119
17157190
17157895
17159463
17160924
17161035
17162245
17164519
17167009
17172357
17173050
17173483
17177998
17183369
17184359
17186526
17187515
17189190
17189593
17190702
17198158
17199210
17200054
17201178
17203707
17204446
17207348
17208758
17212770
17215737
17220203
17224796
17226172
17226695
17227326
17233398
17235139
17237687
17237729
17238165
17239434
17243606
17248623
17250615
17251444
17254733
17255182
17258746
17259295
17263041
17265512
17266335
17267337
17267809
17268021
17268917
17269184
17274052
17276038
17278146
17279228
17284150
17287221
17291646
17291932
17293316
17296546
17296953
17299377
17299636
17302496
17306483
17307942
17311561
17313789
17313875
17313889
17315668
17319427
17321189
17322533
17324920
17325969
17328111
17335366
17336831
17337620
17337754
17338854
17338906
17346699
17348428
17354903
17356206
17361533
17362783
17365836
17365852
17367129
17372202
17373233
17373547
17373573
17373663
17379445
17379744
17379927
17381730
17383729
17386133
17386199
17388315
17389719
17391670
17394486
17396811
17402327
17402985
17403152
17404574
17407532
17409165
17410499
17412031
17412903
17414081
17420254
17421864
17421982
17426776
17427162
17428139
17429393
17436013
17441269
17443917
17448020
17448606
17450498
17450525
17451526
17451752
17453726
17453892
17459433
17460047
17460260
17462484
17462659
17462983
17463737
17464512
17465613
17468575
17468654
17469340
17469858
17471014
17471373
17473159
17474462
17476095
17482556
17483049
17484937
17486019
17488238
17489641
17492967
17494573
17495647
17496590
17496843
17497659
17498849
17501449
17505084
17505911
17506387
17507172
17507856
17511218
17511428
17512319
17515233
17515759
17515841
17520622
17521058
17523220
17524394
17524560
17526564
17528019
17528607
17528653
17530559
17530729
17533890
17535266
17537069
17540548
17542743
17545556
17545871
17547096
17547910
17549105
17549607
17550604
17552722
17554109
17556755
17557474
17561531
17566711
17567822
17569157
17570654
17570948
17576616
17578928
17580656
17581581
17588394
17588944
17589930
17589968
17594089
17597354
17599317
17599630
17600694
17603452
17604566
17611961
17613491
17613972
17616645
17617992
17618662
17619182
17619469
17620758
17620818
17621081
17623125
17623666
17624158
17625851
17627468
17627734
17631955
17638238
17639766
17640183
17645159
17646197
17647092
17647685
17655653
17656154
17656970
17662526
17663492
17665925
17667063
17668131
17668636
17669077
17670811
17672199
17672378
17672769
17675092
17679035
17681528
17681661
17682341
17684545
17684767
17685449
17688024
17689300
17694314
17695511
17697171
17697840
17698291
17701032
17701706
17702782
17704258
17704371
17707318
17707412
17708668
17708888
17712116
17712670
17714136
17714790
17718891
17719289
17722969
17729090
17729377
17733498
17736211
17736774
17742689
17745463
17745650
17746578
17747093
17750384
17751796
17754045
17755203
17757617
17758179
17760835
17761885
17763118
17763220
17766339
17770130
17771417
17772808
17775337
17777894
17779075
17779770
17782403
17783231
17783319
17784055
17790678
17796917
17805173
17805873
17810060
17810777
17811184
17811681
17813144
17813386
17815137
17815348
17816573
17819706
17820611
17823588
17830074
17831750
17834112
17834224
17837123
17837333
17840816
17842946
17844096
17848697
17850539
17851983
17858074
17860946
17861516
17862200
17862951
17865388
17865588
17865822
17867995
17868042
17868488
17871093
17872838
17872845
17873011
17875619
17877793
17878885
17881916
17882901
17883510
17884447
17886754
17888830
17889558
17890946
17891617
17891848
17892796
17894957
17895500
17899524
17902631
17906036
17906300
17907514
17908495
17910345
17915074
17916343
17916359
17916405
17919129
17919270
17920606
17922199
17925843
17927378
17927764
17931042
17933472
17936610
17937246
17941623
17943051
17947521
17948884
17949716
17951321
17951584
17953781
17954056
17954794
17955980
17958270
17960736
17962537
17963494
17963694
17964068
17965843
17967288
17972251
17973029
17979774
17980976
17983429
17988098
17988281
17989043
17989157
17993665
17994868
17995384
17996024
17998286
17999546
17999777
18001052
18001620
18006220
18007445
18008622
18012718
18013653
18016226
18016979
18017828
18018199
18021522
18022769
18023368
18027364
18027387
18027472
18029110
18030952
18032638
18034527
18035405
18036201
18036525
18038452
18039262
18044842
18045310
18045984
18046262
18046642
18059513
18059943
18062836
18063843
18067866
18068892
18071907
18071975
18075766
18079918
18080227
18080427
18080465
18081367
18091781
18091896
18092666
18094654
18095840
18097233
18097745
18098390
18101655
18102644
18102931
18107435
18109615
18113312
18114779
18115093
18116194
18117463
18118303
18119700
18120890
18123318
18124988
18133849
18135113
18137005
18140107
18140687
18142011
18149281
18150223
18151727
18154408
18154421
18155470
18156326
18157746
18158845
18167555
18167646
18169548
18171809
18173123
18175181
18176100
18176418
18176436
18176991
18178359
18179148
18179168
18181196
18183241
18183669
18187740
18188422
18189307
18193783
18195697
18195752
18196919
18201225
18201925
18203540
18204342
18206695
18207476
18209650
18211980
18213214
18214414
18215731
18215761
18217114
18219256
18221524
18222507
18224414
18227491
18228707
18228906
18230035
18231231
18234286
18237973
18239247
18239976
18241405
18243547
18243550
18243766
18244040
18246049
18250071
18250409
18254991
18257182
18259576
18260021
18260450
18263854
18265755
18266124
18267787
18269433
18273816
18275703
18287750
18288660
18295295
18297184
18297864
18300379
18300668
18304266
18304326
18306812
18307784
18312103
18312272
18314859
18315629
18322606
18326818
18327760
18328240
18329804
18332889
18336372
18337345
18338448
18338711
18338857
18339852
18340645
18342748
18347080
18347336
18347984
18348299
18353243
18353552
18353908
18358099
18359736
18360842
18362871
18366343
18366393
18370415
18374565
18374585
18382905
18390253
18397547
18397826
18399347
18400419
18404626
18408049
18412539
18412876
18418074
18419504
18420137
18420194
18422175
18422737
18423522
18425699
18426101
18427512
18427981
18435893
18439374
18446772
18450112
18451101
18452224
18452305
18454103
18455947
18458197
18459564
18461410
18462059
18462900
18463347
18468416
18470696
18474227
18476788
18479798
18481185
18483629
18484298
18484992
18485229
18488013
18488034
18488393
18490839
18492690
18496959
18497921
18506863
18509743
18510291
18514256
18514966
18515688
18518097
18519168
18519305
18521426
18523357
18525222
18528253
18530434
18530709
18533741
18539738
18540832
18541470
18541674
18542426
18543934
18544135
18545761
18546181
18547843
18548348
18549093
18550905
18551314
18551634
18552938
18553753
18554683
18555039
18555769
18555900
18558455
18558511
18560578
18561373
18561536
18565490
18565989
18568229
18569928
18570133
18572123
18572785
18577433
18578569
18579766
18582677
18582759
18583195
18583378
18583759
18584580
