108505
109297
109516
109675
112597
113398
114293
115162
115306
115402
116271
116860
117174
117489
117637
117862
119669
120201
120763
121671
121974
122023
123422
124049
124141
124195
125177
126573
126834
127079
127391
127674
127718
127815
127828
127934
127965
128445
128535
128734
128913
129221
129344
129823
129951
130076
130135
130342
130452
130927
131178
131237
131314
131950
132096
132290
132343
133843
134076
134103
134162
134236
134505
134685
134786
135201
135248
135315
135701
135747
136462
136573
136866
137535
138772
140321
140512
140717
142261
142464
142526
142533
142649
142899
142961
143090
146454
147648
149236
150254
150831
150900
151165
151202
151916
152025
153327
155431
158744
202226
202425
203149
203354
203697
204515
204783
205150
205245
206117
206176
206287
206325
206845
206848
206876
207277
207656
207732
208128
208672
208913
208934
209838
210931
211165
211530
211613
211686
212664
212945
213163
214466
214726
217019
218781
218983
221291
227190
227759
293204
296079
301721
304434
305607
305683
305913
306656
307075
307122
307125
307383
308232
308347
308810
309820
310519
310625
310796
311273
311419
311802
312797
312830
313305
313432
313514
313847
314174
314777
314914
315097
315269
315328
315346
316569
316769
317172
317240
318112
318434
319193
319393
319466
320293
320563
320798
321146
321446
321448
433024
434361
436013
437316
437966
438137
439791
440439
444113
445632
446252
448217
448622
448763
448885
449258
449498
449515
449706
450191
450908
451059
451344
451383
451525
451904
452107
452414
452677
452707
453238
453328
453380
453604
453754
454617
454736
455515
455558
455601
456453
456698
457121
457206
457825
458080
458122
458148
458665
459232
459342
459454
459496
459550
459814
459960
460486
460762
461025
461145
461397
461583
461642
462747
462758
464029
464450
465313
465513
466004
466028
466855
467193
467572
468638
469278
469483
470009
470102
470412
471783
473098
473170
473729
474584
475226
475845
476043
476440
476783
477367
479005
479078
479181
480342
490573
494663
495151
495981
495986
496000
496149
496295
496479
496495
496533
497274
497732
497852
498242
498252
498323
498484
498602
499107
499568
499840
500052
500200
500444
500491
500499
501443
502691
503004
503522
504151
504189
504315
504478
504504
505521
505882
506038
506648
506753
507715
508894
509005
509111
510813
511324
511554
512011
512141
512424
512461
512882
513830
550040
550490
550691
550801
550847
551897
552224
552238
552360
552472
552945
553324
553663
553979
554276
554356
554864
554949
555336
555411
555574
555918
556192
556525
556803
557084
557128
557693
557703
558207
558404
559709
559757
559920
560148
560171
560245
560922
561084
561224
561327
561729
561785
561833
561899
561917
562038
562463
562522
562631
562635
562900
564657
565367
567328
568814
570066
570360
571550
571814
572020
573266
573977
574844
575422
575803
577127
643826
643926
643996
644116
644170
644196
644687
644794
644798
646152
646513
646551
646589
646736
647476
648026
648443
648822
648861
649093
649758
650027
650207
650374
650383
650642
651510
651513
651551
651756
652218
652403
652509
652875
653335
653369
654216
808599
809669
809776
810099
810342
810691
811109
811202
811308
811324
812687
813491
814076
814340
814637
814861
815123
815146
815215
815985
816569
816720
816850
817050
817179
817429
817811
817910
818688
818744
818822
818832
819424
820376
820436
820491
820587
821478
821644
821924
822682
823001
823157
823988
824469
824958
825011
836248
837637
839378
840031
841563
841611
842167
842916
843072
843249
843324
843330
844014
844023
844969
845110
846262
847571
848345
849473
849497
850401
850818
850898
851325
851511
852298
853305
853646
854338
854509
854757
855087
855310
855935
855951
856283
856997
857393
857830
858284
858358
859359
859852
860646
860864
862423
864014
893226
893618
893847
893977
894046
894446
894764
894784
895261
895555
895588
895652
895740
895798
895915
895983
895999
896156
896737
896900
897266
897301
897565
898360
898527
898791
899288
899442
899656
900004
900139
900172
900224
900362
900443
900509
900573
900608
900891
901065
901283
901313
901968
902543
902926
903033
903128
903188
904103
904128
904404
904488
904848
904885
905333
905489
905760
906033
906137
906160
906342
906453
906644
906846
906912
907210
907373
907692
907778
907830
908537
908656
908915
908999
909033
909066
909176
909557
909654
909833
910029
999637
1012587
1045229
1045589
1048697
1049702
1049747
1049870
1052435
1053388
1067792
1231573
1231618
1231648
1231957
1232099
1232509
1233239
1233410
1233697
1233730
1234647
1234713
1235183
1235420
1235474
1235678
1235799
1236080
1236578
1236938
1237874
1238356
1238490
1238754
1238948
1238948
1239069
1239239
1239695
1239877
1240544
1240574
1240707
1240876
1240922
1241620
1241674
1241849
1241932
1242123
1242386
1242406
1242555
1243199
1244186
1244502
1244938
1245196
1245288
1245410
1247161
1248042
1248109
1248694
1248818
1248930
1249014
1249897
1250279
1250312
1250558
1250651
1250662
1250889
1251279
1251358
1251964
1252306
1252336
1252706
1252736
1252782
1253250
1253378
1253892
1254322
1254451
1254620
1254698
1254849
1255155
1255427
1255696
1256003
1256231
1256412
1258245
1258857
1259096
1260001
1260521
1260523
1260564
1260715
1260809
1261262
1261499
1261551
1261660
1275921
1276387
1276498
1276629
1277247
1277318
1277790
1277993
1278108
1278731
1279219
1280002
1280347
1281198
1282456
1282789
1282994
1283414
1283670
1283932
1284200
1284889
1286145
1286155
1286336
1286433
1286954
1287143
1287725
1288063
1288139
1288649
1288782
1289018
1289387
1289675
1290532
1290590
1291073
1291187
1292297
1292525
1293010
1293200
1293947
1293954
1294145
1294395
1295613
1295971
1296154
1296355
1297181
1298140
1298355
1299350
1299398
1299521
1300245
1300572
1300751
1300817
1301311
1301596
1301652
1301705
1301989
1302235
1302318
1302424
1302615
1302898
1303541
1304141
1304300
1307655
1309718
1309877
1313034
1313327
1315150
1318814
1319349
1319954
1320819
1320928
1365872
1365941
1366627
1368826
1368966
1369625
1369833
1370708
1370847
1371088
1372584
1373252
1373775
1374187
1375145
1376381
1379557
1380460
1381256
1381878
1382363
1382792
1384007
1384214
1401062
1402820
1404214
1404627
1409540
1412378
1414155
1414247
1414349
1414494
1414550
1415748
1416226
1416818
1416970
1416989
1417019
1417367
1417576
1417813
1418058
1418124
1418333
1418673
1418674
1418678
1418683
1418777
1418834
1419029
1419437
1419565
1419644
1419664
1419929
1420811
1420907
1421462
1421800
1422036
1422050
1422125
1422166
1422244
1422299
1422385
1422422
1422440
1422508
1422625
1422729
1422909
1423100
1423223
1423227
1423334
1423853
1423920
1424293
1428265
1434320
1437761
1452456
1454028
1458245
1458350
1459225
1459784
1460708
1462616
1463143
1464722
1464730
1465046
1465053
1465410
1465519
1467119
1467654
1468404
1468698
1469271
1469936
1470057
1470732
1471795
1472559
1472615
1473201
1474060
1475196
1475324
1475583
1475730
1476295
1476300
1476800
1477122
1477152
1477796
1478059
1478313
1479046
1479565
1479724
1479896
1479915
1480280
1480759
1482517
1482817
1483537
1484159
1484401
1484820
1485361
1485450
1485501
1625672
1629011
1629576
1630697
1674977
1674977
1675748
1677181
1677458
1677601
1677623
1677885
1678741
1678875
1679188
1679414
1679617
1679647
1679676
1679795
1680698
1680785
1680807
1680892
1681027
1681627
1682628
1682799
1683408
1683815
1683957
1684083
1684211
1684389
1684504
1685121
1685314
1685604
1686115
1686978
1688135
1688970
1689399
1689970
1689975
1690295
1690325
1690692
1732268
1747313
1747540
1749578
1751613
1752205
1754624
1757451
1758760
1761287
1761502
1762077
1762381
1762394
1762790
1800818
1802482
1804843
1804937
1805354
1806496
1806850
1807447
1807613
1809516
1809933
1810947
1876038
1877902
1878202
1878844
1879605
1880302
1880483
1880684
1881581
1882626
1883064
1883672
1884136
1884972
1885312
1888282
1889310
1889751
1889829
1890758
1894626
1903964
1904056
1904640
1904991
1905305
1905481
1905679
1907064
1907310
1907670
1907717
1908045
1908749
1909479
1909752
1910190
1910665
1910862
1911042
1912157
1913275
1914919
1915001
1915631
1916542
1917356
1917418
1918034
1936306
1936711
1936847
1937806
1938456
1938731
1939170
1939435
1939741
1942018
1942160
1942802
1943091
1943950
1945149
1947240
1950399
1952120
1952253
1953389
1953491
1953957
1954038
1954356
1954623
1955008
1955362
1975408
1977055
1977385
1978490
1980673
1982269
1982697
1982913
1984805
1985475
1986425
1987040
1987631
1988038
1988572
1990451
2037849
2038960
2039689
2039713
2042037
2043065
2043376
2043995
2044625
2044732
2045205
2045237
2045308
2046256
2046366
2050726
2051501
2051503
2051602
2079696
2081657
2082949
2119902
2133020
2137077
2137090
2138631
2139744
2140539
2142053
2145279
2146261
2146647
2146892
2146950
2147019
2147177
2147566
2148049
2148128
2148239
2148561
2149185
2149218
2149469
2149529
2149560
2150116
2150357
2150474
2150756
2150912
2150922
2151631
2151721
2152286
2152359
2152832
2152882
2152961
2153095
2153272
2153758
2154329
2154624
2154655
2154792
2155440
2155444
2155926
2155982
2156622
2157206
2157566
2157640
2158408
2158873
2158878
2159399
2160206
2160498
2160715
2160853
2160902
2161023
2161036
2161753
2162530
2162607
2162833
2163200
2163342
2164293
2164415
2164554
2165280
2165495
2166227
2166257
2166355
2166410
2166937
2167602
2168201
2168866
2169263
2170020
2170826
2171446
2171469
2171645
2172101
2172878
2176015
2177836
2196818
2196870
2197222
2198687
2200172
2201656
2204003
2204103
2205322
2205350
2206541
2225154
2225172
2225467
2225558
2225575
2226016
2226112
2226639
2228573
2229980
2232091
2233590
2233673
2235262
2237196
2238988
2239110
2240056
2257748
2258224
2260310
2261434
2264026
2265193
2266281
2288711
2290447
2290826
2291089
2291181
2291183
2291662
2291737
2291931
2292742
2293020
2293162
2293500
2293864
2294836
2295540
2295633
2295720
2295734
2295866
2295903
2296251
2296380
2296571
2297371
2297611
2297726
2298070
2298212
2298403
2298532
2298538
2298678
2298720
2298935
2299247
2299468
2299658
2299898
2300357
2300516
2300735
2300831
2301191
2301318
2301903
2301969
2302498
2302704
2302757
2302804
2302842
2303391
2303417
2303656
2303841
2304080
2304091
2304199
2304373
2304591
2304892
2304912
2305061
2305138
2305153
2306231
2306465
2306590
2307352
2307530
2307732
2307899
2308242
2324152
2324459
2324462
2324472
2324661
2324755
2325118
2325196
2325636
2325900
2326392
2326559
2326878
2326965
2327676
2327753
2327928
2328022
2328248
2328322
2328343
2328416
2329474
2329716
2330871
2331006
2331296
2331864
2331941
2332624
2332972
2333004
2333772
2333996
2334036
2334090
2334552
2334596
2334657
2334698
2335097
2335120
2335318
2335419
2335455
2335922
2335997
2336371
2336516
2336653
2336691
2336795
2337679
2337707
2337802
2338001
2338040
2338158
2338451
2338881
2339099
2339339
2339464
2339516
2339634
2339984
2340795
2342680
2342794
2342922
2342968
2343068
2343706
2343858
2343943
2344060
2344409
2344429
2344579
2344940
2345190
2345838
2346964
2347157
2347879
2348417
2348644
2349305
2349317
2349664
2349675
2349775
2350097
2350340
2350607
2350993
2351683
2351836
2352026
2352322
2352532
2352668
2352685
2353733
2353764
2354159
2354508
2354862
2354872
2354878
2354908
2355527
2355856
2356178
2356352
2356388
2356402
2356501
2356871
2357491
2357686
2357720
2358474
2358480
2358493
2358744
2358973
2359138
2359651
2360187
2360261
2371976
2376821
2379393
2382493
2385688
2387409
2387804
2415778
2421462
2421766
2421972
2422220
2422420
2423579
2423914
2423958
2424100
2424451
2424702
2424911
2425726
2425953
2426256
2426536
2426883
2427200
2427334
2427357
2427450
2427763
2427958
2428734
2428932
2429201
2429936
2430067
2430186
2430320
2430465
2430483
2430624
2430790
2431502
2431667
2431787
2431884
2432019
2432099
2432656
2433563
2433659
2433668
2433760
2434232
2434275
2434338
2434763
2435463
2435580
2435870
2436141
2436385
2436399
2458826
2462731
2468365
2498225
2500828
2503009
2506441
2509277
2513221
2513576
2514140
2514728
2514898
2515125
2515357
2516564
2517364
2517400
2517470
2518453
2518536
2518907
2519179
2519943
2520732
2521568
2524143
2555102
2582680
2582769
2582986
2582992
2583088
2583946
2584114
2584488
2584618
2584924
2585000
2585447
2585568
2585676
2586117
2586118
2586243
2586424
2587016
2587214
2587369
2587439
2587922
2588666
2588788
2588930
2589137
2589247
2589998
2590524
2591109
2591279
2591317
2591859
2592446
2592464
2592603
2592644
2592689
2592734
2592855
2593750
2614539
2614587
2615169
2615193
2616111
2616969
2617062
2617658
2617735
2617946
2617978
2618051
2618106
2618741
2618945
2618991
2619132
2619262
2619312
2620100
2620310
2620341
2620435
2620770
2620791
2621294
2621827
2622612
2622845
2623224
2623590
2623990
2624257
2624622
2624638
2625056
2662147
2662702
2662758
2663015
2663106
2663366
2663594
2664131
2664230
2665078
2665114
2665261
2665294
2665712
2665941
2666578
2667982
2668163
2668226
2668348
2668593
2668617
2668785
2668817
2668878
2668935
2668988
2669536
2669753
2669758
2669767
2670056
2670241
2670269
2670399
2670554
2670636
2671003
2671717
2671896
2671991
2672006
2672190
2672376
2672775
2673185
2673303
2673489
2673583
2696872
2704191
2705526
2705554
2705847
2706049
2706403
2706799
2706805
2706924
2707130
2707862
2707922
2707995
2708050
2708265
2708615
2708688
2708889
2709081
2709265
2709676
2710128
2710290
2710365
2710580
2710858
2711331
2711465
2711518
2711581
2711636
2712004
2712860
2712942
2712965
2713199
2713666
2714631
2714754
2714978
2714998
2715190
2716011
2716037
2716243
2716622
2717013
2717121
2717131
2717191
2717704
2717904
2718252
2718603
2718663
2718748
2719159
2719243
2719307
2719316
2719505
2719587
2719764
2720019
2720412
2720818
2721204
2721268
2721352
2721639
2721742
2916204
2917343
2917522
2920729
2921229
2921276
2927480
2927972
2928051
2930979
2934276
2936162
2936352
2936518
2936676
2936976
2937372
2939002
2939286
2939636
2939772
2939805
2939844
2940081
2940641
2941085
2941093
2941500
2942602
2943305
2943321
2943920
2943983
2944088
2945625
2945846
2946007
2946229
2946443
2947148
2948172
2948278
2948535
2948722
2949079
2949151
2951269
2951299
2951463
2951817
2951844
2951984
2952596
2952826
2952884
2953008
2953339
2953506
2954000
2954787
2955146
2956162
2956179
2956448
2956722
2957090
2957594
2957821
2958638
2959518
2960500
2960754
2961173
2961476
2962263
2962496
2962863
2962910
2963135
2963873
2964564
2964613
2964721
2964907
2965174
2965444
2965532
2966294
2966342
2966671
2967306
2967608
2967765
2968655
2970109
2970123
2970164
2970357
2971001
2971029
2971100
2971217
2971327
2971802
2971954
2972593
2973950
2973958
2974329
2974674
2974758
2974909
2974982
2975310
2975330
2975360
2975424
2976237
2976347
2976813
2976821
2976964
2977037
2977173
2977379
2977655
2977857
2978375
2978511
2979045
2979513
2979632
2980246
2981032
2981430
2981905
2982266
2982339
2982629
2982652
2982727
2983049
2983215
2983451
2983865
2984669
2985061
2985146
2985242
2985581
2985624
2985673
2985696
2985908
2986261
3017742
3018318
3019510
3019744
3020009
3020492
3021391
3021401
3022690
3023167
3023531
3024205
3024459
3024482
3024787
3025262
3025746
3027272
3027878
3028120
3028835
3028879
3029148
3030907
3031186
3031974
3032299
3032345
3033316
3074461
3093223
3094831
3096037
3098245
3100926
3103946
3107429
3109321
3111164
3137784
3137939
3144808
3146223
3146344
3147844
3152146
3154646
3191750
3194603
3194966
3196239
3199674
3202042
3202948
3203480
3204349
3204765
3205292
3208199
3210445
3211470
3212372
3214573
3217013
3219126
3285384
3286840
3288127
3288274
3289728
3290591
3290778
3290850
3293286
3293951
3294954
3295244
3295277
3295382
3296350
3296507
3296685
3296780
3297406
3297435
3298591
3299426
3299564
3300572
3362455
3362552
3362567
3362880
3363169
3363603
3363837
3364182
3364669
3364713
3364790
3365272
3365487
3365544
3365572
3366103
3366434
3366699
3367063
3367064
3367362
3367645
3367955
3368179
3368186
3368311
3368344
3368468
3369054
3369306
3369815
3369846
3369874
3369929
3370118
3370842
3370851
3371559
3371564
3371951
3372384
3372518
3372598
3372887
3373191
3373860
3373934
3406867
3407549
3407581
3407777
3407909
3409745
3410241
3412080
3449283
3449911
3450334
3450841
3451331
3451395
3451414
3451495
3452039
3452142
3452341
3453612
3453898
3454032
3454092
3454198
3454359
3454416
3455056
3455103
3456542
3457095
3457933
3458465
3458977
3458992
3459571
3459638
3459660
3460091
3460251
3460762
3460825
3460989
3460997
3658899
3668483
3668938
3727561
3727689
3727720
3727853
3728064
3728101
3728242
3728306
3728703
3728842
3728866
3728889
3729108
3729172
3729287
3729488
3729676
3729711
3729799
3729893
3729972
3730128
3730263
3730582
3730691
3730748
3731037
3732291
3732358
3732591
3732735
3733047
3733158
3733385
3734155
3734198
3734479
3734905
3734964
3735175
3735227
3735259
3735308
3736129
3736250
3736366
3737383
3737442
3737714
3737846
3737976
3738017
3738405
3738540
3738917
3739351
3739499
3739542
3739894
3739895
3739982
3740083
3740661
3740689
3740714
3741013
3741076
3741102
3741172
3741195
3741196
3741239
3741471
3741582
3741875
3741911
3742614
3742653
3743127
3743701
3743875
3744694
3744771
3745182
3745623
3745709
3798779
3828116
3828244
3829131
3829515
3829558
3829597
3829634
3829765
3830734
3831037
3831487
3831873
3832392
3832404
3832745
3833373
3833764
3833874
3834596
3836357
3836793
3837027
3837466
3837782
3838112
3838211
3838618
3839921
3853582
3854290
3855078
3855285
3855415
3855555
3855595
3856092
3856781
3857028
3857233
3857628
3857694
3857717
3858304
3858918
3858961
3859564
3860567
3860602
3860997
3861875
3862001
3862066
3862342
3862530
3862838
3863669
3864807
3864925
3864947
3865078
3865491
3865797
3865855
3865862
3865863
3866123
3866164
3866212
3866852
3867071
3867075
3867378
3867447
3867531
3867700
3868824
3869183
3869211
3869220
3869351
3869879
3870283
3870401
3870631
3870634
3871030
3871067
3871694
3871792
3872185
3872356
3891207
3891359
3891461
3891463
3891536
3891702
3891812
3892190
3893190
3893368
3893588
3893635
3893675
3893680
3893764
3893989
3894755
3895099
3895898
3895937
3896210
3896578
3896984
3897178
3897258
3897813
3897879
3898507
3898578
3898739
3898977
3899085
3899518
3899526
3899845
3900013
3900328
3900641
3900846
3900967
3901100
3901119
3901233
3901371
3901575
3901866
3902259
3902366
3902430
3902871
3903165
3903643
3903862
3903871
3903994
3904611
3904777
3904948
3905778
3906051
3926112
3926168
3926780
3926907
3927035
3927540
3927892
3928862
3928887
3928925
3928967
3928986
3930363
3930724
3930751
3931025
3931405
3931643
3931946
3932340
3933031
3933981
3934734
3934862
3935398
3936957
3937013
3937562
3937745
3938150
3938415
3938424
3938433
3938443
3938520
3938989
3938996
3939067
3939673
3939944
3940695
3941998
3947199
3947793
3948077
3953349
3953426
3954008
3954967
3955380
3955980
3971484
3971799
3971859
3972245
3972733
3973346
3973456
3973666
3973826
3973848
3974198
3974244
3975121
3975373
3975493
3975635
3976073
3976176
3976367
3976458
3976572
3977092
3977325
3977333
3977734
3978183
3978647
3978706
3978837
3979183
3979354
3979824
3980009
3980239
3980273
3980481
3980550
3980638
3980954
3981001
3981008
3981141
3981152
3981236
3981390
3981972
3982372
3982378
3983087
3983108
3983691
3984173
3984452
3984578
3984690
3984702
3984735
3985248
3985354
3985382
3985632
3985773
3985860
3985885
3986179
3986228
3986413
3986555
3986690
4013069
4017816
4038303
4038526
4038581
4039093
4039362
4040048
4040874
4041066
4042157
4042794
4043384
4043732
4043782
4043860
4044075
4044360
4044737
4044848
4045171
4046635
4048057
4048718
4049603
4049735
4049892
4050087
4050111
4050761
4051698
4052158
4052395
4052554
4053785
4054496
4054685
4054773
4054928
4056390
4056421
4057081
4070418
4070441
4071557
4071835
4071960
4072007
4072485
4073001
4073273
4073681
4073750
4074431
4075164
4075479
4077226
4077575
4078054
4078961
4079102
4079740
4079756
4079862
4080804
4081262
4081380
4197378
4197499
4197634
4197921
4198561
4199232
4199318
4199403
4199499
4199599
4199835
4199974
4200340
4200483
4201185
4201461
4202001
4202053
4202064
4203167
4203632
4204097
4204110
4204706
4204796
4204860
4205244
4205250
4205360
4206009
4206153
4206887
4207101
4207487
4207963
4208060
4208262
4208361
4208390
4208442
4208721
4208754
4208841
4208893
4209114
4210707
4211586
4211681
4211692
4211968
4212029
4212179
4212460
4212851
4212924
4213169
4213214
4252568
4255677
4258464
4258834
4272100
4272432
4273119
4273125
4273295
4273666
4273840
4274082
4274297
4274533
4276053
4276454
4277083
4277230
4278142
4278154
4278586
4278936
4279001
4279356
4279506
4279772
4280508
4281114
4281775
4282136
4282199
4282209
4283061
4283530
4284141
4284828
4285137
4285282
4285341
4285810
4286085
4286222
4287067
4288302
4288514
4288837
4289809
4308655
4308812
4309452
4309662
4309808
4310700
4310796
4310808
4310959
4311012
4311127
4311620
4311891
4311914
4312170
4312262
4312292
4312611
4313044
4313095
4313209
4313374
4313415
4314030
4314407
4314540
4314749
4315740
4315923
4316119
4316803
4316867
4317203
4317521
4317619
4317702
4318031
4318078
4318186
4318618
4318666
4319047
4319095
4319223
4319293
4319631
4319754
4319900
4353037
4353351
4353589
4353701
4353730
4353894
4354284
4354332
4354593
4354644
4354650
4355203
4355339
4355738
4355779
4355968
4356001
4356600
4357132
4357541
4357704
4357747
4358056
4358461
4358754
4359553
4359780
4360632
4361101
4361268
4361292
4361365
4362220
4362410
4362497
4362691
4381456
4381543
4381678
4382137
4382244
4382345
4383456
4383525
4383567
4383758
4384422
4384454
4385026
4385089
4385306
4385681
4385728
4385777
4385808
4386200
4386388
4386718
4386849
4386873
4387092
4387126
4387624
4387706
4387767
4388152
4388177
4388208
4388534
4388824
4388868
4389211
4389256
4389509
4389677
4390370
4390482
4390578
4390657
4390730
4390950
4391138
4391898
4392377
4392732
4392788
4398089
4401351
4439214
4439590
4441026
4441464
4442668
4443021
4443083
4443405
4443461
4444357
4444628
4444795
4444831
4444980
4444985
4445283
4445548
4445574
4445692
4445868
4445887
4445955
4446162
4446571
4447011
4447463
4447624
4447689
4448023
4448048
4448348
4448386
4448764
4449027
4449087
4449263
4450014
4455508
4456537
4461948
4463079
4464136
4468791
4468798
4469119
4472325
4472581
4475759
4479272
4479273
4480027
4480086
4481196
4482532
4483442
4484286
4484544
4484571
4484592
4485097
4485201
4485231
4485328
4486029
4486148
4486979
4487131
4487370
4488416
4488434
4489983
4490638
4490748
4490806
4545068
4795108
4795187
4795260
4795367
4795472
4796215
4796628
4796666
4796793
4797326
4797468
4797856
4797925
4798032
4798674
4798692
4798784
4799049
4799466
4799925
4799975
4800775
4800951
4801128
4801203
4801278
4801832
4802014
4802289
4802411
4802552
4803103
4803873
4804259
4804829
4804919
4805439
4805481
4805512
4805562
4805691
4806289
4806917
4807388
4807645
4842022
4842784
4843183
4845866
4847222
4848639
4850369
4851186
4852248
4853563
4983892
4984735
4984995
4985225
4986329
4989179
4992889
4993482
4994353
4995788
4995808
4996225
4996521
4996842
4997003
4997112
4997373
4997813
4997938
4998047
4998459
4998552
4998594
4998906
4998977
5000022
5000059
5000504
5001023
5001475
5001601
5001611
5001666
5001794
5002540
5002914
5003153
5003645
5004056
5004162
5004446
5004924
5005107
5005140
5005214
5005460
5005934
5006307
5006392
5006471
5007392
5007420
5007445
5007808
5007951
5009079
5009219
5009277
5010005
5010450
5011155
5012726
5012918
5013945
5014834
5016631
5017349
5018919
5020618
5020955
5022381
5023211
5024369
5039723
5039926
5040726
5041740
5042078
5042373
5042863
5043099
5043302
5043326
5043438
5044358
5045283
5045298
5045757
5046190
5046549
5047484
5048007
5048205
5048442
5048449
5048771
5048929
5049021
5049440
5049804
5052248
5053848
5054992
5055267
5055319
5055697
5056288
5056635
5057447
5057973
5058513
5058788
5060249
5060276
5060661
5060874
5061049
5061087
5061165
5061368
5062131
5062170
5062377
5062915
5063740
5063924
5064597
5065593
5140988
5146303
5149352
5149451
5151420
5154706
5155432
5156569
5157708
5157967
5158159
5159483
5159644
5159680
5160450
5161086
5161212
5161318
5165026
5165113
5249105
5256265
5318243
5318654
5324559
5326165
5327041
5329074
5330522
5350141
5359550
5366546
5367146
5369191
5369891
5370361
5371288
5373046
5373153
5374272
5377225
5379047
5380131
5464133
5464166
5464171
5465263
5465452
5465517
5466010
5466124
5466549
5466878
5467094
5467096
5468631
5468994
5469328
5470942
5471247
5471649
5472038
5472301
5473007
5473276
5473393
5474018
5474167
5474271
5474860
5474999
5475182
5475368
5476211
5476813
5477027
5477621
5477759
5478107
5478349
5478416
5478582
5479645
5480102
5510202
5510551
5510648
5543481
5545900
5548633
5549287
5679268
5679649
5679681
5679861
5679954
5679963
5680041
5680046
5680137
5680574
5680631
5681104
5681107
5681448
5681864
5681968
5682180
5683196
5683387
5683566
5684227
5684886
5685051
5685548
5685634
5685888
5685977
5685982
5686024
5686159
5686241
5686889
5687336
5687404
5687935
5688191
5688255
5688274
5688559
5688988
5689088
5689126
5689268
5689434
5689528
5689759
5689885
5689999
5690145
5690340
5690397
5690547
5690808
5690994
5691030
5691034
5691047
5691192
5691292
5691389
5691445
5691542
5691869
5691888
5691950
5692617
5692874
5693225
5693230
5693269
5693438
5693893
5693956
5695143
5695280
5696069
5696447
5696536
5696537
5696779
5696957
5698155
5698224
5698854
5698896
5699699
5700328
5700352
5701085
5701170
5702164
5702219
5702291
5702320
5702984
5702995
5703269
5703289
5703739
5703961
5704013
5704028
5704691
5704770
5704996
5705329
5706553
5707286
5707431
5708243
5708520
5708565
5708917
5708925
5710175
5718055
5803394
5806436
5821836
5821958
5821969
5822040
5822408
5822427
5822634
5822687
5822989
5823270
5824153
5824496
5824657
5824871
5825359
5825465
5826105
5826192
5826313
5826432
5826819
5826917
5827031
5828081
5828495
5829074
5829117
5830355
5830647
5830802
5830995
5831082
5831350
5831568
5832004
5832194
5846412
5846525
5846774
5850678
5851302
5851820
5852480
5852499
5853508
5854319
5854444
5854746
5855513
5856221
5856334
5856545
5856721
5860805
5860810
5860829
5860867
5861985
5862988
5863210
5865056
5898890
5899105
5899672
5899684
5900007
5900971
5901158
5901610
5901843
5902218
5903404
5903851
5903936
5904164
5904720
5905010
5905447
5905742
5906302
5906360
5906469
5907640
5908628
5908679
5908777
5908953
5909217
5909725
5909788
5910770
5911339
5911744
5912017
5912329
5912663
5912841
5912875
5913175
5913810
5913826
5914340
5914484
5914861
5914913
5914959
5915125
5915416
5915669
5915749
5916087
5916659
5917363
5920690
5923057
5923683
5923726
5923806
5924424
5924521
5924728
5924772
5924930
5925056
5925143
5925880
5927085
5927268
5927418
5928049
5971885
6010749
6017757
6018100
6019597
6026924
6026969
6060692
6060935
6061889
6061892
6062180
6062458
6062621
6063714
6064265
6064805
6065936
6066706
6066790
6067564
6068076
6068739
6068787
6068839
6068908
6069400
6069863
6069928
6070143
6070444
6070599
6071556
6071747
6072745
6073333
6073431
6073582
6074670
6075030
6075321
6075569
6075629
6076009
6076109
6076789
6077373
6077824
6078804
6078934
6078973
6078985
6079048
6079509
6079732
6079809
6080118
6080445
6081003
6081076
6081395
6082129
6082964
6083243
6083410
6083438
6083488
6083984
6084140
6084188
6084350
6084687
6085080
6085525
6085595
6085643
6085772
6119339
6122485
6149457
6149796
6152166
6154151
6154546
6155817
6157235
6157455
6158398
6158442
6159437
6160635
6163629
6164275
6164391
6165663
6166094
6166322
6170831
6171508
6172002
6177889
6178902
6234108
6234331
6234465
6234721
6234840
6235355
6235680
6235722
6236422
6236470
6236556
6236778
6237423
6237646
6237802
6238392
6238403
6238615
6238836
6239144
6239584
6239686
6240101
6240316
6240379
6240430
6240454
6240568
6240774
6241117
6241879
6242040
6242557
6242626
6242740
6242949
6243492
6243528
6243590
6243668
6243879
6244644
6244766
6244875
6244907
6245140
6245335
6245530
6245629
6245659
6245665
6245927
6246387
6247991
6248063
6248222
6248768
6248777
6248798
6249529
6250134
6250308
6250658
6251269
6251385
6251832
6251949
6252580
6253593
6253749
6253804
6254062
6254118
6254629
6254887
6255202
6255725
6256191
6256588
6256638
6257082
6257200
6257443
6257475
6257660
6257734
6258909
6259047
6259086
6259323
6259447
6259679
6259997
6261279
6261352
6261443
6261474
6262134
6262443
6262800
6262862
6264100
6264166
6264409
6264490
6264561
6264660
6264870
6265153
6265491
6266075
6266208
6266808
6266835
6267071
6267638
6267901
6268012
6268139
6268204
6268440
6268773
6268877
6268947
6269729
6269862
6270006
6270221
6270266
6270274
6270475
6271350
6271361
6271376
6271469
6271565
6272175
6272532
6272725
6272951
6273104
6273119
6273184
6273298
6273855
6274162
6274201
6274304
6274309
6274652
6274878
6274945
6275283
6275300
6275332
6276606
6276658
6276661
6276700
6277178
6277428
6277523
6277559
6277970
6279229
6279320
6279504
6279691
6280050
6280224
6280296
6280722
6280907
6280927
6280972
6321196
6322591
6323199
6323557
6323701
6323865
6324080
6324560
6325346
6325694
6325920
6326449
6326541
6326658
6328082
6328652
6328960
6330034
6330510
6330638
6331806
6379661
6447545
6452463
6455584
6471569
6472377
6473534
6473789
6473941
6474411
6474992
6475141
6475273
6475717
6475798
6476676
6477581
6478072
6479465
6480542
6480585
6480657
6480663
6480799
6481094
6481247
6482122
6546201
6550893
6553606
6555571
6557988
6558032
6559242
6561334
6561449
6561563
6561808
6562856
6564008
6564061
6565095
6565523
6565753
6566284
6568653
6569553
6569827
6569899
6570056
6626648
6626869
6627380
6627440
6627610
6628038
6629059
6629191
6629472
6629867
6631220
6632096
6632624
6633733
6634224
6634330
6634709
6635125
6635162
6635614
6635952
6636962
6637095
6637114
6638086
6638116
6638190
6638676
6639029
6639238
6639267
6640293
6640294
6640371
6640709
6640759
6641170
6641503
6641529
6641573
6680015
6681809
6702900
6703032
6703146
6703544
6703829
6703963
6704540
6706102
6706208
6706229
6706853
6707158
6707206
6708033
6708936
6709090
6709444
6710273
6710316
6710808
6710905
6711533
6711762
6712082
6712116
6712394
6712510
6712593
6712934
6712993
6713352
6713630
6713818
6713929
6713933
6714049
6714528
6714774
6714952
6715814
6716508
6716610
6716999
6717122
6717288
6717920
6718880
6718928
6719150
6719167
6719226
6719372
6720111
6720600
6721238
6721298
6721733
6721777
6722137
6723126
6723441
6723549
6723559
6723858
6724126
6724483
6724708
6725157
6725230
6725287
6725512
6726255
6726610
6726844
6726905
6727183
6727206
6727498
6727737
6728745
6729518
6729552
6744335
6744347
6744836
6745090
6745367
6745512
6745892
6746280
6746306
6746839
6746938
6747062
6747134
6747880
6748111
6748494
6748575
6748767
6748809
6748815
6749039
6749049
6749185
6749234
6749238
6749389
6749585
6749675
6749749
6750089
6750428
6750580
6750653
6751085
6751182
6751528
6752001
6752019
6752048
6752829
6752884
6753192
6753406
6753518
6753579
6753793
6753825
6754035
6754322
6754497
6755218
6755416
6755827
6756090
6756634
6756719
6756927
6757398
6757621
6757820
6757914
6758623
6758675
6758975
6759475
6777231
6899130
6900890
6902922
6903143
6903306
6903729
6903826
6906936
6908879
6909856
6927195
6928517
6928529
6928881
6929097
6929128
6929346
6929367
6930016
6930241
6930494
6930749
6931087
6931515
6932709
6933054
6933070
6933418
6933448
6933554
6933723
6933731
6934351
6934439
6935455
6935501
6935516
6936086
6936239
6936286
6936314
6936544
6936612
6936770
6936829
6936856
6936987
6937186
6937476
6937786
6937915
6937998
6938315
6938795
6938859
6939131
6939242
6939428
6939988
6940399
7146013
7146065
7146387
7146443
7146471
7146650
7146915
7146929
7146986
7146995
7147131
7147190
7147249
7148231
7148278
7148682
7148901
7148954
7149032
7149327
7149340
7149490
7149849
7150205
7150990
7151123
7151324
7152076
7153633
7153667
7153715
7153733
7154300
7154542
7154639
7154949
7155017
7155092
7155770
7155880
7156079
7156101
7156204
7156480
7156581
7156740
7156754
7157051
7157237
7157267
7157453
7157454
7158010
7159255
7159474
7159529
7175187
7175438
7176417
7176741
7179254
7179389
7179636
7180022
7180373
7180968
7181408
7181569
7181583
7181970
7183300
7183751
7183941
7184552
7184695
7185104
7185283
7185319
7185782
7185862
7185915
7185973
7185983
7186854
7187214
7188218
7188425
7188660
7280439
7283400
7283667
7297384
7299025
7299296
7299735
7299758
7299843
7299899
7301050
7301093
7301934
7303419
7303893
7303949
7304725
7305976
7307049
7307201
7309103
7309796
7309814
7310069
7310143
7310309
7312508
7312657
7312745
7313680
7313885
7314260
7314297
7314491
7314788
7314872
7314974
7315172
7315230
7315320
7315450
7315576
7315653
7316159
7316295
7316420
7316952
7317184
7317548
7317754
7317778
7317956
7318515
7318988
7319756
7319946
7320807
7321218
7321240
7321448
7322420
7322676
7322968
7323058
7323924
7324145
7324256
7324660
7325166
7326206
7326536
7326567
7327471
7327625
7327790
7327848
7328436
7328488
7328721
7329134
7341541
7342730
7342887
7343798
7345705
7346690
7349252
7350784
7351697
7351922
7353326
7354151
7354538
7354827
7357215
7377125
7377336
7379798
7382602
7382803
7383178
7384250
7387346
7387532
7387539
7392220
7394055
7394554
7394986
7395384
7395620
7395723
7395740
7397478
7397562
7397654
7399709
7400751
7402409
7402529
7403285
7439872
7440242
7440632
7441019
7441449
7442311
7442805
7442939
7443315
7443717
7443776
7444687
7444729
7445138
7445464
7446428
7447330
7447518
7447604
7447791
7448252
7448253
7448444
7448863
7449247
7449270
7449350
7449935
7450055
7450359
7450959
7450969
7451028
7451296
7451828
7452553
7452576
7452590
7452642
7452702
7453010
7453152
7453178
7453469
7453622
7453942
7454330
7455005
7455149
7455346
7455435
7468272
7468625
7468639
7472580
7472983
7474360
7474385
7476190
7476585
7477737
7478430
7482706
7483300
7510896
7519570
7621863
7622029
7622377
7622822
7622853
7622963
7622995
7623316
7623522
7623563
7624004
7624201
7624267
7624895
7624973
7625020
7625138
7625730
7625751
7626622
7626856
7627091
7627566
7628079
7628147
7628978
7629489
7629580
7629600
7629813
7630080
7630122
7630260
7630263
7630718
7631909
7633281
7634062
7634117
7635435
7636786
7640697
7642334
7642512
7643429
7643623
7645475
7645888
7653523
7656511
7657251
7658306
7660295
7660996
7661452
7748233
7748458
7748986
7749071
7749309
7749353
7749375
7751021
7751422
7751888
7752369
7752399
7752580
7752794
7752956
7753227
7755379
7755420
7755697
7756768
7756845
7757592
7757597
7758660
7758838
7759214
7760437
7761887
7762362
7762455
7762966
7763519
7763987
7764025
7765500
7821600
7822623
7822790
7822846
7823298
7823721
7823845
7823874
7824024
7824235
7824391
7824594
7824600
7825557
7825671
7826222
7826338
7826457
7826780
7826870
7827262
7827416
7827664
7827680
7827855
7827882
7827932
7827970
7829265
7829397
7829618
7830088
7830321
7830405
7830616
7830707
7831062
7831087
7831294
7831548
7831556
7831639
7831704
7832649
7833299
7833432
7833682
7834206
7834309
7834702
7834952
7835056
7835085
7909487
7909495
7909548
7909863
7910384
7910724
7910759
7910984
7912166
7912472
7912589
7912679
7912829
7912948
7912971
7913838
7914119
7914147
7914166
7914935
7915024
7915095
7915261
7915345
7915353
7915542
7916038
7916406
7916519
7916727
7917011
7917132
7917286
7917629
7918427
7918590
7918604
7918628
7919414
7936359
7937532
7940433
7995023
7999680
8006724
8012754
8022865
8023059
8025710
8026961
8028181
8029900
8030664
8031440
8032154
8032940
8033133
8033461
8034287
8034301
8034316
8034849
8036878
8037013
8038897
8038898
8039186
8235216
8235337
8235479
8235678
8236302
8236385
8236798
8236932
8237180
8237385
8237857
8237967
8238543
8238573
8238786
8238817
8238876
8239179
8239257
8239562
8240120
8240207
8240247
8240324
8240479
8240685
8240711
8240732
8240978
8241116
8241318
8241883
8242676
8243040
8243202
8243288
8243366
8243801
8243997
8244626
8245158
8245161
8246123
8246179
8246199
8246666
8246993
8247057
8247234
8247773
8248644
8248735
8248934
8249647
8249950
8250243
8250329
8250475
8250708
8250966
8251010
8251262
8251517
8252440
8252578
8252919
8253417
8253509
8253531
8253926
8254447
8255154
8255643
8255767
8255925
8256131
8256287
8256383
8256783
8256872
8258584
8259286
8259795
8259962
8260167
8288706
8288706
8289083
8291438
8291945
8292317
8292679
8294610
8295362
8296317
8296709
8408500
8410314
8410364
8412243
8413289
8414688
8415380
8417917
8491477
8491859
8491920
8492420
8492502
8492527
8492728
8492842
8493506
8494518
8494759
8494924
8495530
8495813
8496015
8496055
8496937
8497472
8497598
8497615
8497666
8497980
8498395
8498968
8499127
8499292
8499373
8499999
8500075
8500413
8500465
8500587
8501345
8501391
8501804
8502594
8502615
8502708
8502927
8503095
8503107
8505523
8505602
8505663
8505888
8505966
8506094
8506115
8506253
8506260
8506460
8506623
8507034
8507150
8507425
8507853
8507974
8508267
8508439
8508476
8508554
8508900
8509624
8509639
8509841
8509914
8509983
8510230
8510470
8511178
8511398
8511403
8511778
8511790
8511854
8512174
8512413
8512623
8513153
8513225
8513360
8513660
8513756
8513768
8513810
8514154
8514456
8514519
8514947
8514979
8515267
8515697
8515737
8515821
8516283
8516851
8516950
8517185
8517189
8517889
8518065
8518101
8518142
8518292
8518508
8518951
8519277
8519284
8519982
8521533
8522072
8522162
8522179
8522260
8522315
8522557
8523166
8523356
8523648
8524183
8524525
8524599
8524600
8524897
8524969
8525363
8525380
8525421
8525462
8525717
8525743
8525956
8526235
8526824
8527118
8527155
8527177
8575656
8575787
8576037
8576159
8576416
8576425
8577770
8577957
8578333
8578655
8579519
8579856
8580097
8580107
8580154
8580162
8580505
8580578
8580592
8580806
8581072
8581700
8581836
8582679
8582744
8582788
8582862
8583451
8583661
8584410
8585483
8585605
8586261
8586565
8587713
8587719
8587741
8588068
8588532
8588855
8589381
8589871
8590498
8590611
8591414
8592069
8592326
8593164
8593395
8593575
8593663
8593801
8594121
8594334
8594527
8594608
8594699
8634395
8634858
8636371
8636871
8637505
8637833
8639002
8640499
8641426
8643272
8643362
8644703
8645703
8646012
8646055
8647900
8649522
8650179
8651941
8652292
8652789
8653129
8653578
8653758
8653763
8654229
8654511
8655269
8655320
8655845
8656223
8656367
8656611
8657125
8657395
8657456
8657708
8657736
8657854
8658043
8658497
8658724
8659009
8659149
8659151
8659182
8659572
8659780
8659870
8661415
8661468
8661633
8661702
8661794
8662336
8662357
8662753
8663116
8663346
8663831
8663849
8664085
8664374
8664705
8664754
8664864
8665035
8665284
8665534
8665668
8665962
8666383
8666455
8667885
8668187
8668520
8668534
8685503
8687307
8688354
8805545
8805640
8805661
8805938
8806755
8807751
8807827
8808193
8808318
8809060
8809068
8809296
8809775
8810198
8810621
8811905
8812250
8812471
8813744
8814439
8814565
8848576
8849488
8849563
8849653
8850003
8850219
8850439
8851110
8852027
8852514
8852792
8854060
8854305
8854980
8855394
8855975
8856349
8856600
8857216
8857485
8857988
8859141
8860105
8895751
8898593
8957532
8958115
8958291
8959084
8959192
8959361
8960052
8960517
8961078
8963219
8963891
8964691
8965907
8965946
8966197
8966973
8968134
8968166
8968337
8968719
8970638
8971053
8971105
8971151
8971320
8971377
8971644
8971781
8972130
8972210
8972305
8974038
8974090
8974487
8974845
8974933
8975053
8975200
9017366
9018791
9019910
9020327
9020336
9020680
9020854
9021745
9023117
9023185
9023486
9024659
9024782
9024875
9025221
9025382
9025737
9026339
9026965
9027116
9027132
9027627
9028205
9029267
9029550
9029689
9029811
9031156
9031205
9031483
9031602
9031650
9032144
9032292
9032302
9032812
9033459
9033538
9033550
9033913
9034784
9035105
9035799
9035949
9036447
9036531
9036767
9037023
9037249
9037417
9037522
9037678
9037800
9038489
9038891
9039261
9039339
9039446
9039729
9040303
9040665
9040786
9041354
9041491
9041859
9042165
9042488
9042988
9043251
9043361
9043430
9043559
9043584
9044685
9045240
9045677
9045727
9046006
9046086
9046222
9046335
9143102
9143235
9143292
9143391
9143738
9144087
9144107
9144583
9144953
9145419
9145661
9145904
9146419
9146561
9146901
9147087
9147263
9147327
9147413
9147456
9147490
9147971
9148178
9148399
9148609
9148611
9149033
9149215
9149240
9149549
9149787
9149862
9149910
9150027
9150849
9151716
9151829
9151849
9153037
9153230
9153348
9154069
9157733
9158532
9160130
9160218
9163695
9164037
9165226
9167423
9229403
9230218
9230660
9231292
9233822
9234523
9236336
9237241
9237876
9238932
9238944
9239248
9239292
9240244
9241374
9241661
9241695
9346115
9346483
9346619
9347286
9347438
9347573
9348203
9348366
9348395
9348473
9348517
9349343
9349406
9349561
9349636
9349678
9349712
9349962
9350439
9350842
9350907
9351357
9351498
9351671
9351758
9351965
9353532
9354265
9354273
9355204
9355866
9356022
9356048
9356102
9356279
9356288
9357127
9357787
9358377
9358795
9358832
9359290
9359369
9359736
9360112
9360394
9361191
9361385
9361500
9361641
9361776
9361916
9361918
9362412
9363540
9364233
9364367
9364691
9365020
9365286
9365819
9366044
9366735
9366913
9367985
9368845
9370813
9376084
9390473
9402939
9508466
9553041
9553141
9553204
9553236
9553428
9553886
9554258
9554420
9554476
9554517
9555654
9555712
9555990
9556435
9556470
9556719
9556852
9557082
9557275
9557421
9557732
9557761
9557866
9557916
9558052
9558161
9558551
9558973
9558997
9559721
9559993
9560555
9560967
9561279
9561287
9561383
9561711
9561814
9561875
9561930
9562573
9563888
9564051
9595474
9598473
9604909
9642923
9643057
9643086
9643306
9649080
9844301
9844320
9844474
9845043
9845153
9845456
9846069
9846192
9846257
9846289
9846600
9846674
9846762
9847308
9847418
9847650
9847703
9847712
9847829
9847972
9848031
9848088
9848399
9848801
9849774
9849967
9851435
9851580
9851852
9851973
9852050
9852331
9852398
9853232
9853320
9853568
9853705
9853967
9853996
9854268
9854493
9855008
9855084
9855549
9855628
9855741
9855800
9935407
9935442
9935505
9935853
9935974
9936136
9936613
9936688
9937176
9937680
9937714
9938564
9938588
9938863
9939129
9939218
9939286
9939778
9940228
9940301
9940343
9940581
9940744
9941146
9941200
9941274
9942078
9942477
9942492
9942549
9942655
9942757
9943059
9943425
9943953
9944328
9944412
9944588
9944663
9945241
9945264
9945285
9945391
9945403
9945650
9945727
9946217
9946574
9946585
9947025
9947489
9947686
9947745
9947977
9948196
9948247
9948385
10056496
10069290
10069622
10072247
10139039
10139093
10139144
10139225
10140351
10140651
10140719
10140778
10140914
10141015
10141307
10141663
10142074
10142139
10142302
10143412
10143983
10144071
10144422
10144696
10144765
10145178
10145361
10145472
10145892
10146160
10146521
10147178
10147506
10147508
10147839
10147912
10148384
10148633
10149047
10149109
10149209
10149750
10150004
10150112
10150313
10150657
10150742
10150894
10150895
10150940
10151944
10152292
10152982
10152986
10154033
10154127
10154176
10154351
10154708
10154938
10155061
10155384
10156158
10157539
10158059
10158096
10159531
10159935
10160094
10161022
10161123
10161393
10161538
10161758
10162068
10162233
10163466
10164120
10164611
10164844
10165019
10165407
10165743
10165996
10166135
10167429
10167555
10168157
10168474
10168605
10168777
10168819
10195557
10197514
10201566
10205653
10206017
10255713
10261916
10263238
10265174
10306078
10307160
10307369
10307740
10308347
10308472
10308655
10308961
10309071
10309557
10309634
10309995
10310258
10310843
10311075
10311452
10311704
10311783
10311953
10312074
10312129
10312330
10313248
10313319
10313397
10313522
10313783
10314162
10314358
10314514
10314613
10314923
10315403
10315945
10316282
10346084
10346167
10346462
10346936
10347084
10347109
10348214
10349202
10349465
10349668
10350504
10350786
10351207
10351549
10351560
10351629
10351661
10351785
10352155
10352497
10352578
10353145
10353775
10354096
10354473
10355061
10355560
10355652
10355880
10356182
10356690
10356792
10356863
10356886
10357085
10358243
10358664
10358813
10361032
10361245
10362017
10385380
10385792
10385839
10386238
10386693
10386776
10386953
10387293
10389167
10389282
10389464
10389491
10389705
10390078
10390413
10391523
10391822
10391938
10392446
10392558
10392813
10393519
10393702
10394186
10394327
10394370
10394523
10394725
10395085
10395342
10395437
10395532
10396445
10396665
10396762
10396780
10396830
10396886
10396899
10397626
10397792
10450848
10450856
10451175
10452660
10453101
10453289
10453568
10454670
10454893
10454953
10455187
10455305
10455476
10455546
10455938
10456085
10456931
10457149
10457290
10457852
10457928
10458012
10458051
10458100
10458228
10458486
10458654
10458948
10459666
10459683
10460336
10460779
10460790
10461205
10462284
10462588
10463754
10463776
10507631
10507733
10541459
10541559
10542077
10542258
10543464
10543483
10543680
10543956
10544084
10544455
10544473
10544605
10545737
10545947
10546096
10546762
10546786
10547158
10547797
10548468
10549865
10549976
10550129
10550192
10550330
10551374
10551464
10552515
10552551
10552786
10553408
10553878
10554192
10554663
10555037
10555356
10555722
10556849
10561616
10689083
10690107
10690537
10691625
10693923
10694096
10697271
10747418
10753745
10803448
10805555
10805969
10806397
10810805
10812592
10812955
10813411
10815253
10818324
10819401
10886319
10886856
10887223
10888636
10892271
10892547
10894609
10899437
10922951
10923006
10925872
10955680
10956461
10956619
10956975
10957240
10958324
10959182
10959462
10959984
10961735
10964316
10965844
10966782
10967669
10968643
10969434
11029799
11029912
11029968
11030032
11030141
11031306
11031471
11031604
11031692
11032777
11033417
11033868
11033879
11034512
11034541
11035026
11035965
11037079
11037196
11037977
11038052
11038064
11038340
11038406
11038461
11038627
11039090
11039723
11040466
11040969
11041186
11041336
11041481
11041716
11041727
11042156
11042183
11042311
11042531
11042842
11043792
11043934
11044034
11044198
11044440
11044842
11044849
11044926
11045188
11045838
11045868
11096826
11278763
11278764
11279575
11279659
11279757
11279955
11280953
11282166
11284236
11284635
11284735
11284891
11285635
11286112
11287011
11287285
11287318
11287333
11287945
11288376
11288453
11288687
11288781
11289217
11303985
11307137
11311046
11387213
11387283
11387305
11387383
11388045
11388087
11388160
11389280
11390142
11390828
11391358
11392106
11393022
11393539
11394195
11394293
11394318
11394665
11394723
11394914
11395210
11395435
11395454
11395577
11395630
11395745
11395778
11396352
11396905
11396908
11397032
11397401
11398160
11398419
11398431
11399334
11399474
11399736
11400149
11401787
11402396
11402436
11402481
11402989
11403082
11404035
11404496
11405296
11406683
11407833
11409385
11411486
11411726
11413198
11413218
11415346
11418249
11420922
11423698
11428787
11429484
11429704
11434883
11434964
11437296
11473120
11473586
11473750
11473887
11475245
11475583
11476216
11476638
11476759
11476897
11477510
11478398
11478895
11479050
11479160
11480006
11480076
11480135
11480407
11480932
11481014
11482152
11482372
11482593
11482744
11482990
11483273
11483349
11484235
11484338
11484434
11484500
11484848
11485154
11485521
11485574
11485913
11486164
11487570
11503009
11506838
11507886
11509360
11511371
11511782
11512451
11512648
11514626
11516744
11517811
11518269
11633458
11633605
11633726
11633736
11633834
11634636
11634944
11635530
11636398
11637088
11637499
11638735
11639063
11639252
11639615
11640069
11640398
11641526
11641837
11641849
11641997
11642090
11642305
11642605
11643197
11643494
11643647
11644231
11644493
11644936
11645499
11645684
11645828
11645910
11645943
11646139
11646542
11647022
11647416
11647867
11678953
11680203
11680951
11681433
11682623
11684118
11685234
11751912
11751945
11752150
11752268
11752274
11753204
11753302
11754127
11754547
11754685
11755228
11755332
11755346
11755355
11755656
11755704
11755881
11756653
11756936
11757204
11757858
11757936
11758075
11758322
11758430
11758655
11759166
11759468
11759555
11759586
11759609
11759652
11760132
11760176
11760434
11760995
11761270
11761625
11761935
11762181
11762198
11762361
11763031
11763189
11763227
11763939
11763940
11764016
11764121
11764429
11764565
11764777
11764858
11811222
11811616
11812565
11812634
11813598
11815448
11815881
11816274
11817939
11818587
11818872
11819029
11820344
11820514
11820613
11892124
11892346
11892358
11892371
11893031
11893727
11894479
11894556
11894691
11894733
11894871
11894926
11895988
11896782
11897946
11898255
11898279
11898681
11898880
11899255
11899274
11899442
11899799
11900084
11900336
11901042
11901661
11901826
11901828
11901963
11902172
11902253
11902531
11902616
11903403
11903890
11904235
11904587
11904678
11905076
11905099
11905759
11905865
11905957
11906203
11906253
11906284
11906428
11906461
11906775
11907107
11907170
11907397
11907604
11907864
11908095
11908477
11909166
11909515
11909932
11909946
11910123
11910149
11910448
11910496
11910835
11911101
11911504
11911742
11911831
11911933
11912165
11912176
11912286
11912400
11912461
11912750
11912909
11913025
11913036
11913060
11913507
11913653
11913854
11914339
11914607
11915043
11915088
11915208
11915300
11915354
11915412
11915459
11916009
11916463
11916787
11916813
11917104
11917414
11917910
11918087
11946459
11951989
12038651
12039024
12039488
12039880
12039965
12040085
12040320
12040383
12040601
12040611
12041674
12041863
12042025
12042029
12042082
12042140
12042366
12042648
12042744
12043316
12044465
12044573
12044616
12044743
12044867
12044879
12044935
12044943
12045341
12045509
12045692
12045882
12046012
12046290
12046434
12046593
12046741
12047173
12047885
12048443
12048446
12049106
12049568
12049661
12050102
12050458
12050542
12050690
12050994
12051732
12051882
12051901
12052734
12052942
12053225
12053586
12053851
12054083
12054470
12055138
12055419
12055656
12056474
12056700
12057007
12057056
12057576
12058259
12058862
12059232
12059765
12059932
12060112
12060689
12061212
12062779
12062990
12063381
12064240
12064525
12064533
12064647
12065853
12065865
12066027
12066032
12068216
12068675
12096899
12097782
12099450
12100107
12100128
12100648
12101592
12102478
12103412
12103578
12105284
12105561
12105991
12123812
12123881
12123907
12124828
12127848
12128125
12130463
12131492
12131528
12133666
12134287
12138563
12140091
12182946
12182956
12183389
12183490
12183671
12184212
12184284
12184528
12185419
12185552
12185989
12186052
12186636
12186668
12186999
12187654
12187717
12187834
12188340
12188825
12188959
12189207
12189630
12189718
12189807
12189898
12189983
12190103
12190233
12190407
12190741
12191138
12191183
12191503
12192127
12192515
12192528
12192605
12192773
12193392
12193610
12193758
12195359
12195679
12195726
12195750
12195994
12196073
12196132
12196286
12196402
12196616
12196669
12197892
12197983
12219700
12220202
12222749
12226816
12229236
12301437
12301560
12301778
12302214
12302257
12302540
12302853
12303304
12303336
12303491
12303639
12303719
12303923
12304163
12304269
12304281
12304308
12304664
12305465
12305873
12306244
12306395
12306979
12307172
12307377
12307391
12307480
12307879
12308169
12308223
12308672
12308925
12309263
12309910
12310145
12310278
12310780
12317600
12318175
12318607
12318932
12319412
12320715
12321043
12321828
12322564
12357607
12357701
12357843
12358081
12358144
12358159
12358294
12358411
12358939
12359067
12359444
12359775
12359912
12360134
12360262
12360476
12360591
12360643
12360648
12361055
12361178
12361300
12361708
12361737
12362189
12363013
12364047
12364444
12364551
12364702
12364717
12364763
12365584
12365706
12365722
12366286
12366439
12366554
12366783
12366803
12366950
12367396
12367549
12367791
12368185
12368201
12368295
12370517
12370695
12372166
12372635
12373132
12373487
12373782
12374569
12375845
12376185
12377014
12377104
12377119
12378454
12379078
12379854
12379979
12381358
12383274
12384531
12473650
12528285
12528454
12529230
12529317
12529611
12530190
12530511
12530543
12530561
12530843
12532529
12532962
12533028
12533084
12533151
12533617
12533726
12534085
12534473
12534517
12534894
12535305
12535464
12536567
12537252
12537354
12537393
12537577
12537987
12538021
12538191
12538226
12538822
12539335
12539635
12539708
12539824
12540385
12540397
12540479
12540509
12540751
12540901
12541451
12541498
12541641
12542115
12542240
12542536
12542750
12543419
12543880
12544323
12544577
12544869
12545104
12628030
12629096
12629509
12629945
12630146
12632165
12632959
12634475
12635259
12635680
12637206
12637658
12637684
12638458
12640456
12661913
12662073
12662390
12663246
12663354
12663557
12663873
12665135
12665593
12665950
12666006
12666063
12666102
12666697
12666700
12666744
12667682
12667980
12668273
12668500
12668585
12668947
12669283
12669727
12669963
12669998
12670484
12670661
12671649
12671751
12671930
12672101
12672102
12673508
12673594
12674039
12674102
12675496
12675544
12675747
12675816
12675935
12676388
12676783
12676805
12676982
12677477
12677597
12677888
12677974
12678300
12678447
12678604
12678897
12679172
12679792
12680080
12680171
12680436
12680637
12680733
12681409
12681585
12682226
12682229
12682439
12682824
12682921
12683139
12683159
12683653
12683778
12684088
12684300
12684413
12684526
12684687
12684786
12701799
12701975
12702189
12702489
12702672
12702738
12703469
12703574
12703689
12703867
12704060
12704103
12704598
12705058
12705158
12705211
12705258
12705449
12705620
12706099
12706315
12706654
12707938
12709102
12709113
12709136
12709864
12710031
12710799
12711241
12711364
12711438
12711990
12712437
12712437
12712551
12713730
12713906
12713961
12714273
12714358
12714482
12714630
12714712
12714921
12715426
12715779
12716024
12716546
12716833
12716912
12717675
12718482
12718527
12718723
12718958
12719050
12719170
12719788
12777708
12778558
12778877
12779007
12779282
12781231
12781318
12782517
12782597
12785307
12787029
12787164
12787236
12787643
12788474
12789262
12790288
12790962
12836561
12836875
12837211
12837540
12838836
12839113
12839198
12839452
12839741
12839948
12840315
12840605
12840663
12840826
12841034
12841460
12841701
12841795
12841840
12841926
12842054
12842344
12842929
12843403
12843835
12844013
12844209
12844302
12844354
12844392
12844454
12844690
12845137
12845475
12845870
12845907
12846665
12846876
12847027
12847927
12848277
12848393
12848621
12849435
12849638
12849811
12850091
12850359
12850675
12850884
12851251
12851322
12851363
12851369
12851564
12851783
12851866
12851918
12851978
12852040
12852205
12852409
12852474
12852594
12883398
12883721
12884083
12884448
12884875
12885324
12885474
12885593
12885609
12886011
12886325
12886419
12886953
12886982
12887486
12887557
12887852
12888044
12888475
12888555
12889791
12890764
12890955
12891555
12892614
12892835
12893126
12893129
12893698
12894418
12894520
12894818
12894871
12895216
12896044
12896575
12897631
12897670
12897907
12898025
12898154
12898312
12899100
12899524
12899868
12900068
12900191
12900422
12900601
12900680
12900962
12901046
12901120
12901522
12901712
12901733
12976003
12976150
12976513
12976525
12977620
12977908
12978787
12979510
12979616
12979946
12980328
12980832
12981452
12981793
12981851
12982434
12982542
12982679
12983179
12983533
12983636
12984856
12985493
12985819
12986661
12987065
12987555
12988495
12988663
12988842
12989133
12989350
12989728
12990166
12990307
12990845
12991579
12991886
12991926
12992321
13099146
13104283
13104338
13109317
13109537
13110717
13110720
13111700
13111852
13111865
13112113
13112271
13112505
13112547
13113040
13113107
13113512
13113762
13113917
13114709
13114903
13115803
13116381
13116503
13116683
13117793
13117896
13118023
13118154
13118615
13118779
13119149
13119325
13119590
13127396
13148817
13149181
13159461
13161304
13161517
13165774
13176865
13177184
13177398
13177815
13177979
13177984
13179188
13179513
13180089
13181417
13181908
13182057
13182796
13183036
13183699
13184072
13184437
13185124
13185760
13185903
13186495
13187061
13187700
13187832
13188586
13188638
13188782
13188820
13189931
13190646
13190987
13191268
13192725
13192865
13192901
13216343
13217138
13217571
13217849
13218881
13220314
13221303
13222619
13223723
13223976
13225707
13226838
13227526
13228820
13231109
13232775
13233430
13236421
13236944
13237690
13238220
13238846
13239320
13239412
13239510
13241734
13242589
13243084
13243352
13243396
13243786
13244470
13245395
13246124
13247758
13248508
13249402
13249653
13249669
13250324
13250535
13251185
13253737
13254344
13254685
13255088
13256662
13256729
13257077
13257254
13257317
13257333
13258746
13258997
13259522
13259781
13259890
13260159
13260691
13261607
13261921
13262094
13262267
13262853
13262984
13263031
13263294
13263706
13264000
13264516
13264572
13265149
13265759
13265834
13266446
13266766
13268238
13271067
13272985
13274254
13279157
13280347
13281539
13283339
13283556
13298309
13298387
13298389
13298434
13298997
13299576
13300008
13300016
13300084
13300163
13301376
13301634
13301696
13301769
13301876
13302439
13302814
13303023
13303165
13303386
13303788
13303929
13304417
13304426
13304475
13304773
13305673
13305677
13305772
13305932
13305959
13306418
13307299
13307398
13307568
13307587
13307943
13308262
13308726
13308862
13308920
13308929
13308970
13309373
13309591
13310031
13310311
13310401
13311175
13311429
13311736
13311763
13312203
13312235
13312241
13312465
13312556
13312679
13370084
13370517
13370879
13370987
13371000
13371712
13372215
13372295
13372830
13372862
13373188
13373562
13373815
13374455
13374612
13374688
13374722
13375000
13375434
13375500
13375511
13375862
13376234
13376547
13376725
13377346
13377656
13377699
13377825
13378165
13378261
13378457
13379100
13379791
13379806
13380169
13380379
13380855
13380926
13381032
13381368
13381381
13381656
13381836
13382064
13382431
13382463
13382644
13382816
13383119
13383220
13383439
13383594
13383607
13384030
13384352
13384523
13384602
13384687
13384909
13387779
13388491
13389018
13389186
13389520
13389806
13392226
13392229
13393576
13393683
13393911
13394555
13395466
13395590
13395908
13396315
13396503
13403516
13428204
13428617
13429570
13429680
13429917
13430549
13431033
13431146
13432238
13432600
13432907
13433745
13434084
13434106
13434788
13434905
13434989
13435756
13435767
13435924
13436364
13438141
13440555
13440560
13441156
13442389
13442686
13443733
13443881
13444595
13444648
13445450
13445517
13445748
13445756
13445980
13446724
13446758
13447006
13447442
13448342
13448590
13448599
13448780
13449020
13449782
13450737
13450987
13451871
13451924
13452224
13452259
13452324
13452794
13452919
13453150
13453291
13453326
13453372
13453375
13453969
13454161
13454607
13454684
13454771
13455684
13455869
13456203
13468816
13469237
13469944
13474047
13477943
13478872
13479028
13479736
13480683
13483119
13488541
13489258
13490072
13491943
13498675
13499919
13500067
13501206
13517959
13519182
13519570
13519641
13520291
13520695
13521703
13522986
13524412
13524925
13524992
13525661
13526922
13527507
13527507
13527786
13528730
13530548
13531260
13531898
13532905
13533733
13533864
13534402
13535434
13535460
13575620
13575676
13575762
13576548
13576893
13577043
13577573
13577586
13578079
13578174
13578239
13579587
13580020
13580162
13581364
13582486
13582734
13582741
13582843
13583758
13583919
13584041
13584182
13584208
13584361
13585133
13585640
13585695
13585825
13586580
13587144
13587964
13588225
13588317
13588630
13588763
13588902
13588917
13588926
13589302
13589587
13589689
13589810
13589877
13589992
13590039
13590301
13590438
13590645
13590924
13637060
13644300
13799304
13799727
13800266
13800504
13800580
13801911
13802570
13803451
13805015
13805065
13805763
13806204
13806216
13806713
13807257
13808449
13808493
13808593
13808681
13809641
13810177
13810379
13811470
13811690
13811944
13812119
13812278
13813228
13853955
13854979
13855420
13855804
13855825
13856061
13857090
13857597
13858044
13858309
13859247
13859818
13860084
13861186
13861713
13862805
13864279
13864368
13864903
13866927
13867490
13867768
13868020
13888301
13891669
13892046
13894994
13895787
13897233
13899273
13900645
13929435
13931749
13932131
13932257
13932933
13933329
13934467
13934656
13935382
13935578
13935803
13937383
13937467
13938021
13939073
13939352
13982204
13982901
13982941
13982970
13984857
13986563
13986908
13987281
13988183
13988358
13988552
13989135
13989274
13989398
13990128
13991150
13992342
13993112
13994797
13995451
13995529
13996097
13996537
13996923
13998179
13998618
14002319
14007331
14008664
14011883
14012201
14012368
14012450
14012462
14012550
14012577
14012651
14012806
14012977
14013027
14013424
14013759
14013846
14013967
14014490
14014567
14014842
14016060
14016137
14016341
14017073
14017245
14017421
14017705
14017906
14018014
14018248
14018710
14018762
14018796
14018876
14019629
14019723
14019781
14019793
14019875
14019946
14019996
14020092
14020342
14020643
14021120
14021330
14021970
14022113
14022340
14022649
14022882
14022906
14023647
14023729
14023816
14023864
14023984
14024127
14024216
14024375
14024755
14025560
14025624
14025721
14026049
14026374
14026693
14026720
14026997
14027011
14027163
14027346
14027561
14027743
14032249
14036236
14037485
14041058
14045116
14050911
14051544
14054493
14054503
14055062
14055189
14055231
14055247
14055297
14055698
14055817
14056130
14056290
14056701
14056709
14057243
14057662
14057751
14058388
14058430
14058550
14059125
14060120
14060166
14060466
14061108
14061386
14061564
14062409
14063054
14063683
14063734
14063911
14063980
14064138
14064146
14064266
14064275
14064946
14137050
14138289
14138430
14138742
14139772
14139863
14140014
14140093
14140634
14140804
14140975
14141356
14141860
14141948
14142301
14142539
14142602
14142894
14143548
14143808
14144250
14144793
14144943
14146159
14146271
14146539
14146754
14146791
14146878
14147339
14147652
14148098
14148262
14148595
14148930
14149332
14149401
14149748
14150511
14150834
14150926
14151255
14151589
14152039
14152395
14152632
14152753
14152981
14153285
14153393
14153424
14153702
14153749
14153819
14154755
14154852
14154925
14154951
14155437
14155672
14225236
14225299
14228759
14229705
14230702
14231798
14233244
14235448
14237620
14238422
14239893
14239924
14241286
14266805
14267151
14267225
14267338
14267484
14267506
14267589
14268395
14268906
14268973
14269820
14270059
14271791
14272065
14272440
14272464
14272764
14274151
14274568
14274752
14275021
14275093
14275286
14275393
14275917
14276453
14276513
14277384
14277626
14277653
14278365
14278473
14278509
14278854
14279512
14279817
14279865
14279881
14279919
14280186
14280629
14280661
14280750
14280757
14281023
14281887
14282042
14282119
14282673
14282700
14283003
14283047
14283053
14283110
14283377
14283838
14283842
14283884
14309058
14309168
14309566
14309641
14309887
14310065
14310106
14310235
14310264
14310511
14310731
14310898
14311058
14311184
14311304
14311618
14311907
14311982
14312148
14312302
14313012
14313179
14313600
14313979
14314063
14314081
14314404
14314547
14314574
14314822
14315233
14315286
14315814
14315884
14316232
14316302
14316352
14316642
14316729
14316878
14316897
14317041
14317079
14317208
14317217
14317282
14317283
14317436
14317490
14317502
14318435
14318565
14318717
14319148
14319335
14319443
14319572
14319857
14319974
14320101
14341000
14341518
14341652
14344233
14344426
14345220
14366050
14439268
14445761
14449704
14466114
14500252
14507453
14516373
14517561
14518456
14518865
14573537
14573577
14574277
14576199
14577758
14578016
14578475
14578863
14579854
14580113
14580119
14580483
14582548
14620854
14621031
14621262
14621605
14621630
14621826
14621995
14623218
14623334
14623336
14623396
14623569
14623701
14623714
14624494
14624809
14624946
14624990
14625293
14625871
14625930
14625975
14626090
14626315
14626377
14626385
14626531
14626830
14627012
14627075
14627274
14627343
14627461
14627539
14627595
14628070
14628240
14628293
14629126
14629245
14629621
14629957
14630355
14630690
14630902
14631211
14631727
14632325
14632861
14632998
14633182
14633613
14633726
14633969
14634076
14634110
14635103
14635468
14635651
14635697
14636062
14636476
14636617
14636695
14637123
14637277
14637404
14637732
14637899
14638057
14638233
14638421
14638855
14639913
14650999
14651365
14651998
14652120
14652794
14654685
14655184
14655638
14655914
14656391
14656765
14657551
14658228
14658324
14658528
14659636
14705461
14705592
14705685
14706107
14706354
14706361
14706364
14706859
14706986
14707075
14707121
14707643
14707758
14707807
14708247
14708716
14709046
14709507
14709727
14709768
14709848
14710123
14710389
14710394
14710623
14710746
14711020
14711196
14711425
14711587
14711602
14711823
14711834
14711877
14711958
14712204
14712419
14712572
14712730
14713436
14713757
14713803
14714148
14714244
14714308
14714489
14714540
14715219
14716215
14716454
14716806
14716937
14717184
14717934
14717965
14718332
14718426
14719240
14719382
14719557
14719626
14719823
14719867
14720154
14739753
14742267
14750220
14751010
14753258
14756346
14757356
14758232
14777053
14778145
14778605
14779356
14779962
14780586
14780987
14782341
14783240
14784137
14785922
14786218
14786295
14786347
14787249
14787646
14788174
14789040
14789198
14789496
14789561
14789571
14789737
14790833
14791216
14791226
14791373
14791531
14791538
14791990
14792378
14792631
14793042
14793228
14793375
14794230
14794295
14794774
14795172
14795380
14795798
14796058
14796204
14797662
14797808
14798076
14798124
14799552
14799738
14799816
14800286
14800411
14800732
14801014
14801809
14802800
14804563
14804904
14804970
14806018
14806685
14806977
14807306
14807358
14807684
14809381
14810560
14810778
14811098
14900973
14904509
14913040
14913876
14914346
14914922
14915058
14915240
14915782
14915809
14916103
14916105
14916282
14916905
14917103
14917560
14918115
14918179
14919195
14920084
14920210
14920383
14920437
14920799
14920934
14921136
14921428
14921430
14921500
14921629
14922288
14922903
14923010
14923053
14923660
14923872
14923940
14924091
14924983
14925147
14925943
14926009
14926045
14926102
14926497
14926998
14927255
14927295
14927637
14927672
14927954
14927966
14927970
14927977
14928380
14928865
14929007
14930043
14930086
14930458
14930730
14930844
14932083
14932214
14932619
14932825
14933483
14933682
14933796
14934216
14934562
14934785
14934794
14935244
14935484
14935516
14936578
14936789
14936808
14936862
14937118
14937213
14937350
14937680
14937979
14938082
14938274
14938786
14938797
14938873
14938892
14938894
14939429
14939818
14939846
14940086
14940174
14940439
14940512
14940610
14940635
14941265
14941298
14941406
14941712
14941787
14942438
14943339
14945525
14945616
14945937
14946024
14946541
14947404
14948002
14948643
14949588
14949648
14950003
14950656
14951332
14951795
14952028
14952637
14952661
14953218
14953519
14954170
14954253
14954772
14955944
14975159
14975431
14975467
14975582
14975915
14975964
14976334
14976718
14976925
14977876
14978826
14979181
14979481
14979663
14979669
14979677
14979799
14979829
14979879
14980527
14981338
14981992
14982078
14982101
14982122
14982285
14982354
14982661
14983076
14983117
14983651
14983777
14983827
14983941
14984021
14984826
14985928
14986161
14986291
14986300
14986449
14986463
14986684
14986759
14986934
14987178
14987362
14987718
14987748
14988016
14988116
14988996
14989090
14989173
14989459
14990042
14990398
14990424
14990551
14990922
14990992
14991213
14991410
14991421
14991553
14992157
14992389
14992645
14992728
14992800
15001547
15003071
15031843
15035512
15106221
15106688
15106990
15107581
15107873
15109589
15111717
15113102
15113361
15113589
15115570
15115898
15116140
15116221
15117149
15117185
15117230
15117572
15117872
15118218
15118483
15118620
15118741
15119148
15119290
15119498
15119680
15120046
15120177
15121017
15121150
15121468
15121619
15121753
15121918
15122241
15122580
15123069
15123667
15124191
15124535
15124652
15125107
15126314
15126351
15126629
15126673
15126791
15127656
15127793
15127837
15128176
15128207
15128581
15128862
15128890
15129260
15129299
15129313
15130202
15130252
15183845
15201034
15201278
15201663
15202046
15202263
15202617
15203330
15204097
15204126
15204224
15204815
15205467
15206204
15206261
15206387
15206455
15206615
15206827
15206952
15206967
15207177
15207540
15207684
15207869
15208118
15208460
15208794
15209321
15209879
15210237
15210636
15211392
15211684
15212085
15212212
15212598
15212604
15213221
15214239
15214280
15214351
15215084
15215673
15216461
15216554
15235252
15235660
15235994
15237115
15237759
15240107
15240127
15240234
15240771
15241570
15241682
15245371
15246550
15246950
15247756
15247784
15249347
15250687
15312042
15315029
15318916
15319470
15320399
15338582
15342360
15343105
15343990
15344916
15345229
15346337
15346737
15348734
15411811
15419352
15419554
15420960
15421547
15422581
15425896
15426019
15426145
15426914
15426954
15427527
15427973
15428736
15429664
15429975
15431376
15431427
15431665
15432263
15433219
15433452
15433976
15434868
15435169
15435716
15436528
15437067
15437142
15437648
15442809
15448002
15454544
15454596
15454949
15455384
15455956
15456714
15457240
15458015
15458276
15458325
15458526
15459840
15460008
15460644
15460716
15460767
15460863
15460990
15461374
15463051
15463710
15464988
15465030
15465591
15466197
15466942
15467052
15467156
15467346
15467423
15467956
15468191
15513068
15513368
15517253
15517461
15517712
15518445
15520212
15521105
15521311
15525291
15526140
15526517
15580799
15581118
15581457
15581555
15581770
15582123
15582400
15583080
15583136
15583895
15584135
15584197
15584240
15584740
15585382
15585409
15585474
15585716
15585721
15586036
15586038
15586106
15587015
15587317
15587637
15587649
15587850
15587992
15588244
15588325
15589629
15590084
15590505
15590658
15590923
15591070
15591180
15591482
15592817
15593601
15593813
15594801
15595596
15595749
15596613
15597333
15599351
15599802
15603288
15655443
15655560
15655862
15656093
15657093
15657261
15657292
15657652
15658058
15658421
15658429
15658463
15658885
15658914
15658980
15659166
15660731
15661056
15661065
15661448
15661875
15661924
15663451
15664167
15665338
15665685
15666737
15666962
15667411
15667515
15667592
15667644
15668403
15668415
15668600
15668700
15668754
15669248
15669728
15670799
15670986
15671277
15671669
15671680
15671807
15671985
15672037
15672192
15672443
15672465
15672472
15672882
15672898
15672908
15673081
15673111
15673507
15673917
15673986
15674320
15674462
15674620
15674963
15675026
15675137
15675822
15676953
15677224
15678222
15678492
15678920
15679035
15679733
15679822
15679880
15679976
15680620
15700245
15702044
15702118
15703229
15703978
15708078
15708817
15709734
15709753
15712040
15748632
15749477
15749478
15750140
15750886
15751037
15752181
15752795
15753293
15754632
15755066
15755180
15755537
15757011
15761519
15763392
15765654
15766012
15766362
15854626
15854788
15855275
15855468
15856320
15856851
15857344
15857928
15858334
15858488
15858549
15858632
15859066
15859539
15860093
15860109
15860260
15860271
15861728
15862113
15862577
15862852
15862877
15863557
15863860
15908525
15909636
15911386
15933513
15945943
15946135
15946194
15946372
15946672
15946769
15946807
15947068
15947077
15947900
15947954
15948370
15948986
15949238
15949530
15949729
15949916
15950263
15951081
15952331
15952667
15953000
15953880
15954166
15954785
15955158
15955504
15955753
15955894
15956097
15956189
15957545
15957694
15958581
15958598
15958876
15959352
15959495
15959547
15960274
15960766
15960972
15961340
15962273
15962382
15962441
16014374
16041593
16042029
16042100
16042877
16044349
16046766
16047011
16047033
16047723
16048135
16048822
16050922
16051243
16052246
16052478
16052989
16053804
16054016
16054405
16054469
16055139
16055221
16055538
16055796
16055954
16056025
16056503
16056646
16057320
16057717
16057775
16058004
16058271
16058290
16059275
16059426
16059465
16059627
16060180
16060207
16060209
16060297
16060364
16061077
16061294
16061552
16061984
16062000
16062218
16062296
16062338
16062688
16062798
16062895
16062951
16063454
16063609
16064098
16064266
16064370
16064525
16064619
16064883
16065145
16065146
16065262
16065793
16066123
16066395
16066556
16066730
16066750
16152352
16220415
16220575
16220606
16221364
16221412
16221514
16221549
16221952
16221968
16222148
16222168
16222565
16222779
16223105
16223133
16223315
16223490
16223893
16223916
16224045
16224317
16224533
16225520
16225690
16225691
16225864
16225900
16226082
16226267
16226426
16226486
16226505
16226654
16227503
16227571
16227718
16227725
16227898
16228223
16228285
16228352
16228671
16228757
16229091
16229237
16229902
16231967
16233461
16233633
16233809
16234136
16234204
16234403
16234488
16234556
16234589
16243102
16303734
16304787
16305073
16305126
16305400
16305617
16305791
16306071
16306300
16306587
16306795
16306839
16307044
16307300
16307453
16307714
16307807
16307906
16308163
16308187
16308609
16308717
16308838
16309094
16309983
16310627
16310680
16310703
16310799
16311121
16311311
16311533
16311743
16312072
16312150
16312307
16312572
16313093
16313576
16313888
16314077
16314222
16314367
16314443
16314967
16315704
16332252
16337597
16338539
16338604
16339003
16339158
16339585
16340133
16341731
16342000
16342002
16342545
16343191
16389944
16389962
16391721
16397401
16397916
16400430
16401051
16401437
16401876
16402324
16402597
16403430
16404209
16404278
16404724
16404730
16405789
16406011
16406024
16406263
16406522
16407082
16407144
16407343
16407415
16407725
16407752
16408155
16408283
16408398
16409215
16410651
16411194
16411476
16412001
16412316
16412389
16412446
16412550
16412730
16413013
16413319
16413417
16448719
16449404
16451960
16454756
16456772
16458444
16458629
16459444
16460816
16462046
16462995
16466385
16467430
16467919
16468301
16468548
16472528
16472628
16473475
16473480
16473587
16475000
16475258
16476289
16476710
16477121
16477243
16477392
16478322
16478439
16478884
16478910
16479251
16480107
16480995
16482621
16576987
16578378
16579246
16580712
16581390
16583434
16583523
16584661
16584940
16585712
16586034
16587258
16587999
16588133
16588882
16591091
16594048
16595770
16598149
16607734
16610716
16614236
16645863
16646160
16646370
16646663
16647684
16647737
16647882
16647946
16648578
16648731
16648883
16649098
16649559
16649654
16649842
16650437
16650563
16650603
16651018
16651094
16651162
16651673
16652241
16653188
16653358
16653377
16653419
16653532
16653762
16653873
16653919
16655041
16655764
16656550
16656684
16656715
16656735
16656828
16656917
16657198
16657250
16657318
16657538
16658226
16658282
16658371
16658626
16658746
16659064
16659080
16659346
16659391
16659525
16659667
16659680
16660184
16660294
16660410
16660611
16660806
16661002
16661017
16661040
16661279
16661548
16662060
16662103
16662123
16662232
16662322
16662355
16663080
16663127
16663433
16663773
16664619
16664691
16664730
16664743
16665093
16665383
16665926
16665996
16666138
16666339
16666485
16666966
16667373
16668581
16669137
16669186
16669499
16669968
16670306
16670638
16670840
16670874
16671040
16671263
16672602
16672982
16673016
16673087
16690043
16782218
16913433
16914076
16914899
16914926
16914933
16915181
16915314
16915373
16915736
16915841
16915948
16916699
16916889
16917552
16917819
16918369
16918399
16918449
16918485
16918671
16919195
16919492
16919511
16919570
16919726
16919777
16919798
16920098
16920357
16920653
16920690
16920724
16920871
16921067
16921108
16921120
16921309
16921353
16921796
16922267
16922605
16923362
16923370
16923535
16923845
16924069
16924407
16925030
16925058
16925371
16925754
16925815
16988822
16989526
16989558
16989646
16989678
16990423
16991119
16991171
16991630
16991766
16991991
16993420
16993777
16993844
16993982
16994143
16994391
16994551
16994788
16994820
16994916
16994965
16995486
16995509
16995727
16996010
16996216
16996232
16996846
16997693
16997717
16997963
16999147
16999246
16999270
16999431
16999750
17000357
17000589
17000760
17001311
17001350
17001476
17001746
17002009
17002059
17002163
17002641
17002743
17003599
17004040
17016473
17023780
17170281
17171293
17176643
17182863
17183789
17206990
17211877
17214022
17215546
17274641
17277757
17284861
17341426
17341869
17342261
17342764
17342943
17343099
17343845
17343892
17344293
17345057
17345171
17346115
17346160
17346395
17346572
17346850
17347056
17349199
17349809
17351005
17351438
17352514
17352800
17353066
17353236
17381928
17382063
17382365
17382503
17382633
17383248
17384556
17384983
17385108
17385142
17385213
17385416
17385651
17385742
17386720
17387453
17387974
17388366
17388487
17388515
17388634
17388748
17389282
17389695
17389795
17390303
17390340
17390464
17390876
17390961
17390980
17391472
17391604
17392064
17392703
17393040
17393537
17394031
17394868
17395331
17395403
17395849
17396054
17396122
17396188
17396354
17397255
17397784
17397956
17398005
17398916
17399041
17399530
17399700
17400180
17400297
17400587
17401047
17401353
17401800
17403104
17403175
17403193
17403536
17403755
17403999
17404134
17404465
17405212
17405386
17405613
17405769
17405978
17406398
17406399
17406408
17407322
17407651
17407924
17408307
17408318
17408323
17409146
17409195
17410404
17410547
17411548
17412099
17412242
17412450
17413314
17413325
17413884
17414062
17415319
17415519
17415675
17415754
17415796
17417611
17419312
17419516
17419652
17421657
17423091
17423616
17424596
17426349
17427667
17428298
17429351
17434760
17435357
17438617
17439316
17441723
17442558
17442750
17442997
17470402
17471129
17472064
17472455
17472604
17472679
17472699
17472727
17472771
17472777
17472800
17473403
17473497
17473498
17473797
17473900
17473933
17474414
17474450
17474478
17474504
17474515
17474926
17474951
17475171
17475497
17475543
17475593
17475843
17475900
17475954
17476192
17476355
17476390
17476934
17477055
17477154
17477368
17477436
17478124
17478408
17478676
17478921
17479073
17479566
17479886
17480050
17480645
17480666
17480713
17480750
17480826
17480859
17481154
17481311
17481345
17481521
17481641
17482523
17483014
17483151
17483200
17625121
17626568
17632678
17633387
17635588
17635701
17635807
17636459
17636581
17637141
17637208
17637672
17637827
17638258
17638264
17638829
17638981
17640454
17641225
17641317
17641575
17642440
17642818
17643075
17643826
17644085
17644769
17645161
17645842
17645909
17645910
17646114
17646783
17647005
17647104
17647223
17647777
17647794
17649772
17650065
17650208
17651574
17652063
17652395
17652519
17652979
17653180
17653225
17685048
17685532
17685650
17685762
17686239
17686396
17686690
17687003
17687519
17687569
17687720
17688060
17688263
17688264
17689136
17689226
17689528
17689540
17689549
17689667
17689931
17690373
17690414
17690697
17691074
17691255
17691292
17691355
17691703
17692543
17693198
17694264
17694313
17694423
17694621
17694868
17695449
17695665
17695689
17695792
17696135
17696456
17696496
17696721
17696826
17696948
17697037
17697307
17697318
17697330
17697360
17697382
17697439
17697532
17697711
17753551
17753826
17754901
17756724
17757681
17758461
17758797
17759236
17759679
17759721
17759986
17760303
17760471
17762047
17763208
17763385
17763960
17764007
17776567
17776657
17776735
17777580
17777667
17777708
17778009
17778109
17778214
17778392
17778662
17778908
17779101
17779258
17780080
17780106
17780491
17780592
17780595
17780815
17780896
17781025
17781681
17781776
17781793
17782544
17782653
17783450
17783463
17784858
17785101
17786207
17786287
17786826
17786888
17787822
17787873
17788027
17788484
17788636
17789795
17790799
17791242
17791562
17792266
17792556
17792786
17794933
17795027
17795557
17796032
17797194
17797254
17797877
17797939
17798188
17800311
17800364
17800870
17801246
17801776
17801977
17803421
17803579
17804917
17805527
17805838
17806388
17806824
17807698
17807889
17809163
17809368
17810044
17810155
17810702
17810704
17810726
17810803
17811162
17811722
17813101
17813567
17814361
17814417
17814637
17814848
17815366
17815504
17815560
17815708
17816093
17816118
17816550
17817213
17817432
17817684
17817820
17817858
17817957
17818363
17818584
17818654
17818735
17818959
17819189
17819609
17819627
17821221
17821367
17821443
17821444
17821632
17822304
17822411
17822602
17822713
17823518
17823879
17824084
17824452
17824795
17825060
17825221
17825380
17825527
17826875
17827051
17827178
17829028
17829573
17829799
17830058
17830558
17831359
17831382
17832080
17832813
17833223
17833507
17833629
17833994
17834309
17834735
17835267
17835570
17835999
17836112
17836289
17836290
17836589
17836843
17837490
17838085
17840789
17841920
17843412
17844294
17854024
17854101
17859567
17863624
17863740
17869005
17870625
17873865
17874065
17874816
17878684
17881911
17882838
17883561
17884089
17884113
17894173
17903747
17903942
17904782
17905760
17905951
17906117
17906437
17906497
17907064
17907325
17907771
17909549
17910456
17910511
17910712
17910808
17910885
17910991
17911275
17911391
17911834
17912012
17912913
17913124
17913402
17913601
17914427
17914629
17914675
17915816
17916260
17917562
17917945
17918202
17918503
17919881
17921714
17922258
17922506
17923533
17924127
17924483
17924511
17924530
17924642
17924919
17925163
17925288
17925583
17926056
17926644
17927920
17928294
17928394
17928445
17929263
17929713
17929748
17929772
17929845
17930015
17930042
17930122
17930164
17930444
17930612
17931308
17932034
17932346
17932600
17933516
17933706
17933916
17934388
17934411
17934511
17934906
17934936
17934946
17936623
17936683
17936901
17936917
17937610
17937711
17937772
17937996
17938874
17938925
17939085
17939198
17939937
17940391
17940406
17940590
17940648
17941012
17942017
17942217
17942353
17942490
17961636
17962188
17962434
17962797
17963434
17963878
17963910
17964037
17964177
17964414
17964419
17964835
17965587
17965717
17966009
17966240
17966494
17966707
17966842
17966988
17966998
17967618
17967658
17968478
17968680
17968804
17969628
17969843
17970110
17970270
17970306
17971770
17972792
17972980
17973216
17974246
17974255
17974812
17975077
17975939
17975947
17976045
17976195
17976268
17976488
17976834
17976976
17977031
17977910
17978031
17978218
17978324
17978683
17978818
17980014
17981048
17981462
17981498
17981872
17982030
17983280
17983539
17984317
17984750
17985018
17985148
17986460
17988034
17988341
17990057
17990573
17992886
17995566
17995620
17996465
17996761
17996882
17997178
17997472
17997594
17998308
17998583
17998594
17998751
17998817
17999446
17999706
17999805
17999946
18000574
18000598
18000752
18000771
18000796
18000853
18001028
18001595
18002326
18002646
18003312
18003364
18003465
18003531
18003562
18003610
18004499
18004604
18004732
18004825
18004914
18005083
18005474
18005743
18005915
18005933
18006312
18007545
18008307
18008862
18009186
18009497
18009522
18010371
18010784
18011077
18011321
18011640
18011982
18012062
18012087
18012401
18012969
18017793
18018586
18020053
18024024
18024321
18036348
18068944
18073369
18074715
18077514
18078881
18080458
18112364
18121821
18122417
18123315
18124595
18127090
18129542
18131086
18131903
18133555
18137652
18138326
18138648
18138677
18138769
18138821
18139092
18139651
18140220
18140364
18140489
18140665
18140749
18140792
18140905
18141235
18141435
18141438
18142075
18142214
18142669
18142678
18143243
18143670
18143696
18143925
18144032
18144058
18144400
18145604
18145612
18145762
18146452
18147379
18148270
18148359
18148386
18148468
18148698
18148868
18148898
18148906
18149161
18149230
18149455
18149655
18149845
18151156
18151382
18151608
18152383
18152440
18152990
18153652
18154346
18154615
18154627
18154794
18154816
18154965
18155331
18155931
18156180
18156427
18156684
18186722
18186988
18187260
18187509
18187671
18187847
18187920
18188236
18188336
18188661
18188971
18189450
18189746
18189816
18190382
18190525
18191172
18191262
18191553
18191814
18192242
18192380
18192397
18193091
18193173
18194460
18194529
18194792
18196395
18196771
18196818
18197348
18198687
18198922
18199651
18199657
18199827
18200449
18200812
18200869
18200896
18200966
18201146
18201507
18201533
18201559
18203046
18203111
18203336
18203525
18278615
18283852
18294019
18314592
18314674
18315452
18316264
18316687
18317012
18317483
18318146
18318360
18319156
18319723
18319769
18320159
18321330
18321364
18321914
18322036
18322138
18323203
18324132
18325144
18325687
18326446
18326613
18381567
18382502
18385748
18387509
18388761
18390081
18408137
18408710
18408858
18409596
18412179
18413015
18413908
18414319
18415092
18415122
18417003
18418442
18419908
18420250
18549479
18552473
18554117
18555116
18556387
18556825
18558285
18559573
18560812
18565512
18566086
18566217
18567483
18567666
18567777
18568153
18568565
18568567
18568971
18570890
18571305
18571314
18571790
18572935
18573930
18574043
18574067
18574893
18575153
18575176
18575376
18576232
18576676
18577968
18578096
18578847
18579388
18579424
18579878
18580110
18580310
18580464
18581025
18581458
18581591
18581612
18582074
18582178
18582650
18582690
18583360
18583786
18584302
