108505
109297
109516
109675
112597
113398
114293
115162
115306
115402
116271
116860
117174
117489
117637
117862
119669
120201
120763
121671
121974
122023
123422
124049
124141
124195
125177
126573
126834
127079
127391
127674
127718
127815
127828
127934
127965
128445
128535
128734
128913
129221
129344
129823
129951
130076
130135
130342
130452
130927
131178
131237
131314
131950
132096
132290
132343
133843
134076
134103
134162
134236
134505
134685
134786
135201
135248
135315
135701
135747
136462
136573
136866
137535
138772
140321
140512
140717
142261
142464
142526
142533
142649
142899
142961
143090
146454
147648
149236
150254
150831
150900
151165
151202
151916
152025
153327
155431
158744
202226
202425
203149
203354
203697
204515
204783
205150
205245
206117
206176
206287
206325
206845
206848
206876
207277
207656
207732
208128
208672
208913
208934
209838
210931
211165
211530
211613
211686
212664
212945
213163
214466
214726
217019
218781
218983
221291
227190
227759
293204
296079
301721
304434
305607
305683
305913
306656
307075
307122
307125
307383
308232
308347
308810
309820
310519
310625
310796
311273
311419
311802
312797
312830
313305
313432
313514
313847
314174
314777
314914
315097
315269
315328
315346
316569
316769
317172
317240
318112
318434
319193
319393
319466
320293
320563
320798
321146
321446
321448
433024
434361
436013
437316
437966
438137
439791
440439
444113
445632
446252
448217
448622
448763
448885
449258
449498
449515
449706
450191
450908
451059
451344
451383
451525
451904
452107
452414
452677
452707
453238
453328
453380
453604
453754
454617
454736
455515
455558
455601
456453
456698
457121
457206
457825
458080
458122
458148
458665
459232
459342
459454
459496
459550
459814
459960
460486
460762
461025
461145
461397
461583
461642
462747
462758
464029
464450
465313
465513
466004
466028
466855
467193
467572
468638
469278
469483
470009
470102
470412
471783
473098
473170
473729
474584
475226
475845
476043
476440
476783
477367
479005
479078
479181
480342
490573
494663
495151
495981
495986
496000
496149
496295
496479
496495
496533
497274
497732
497852
498242
498252
498323
498484
498602
499107
499568
499840
500052
500200
500444
500491
500499
501443
502691
503004
503522
504151
504189
504315
504478
504504
505521
505882
506038
506648
506753
507715
508894
509005
509111
510813
511324
511554
512011
512141
512424
512461
512882
513830
550040
550490
550691
550801
550847
551897
552224
552238
552360
552472
552945
553324
553663
553979
554276
554356
554864
554949
555336
555411
555574
555918
556192
556525
556803
557084
557128
557693
557703
558207
558404
559709
559757
559920
560148
560171
560245
560922
561084
561224
561327
561729
561785
561833
561899
561917
562038
562463
562522
562631
562635
562900
564657
565367
567328
568814
570066
570360
571550
571814
572020
573266
573977
574844
575422
575803
577127
643826
643926
643996
644116
644170
644196
644687
644794
644798
646152
646513
646551
646589
646736
647476
648026
648443
648822
648861
649093
649758
650027
650207
650374
650383
650642
651510
651513
651551
651756
652218
652403
652509
652875
653335
653369
654216
808599
809669
809776
810099
810342
810691
811109
811202
811308
811324
812687
813491
814076
814340
814637
814861
815123
815146
815215
815985
816569
816720
816850
817050
817179
817429
817811
817910
818688
818744
818822
818832
819424
820376
820436
820491
820587
821478
821644
821924
822682
823001
823157
823988
824469
824958
825011
836248
837637
839378
840031
841563
841611
842167
842916
843072
843249
843324
843330
844014
844023
844969
845110
846262
847571
848345
849473
849497
850401
850818
850898
851325
851511
852298
853305
853646
854338
854509
854757
855087
855310
855935
855951
856283
856997
857393
857830
858284
858358
859359
859852
860646
860864
862423
864014
893226
893618
893847
893977
894046
894446
894764
894784
895261
895555
895588
895652
895740
895798
895915
895983
895999
896156
896737
896900
897266
897301
897565
898360
898527
898791
899288
899442
899656
900004
900139
900172
900224
900362
900443
900509
900573
900608
900891
901065
901283
901313
901968
902543
902926
903033
903128
903188
904103
904128
904404
904488
904848
904885
905333
905489
905760
906033
906137
906160
906342
906453
906644
906846
906912
907210
907373
907692
907778
907830
908537
908656
908915
908999
909033
909066
909176
909557
909654
909833
910029
999637
1012587
1045229
1045589
1048697
1049702
1049747
1049870
1052435
1053388
1067792
1231573
1231618
1231648
1231957
1232099
1232509
1233239
1233410
1233697
1233730
1234647
1234713
1235183
1235420
1235474
1235678
1235799
1236080
1236578
1236938
1237874
1238356
1238490
1238754
1238948
1238948
1239069
1239239
1239695
1239877
1240544
1240574
1240707
1240876
1240922
1241620
1241674
1241849
1241932
1242123
1242386
1242406
1242555
1243199
1244186
1244502
1244938
1245196
1245288
1245410
1247161
1248042
1248109
1248694
1248818
1248930
1249014
1249897
1250279
1250312
1250558
1250651
1250662
1250889
1251279
1251358
1251964
1252306
1252336
1252706
1252736
1252782
1253250
1253378
1253892
1254322
1254451
1254620
1254698
1254849
1255155
1255427
1255696
1256003
1256231
1256412
1258245
1258857
1259096
1260001
1260521
1260523
1260564
1260715
1260809
1261262
1261499
1261551
1261660
1275921
1276387
1276498
1276629
1277247
1277318
1277790
1277993
1278108
1278731
1279219
1280002
1280347
1281198
1282456
1282789
1282994
1283414
1283670
1283932
1284200
1284889
1286145
1286155
1286336
1286433
1286954
1287143
1287725
1288063
1288139
1288649
1288782
1289018
1289387
1289675
1290532
1290590
1291073
1291187
1292297
1292525
1293010
1293200
1293947
1293954
1294145
1294395
1295613
1295971
1296154
1296355
1297181
1298140
1298355
1299350
1299398
1299521
1300245
1300572
1300751
1300817
1301311
1301596
1301652
1301705
1301989
1302235
1302318
1302424
1302615
1302898
1303541
1304141
1304300
1307655
1309718
1309877
1313034
1313327
1315150
1318814
1319349
1319954
1320819
1320928
1365872
1365941
1366627
1368826
1368966
1369625
1369833
1370708
1370847
1371088
1372584
1373252
1373775
1374187
1375145
1376381
1379557
1380460
1381256
1381878
1382363
1382792
1384007
1384214
1401062
1402820
1404214
1404627
1409540
1412378
1414155
1414247
1414349
1414494
1414550
1415748
1416226
1416818
1416970
1416989
1417019
1417367
1417576
1417813
1418058
1418124
1418333
1418673
1418674
1418678
1418683
1418777
1418834
1419029
1419437
1419565
1419644
1419664
1419929
1420811
1420907
1421462
1421800
1422036
1422050
1422125
1422166
1422244
1422299
1422385
1422422
1422440
1422508
1422625
1422729
1422909
1423100
1423223
1423227
1423334
1423853
1423920
1424293
1428265
1434320
1437761
1452456
1454028
1458245
1458350
1459225
1459784
1460708
1462616
1463143
1464722
1464730
1465046
1465053
1465410
1465519
1467119
1467654
1468404
1468698
1469271
1469936
1470057
1470732
1471795
1472559
1472615
1473201
1474060
1475196
1475324
1475583
1475730
1476295
1476300
1476800
1477122
1477152
1477796
1478059
1478313
1479046
1479565
1479724
1479896
1479915
1480280
1480759
1482517
1482817
1483537
1484159
1484401
1484820
1485361
1485450
1485501
1625672
1629011
1629576
1630697
1674977
1674977
1675748
1677181
1677458
1677601
1677623
1677885
1678741
1678875
1679188
1679414
1679617
1679647
1679676
1679795
1680698
1680785
1680807
1680892
1681027
1681627
1682628
1682799
1683408
1683815
1683957
1684083
1684211
1684389
1684504
1685121
1685314
1685604
1686115
1686978
1688135
1688970
1689399
1689970
1689975
1690295
1690325
1690692
1732268
1747313
1747540
1749578
1751613
1752205
1754624
1757451
1758760
1761287
1761502
1762077
1762381
1762394
1762790
1800818
1802482
1804843
1804937
1805354
1806496
1806850
1807447
1807613
1809516
1809933
1810947
1876038
1877902
1878202
1878844
1879605
1880302
1880483
1880684
1881581
1882626
1883064
1883672
1884136
1884972
1885312
1888282
1889310
1889751
1889829
1890758
1894626
1903964
1904056
1904640
1904991
1905305
1905481
1905679
1907064
1907310
1907670
1907717
1908045
1908749
1909479
1909752
1910190
1910665
1910862
1911042
1912157
1913275
1914919
1915001
1915631
1916542
1917356
1917418
1918034
1936306
1936711
1936847
1937806
1938456
1938731
1939170
1939435
1939741
1942018
1942160
1942802
1943091
1943950
1945149
1947240
1950399
1952120
1952253
1953389
1953491
1953957
1954038
1954356
1954623
1955008
1955362
1975408
1977055
1977385
1978490
1980673
1982269
1982697
1982913
1984805
1985475
1986425
1987040
1987631
1988038
1988572
1990451
2037849
2038960
2039689
2039713
2042037
2043065
2043376
2043995
2044625
2044732
2045205
2045237
2045308
2046256
2046366
2050726
2051501
2051503
2051602
2079696
2081657
2082949
2119902
2133020
2137077
2137090
2138631
2139744
2140539
2142053
2145279
2146261
2146647
2146892
2146950
2147019
2147177
2147566
2148049
2148128
2148239
2148561
2149185
2149218
2149469
2149529
2149560
2150116
2150357
2150474
2150756
2150912
2150922
2151631
2151721
2152286
2152359
2152832
2152882
2152961
2153095
2153272
2153758
2154329
2154624
2154655
2154792
2155440
2155444
2155926
2155982
2156622
2157206
2157566
2157640
2158408
2158873
2158878
2159399
2160206
2160498
2160715
2160853
2160902
2161023
2161036
2161753
2162530
2162607
2162833
2163200
2163342
2164293
2164415
2164554
2165280
2165495
2166227
2166257
2166355
2166410
2166937
2167602
2168201
2168866
2169263
2170020
2170826
2171446
2171469
2171645
2172101
2172878
2176015
2177836
2196818
2196870
2197222
2198687
2200172
2201656
2204003
2204103
2205322
2205350
2206541
2225154
2225172
2225467
2225558
2225575
2226016
2226112
2226639
2228573
2229980
2232091
2233590
2233673
2235262
2237196
2238988
2239110
2240056
2257748
2258224
2260310
2261434
2264026
2265193
2266281
2288711
2290447
2290826
2291089
2291181
2291183
2291662
2291737
2291931
2292742
2293020
2293162
2293500
2293864
2294836
2295540
2295633
2295720
2295734
2295866
2295903
2296251
2296380
2296571
2297371
2297611
2297726
2298070
2298212
2298403
2298532
2298538
2298678
2298720
2298935
2299247
2299468
2299658
2299898
2300357
2300516
2300735
2300831
2301191
2301318
2301903
2301969
2302498
2302704
2302757
2302804
2302842
2303391
2303417
2303656
2303841
2304080
2304091
2304199
2304373
2304591
2304892
2304912
2305061
2305138
2305153
2306231
2306465
2306590
2307352
2307530
2307732
2307899
2308242
2324152
2324459
2324462
2324472
2324661
2324755
2325118
2325196
2325636
2325900
2326392
2326559
2326878
2326965
2327676
2327753
2327928
2328022
2328248
2328322
2328343
2328416
2329474
2329716
2330871
2331006
2331296
2331864
2331941
2332624
2332972
2333004
2333772
2333996
2334036
2334090
2334552
2334596
2334657
2334698
2335097
2335120
2335318
2335419
2335455
2335922
2335997
2336371
2336516
2336653
2336691
2336795
2337679
2337707
2337802
2338001
2338040
2338158
2338451
2338881
2339099
2339339
2339464
2339516
2339634
2339984
2340795
2342680
2342794
2342922
2342968
2343068
2343706
2343858
2343943
2344060
2344409
2344429
2344579
2344940
2345190
2345838
2346964
2347157
2347879
2348417
2348644
2349305
2349317
2349664
2349675
2349775
2350097
2350340
2350607
2350993
2351683
2351836
2352026
2352322
2352532
2352668
2352685
2353733
2353764
2354159
2354508
2354862
2354872
2354878
2354908
2355527
2355856
2356178
2356352
2356388
2356402
2356501
2356871
2357491
2357686
2357720
2358474
2358480
2358493
2358744
2358973
2359138
2359651
2360187
2360261
2371976
2376821
2379393
2382493
2385688
2387409
2387804
2415778
2421462
2421766
2421972
2422220
2422420
2423579
2423914
2423958
2424100
2424451
2424702
2424911
2425726
2425953
2426256
2426536
2426883
2427200
2427334
2427357
2427450
2427763
2427958
2428734
2428932
2429201
2429936
2430067
2430186
2430320
2430465
2430483
2430624
2430790
2431502
2431667
2431787
2431884
2432019
2432099
2432656
2433563
2433659
2433668
2433760
2434232
2434275
2434338
2434763
2435463
2435580
2435870
2436141
2436385
2436399
2458826
2462731
2468365
2498225
2500828
2503009
2506441
2509277
2513221
2513576
2514140
2514728
2514898
2515125
2515357
2516564
2517364
2517400
2517470
2518453
2518536
2518907
2519179
2519943
2520732
2521568
2524143
2555102
2617749
2617797
2618379
2618403
2619321
2620179
2620272
2620868
2620945
2621156
2621188
2621261
2621316
2621951
2622155
2622201
2622342
2622472
2622522
2623310
2623520
2623551
2623645
2623980
2624001
2624504
2625037
2625822
2626055
2626434
2626800
2627200
2627467
2627832
2627848
2628266
2665357
2665912
2665968
2666225
2666316
2666576
2666804
2667341
2667440
2668288
2668324
2668471
2668504
2668922
2669151
2669788
2671192
2671373
2671436
2671558
2671803
2671827
2671995
2672027
2672088
2672145
2672198
2672746
2672963
2672968
2672977
2673266
2673451
2673479
2673609
2673764
2673846
2674213
2674927
2675106
2675201
2675216
2675400
2675586
2675985
2676395
2676513
2676699
2676793
2700082
2707401
2708736
2708764
2709057
2709259
2709613
2710009
2710015
2710134
2710340
2711072
2711132
2711205
2711260
2711475
2711825
2711898
2712099
2712291
2712475
2712886
2713338
2713500
2713575
2713790
2714068
2714541
2714675
2714728
2714791
2714846
2715214
2716070
2716152
2716175
2716409
2716876
2717841
2717964
2718188
2718208
2718400
2719221
2719247
2719453
2719832
2720223
2720331
2720341
2720401
2720914
2721114
2721462
2721813
2721873
2721958
2722369
2722453
2722517
2722526
2722715
2722797
2722974
2723229
2723622
2724028
2724414
2724478
2724562
2724849
2724952
2919414
2920553
2920732
2923939
2924439
2924486
2930690
2931182
2931261
2934189
2937486
2939372
2939562
2939728
2939886
2940186
2940582
2942212
2942496
2942846
2942982
2943015
2943054
2943291
2943851
2944295
2944303
2944710
2945812
2946515
2946531
2947130
2947193
2947298
2948835
2949056
2949217
2949439
2949653
2950358
2951382
2951488
2951745
2951932
2952289
2952361
2954479
2954509
2954673
2955027
2955054
2955194
2955806
2956036
2956094
2956218
2956549
2956716
2957210
2957997
2958356
2959372
2959389
2959658
2959932
2960300
2960804
2961031
2961848
2962728
2963710
2963964
2964383
2964686
2965473
2965706
2966073
2966120
2966345
2967083
2967774
2967823
2967931
2968117
2968384
2968654
2968742
2969504
2969552
2969881
2970516
2970818
2970975
2971865
2973319
2973333
2973374
2973567
2974211
2974239
2974310
2974427
2974537
2975012
2975164
2975803
2977160
2977168
2977539
2977884
2977968
2978119
2978192
2978520
2978540
2978570
2978634
2979447
2979557
2980023
2980031
2980174
2980247
2980383
2980589
2980865
2981067
2981585
2981721
2982255
2982723
2982842
2983456
2984242
2984640
2985115
2985476
2985549
2985839
2985862
2985937
2986259
2986425
2986661
2987075
2987879
2988271
2988356
2988452
2988791
2988834
2988883
2988906
2989118
2989471
3020952
3021528
3022720
3022954
3023219
3023702
3024601
3024611
3025900
3026377
3026741
3027415
3027669
3027692
3027997
3028472
3028956
3030482
3031088
3031330
3032045
3032089
3032358
3034117
3034396
3035184
3035509
3035555
3036526
3077671
3096433
3098041
3099247
3101455
3104136
3107156
3110639
3112531
3114374
3140994
3141149
3148018
3149433
3149554
3151054
3155356
3157856
3194960
3197813
3198176
3199449
3202884
3205252
3206158
3206690
3207559
3207975
3208502
3211409
3213655
3214680
3215582
3217783
3220223
3222336
3288594
3290050
3291337
3291484
3292938
3293801
3293988
3294060
3296496
3297161
3298164
3298454
3298487
3298592
3299560
3299717
3299895
3299990
3300616
3300645
3301801
3302636
3302774
3303782
3365665
3365762
3365777
3366090
3366379
3366813
3367047
3367392
3367879
3367923
3368000
3368482
3368697
3368754
3368782
3369313
3369644
3369909
3370273
3370274
3370572
3370855
3371165
3371389
3371396
3371521
3371554
3371678
3372264
3372516
3373025
3373056
3373084
3373139
3373328
3374052
3374061
3374769
3374774
3375161
3375594
3375728
3375808
3376097
3376401
3377070
3377144
3410077
3410759
3410791
3410987
3411119
3412955
3413451
3415290
3452493
3453121
3453544
3454051
3454541
3454605
3454624
3454705
3455249
3455352
3455551
3456822
3457108
3457242
3457302
3457408
3457569
3457626
3458266
3458313
3459752
3460305
3461143
3461675
3462187
3462202
3462781
3462848
3462870
3463301
3463461
3463972
3464035
3464199
3464207
3662109
3671693
3672148
3730771
3730899
3730930
3731063
3731274
3731311
3731452
3731516
3731913
3732052
3732076
3732099
3732318
3732382
3732497
3732698
3732886
3732921
3733009
3733103
3733182
3733338
3733473
3733792
3733901
3733958
3734247
3735501
3735568
3735801
3735945
3736257
3736368
3736595
3737365
3737408
3737689
3738115
3738174
3738385
3738437
3738469
3738518
3739339
3739460
3739576
3740593
3740652
3740924
3741056
3741186
3741227
3741615
3741750
3742127
3742561
3742709
3742752
3743104
3743105
3743192
3743293
3743871
3743899
3743924
3744223
3744286
3744312
3744382
3744405
3744406
3744449
3744681
3744792
3745085
3745121
3745824
3745863
3746337
3746911
3747085
3747904
3747981
3748392
3748833
3748919
3801989
3831326
3831454
3832341
3832725
3832768
3832807
3832844
3832975
3833944
3834247
3834697
3835083
3835602
3835614
3835955
3836583
3836974
3837084
3837806
3839567
3840003
3840237
3840676
3840992
3841322
3841421
3841828
3843131
3856792
3857500
3858288
3858495
3858625
3858765
3858805
3859302
3859991
3860238
3860443
3860838
3860904
3860927
3861514
3862128
3862171
3862774
3863777
3863812
3864207
3865085
3865211
3865276
3865552
3865740
3866048
3866879
3868017
3868135
3868157
3868288
3868701
3869007
3869065
3869072
3869073
3869333
3869374
3869422
3870062
3870281
3870285
3870588
3870657
3870741
3870910
3872034
3872393
3872421
3872430
3872561
3873089
3873493
3873611
3873841
3873844
3874240
3874277
3874904
3875002
3875395
3875566
3894417
3894569
3894671
3894673
3894746
3894912
3895022
3895400
3896400
3896578
3896798
3896845
3896885
3896890
3896974
3897199
3897965
3898309
3899108
3899147
3899420
3899788
3900194
3900388
3900468
3901023
3901089
3901717
3901788
3901949
3902187
3902295
3902728
3902736
3903055
3903223
3903538
3903851
3904056
3904177
3904310
3904329
3904443
3904581
3904785
3905076
3905469
3905576
3905640
3906081
3906375
3906853
3907072
3907081
3907204
3907821
3907987
3908158
3908988
3909261
3929322
3929378
3929990
3930117
3930245
3930750
3931102
3932072
3932097
3932135
3932177
3932196
3933573
3933934
3933961
3934235
3934615
3934853
3935156
3935550
3936241
3937191
3937944
3938072
3938608
3940167
3940223
3940772
3940955
3941360
3941625
3941634
3941643
3941653
3941730
3942199
3942206
3942277
3942883
3943154
3943905
3945208
3950409
3951003
3951287
3956559
3956636
3957218
3958177
3958590
3959190
3974694
3975009
3975069
3975455
3975943
3976556
3976666
3976876
3977036
3977058
3977408
3977454
3978331
3978583
3978703
3978845
3979283
3979386
3979577
3979668
3979782
3980302
3980535
3980543
3980944
3981393
3981857
3981916
3982047
3982393
3982564
3983034
3983219
3983449
3983483
3983691
3983760
3983848
3984164
3984211
3984218
3984351
3984362
3984446
3984600
3985182
3985582
3985588
3986297
3986318
3986901
3987383
3987662
3987788
3987900
3987912
3987945
3988458
3988564
3988592
3988842
3988983
3989070
3989095
3989389
3989438
3989623
3989765
3989900
4016279
4021026
4041513
4041736
4041791
4042303
4042572
4043258
4044084
4044276
4045367
4046004
4046594
4046942
4046992
4047070
4047285
4047570
4047947
4048058
4048381
4049845
4051267
4051928
4052813
4052945
4053102
4053297
4053321
4053971
4054908
4055368
4055605
4055764
4056995
4057706
4057895
4057983
4058138
4059600
4059631
4060291
4073628
4073651
4074767
4075045
4075170
4075217
4075695
4076211
4076483
4076891
4076960
4077641
4078374
4078689
4080436
4080785
4081264
4082171
4082312
4082950
4082966
4083072
4084014
4084472
4084590
4200588
4200709
4200844
4201131
4201771
4202442
4202528
4202613
4202709
4202809
4203045
4203184
4203550
4203693
4204395
4204671
4205211
4205263
4205274
4206377
4206842
4207307
4207320
4207916
4208006
4208070
4208454
4208460
4208570
4209219
4209363
4210097
4210311
4210697
4211173
4211270
4211472
4211571
4211600
4211652
4211931
4211964
4212051
4212103
4212324
4213917
4214796
4214891
4214902
4215178
4215239
4215389
4215670
4216061
4216134
4216379
4216424
4255778
4258887
4261674
4262044
4275310
4275642
4276329
4276335
4276505
4276876
4277050
4277292
4277507
4277743
4279263
4279664
4280293
4280440
4281352
4281364
4281796
4282146
4282211
4282566
4282716
4282982
4283718
4284324
4284985
4285346
4285409
4285419
4286271
4286740
4287351
4288038
4288347
4288492
4288551
4289020
4289295
4289432
4290277
4291512
4291724
4292047
4293019
4311865
4312022
4312662
4312872
4313018
4313910
4314006
4314018
4314169
4314222
4314337
4314830
4315101
4315124
4315380
4315472
4315502
4315821
4316254
4316305
4316419
4316584
4316625
4317240
4317617
4317750
4317959
4318950
4319133
4319329
4320013
4320077
4320413
4320731
4320829
4320912
4321241
4321288
4321396
4321828
4321876
4322257
4322305
4322433
4322503
4322841
4322964
4323110
4359134
4359448
4359686
4359798
4359827
4359991
4360381
4360429
4360690
4360741
4360747
4361300
4361436
4361835
4361876
4362065
4362098
4362697
4363229
4363638
4363801
4363844
4364153
4364558
4364851
4365650
4365877
4366729
4367198
4367365
4367389
4367462
4368317
4368507
4368594
4368788
4387553
4387640
4387775
4388234
4388341
4388442
4389553
4389622
4389664
4389855
4390519
4390551
4391123
4391186
4391403
4391778
4391825
4391874
4391905
4392297
4392485
4392815
4392946
4392970
4393189
4393223
4393721
4393803
4393864
4394249
4394274
4394305
4394631
4394921
4394965
4395308
4395353
4395606
4395774
4396467
4396579
4396675
4396754
4396827
4397047
4397235
4397995
4398474
4398829
4398885
4404186
4407448
4445311
4445687
4447123
4447561
4448765
4449118
4449180
4449502
4449558
4450454
4450725
4450892
4450928
4451077
4451082
4451380
4451645
4451671
4451789
4451965
4451984
4452052
4452259
4452668
4453108
4453560
4453721
4453786
4454120
4454145
4454445
4454483
4454861
4455124
4455184
4455360
4456111
4461605
4462634
4468045
4469176
4470233
4474888
4474895
4475216
4478422
4478678
4481856
4485369
4485370
4486124
4486183
4487293
4488629
4489539
4490383
4490641
4490668
4490689
4491194
4491298
4491328
4491425
4492126
4492245
4493076
4493228
4493467
4494513
4494531
4496080
4496735
4496845
4496903
4543647
4793687
4793766
4793839
4793946
4794051
4794794
4795207
4795245
4795372
4795905
4796047
4796435
4796504
4796611
4797253
4797271
4797363
4797628
4798045
4798504
4798554
4799354
4799530
4799707
4799782
4799857
4800411
4800593
4800868
4800990
4801131
4801682
4802452
4802838
4803408
4803498
4804018
4804060
4804091
4804141
4804270
4804868
4805496
4805967
4806224
4840601
4841363
4841762
4844445
4845801
4847218
4848948
4849765
4850827
4852142
4982471
4983314
4983574
4983804
4984908
4987758
4991468
4992061
4992932
4994367
4994387
4994804
4995100
4995421
4995582
4995691
4995952
4996392
4996517
4996626
4997038
4997131
4997173
4997485
4997556
4998601
4998638
4999083
4999602
5000054
5000180
5000190
5000245
5000373
5001119
5001493
5001732
5002224
5002635
5002741
5003025
5003503
5003686
5003719
5003793
5004039
5004513
5004886
5004971
5005050
5005971
5005999
5006024
5006387
5006530
5007658
5007798
5007856
5008584
5009029
5009734
5011305
5011497
5012524
5013413
5015210
5015928
5017498
5019197
5019534
5020960
5021790
5022948
5038302
5038505
5039305
5040319
5040657
5040952
5041442
5041678
5041881
5041905
5042017
5042937
5043862
5043877
5044336
5044769
5045128
5046063
5046586
5046784
5047021
5047028
5047350
5047508
5047600
5048019
5048383
5050827
5052427
5053571
5053846
5053898
5054276
5054867
5055214
5056026
5056552
5057092
5057367
5058828
5058855
5059240
5059453
5059628
5059666
5059744
5059947
5060710
5060749
5060956
5061494
5062319
5062503
5063176
5064172
5139567
5144882
5147931
5148030
5149999
5153285
5154011
5155148
5156287
5156546
5156738
5158062
5158223
5158259
5159029
5159665
5159791
5159897
5163605
5163692
5247684
5254844
5316822
5317233
5323138
5324744
5325620
5327653
5329101
5348720
5358129
5365125
5365725
5367770
5368470
5368940
5369867
5371625
5371732
5372851
5375804
5377626
5378710
5462712
5462745
5462750
5463842
5464031
5464096
5464589
5464703
5465128
5465457
5465673
5465675
5467210
5467573
5467907
5469521
5469826
5470228
5470617
5470880
5471586
5471855
5471972
5472597
5472746
5472850
5473439
5473578
5473761
5473947
5474790
5475392
5475606
5476200
5476338
5476686
5476928
5476995
5477161
5478224
5478681
5508781
5509130
5509227
5542060
5544479
5547212
5547866
5677847
5678228
5678260
5678440
5678533
5678542
5678620
5678625
5678716
5679153
5679210
5679683
5679686
5680027
5680443
5680547
5680759
5681775
5681966
5682145
5682806
5683465
5683630
5684127
5684213
5684467
5684556
5684561
5684603
5684738
5684820
5685468
5685915
5685983
5686514
5686770
5686834
5686853
5687138
5687567
5687667
5687705
5687847
5688013
5688107
5688338
5688464
5688578
5688724
5688919
5688976
5689126
5689387
5689573
5689609
5689613
5689626
5689771
5689871
5689968
5690024
5690121
5690448
5690467
5690529
5691196
5691453
5691804
5691809
5691848
5692017
5692472
5692535
5693722
5693859
5694648
5695026
5695115
5695116
5695358
5695536
5696734
5696803
5697433
5697475
5698278
5698907
5698931
5699664
5699749
5700743
5700798
5700870
5700899
5701563
5701574
5701848
5701868
5702318
5702540
5702592
5702607
5703270
5703349
5703575
5703908
5705132
5705865
5706010
5706822
5707099
5707144
5707496
5707504
5708754
5716634
5801973
5805015
5820415
5820537
5820548
5820619
5820987
5821006
5821213
5821266
5821568
5821849
5822732
5823075
5823236
5823450
5823938
5824044
5824684
5824771
5824892
5825011
5825398
5825496
5825610
5826660
5827074
5827653
5827696
5828934
5829226
5829381
5829574
5829661
5829929
5830147
5830583
5830773
5844991
5845104
5845353
5849257
5849881
5850399
5851059
5851078
5852087
5852898
5853023
5853325
5854092
5854800
5854913
5855124
5855300
5859384
5859389
5859408
5859446
5860564
5861567
5861789
5863635
5897469
5897684
5898251
5898263
5898586
5899550
5899737
5900189
5900422
5900797
5901983
5902430
5902515
5902743
5903299
5903589
5904026
5904321
5904881
5904939
5905048
5906219
5907207
5907258
5907356
5907532
5907796
5908304
5908367
5909349
5909918
5910323
5910596
5910908
5911242
5911420
5911454
5911754
5912389
5912405
5912919
5913063
5913440
5913492
5913538
5913704
5913995
5914248
5914328
5914666
5915238
5915942
5919269
5921636
5922262
5922305
5922385
5923003
5923100
5923307
5923351
5923509
5923635
5923722
5924459
5925664
5925847
5925997
5926628
5970464
6009328
6016336
6016679
6018176
6025503
6025548
6059271
6059514
6060468
6060471
6060759
6061037
6061200
6062293
6062844
6063384
6064515
6065285
6065369
6066143
6066655
6067318
6067366
6067418
6067487
6067979
6068442
6068507
6068722
6069023
6069178
6070135
6070326
6071324
6071912
6072010
6072161
6073249
6073609
6073900
6074148
6074208
6074588
6074688
6075368
6075952
6076403
6077383
6077513
6077552
6077564
6077627
6078088
6078311
6078388
6078697
6079024
6079582
6079655
6079974
6080708
6081543
6081822
6081989
6082017
6082067
6082563
6082719
6082767
6082929
6083266
6083659
6084104
6084174
6084222
6084351
6117918
6121064
6148036
6148375
6150745
6152730
6153125
6154396
6155814
6156034
6156977
6157021
6158016
6159214
6162208
6162854
6162970
6164242
6164673
6164901
6169410
6170087
6170581
6176468
6177481
6232687
6232910
6233044
6233300
6233419
6233934
6234259
6234301
6235001
6235049
6235135
6235357
6236002
6236225
6236381
6236971
6236982
6237194
6237415
6237723
6238163
6238265
6238680
6238895
6238958
6239009
6239033
6239147
6239353
6239696
6240458
6240619
6241136
6241205
6241319
6241528
6242071
6242107
6242169
6242247
6242458
6243223
6243345
6243454
6243486
6243719
6243914
6244109
6244208
6244238
6244244
6244506
6244966
6246570
6246642
6246801
6247347
6247356
6247377
6248108
6248713
6248887
6249237
6249848
6249964
6250411
6250528
6251159
6252172
6252328
6252383
6252641
6252697
6253208
6253466
6253781
6254304
6254770
6255167
6255217
6255661
6255779
6256022
6256054
6256239
6256313
6257488
6257626
6257665
6257902
6258026
6258258
6258576
6259858
6259931
6260022
6260053
6260713
6261022
6261379
6261441
6262679
6262745
6262988
6263069
6263140
6263239
6263449
6263732
6264070
6264654
6264787
6265387
6265414
6265650
6266217
6266480
6266591
6266718
6266783
6267019
6267352
6267456
6267526
6268308
6268441
6268585
6268800
6268845
6268853
6269054
6269929
6269940
6269955
6270048
6270144
6270754
6271111
6271304
6271530
6271683
6271698
6271763
6271877
6272434
6272741
6272780
6272883
6272888
6273231
6273457
6273524
6273862
6273879
6273911
6275185
6275237
6275240
6275279
6275757
6276007
6276102
6276138
6276549
6277808
6277899
6278083
6278270
6278629
6278803
6278875
6279301
6279486
6279506
6279551
6319775
6321170
6321778
6322136
6322280
6322444
6322659
6323139
6323925
6324273
6324499
6325028
6325120
6325237
6326661
6327231
6327539
6328613
6329089
6329217
6330385
6378240
6455313
6460231
6463352
6479337
6480145
6481302
6481557
6481709
6482179
6482760
6482909
6483041
6483485
6483566
6484444
6485349
6485840
6487233
6488310
6488353
6488425
6488431
6488567
6488862
6489015
6489890
6553969
6558661
6561374
6563339
6565756
6565800
6567010
6569102
6569217
6569331
6569576
6570624
6571776
6571829
6572863
6573291
6573521
6574052
6576421
6577321
6577595
6577667
6577824
6634416
6634637
6635148
6635208
6635378
6635806
6636827
6636959
6637240
6637635
6638988
6639864
6640392
6641501
6641992
6642098
6642477
6642893
6642930
6643382
6643720
6644730
6644863
6644882
6645854
6645884
6645958
6646444
6646797
6647006
6647035
6648061
6648062
6648139
6648477
6648527
6648938
6649271
6649297
6649341
6687783
6689577
6710668
6710800
6710914
6711312
6711597
6711731
6712308
6713870
6713976
6713997
6714621
6714926
6714974
6715801
6716704
6716858
6717212
6718041
6718084
6718576
6718673
6719301
6719530
6719850
6719884
6720162
6720278
6720361
6720702
6720761
6721120
6721398
6721586
6721697
6721701
6721817
6722296
6722542
6722720
6723582
6724276
6724378
6724767
6724890
6725056
6725688
6726648
6726696
6726918
6726935
6726994
6727140
6727879
6728368
6729006
6729066
6729501
6729545
6729905
6730894
6731209
6731317
6731327
6731626
6731894
6732251
6732476
6732925
6732998
6733055
6733280
6734023
6734378
6734612
6734673
6734951
6734974
6735266
6735505
6736513
6737286
6737320
6752103
6752115
6752604
6752858
6753135
6753280
6753660
6754048
6754074
6754607
6754706
6754830
6754902
6755648
6755879
6756262
6756343
6756535
6756577
6756583
6756807
6756817
6756953
6757002
6757006
6757157
6757353
6757443
6757517
6757857
6758196
6758348
6758421
6758853
6758950
6759296
6759769
6759787
6759816
6760597
6760652
6760960
6761174
6761286
6761347
6761561
6761593
6761803
6762090
6762265
6762986
6763184
6763595
6763858
6764402
6764487
6764695
6765166
6765389
6765588
6765682
6766391
6766443
6766743
6767243
6784999
6906898
6908658
6910690
6910911
6911074
6911497
6911594
6914704
6916647
6917624
6934963
6936285
6936297
6936649
6936865
6936896
6937114
6937135
6937784
6938009
6938262
6938517
6938855
6939283
6940477
6940822
6940838
6941186
6941216
6941322
6941491
6941499
6942119
6942207
6943223
6943269
6943284
6943854
6944007
6944054
6944082
6944312
6944380
6944538
6944597
6944624
6944755
6944954
6945244
6945554
6945683
6945766
6946083
6946563
6946627
6946899
6947010
6947196
6947756
6948167
7153781
7153833
7154155
7154211
7154239
7154418
7154683
7154697
7154754
7154763
7154899
7154958
7155017
7155999
7156046
7156450
7156669
7156722
7156800
7157095
7157108
7157258
7157617
7157973
7158758
7158891
7159092
7159844
7161401
7161435
7161483
7161501
7162068
7162310
7162407
7162717
7162785
7162860
7163538
7163648
7163847
7163869
7163972
7164248
7164349
7164508
7164522
7164819
7165005
7165035
7165221
7165222
7165778
7167023
7167242
7167297
7182955
7183206
7184185
7184509
7187022
7187157
7187404
7187790
7188141
7188736
7189176
7189337
7189351
7189738
7191068
7191519
7191709
7192320
7192463
7192872
7193051
7193087
7193550
7193630
7193683
7193741
7193751
7194622
7194982
7195986
7196193
7196428
7288207
7291168
7291435
7305152
7306793
7307064
7307503
7307526
7307611
7307667
7308818
7308861
7309702
7311187
7311661
7311717
7312493
7313744
7314817
7314969
7316871
7317564
7317582
7317837
7317911
7318077
7320276
7320425
7320513
7321448
7321653
7322028
7322065
7322259
7322556
7322640
7322742
7322940
7322998
7323088
7323218
7323344
7323421
7323927
7324063
7324188
7324720
7324952
7325316
7325522
7325546
7325724
7326283
7326756
7327524
7327714
7328575
7328986
7329008
7329216
7330188
7330444
7330736
7330826
7331692
7331913
7332024
7332428
7332934
7333974
7334304
7334335
7335239
7335393
7335558
7335616
7336204
7336256
7336489
7336902
7349309
7350498
7350655
7351566
7353473
7354458
7357020
7358552
7359465
7359690
7361094
7361919
7362306
7362595
7364983
7384893
7385104
7387566
7390370
7390571
7390946
7392018
7395114
7395300
7395307
7399988
7401823
7402322
7402754
7403152
7403388
7403491
7403508
7405246
7405330
7405422
7407477
7408519
7410177
7410297
7411053
7447640
7448010
7448400
7448787
7449217
7450079
7450573
7450707
7451083
7451485
7451544
7452455
7452497
7452906
7453232
7454196
7455098
7455286
7455372
7455559
7456020
7456021
7456212
7456631
7457015
7457038
7457118
7457703
7457823
7458127
7458727
7458737
7458796
7459064
7459596
7460321
7460344
7460358
7460410
7460470
7460778
7460920
7460946
7461237
7461390
7461710
7462098
7462773
7462917
7463114
7463203
7476040
7476393
7476407
7480348
7480751
7482128
7482153
7483958
7484353
7485505
7486198
7490474
7491068
7518664
7527338
7629631
7629797
7630145
7630590
7630621
7630731
7630763
7631084
7631290
7631331
7631772
7631969
7632035
7632663
7632741
7632788
7632906
7633498
7633519
7634390
7634624
7634859
7635334
7635847
7635915
7636746
7637257
7637348
7637368
7637581
7637848
7637890
7638028
7638031
7638486
7639677
7641049
7641830
7641885
7643203
7644554
7648465
7650102
7650280
7651197
7651391
7653243
7653656
7661291
7664279
7665019
7666074
7668063
7668764
7669220
7756001
7756226
7756754
7756839
7757077
7757121
7757143
7758789
7759190
7759656
7760137
7760167
7760348
7760562
7760724
7760995
7763147
7763188
7763465
7764536
7764613
7765360
7765365
7766428
7766606
7766982
7768205
7769655
7770130
7770223
7770734
7771287
7771755
7771793
7773268
7829368
7830391
7830558
7830614
7831066
7831489
7831613
7831642
7831792
7832003
7832159
7832362
7832368
7833325
7833439
7833990
7834106
7834225
7834548
7834638
7835030
7835184
7835432
7835448
7835623
7835650
7835700
7835738
7837033
7837165
7837386
7837856
7838089
7838173
7838384
7838475
7838830
7838855
7839062
7839316
7839324
7839407
7839472
7840417
7841067
7841200
7841450
7841974
7842077
7842470
7842720
7842824
7842853
7917255
7917263
7917316
7917631
7918152
7918492
7918527
7918752
7919934
7920240
7920357
7920447
7920597
7920716
7920739
7921606
7921887
7921915
7921934
7922703
7922792
7922863
7923029
7923113
7923121
7923310
7923806
7924174
7924287
7924495
7924779
7924900
7925054
7925397
7926195
7926358
7926372
7926396
7927182
7944127
7945300
7948201
8002791
8007448
8014492
8020522
8030633
8030827
8033478
8034729
8035949
8037668
8038432
8039208
8039922
8040708
8040901
8041229
8042055
8042069
8042084
8042617
8044646
8044781
8046665
8046666
8046954
8242984
8243105
8243247
8243446
8244070
8244153
8244566
8244700
8244948
8245153
8245625
8245735
8246311
8246341
8246554
8246585
8246644
8246947
8247025
8247330
8247888
8247975
8248015
8248092
8248247
8248453
8248479
8248500
8248746
8248884
8249086
8249651
8250444
8250808
8250970
8251056
8251134
8251569
8251765
8252394
8252926
8252929
8253891
8253947
8253967
8254434
8254761
8254825
8255002
8255541
8256412
8256503
8256702
8257415
8257718
8258011
8258097
8258243
8258476
8258734
8258778
8259030
8259285
8260208
8260346
8260687
8261185
8261277
8261299
8261694
8262215
8262922
8263411
8263535
8263693
8263899
8264055
8264151
8264551
8264640
8266352
8267054
8267563
8267730
8267935
8296474
8296474
8296851
8299206
8299713
8300085
8300447
8302378
8303130
8304085
8304477
8416268
8418082
8418132
8420011
8421057
8422456
8423148
8425685
8499245
8499627
8499688
8500188
8500270
8500295
8500496
8500610
8501274
8502286
8502527
8502692
8503298
8503581
8503783
8503823
8504705
8505240
8505366
8505383
8505434
8505748
8506163
8506736
8506895
8507060
8507141
8507767
8507843
8508181
8508233
8508355
8509113
8509159
8509572
8510362
8510383
8510476
8510695
8510863
8510875
8513291
8513370
8513431
8513656
8513734
8513862
8513883
8514021
8514028
8514228
8514391
8514802
8514918
8515193
8515621
8515742
8516035
8516207
8516244
8516322
8516668
8517392
8517407
8517609
8517682
8517751
8517998
8518238
8518946
8519166
8519171
8519546
8519558
8519622
8519942
8520181
8520391
8520921
8520993
8521128
8521428
8521524
8521536
8521578
8521922
8522224
8522287
8522715
8522747
8523035
8523465
8523505
8523589
8524051
8524619
8524718
8524953
8524957
8525657
8525833
8525869
8525910
8526060
8526276
8526719
8527045
8527052
8527750
8529301
8529840
8529930
8529947
8530028
8530083
8530325
8530934
8531124
8531416
8531951
8532293
8532367
8532368
8532665
8532737
8533131
8533148
8533189
8533230
8533485
8533511
8533724
8534003
8534592
8534886
8534923
8534945
8583424
8583555
8583805
8583927
8584184
8584193
8585538
8585725
8586101
8586423
8587287
8587624
8587865
8587875
8587922
8587930
8588273
8588346
8588360
8588574
8588840
8589468
8589604
8590447
8590512
8590556
8590630
8591219
8591429
8592178
8593251
8593373
8594029
8594333
8595481
8595487
8595509
8595836
8596300
8596623
8597149
8597639
8598266
8598379
8599182
8599837
8600094
8600932
8601163
8601343
8601431
8601569
8601889
8602102
8602295
8602376
8602467
8642163
8642626
8644139
8644639
8645273
8645601
8646770
8648267
8649194
8651040
8651130
8652471
8653471
8653780
8653823
8655668
8657290
8657947
8659709
8660060
8660557
8660897
8661346
8661526
8661531
8661997
8662279
8663037
8663088
8663613
8663991
8664135
8664379
8664893
8665163
8665224
8665476
8665504
8665622
8665811
8666265
8666492
8666777
8666917
8666919
8666950
8667340
8667548
8667638
8669183
8669236
8669401
8669470
8669562
8670104
8670125
8670521
8670884
8671114
8671599
8671617
8671853
8672142
8672473
8672522
8672632
8672803
8673052
8673302
8673436
8673730
8674151
8674223
8675653
8675955
8676288
8676302
8693271
8695075
8696122
8813313
8813408
8813429
8813706
8814523
8815519
8815595
8815961
8816086
8816828
8816836
8817064
8817543
8817966
8818389
8819673
8820018
8820239
8821512
8822207
8822333
8856344
8857256
8857331
8857421
8857771
8857987
8858207
8858878
8859795
8860282
8860560
8861828
8862073
8862748
8863162
8863743
8864117
8864368
8864984
8865253
8865756
8866909
8867873
8903519
8906361
8965300
8965883
8966059
8966852
8966960
8967129
8967820
8968285
8968846
8970987
8971659
8972459
8973675
8973714
8973965
8974741
8975902
8975934
8976105
8976487
8978406
8978821
8978873
8978919
8979088
8979145
8979412
8979549
8979898
8979978
8980073
8981806
8981858
8982255
8982613
8982701
8982821
8982968
9025134
9026559
9027678
9028095
9028104
9028448
9028622
9029513
9030885
9030953
9031254
9032427
9032550
9032643
9032989
9033150
9033505
9034107
9034733
9034884
9034900
9035395
9035973
9037035
9037318
9037457
9037579
9038924
9038973
9039251
9039370
9039418
9039912
9040060
9040070
9040580
9041227
9041306
9041318
9041681
9042552
9042873
9043567
9043717
9044215
9044299
9044535
9044791
9045017
9045185
9045290
9045446
9045568
9046257
9046659
9047029
9047107
9047214
9047497
9048071
9048433
9048554
9049122
9049259
9049627
9049933
9050256
9050756
9051019
9051129
9051198
9051327
9051352
9052453
9053008
9053445
9053495
9053774
9053854
9053990
9054103
9150870
9151003
9151060
9151159
9151506
9151855
9151875
9152351
9152721
9153187
9153429
9153672
9154187
9154329
9154669
9154855
9155031
9155095
9155181
9155224
9155258
9155739
9155946
9156167
9156377
9156379
9156801
9156983
9157008
9157317
9157555
9157630
9157678
9157795
9158617
9159484
9159597
9159617
9160805
9160998
9161116
9161837
9165501
9166300
9167898
9167986
9171463
9171805
9172994
9175191
9237171
9237986
9238428
9239060
9241590
9242291
9244104
9245009
9245644
9246700
9246712
9247016
9247060
9248012
9249142
9249429
9249463
9353883
9354251
9354387
9355054
9355206
9355341
9355971
9356134
9356163
9356241
9356285
9357111
9357174
9357329
9357404
9357446
9357480
9357730
9358207
9358610
9358675
9359125
9359266
9359439
9359526
9359733
9361300
9362033
9362041
9362972
9363634
9363790
9363816
9363870
9364047
9364056
9364895
9365555
9366145
9366563
9366600
9367058
9367137
9367504
9367880
9368162
9368959
9369153
9369268
9369409
9369544
9369684
9369686
9370180
9371308
9372001
9372135
9372459
9372788
9373054
9373587
9373812
9374503
9374681
9375753
9376613
9378581
9383852
9398241
9410707
9516234
9560809
9560909
9560972
9561004
9561196
9561654
9562026
9562188
9562244
9562285
9563422
9563480
9563758
9564203
9564238
9564487
9564620
9564850
9565043
9565189
9565500
9565529
9565634
9565684
9565820
9565929
9566319
9566741
9566765
9567489
9567761
9568323
9568735
9569047
9569055
9569151
9569479
9569582
9569643
9569698
9570341
9571656
9571819
9603242
9606241
9612677
9650691
9650825
9650854
9651074
9656848
9852069
9852088
9852242
9852811
9852921
9853224
9853837
9853960
9854025
9854057
9854368
9854442
9854530
9855076
9855186
9855418
9855471
9855480
9855597
9855740
9855799
9855856
9856167
9856569
9857542
9857735
9859203
9859348
9859620
9859741
9859818
9860099
9860166
9861000
9861088
9861336
9861473
9861735
9861764
9862036
9862261
9862776
9862852
9863317
9863396
9863509
9863568
9943175
9943210
9943273
9943621
9943742
9943904
9944381
9944456
9944944
9945448
9945482
9946332
9946356
9946631
9946897
9946986
9947054
9947546
9947996
9948069
9948111
9948349
9948512
9948914
9948968
9949042
9949846
9950245
9950260
9950317
9950423
9950525
9950827
9951193
9951721
9952096
9952180
9952356
9952431
9953009
9953032
9953053
9953159
9953171
9953418
9953495
9953985
9954342
9954353
9954793
9955257
9955454
9955513
9955745
9955964
9956015
9956153
10064264
10077058
10077390
10080015
10146807
10146861
10146912
10146993
10148119
10148419
10148487
10148546
10148682
10148783
10149075
10149431
10149842
10149907
10150070
10151180
10151751
10151839
10152190
10152464
10152533
10152946
10153129
10153240
10153660
10153928
10154289
10154946
10155274
10155276
10155607
10155680
10156152
10156401
10156815
10156877
10156977
10157518
10157772
10157880
10158081
10158425
10158510
10158662
10158663
10158708
10159712
10160060
10160750
10160754
10161801
10161895
10161944
10162119
10162476
10162706
10162829
10163152
10163926
10165307
10165827
10165864
10167299
10167703
10167862
10168790
10168891
10169161
10169306
10169526
10169836
10170001
10171234
10171888
10172379
10172612
10172787
10173175
10173511
10173764
10173903
10175197
10175323
10175925
10176242
10176373
10176545
10176587
10203325
10205282
10209334
10213421
10213785
10263481
10269684
10271006
10272942
10313846
10314928
10315137
10315508
10316115
10316240
10316423
10316729
10316839
10317325
10317402
10317763
10318026
10318611
10318843
10319220
10319472
10319551
10319721
10319842
10319897
10320098
10321016
10321087
10321165
10321290
10321551
10321930
10322126
10322282
10322381
10322691
10323171
10323713
10324050
10353852
10353935
10354230
10354704
10354852
10354877
10355982
10356970
10357233
10357436
10358272
10358554
10358975
10359317
10359328
10359397
10359429
10359553
10359923
10360265
10360346
10360913
10361543
10361864
10362241
10362829
10363328
10363420
10363648
10363950
10364458
10364560
10364631
10364654
10364853
10366011
10366432
10366581
10368800
10369013
10369785
10393148
10393560
10393607
10394006
10394461
10394544
10394721
10395061
10396935
10397050
10397232
10397259
10397473
10397846
10398181
10399291
10399590
10399706
10400214
10400326
10400581
10401287
10401470
10401954
10402095
10402138
10402291
10402493
10402853
10403110
10403205
10403300
10404213
10404433
10404530
10404548
10404598
10404654
10404667
10405394
10405560
10458616
10458624
10458943
10460428
10460869
10461057
10461336
10462438
10462661
10462721
10462955
10463073
10463244
10463314
10463706
10463853
10464699
10464917
10465058
10465620
10465696
10465780
10465819
10465868
10465996
10466254
10466422
10466716
10467434
10467451
10468104
10468547
10468558
10468973
10470052
10470356
10471522
10471544
10515399
10515501
10549227
10549327
10549845
10550026
10551232
10551251
10551448
10551724
10551852
10552223
10552241
10552373
10553505
10553715
10553864
10554530
10554554
10554926
10555565
10556236
10557633
10557744
10557897
10557960
10558098
10559142
10559232
10560283
10560319
10560554
10561176
10561646
10561960
10562431
10562805
10563124
10563490
10564617
10569384
10696851
10697875
10698305
10699393
10701691
10701864
10705039
10755186
10761513
10811216
10813323
10813737
10814165
10818573
10820360
10820723
10821179
10823021
10826092
10827169
10894087
10894624
10894991
10896404
10900039
10900315
10902377
10907205
10930719
10930774
10933640
10963448
10964229
10964387
10964743
10965008
10966092
10966950
10967230
10967752
10969503
10972084
10973612
10974550
10975437
10976411
10977202
11037567
11037680
11037736
11037800
11037909
11039074
11039239
11039372
11039460
11040545
11041185
11041636
11041647
11042280
11042309
11042794
11043733
11044847
11044964
11045745
11045820
11045832
11046108
11046174
11046229
11046395
11046858
11047491
11048234
11048737
11048954
11049104
11049249
11049484
11049495
11049924
11049951
11050079
11050299
11050610
11051560
11051702
11051802
11051966
11052208
11052610
11052617
11052694
11052956
11053606
11053636
11104594
11286531
11286532
11287343
11287427
11287525
11287723
11288721
11289934
11292004
11292403
11292503
11292659
11293403
11293880
11294779
11295053
11295086
11295101
11295713
11296144
11296221
11296455
11296549
11296985
11311753
11314905
11318814
11394981
11395051
11395073
11395151
11395813
11395855
11395928
11397048
11397910
11398596
11399126
11399874
11400790
11401307
11401963
11402061
11402086
11402433
11402491
11402682
11402978
11403203
11403222
11403345
11403398
11403513
11403546
11404120
11404673
11404676
11404800
11405169
11405928
11406187
11406199
11407102
11407242
11407504
11407917
11409555
11410164
11410204
11410249
11410757
11410850
11411803
11412264
11413064
11414451
11415601
11417153
11419254
11419494
11420966
11420986
11423114
11426017
11428690
11431466
11436555
11437252
11437472
11442651
11442732
11445064
11480888
11481354
11481518
11481655
11483013
11483351
11483984
11484406
11484527
11484665
11485278
11486166
11486663
11486818
11486928
11487774
11487844
11487903
11488175
11488700
11488782
11489920
11490140
11490361
11490512
11490758
11491041
11491117
11492003
11492106
11492202
11492268
11492616
11492922
11493289
11493342
11493681
11493932
11495338
11510777
11514606
11515654
11517128
11519139
11519550
11520219
11520416
11522394
11524512
11525579
11526037
11641226
11641373
11641494
11641504
11641602
11642404
11642712
11643298
11644166
11644856
11645267
11646503
11646831
11647020
11647383
11647837
11648166
11649294
11649605
11649617
11649765
11649858
11650073
11650373
11650965
11651262
11651415
11651999
11652261
11652704
11653267
11653452
11653596
11653678
11653711
11653907
11654310
11654790
11655184
11655635
11686721
11687971
11688719
11689201
11690391
11691886
11693002
11759680
11759713
11759918
11760036
11760042
11760972
11761070
11761895
11762315
11762453
11762996
11763100
11763114
11763123
11763424
11763472
11763649
11764421
11764704
11764972
11765626
11765704
11765843
11766090
11766198
11766423
11766934
11767236
11767323
11767354
11767377
11767420
11767900
11767944
11768202
11768763
11769038
11769393
11769703
11769949
11769966
11770129
11770799
11770957
11770995
11771707
11771708
11771784
11771889
11772197
11772333
11772545
11772626
11818990
11819384
11820333
11820402
11821366
11823216
11823649
11824042
11825707
11826355
11826640
11826797
11828112
11828282
11828381
11899892
11900114
11900126
11900139
11900799
11901495
11902247
11902324
11902459
11902501
11902639
11902694
11903756
11904550
11905714
11906023
11906047
11906449
11906648
11907023
11907042
11907210
11907567
11907852
11908104
11908810
11909429
11909594
11909596
11909731
11909940
11910021
11910299
11910384
11911171
11911658
11912003
11912355
11912446
11912844
11912867
11913527
11913633
11913725
11913971
11914021
11914052
11914196
11914229
11914543
11914875
11914938
11915165
11915372
11915632
11915863
11916245
11916934
11917283
11917700
11917714
11917891
11917917
11918216
11918264
11918603
11918869
11919272
11919510
11919599
11919701
11919933
11919944
11920054
11920168
11920229
11920518
11920677
11920793
11920804
11920828
11921275
11921421
11921622
11922107
11922375
11922811
11922856
11922976
11923068
11923122
11923180
11923227
11923777
11924231
11924555
11924581
11924872
11925182
11925678
11925855
11954227
11959757
12046419
12046792
12047256
12047648
12047733
12047853
12048088
12048151
12048369
12048379
12049442
12049631
12049793
12049797
12049850
12049908
12050134
12050416
12050512
12051084
12052233
12052341
12052384
12052511
12052635
12052647
12052703
12052711
12053109
12053277
12053460
12053650
12053780
12054058
12054202
12054361
12054509
12054941
12055653
12056211
12056214
12056874
12057336
12057429
12057870
12058226
12058310
12058458
12058762
12059500
12059650
12059669
12060502
12060710
12060993
12061354
12061619
12061851
12062238
12062906
12063187
12063424
12064242
12064468
12064775
12064824
12065344
12066027
12066630
12067000
12067533
12067700
12067880
12068457
12068980
12070547
12070758
12071149
12072008
12072293
12072301
12072415
12073621
12073633
12073795
12073800
12075984
12076443
12104667
12105550
12107218
12107875
12107896
12108416
12109360
12110246
12111180
12111346
12113052
12113329
12113759
12131580
12131649
12131675
12132596
12135616
12135893
12138231
12139260
12139296
12141434
12142055
12146331
12147859
12190714
12190724
12191157
12191258
12191439
12191980
12192052
12192296
12193187
12193320
12193757
12193820
12194404
12194436
12194767
12195422
12195485
12195602
12196108
12196593
12196727
12196975
12197398
12197486
12197575
12197666
12197751
12197871
12198001
12198175
12198509
12198906
12198951
12199271
12199895
12200283
12200296
12200373
12200541
12201160
12201378
12201526
12203127
12203447
12203494
12203518
12203762
12203841
12203900
12204054
12204170
12204384
12204437
12205660
12205751
12227468
12227970
12230517
12234584
12237004
12309205
12309328
12309546
12309982
12310025
12310308
12310621
12311072
12311104
12311259
12311407
12311487
12311691
12311931
12312037
12312049
12312076
12312432
12313233
12313641
12314012
12314163
12314747
12314940
12315145
12315159
12315248
12315647
12315937
12315991
12316440
12316693
12317031
12317678
12317913
12318046
12318548
12325368
12325943
12326375
12326700
12327180
12328483
12328811
12329596
12330332
12365375
12365469
12365611
12365849
12365912
12365927
12366062
12366179
12366707
12366835
12367212
12367543
12367680
12367902
12368030
12368244
12368359
12368411
12368416
12368823
12368946
12369068
12369476
12369505
12369957
12370781
12371815
12372212
12372319
12372470
12372485
12372531
12373352
12373474
12373490
12374054
12374207
12374322
12374551
12374571
12374718
12375164
12375317
12375559
12375953
12375969
12376063
12378285
12378463
12379934
12380403
12380900
12381255
12381550
12382337
12383613
12383953
12384782
12384872
12384887
12386222
12386846
12387622
12387747
12389126
12391042
12392299
12481418
12536053
12536222
12536998
12537085
12537379
12537958
12538279
12538311
12538329
12538611
12540297
12540730
12540796
12540852
12540919
12541385
12541494
12541853
12542241
12542285
12542662
12543073
12543232
12544335
12545020
12545122
12545161
12545345
12545755
12545789
12545959
12545994
12546590
12547103
12547403
12547476
12547592
12548153
12548165
12548247
12548277
12548519
12548669
12549219
12549266
12549409
12549883
12550008
12550304
12550518
12551187
12551648
12552091
12552345
12552637
12552872
12635798
12636864
12637277
12637713
12637914
12639933
12640727
12642243
12643027
12643448
12644974
12645426
12645452
12646226
12648224
12669681
12669841
12670158
12671014
12671122
12671325
12671641
12672903
12673361
12673718
12673774
12673831
12673870
12674465
12674468
12674512
12675450
12675748
12676041
12676268
12676353
12676715
12677051
12677495
12677731
12677766
12678252
12678429
12679417
12679519
12679698
12679869
12679870
12681276
12681362
12681807
12681870
12683264
12683312
12683515
12683584
12683703
12684156
12684551
12684573
12684750
12685245
12685365
12685656
12685742
12686068
12686215
12686372
12686665
12686940
12687560
12687848
12687939
12688204
12688405
12688501
12689177
12689353
12689994
12689997
12690207
12690592
12690689
12690907
12690927
12691421
12691546
12691856
12692068
12692181
12692294
12692455
12692554
12709567
12709743
12709957
12710257
12710440
12710506
12711237
12711342
12711457
12711635
12711828
12711871
12712366
12712826
12712926
12712979
12713026
12713217
12713388
12713867
12714083
12714422
12715706
12716870
12716881
12716904
12717632
12717799
12718567
12719009
12719132
12719206
12719758
12720205
12720205
12720319
12721498
12721674
12721729
12722041
12722126
12722250
12722398
12722480
12722689
12723194
12723547
12723792
12724314
12724601
12724680
12725443
12726250
12726295
12726491
12726726
12726818
12726938
12727556
12785476
12786326
12786645
12786775
12787050
12788999
12789086
12790285
12790365
12793075
12794797
12794932
12795004
12795411
12796242
12797030
12798056
12798730
12844329
12844643
12844979
12845308
12846604
12846881
12846966
12847220
12847509
12847716
12848083
12848373
12848431
12848594
12848802
12849228
12849469
12849563
12849608
12849694
12849822
12850112
12850697
12851171
12851603
12851781
12851977
12852070
12852122
12852160
12852222
12852458
12852905
12853243
12853638
12853675
12854433
12854644
12854795
12855695
12856045
12856161
12856389
12857203
12857406
12857579
12857859
12858127
12858443
12858652
12859019
12859090
12859131
12859137
12859332
12859551
12859634
12859686
12859746
12859808
12859973
12860177
12860242
12860362
12891166
12891489
12891851
12892216
12892643
12893092
12893242
12893361
12893377
12893779
12894093
12894187
12894721
12894750
12895254
12895325
12895620
12895812
12896243
12896323
12897559
12898532
12898723
12899323
12900382
12900603
12900894
12900897
12901466
12902186
12902288
12902586
12902639
12902984
12903812
12904343
12905399
12905438
12905675
12905793
12905922
12906080
12906868
12907292
12907636
12907836
12907959
12908190
12908369
12908448
12908730
12908814
12908888
12909290
12909480
12909501
12983771
12983918
12984281
12984293
12985388
12985676
12986555
12987278
12987384
12987714
12988096
12988600
12989220
12989561
12989619
12990202
12990310
12990447
12990947
12991301
12991404
12992624
12993261
12993587
12994429
12994833
12995323
12996263
12996431
12996610
12996901
12997118
12997496
12997934
12998075
12998613
12999347
12999654
12999694
13000089
13106914
13112051
13112106
13117085
13117305
13118485
13118488
13119468
13119620
13119633
13119881
13120039
13120273
13120315
13120808
13120875
13121280
13121530
13121685
13122477
13122671
13123571
13124149
13124271
13124451
13125561
13125664
13125791
13125922
13126383
13126547
13126917
13127093
13127358
13135164
13156585
13156949
13167229
13169072
13169285
13173542
13184633
13184952
13185166
13185583
13185747
13185752
13186956
13187281
13187857
13189185
13189676
13189825
13190564
13190804
13191467
13191840
13192205
13192892
13193528
13193671
13194263
13194829
13195468
13195600
13196354
13196406
13196550
13196588
13197699
13198414
13198755
13199036
13200493
13200633
13200669
13224111
13224906
13225339
13225617
13226649
13228082
13229071
13230387
13231491
13231744
13233475
13234606
13235294
13236588
13238877
13240543
13241198
13244189
13244712
13245458
13245988
13246614
13247088
13247180
13247278
13249502
13250357
13250852
13251120
13251164
13251554
13252238
13253163
13253892
13255526
13256276
13257170
13257421
13257437
13258092
13258303
13258953
13261505
13262112
13262453
13262856
13264430
13264497
13264845
13265022
13265085
13265101
13266514
13266765
13267290
13267549
13267658
13267927
13268459
13269375
13269689
13269862
13270035
13270621
13270752
13270799
13271062
13271474
13271768
13272284
13272340
13272917
13273527
13273602
13274214
13274534
13276006
13278835
13280753
13282022
13286925
13288115
13289307
13291107
13291324
13306077
13306155
13306157
13306202
13306765
13307344
13307776
13307784
13307852
13307931
13309144
13309402
13309464
13309537
13309644
13310207
13310582
13310791
13310933
13311154
13311556
13311697
13312185
13312194
13312243
13312541
13313441
13313445
13313540
13313700
13313727
13314186
13315067
13315166
13315336
13315355
13315711
13316030
13316494
13316630
13316688
13316697
13316738
13317141
13317359
13317799
13318079
13318169
13318943
13319197
13319504
13319531
13319971
13320003
13320009
13320233
13320324
13320447
13377852
13378285
13378647
13378755
13378768
13379480
13379983
13380063
13380598
13380630
13380956
13381330
13381583
13382223
13382380
13382456
13382490
13382768
13383202
13383268
13383279
13383630
13384002
13384315
13384493
13385114
13385424
13385467
13385593
13385933
13386029
13386225
13386868
13387559
13387574
13387937
13388147
13388623
13388694
13388800
13389136
13389149
13389424
13389604
13389832
13390199
13390231
13390412
13390584
13390887
13390988
13391207
13391362
13391375
13391798
13392120
13392291
13392370
13392455
13392677
13395547
13396259
13396786
13396954
13397288
13397574
13399994
13399997
13401344
13401451
13401679
13402323
13403234
13403358
13403676
13404083
13404271
13411284
13435972
13436385
13437338
13437448
13437685
13438317
13438801
13438914
13440006
13440368
13440675
13441513
13441852
13441874
13442556
13442673
13442757
13443524
13443535
13443692
13444132
13445909
13448323
13448328
13448924
13450157
13450454
13451501
13451649
13452363
13452416
13453218
13453285
13453516
13453524
13453748
13454492
13454526
13454774
13455210
13456110
13456358
13456367
13456548
13456788
13457550
13458505
13458755
13459639
13459692
13459992
13460027
13460092
13460562
13460687
13460918
13461059
13461094
13461140
13461143
13461737
13461929
13462375
13462452
13462539
13463452
13463637
13463971
13476584
13477005
13477712
13481815
13485711
13486640
13486796
13487504
13488451
13490887
13496309
13497026
13497840
13499711
13506443
13507687
13507835
13508974
13525727
13526950
13527338
13527409
13528059
13528463
13529471
13530754
13532180
13532693
13532760
13533429
13534690
13535275
13535275
13535554
13536498
13538316
13539028
13539666
13540673
13541501
13541632
13542170
13543202
13543228
13590906
13590962
13591048
13591834
13592179
13592329
13592859
13592872
13593365
13593460
13593525
13594873
13595306
13595448
13596650
13597772
13598020
13598027
13598129
13599044
13599205
13599327
13599468
13599494
13599647
13600419
13600926
13600981
13601111
13601866
13602430
13603250
13603511
13603603
13603916
13604049
13604188
13604203
13604212
13604588
13604873
13604975
13605096
13605163
13605278
13605325
13605587
13605724
13605931
13606210
13652346
13659586
13805401
13805824
13806363
13806601
13806677
13808008
13808667
13809548
13811112
13811162
13811860
13812301
13812313
13812810
13813354
13814546
13814590
13814690
13814778
13815738
13816274
13816476
13817567
13817787
13818041
13818216
13818375
13819325
13860052
13861076
13861517
13861901
13861922
13862158
13863187
13863694
13864141
13864406
13865344
13865915
13866181
13867283
13867810
13868902
13870376
13870465
13871000
13873024
13873587
13873865
13874117
13894398
13897766
13898143
13901091
13901884
13903330
13905370
13906742
13935532
13937846
13938228
13938354
13939030
13939426
13940564
13940753
13941479
13941675
13941900
13943480
13943564
13944118
13945170
13945449
13988301
13988998
13989038
13989067
13990954
13992660
13993005
13993378
13994280
13994455
13994649
13995232
13995371
13995495
13996225
13997247
13998439
13999209
14000894
14001548
14001626
14002194
14002634
14003020
14004276
14004715
14008416
14013428
14014761
14017980
14018298
14018465
14018547
14018559
14018647
14018674
14018748
14018903
14019074
14019124
14019521
14019856
14019943
14020064
14020587
14020664
14020939
14022157
14022234
14022438
14023170
14023342
14023518
14023802
14024003
14024111
14024345
14024807
14024859
14024893
14024973
14025726
14025820
14025878
14025890
14025972
14026043
14026093
14026189
14026439
14026740
14027217
14027427
14028067
14028210
14028437
14028746
14028979
14029003
14029744
14029826
14029913
14029961
14030081
14030224
14030313
14030472
14030852
14031657
14031721
14031818
14032146
14032471
14032790
14032817
14033094
14033108
14033260
14033443
14033658
14033840
14038346
14042333
14043582
14047155
14051213
14057008
14057641
14060590
14060600
14061159
14061286
14061328
14061344
14061394
14061795
14061914
14062227
14062387
14062798
14062806
14063340
14063759
14063848
14064485
14064527
14064647
14065222
14066217
14066263
14066563
14067205
14067483
14067661
14068506
14069151
14069780
14069831
14070008
14070077
14070235
14070243
14070363
14070372
14071043
14143147
14144386
14144527
14144839
14145869
14145960
14146111
14146190
14146731
14146901
14147072
14147453
14147957
14148045
14148398
14148636
14148699
14148991
14149645
14149905
14150347
14150890
14151040
14152256
14152368
14152636
14152851
14152888
14152975
14153436
14153749
14154195
14154359
14154692
14155027
14155429
14155498
14155845
14156608
14156931
14157023
14157352
14157686
14158136
14158492
14158729
14158850
14159078
14159382
14159490
14159521
14159799
14159846
14159916
14160852
14160949
14161022
14161048
14161534
14161769
14162526
14162615
14162832
14162838
14162934
14163792
14163960
14164334
14164464
14164770
14164846
14165293
14165414
14165522
14165963
14165964
14166089
14166270
14166862
14167060
14167215
14167285
14167768
14168512
14168634
14168776
14168983
14169093
14169844
14170370
14170955
14171125
14171163
14171705
14172292
14172310
14172449
14172490
14172535
14172580
14172701
14173596
14228123
14228186
14231646
14232592
14233589
14234685
14236131
14238335
14240507
14241309
14242780
14242811
14244173
14269692
14270038
14270112
14270225
14270371
14270393
14270476
14271282
14271793
14271860
14272707
14272946
14274678
14274952
14275327
14275351
14275651
14277038
14277455
14277639
14277908
14277980
14278173
14278280
14278804
14279340
14279400
14280271
14280513
14280540
14281252
14281360
14281396
14281741
14282399
14282704
14282752
14282768
14282806
14283073
14283516
14283548
14283637
14283644
14283910
14284774
14284929
14285006
14285560
14285587
14285890
14285934
14285940
14285997
14286264
14286725
14286729
14286771
14311945
14312055
14312453
14312528
14312774
14312952
14312993
14313122
14313151
14313398
14313618
14313785
14313945
14314071
14314191
14314505
14314794
14314869
14315035
14315189
14315899
14316066
14316487
14316866
14316950
14316968
14317291
14317434
14317461
14317709
14318120
14318173
14318701
14318771
14319119
14319189
14319239
14319529
14319616
14319765
14319784
14319928
14319966
14320095
14320104
14320169
14320170
14320323
14320377
14320389
14321322
14321452
14321604
14322035
14322222
14322330
14322459
14322744
14322861
14322988
14343887
14344405
14344539
14347120
14347313
14348107
14368937
14442155
14448648
14452591
14469001
14503139
14510340
14519260
14520448
14521343
14521752
14576424
14576464
14577164
14579086
14580645
14580903
14581362
14581750
14582741
14583000
14583006
14583370
14585435
14623741
14623918
14624149
14624492
14624517
14624713
14624882
14626105
14626221
14626223
14626283
14626456
14626588
14626601
14627381
14627696
14627833
14627877
14628180
14628758
14628817
14628862
14628977
14629202
14629264
14629272
14629418
14629717
14629899
14629962
14630161
14630230
14630348
14630426
14630482
14630957
14631127
14631180
14632013
14632132
14632508
14632844
14633242
14633577
14633789
14634098
14634614
14635212
14635748
14635885
14636069
14636500
14636613
14636856
14636963
14636997
14637990
14638355
14638538
14638584
14638949
14639363
14639504
14639582
14640010
14640164
14640291
14640619
14640786
14640944
14641120
14641308
14641742
14642800
14653886
14654252
14654885
14655007
14655681
14657572
14658071
14658525
14658801
14659278
14659652
14660438
14661115
14661211
14661415
14662523
14708348
14708479
14708572
14708994
14709241
14709248
14709251
14709746
14709873
14709962
14710008
14710530
14710645
14710694
14711134
14711603
14711933
14712394
14712614
14712655
14712735
14713010
14713276
14713281
14713510
14713633
14713907
14714083
14714312
14714474
14714489
14714710
14714721
14714764
14714845
14715091
14715306
14715459
14715617
14716323
14716644
14716690
14717035
14717131
14717195
14717376
14717427
14718106
14719102
14719341
14719693
14719824
14720071
14720821
14720852
14721219
14721313
14722127
14722269
14722444
14722513
14722710
14722754
14723041
14742640
14745154
14753107
14753897
14756145
14759233
14760243
14761119
14779940
14781032
14781492
14782243
14782849
14783473
14783874
14785228
14786127
14787024
14788809
14789105
14789182
14789234
14790136
14790533
14791061
14791927
14792085
14792383
14792448
14792458
14792624
14793720
14794103
14794113
14794260
14794418
14794425
14794877
14795265
14795518
14795929
14796115
14796262
14797117
14797182
14797661
14798059
14798267
14798685
14798945
14799091
14800549
14800695
14800963
14801011
14802439
14802625
14802703
14803173
14803298
14803619
14803901
14804696
14805687
14807450
14807791
14807857
14808905
14809572
14809864
14810193
14810245
14810571
14812268
14813447
14813665
14813985
14903860
14907396
14915927
14916763
14917233
14917809
14917945
14918127
14918669
14918696
14918990
14918992
14919169
14919792
14919990
14920447
14921002
14921066
14922082
14922971
14923097
14923270
14923324
14923686
14923821
14924023
14924315
14924317
14924387
14924516
14925175
14925790
14925897
14925940
14926547
14926759
14926827
14926978
14927870
14928034
14928830
14928896
14928932
14928989
14929384
14929885
14930142
14930182
14930524
14930559
14930841
14930853
14930857
14930864
14931267
14931752
14931894
14932930
14932973
14933345
14933617
14933731
14934970
14935101
14935506
14935712
14936370
14936569
14936683
14937103
14937449
14937672
14937681
14938131
14938371
14938403
14939465
14939676
14939695
14939749
14940005
14940100
14940237
14940567
14940866
14940969
14941161
14941673
14941684
14941760
14941779
14941781
14942316
14942705
14942733
14942973
14943061
14943326
14943399
14943497
14943522
14944152
14944185
14944293
14944599
14944674
14945325
14946226
14948412
14948503
14948824
14948911
14949428
14950291
14950889
14951530
14952475
14952535
14952890
14953543
14954219
14954682
14954915
14955524
14955548
14956105
14956406
14957057
14957140
14957659
14958831
14978046
14978318
14978354
14978469
14978802
14978851
14979221
14979605
14979812
14980763
14981713
14982068
14982368
14982550
14982556
14982564
14982686
14982716
14982766
14983414
14984225
14984879
14984965
14984988
14985009
14985172
14985241
14985548
14985963
14986004
14986538
14986664
14986714
14986828
14986908
14987713
14988815
14989048
14989178
14989187
14989336
14989350
14989571
14989646
14989821
14990065
14990249
14990605
14990635
14990903
14991003
14991883
14991977
14992060
14992346
14992929
14993285
14993311
14993438
14993809
14993879
14994100
14994297
14994308
14994440
14995044
14995276
14995532
14995615
14995687
15004434
15005958
15034730
15038399
15065481
15066077
15066975
15068255
15070750
15073202
15074746
15075563
15077215
15081312
15114227
15114694
15114996
15115587
15115879
15117595
15119723
15121108
15121367
15121595
15123576
15123904
15124146
15124227
15125155
15125191
15125236
15125578
15125878
15126224
15126489
15126626
15126747
15127154
15127296
15127504
15127686
15128052
15128183
15129023
15129156
15129474
15129625
15129759
15129924
15130247
15130586
15131075
15131673
15132197
15132541
15132658
15133113
15134320
15134357
15134635
15134679
15134797
15135662
15135799
15135843
15136182
15136213
15136587
15136868
15136896
15137266
15137305
15137319
15138208
15138258
15191851
15209040
15209284
15209669
15210052
15210269
15210623
15211336
15212103
15212132
15212230
15212821
15213473
15214210
15214267
15214393
15214461
15214621
15214833
15214958
15214973
15215183
15215546
15215690
15215875
15216124
15216466
15216800
15217327
15217885
15218243
15218642
15219398
15219690
15220091
15220218
15220604
15220610
15221227
15222245
15222286
15222357
15223090
15223679
15224467
15224560
15243258
15243666
15244000
15245121
15245765
15248113
15248133
15248240
15248777
15249576
15249688
15253377
15254556
15254956
15255762
15255790
15257353
15258693
15320048
15323035
15326922
15327476
15328405
15346588
15350366
15351111
15351996
15352922
15353235
15354343
15354743
15356740
15419817
15427358
15427560
15428966
15429553
15430587
15433902
15434025
15434151
15434920
15434960
15435533
15435979
15436742
15437670
15437981
15439382
15439433
15439671
15440269
15441225
15441458
15441982
15442874
15443175
15443722
15444534
15445073
15445148
15445654
15450815
15456008
15462550
15462602
15462955
15463390
15463962
15464720
15465246
15466021
15466282
15466331
15466532
15467846
15468014
15468650
15468722
15468773
15468869
15468996
15469380
15471057
15471716
15472994
15473036
15473597
15474203
15474948
15475058
15475162
15475352
15475429
15475962
15476197
15521074
15521374
15525259
15525467
15525718
15526451
15528218
15529111
15529317
15533297
15534146
15534523
15585918
15586237
15586576
15586674
15586889
15587242
15587519
15588199
15588255
15589014
15589254
15589316
15589359
15589859
15590501
15590528
15590593
15590835
15590840
15591155
15591157
15591225
15592134
15592436
15592756
15592768
15592969
15593111
15593363
15593444
15594748
15595203
15595624
15595777
15596042
15596189
15596299
15596601
15597936
15598720
15598932
15599920
15600715
15600868
15601732
15602452
15604470
15604921
15608407
15660562
15660679
15660981
15661212
15662212
15662380
15662411
15662771
15663177
15663540
15663548
15663582
15664004
15664033
15664099
15664285
15665850
15666175
15666184
15666567
15666994
15667043
15668570
15669286
15670457
15670804
15671856
15672081
15672530
15672634
15672711
15672763
15673522
15673534
15673719
15673819
15673873
15674367
15674847
15675918
15676105
15676396
15676788
15676799
15676926
15677104
15677156
15677311
15677562
15677584
15677591
15678001
15678017
15678027
15678200
15678230
15678626
15679036
15679105
15679439
15679581
15679739
15680082
15680145
15680256
15680941
15682072
15682343
15683341
15683611
15684039
15684154
15684852
15684941
15684999
15685095
15685739
15705364
15707163
15707237
15708348
15709097
15713197
15713936
15714853
15714872
15717159
15753751
15754596
15754597
15755259
15756005
15756156
15757300
15757914
15758412
15759751
15760185
15760299
15760656
15762130
15766638
15768511
15770773
15771131
15771481
15859745
15859907
15860394
15860587
15861439
15861970
15862463
15863047
15863453
15863607
15863668
15863751
15864185
15864658
15865212
15865228
15865379
15865390
15866847
15867232
15867696
15867971
15867996
15868676
15868979
15913644
15914755
15916505
15938632
15951062
15951254
15951313
15951491
15951791
15951888
15951926
15952187
15952196
15953019
15953073
15953489
15954105
15954357
15954649
15954848
15955035
15955382
15956200
15957450
15957786
15958119
15958999
15959285
15959904
15960277
15960623
15960872
15961013
15961216
15961308
15962664
15962813
15963700
15963717
15963995
15964471
15964614
15964666
15965393
15965885
15966091
15966459
15967392
15967501
15967560
16019493
16046712
16047148
16047219
16047996
16049468
16051885
16052130
16052152
16052842
16053254
16053941
16056041
16056362
16057365
16057597
16058108
16058923
16059135
16059524
16059588
16060258
16060340
16060657
16060915
16061073
16061144
16061622
16061765
16062439
16062836
16062894
16063123
16063390
16063409
16064394
16064545
16064584
16064746
16065299
16065326
16065328
16065416
16065483
16066196
16066413
16066671
16067103
16067119
16067337
16067415
16067457
16067807
16067917
16068014
16068070
16068573
16068728
16069217
16069385
16069489
16069644
16069738
16070002
16070264
16070265
16070381
16070912
16071242
16071514
16071675
16071849
16071869
16157471
16225534
16225694
16225725
16226483
16226531
16226633
16226668
16227071
16227087
16227267
16227287
16227684
16227898
16228224
16228252
16228434
16228609
16229012
16229035
16229164
16229436
16229652
16230639
16230809
16230810
16230983
16231019
16231201
16231386
16231545
16231605
16231624
16231773
16232622
16232690
16232837
16232844
16233017
16233342
16233404
16233471
16233790
16233876
16234210
16234356
16235021
16237086
16238580
16238752
16238928
16239255
16239323
16239522
16239607
16239675
16239708
16248221
16308853
16309906
16310192
16310245
16310519
16310736
16310910
16311190
16311419
16311706
16311914
16311958
16312163
16312419
16312572
16312833
16312926
16313025
16313282
16313306
16313728
16313836
16313957
16314213
16315102
16315746
16315799
16315822
16315918
16316240
16316430
16316652
16316862
16317191
16317269
16317426
16317691
16318212
16318695
16319007
16319196
16319341
16319486
16319562
16320086
16320823
16337371
16342716
16343658
16343723
16344122
16344277
16344704
16345252
16346850
16347119
16347121
16347664
16348310
16395063
16395081
16396840
16402520
16403035
16405549
16406170
16406556
16406995
16407443
16407716
16408549
16409328
16409397
16409843
16409849
16410908
16411130
16411143
16411382
16411641
16412201
16412263
16412462
16412534
16412844
16412871
16413274
16413402
16413517
16414334
16415770
16416313
16416595
16417120
16417435
16417508
16417565
16417669
16417849
16418132
16418438
16418536
16453838
16454523
16457079
16459875
16461891
16463563
16463748
16464563
16465935
16467165
16468114
16471504
16472549
16473038
16473420
16473667
16477647
16477747
16478594
16478599
16478706
16480119
16480377
16481408
16481829
16482240
16482362
16482511
16483441
16483558
16484003
16484029
16484370
16485226
16486114
16487740
16582106
16583497
16584365
16585831
16586509
16588553
16588642
16589780
16590059
16590831
16591153
16592377
16593118
16593252
16594001
16596210
16599167
16600889
16603268
16612853
16615835
16619355
16650982
16651279
16651489
16651782
16652803
16652856
16653001
16653065
16653697
16653850
16654002
16654217
16654678
16654773
16654961
16655556
16655682
16655722
16656137
16656213
16656281
16656792
16657360
16658307
16658477
16658496
16658538
16658651
16658881
16658992
16659038
16660160
16660883
16661669
16661803
16661834
16661854
16661947
16662036
16662317
16662369
16662437
16662657
16663345
16663401
16663490
16663745
16663865
16664183
16664199
16664465
16664510
16664644
16664786
16664799
16665303
16665413
16665529
16665730
16665925
16666121
16666136
16666159
16666398
16666667
16667179
16667222
16667242
16667351
16667441
16667474
16668199
16668246
16668552
16668892
16669738
16669810
16669849
16669862
16670212
16670502
16671045
16671115
16671257
16671458
16671604
16672085
16672492
16673700
16674256
16674305
16674618
16675087
16675425
16675757
16675959
16675993
16676159
16676382
16677721
16678101
16678135
16678206
16695162
16787337
16918552
16919195
16920018
16920045
16920052
16920300
16920433
16920492
16920855
16920960
16921067
16921818
16922008
16922671
16922938
16923488
16923518
16923568
16923604
16923790
16924314
16924611
16924630
16924689
16924845
16924896
16924917
16925217
16925476
16925772
16925809
16925843
16925990
16926186
16926227
16926239
16926428
16926472
16926915
16927386
16927724
16928481
16928489
16928654
16928964
16929188
16929526
16930149
16930177
16930490
16930873
16930934
16993941
16994645
16994677
16994765
16994797
16995542
16996238
16996290
16996749
16996885
16997110
16998539
16998896
16998963
16999101
16999262
16999510
16999670
16999907
16999939
17000035
17000084
17000605
17000628
17000846
17001129
17001335
17001351
17001965
17002812
17002836
17003082
17004266
17004365
17004389
17004550
17004869
17005476
17005708
17005879
17006430
17006469
17006595
17006865
17007128
17007178
17007282
17007760
17007862
17008718
17009159
17021592
17028899
17175400
17176412
17181762
17187982
17188908
17212109
17216996
17219141
17220665
17279760
17282876
17289980
17346545
17346988
17347380
17347883
17348062
17348218
17348964
17349011
17349412
17350176
17350290
17351234
17351279
17351514
17351691
17351969
17352175
17354318
17354928
17356124
17356557
17357633
17357919
17358185
17358355
17387047
17387182
17387484
17387622
17387752
17388367
17389675
17390102
17390227
17390261
17390332
17390535
17390770
17390861
17391839
17392572
17393093
17393485
17393606
17393634
17393753
17393867
17394401
17394814
17394914
17395422
17395459
17395583
17395995
17396080
17396099
17396591
17396723
17397183
17397822
17398159
17398656
17399150
17399987
17400450
17400522
17400968
17401173
17401241
17401307
17401473
17402374
17402903
17403075
17403124
17404035
17404160
17404649
17404819
17405299
17405416
17405706
17406166
17406472
17406919
17408223
17408294
17408312
17408655
17408874
17409118
17409253
17409584
17410331
17410505
17410732
17410888
17411097
17411517
17411518
17411527
17412441
17412770
17413043
17413426
17413437
17413442
17414265
17414314
17415523
17415666
17416667
17417218
17417361
17417569
17418433
17418444
17419003
17419181
17420438
17420638
17420794
17420873
17420915
17422730
17424431
17424635
17424771
17426776
17428210
17428735
17429715
17431468
17432786
17433417
17434470
17439879
17440476
17443736
17444435
17446842
17447677
17447869
17448116
17475521
17476248
17477183
17477574
17477723
17477798
17477818
17477846
17477890
17477896
17477919
17478522
17478616
17478617
17478916
17479019
17479052
17479533
17479569
17479597
17479623
17479634
17480045
17480070
17480290
17480616
17480662
17480712
17480962
17481019
17481073
17481311
17481474
17481509
17482053
17482174
17482273
17482487
17482555
17483243
17483527
17483795
17484040
17484192
17484685
17485005
17485169
17485764
17485785
17485832
17485869
17485945
17485978
17486273
17486430
17486464
17486640
17486760
17487642
17488133
17488270
17488319
17630240
17631687
17637797
17638506
17640707
17640820
17640926
17641578
17641700
17642260
17642327
17642791
17642946
17643377
17643383
17643948
17644100
17645573
17646344
17646436
17646694
17647559
17647937
17648194
17648945
17649204
17649888
17650280
17650961
17651028
17651029
17651233
17651902
17652124
17652223
17652342
17652896
17652913
17654891
17655184
17655327
17656693
17657182
17657514
17657638
17658098
17658299
17658344
17690167
17690651
17690769
17690881
17691358
17691515
17691809
17692122
17692638
17692688
17692839
17693179
17693382
17693383
17694255
17694345
17694647
17694659
17694668
17694786
17695050
17695492
17695533
17695816
17696193
17696374
17696411
17696474
17696822
17697662
17698317
17699383
17699432
17699542
17699740
17699987
17700568
17700784
17700808
17700911
17701254
17701575
17701615
17701840
17701945
17702067
17702156
17702426
17702437
17702449
17702479
17702501
17702558
17702651
17702830
17758670
17758945
17760020
17761843
17762800
17763580
17763916
17764355
17764798
17764840
17765105
17765422
17765590
17767166
17768327
17768504
17769079
17769126
17781686
17781776
17781854
17782699
17782786
17782827
17783128
17783228
17783333
17783511
17783781
17784027
17784220
17784377
17785199
17785225
17785610
17785711
17785714
17785934
17786015
17786144
17786800
17786895
17786912
17787663
17787772
17788569
17788582
17789977
17790220
17791326
17791406
17791945
17792007
17792941
17792992
17793146
17793603
17793755
17794914
17795918
17796361
17796681
17797385
17797675
17797905
17800052
17800146
17800676
17801151
17802313
17802373
17802996
17803058
17803307
17805430
17805483
17805989
17806365
17806895
17807096
17808540
17808698
17810036
17810646
17810957
17811507
17811943
17812817
17813008
17814282
17814487
17815163
17815274
17815821
17815823
17815845
17815922
17816281
17816841
17818220
17818686
17819480
17819536
17819756
17819967
17820485
17820623
17820679
17820827
17821212
17821237
17821669
17822332
17822551
17822803
17822939
17822977
17823076
17823482
17823703
17823773
17823854
17824078
17824308
17824728
17824746
17826340
17826486
17826562
17826563
17826751
17827423
17827530
17827721
17827832
17828637
17828998
17829203
17829571
17829914
17830179
17830340
17830499
17830646
17831994
17832170
17832297
17834147
17834692
17834918
17835177
17835677
17836478
17836501
17837199
17837932
17838342
17838626
17838748
17839113
17839428
17839854
17840386
17840689
17841118
17841231
17841408
17841409
17841708
17841962
17842609
17843204
17845908
17847039
17848531
17849413
17859143
17859220
17864686
17868743
17868859
17874124
17875744
17878984
17879184
17879935
17883803
17887030
17887957
17888680
17889208
17889232
17899292
17908866
17909061
17909901
17910879
17911070
17911236
17911556
17911616
17912183
17912444
17912890
17914668
17915575
17915630
17915831
17915927
17916004
17916110
17916394
17916510
17916953
17917131
17918032
17918243
17918521
17918720
17919546
17919748
17919794
17920935
17921379
17922681
17923064
17923321
17923622
17925000
17926833
17927377
17927625
17928652
17929246
17929602
17929630
17929649
17929761
17930038
17930282
17930407
17930702
17931175
17931763
17933039
17933413
17933513
17933564
17934382
17934832
17934867
17934891
17934964
17935134
17935161
17935241
17935283
17935563
17935731
17936427
17937153
17937465
17937719
17938635
17938825
17939035
17939507
17939530
17939630
17940025
17940055
17940065
17941742
17941802
17942020
17942036
17942729
17942830
17942891
17943115
17943993
17944044
17944204
17944317
17945056
17945510
17945525
17945709
17945767
17946131
17947136
17947336
17947472
17947609
17966755
17967307
17967553
17967916
17968553
17968997
17969029
17969156
17969296
17969533
17969538
17969954
17970706
17970836
17971128
17971359
17971613
17971826
17971961
17972107
17972117
17972737
17972777
17973597
17973799
17973923
17974747
17974962
17975229
17975389
17975425
17976889
17977911
17978099
17978335
17979365
17979374
17979931
17980196
17981058
17981066
17981164
17981314
17981387
17981607
17981953
17982095
17982150
17983029
17983150
17983337
17983443
17983802
17983937
17985133
17986167
17986581
17986617
17986991
17987149
17988399
17988658
17989436
17989869
17990137
17990267
17991579
17993153
17993460
17995176
17995692
17998005
18000685
18000739
18001584
18001880
18002001
18002297
18002591
18002713
18003427
18003702
18003713
18003870
18003936
18004565
18004825
18004924
18005065
18005693
18005717
18005871
18005890
18005915
18005972
18006147
18006714
18007445
18007765
18008431
18008483
18008584
18008650
18008681
18008729
18009618
18009723
18009851
18009944
18010033
18010202
18010593
18010862
18011034
18011052
18011431
18012664
18013426
18013981
18014305
18014616
18014641
18015490
18015903
18016196
18016440
18016759
18017101
18017181
18017206
18017520
18018088
18022912
18023705
18025172
18029143
18029440
18041467
18074063
18078488
18079834
18082633
18084000
18085577
18117483
18138326
18138648
18138677
18138769
18138821
18139092
18139651
18140220
18140364
18140489
18140665
18140749
18140792
18140905
18141235
18141435
18141438
18142075
18142214
18142669
18142678
18143243
18143670
18143696
18143925
18144032
18144058
18144400
18145604
18145612
18145762
18146452
18147379
18148270
18148359
18148386
18148468
18148698
18148868
18148898
18148906
18149161
18149230
18149455
18149655
18149845
18151156
18151382
18151608
18152383
18152440
18152990
18153652
18154346
18154615
18154627
18154794
18154816
18154965
18155331
18155931
18156180
18156427
18156684
18186722
18186988
18187260
18187509
18187671
18187847
18187920
18188236
18188336
18188661
18188971
18189450
18189746
18189816
18190382
18190525
18191172
18191262
18191553
18191814
18192242
18192380
18192397
18193091
18193173
18194460
18194529
18194792
18196395
18196771
18196818
18197348
18198687
18198922
18199651
18199657
18199827
18200449
18200812
18200869
18200896
18200966
18201146
18201507
18201533
18201559
18203046
18203111
18203336
18203525
18278615
18283852
18294019
18314592
18314674
18315452
18316264
18316687
18317012
18317483
18318146
18318360
18319156
18319723
18319769
18320159
18321330
18321364
18321914
18322036
18322138
18323203
18324132
18325144
18325687
18326446
18326613
18381567
18382502
18385748
18387509
18388761
18390081
18408137
18408710
18408858
18409596
18412179
18413015
18413908
18414319
18415092
18415122
18417003
18418442
18419908
18420250
18549479
18552473
18554117
18555116
18556387
18556825
18558285
18559573
18560812
18565512
18566086
18566217
18567483
18567666
18567777
18568153
18568565
18568567
18568971
18570890
18571305
18571314
18571790
18572935
18573930
18574043
18574067
18574893
18575153
18575176
18575376
18576232
18576676
18577968
18578096
18578847
18579388
18579424
18579878
18580110
18580310
18580464
18581025
18581458
18581591
18581612
18582074
18582178
18582650
18582690
18583360
18583786
18584302
