112427
113219
113438
113597
116519
117320
118215
119084
119228
119324
120193
120782
121096
121411
121559
121784
123591
124123
124685
125593
125896
125945
127344
127971
128063
128117
129099
130495
130756
131001
131313
131596
131640
131737
131750
131856
131887
132367
132457
132656
132835
133143
133266
133745
133873
133998
134057
134264
134374
134849
135100
135159
135236
135872
136018
136212
136265
137765
137998
138025
138084
138158
138427
138607
138708
139123
139170
139237
139623
139669
140384
140495
140788
141457
142694
144243
144434
144639
146183
146386
146448
146455
146571
146821
146883
147012
150376
151570
153158
154176
154753
154822
155087
155124
155838
155947
157249
159353
162666
206148
206347
207071
207276
207619
208437
208705
209072
209167
210039
210098
210209
210247
210767
210770
210798
211199
211578
211654
212050
212594
212835
212856
213760
214853
215087
215452
215535
215608
216586
216867
217085
218388
218648
220941
222703
222905
225213
231112
231681
310956
311032
311262
312005
312424
312471
312474
312732
313581
313696
314159
315169
315868
315974
316145
316622
316768
317151
318146
318179
318654
318781
318863
319196
319523
320126
320263
320446
320618
320677
320695
321918
322118
322521
322589
323461
323783
324542
324742
324815
325642
325912
326147
326495
326795
326797
438373
439710
441362
442665
443315
443486
445140
445788
449462
450981
451601
453566
453971
454112
454234
454607
454847
454864
455055
455540
456257
456408
456693
456732
456874
457253
457456
457763
458026
458056
458587
458677
458729
458953
459103
459966
460085
460864
460907
460950
461802
462047
462470
462555
463174
463429
463471
463497
464014
464581
464691
464803
464845
464899
465163
465309
465835
466111
466374
466494
466746
466932
466991
468096
468107
469378
469799
470662
470862
471353
471377
472204
472542
472921
473987
474627
474832
475358
475451
475761
477132
478447
478519
479078
479933
480575
481194
481392
481789
482132
482716
484354
484427
484530
485691
495922
500012
500500
501330
501335
501349
501498
501644
501828
501844
501882
502623
503081
503201
503591
503601
503672
503833
503951
504456
504917
505189
505401
505549
505793
505840
505848
506792
508040
508353
508871
509500
509538
509664
509827
509853
510870
511231
511387
511997
512102
513064
514243
514354
514460
516162
516673
516903
517360
517490
517773
517810
518231
519179
555389
555839
556040
556150
556196
557246
557573
557587
557709
557821
558294
558673
559012
559328
559625
559705
560213
560298
560685
560760
560923
561267
561541
561874
562152
562433
562477
563042
563052
563556
563753
565058
565106
565269
565497
565520
565594
566271
566433
566573
566676
567078
567134
567182
567248
567266
567387
567812
567871
567980
567984
568249
570006
570716
572677
574163
575415
575709
576899
577163
577369
578615
579326
580193
580771
581152
582476
649175
649275
649345
649465
649519
649545
650036
650143
650147
651501
651862
651900
651938
652085
652825
653375
653792
654171
654210
654442
655107
655376
655556
655723
655732
655991
656859
656862
656900
657105
657567
657752
657858
658224
658684
658718
659565
813948
815018
815125
815448
815691
816040
816458
816551
816657
816673
818036
818840
819425
819689
819986
820210
820472
820495
820564
821334
821918
822069
822199
822399
822528
822778
823160
823259
824037
824093
824171
824181
824773
825725
825785
825840
825936
826827
826993
827273
828031
828350
828506
829337
829818
830307
830360
841597
842986
844727
845380
846912
846960
847516
848265
848421
848598
848673
848679
849363
849372
850318
850459
851611
852920
853694
854822
854846
855750
856167
856247
856674
856860
857647
858654
858995
859687
859858
860106
860436
860659
861284
861300
861632
862346
862742
863179
863633
863707
864708
865201
865995
866213
867772
869363
898575
898967
899196
899326
899395
899795
900113
900133
900610
900904
900937
901001
901089
901147
901264
901332
901348
901505
902086
902249
902615
902650
902914
903709
903876
904140
904637
904791
905005
905353
905488
905521
905573
905711
905792
905858
905922
905957
906240
906414
906632
906662
907317
907892
908275
908382
908477
908537
909452
909477
909753
909837
910197
910234
910682
910838
911109
911382
911486
911509
911691
911802
911993
912195
912261
912559
912722
913041
913127
913179
913886
914005
914264
914348
914382
914415
914525
914906
915003
915182
915378
1006557
1019507
1052149
1052509
1055617
1056622
1056667
1056790
1059355
1060308
1074712
1238493
1238538
1238568
1238877
1239019
1239429
1240159
1240330
1240617
1240650
1241567
1241633
1242103
1242340
1242394
1242598
1242719
1243000
1243498
1243858
1244794
1245276
1245410
1245674
1245868
1245868
1245989
1246159
1246615
1246797
1247464
1247494
1247627
1247796
1247842
1248540
1248594
1248769
1248852
1249043
1249306
1249326
1249475
1250119
1251106
1251422
1251858
1252116
1252208
1252330
1254081
1254962
1255029
1255614
1255738
1255850
1255934
1256817
1257199
1257232
1257478
1257571
1257582
1257809
1258199
1258278
1258884
1259226
1259256
1259626
1259656
1259702
1260170
1260298
1260812
1261242
1261371
1261540
1261618
1261769
1262075
1262347
1262616
1262923
1263151
1263332
1265165
1265777
1266016
1266921
1267441
1267443
1267484
1267635
1267729
1268182
1268419
1268471
1268580
1282841
1283307
1283418
1283549
1284167
1284238
1284710
1284913
1285028
1285651
1286139
1286922
1287267
1288118
1289376
1289709
1289914
1290334
1290590
1290852
1291120
1291809
1293065
1293075
1293256
1293353
1293874
1294063
1294645
1294983
1295059
1295569
1295702
1295938
1296307
1296595
1297452
1297510
1297993
1298107
1299217
1299445
1299930
1300120
1300867
1300874
1301065
1301315
1302533
1302891
1303074
1303275
1304101
1305060
1305275
1306270
1306318
1306441
1307165
1307492
1307671
1307737
1308231
1308516
1308572
1308625
1308909
1309155
1309238
1309344
1309535
1309818
1310461
1311061
1311220
1314575
1316638
1316797
1319954
1320247
1322070
1325734
1326269
1326874
1327739
1327848
1372792
1372861
1373547
1375746
1375886
1376545
1376753
1377628
1377767
1378008
1379504
1380172
1380695
1381107
1382065
1383301
1386477
1387380
1388176
1388798
1389283
1389712
1390927
1391134
1392025
1392806
1392861
1394179
1395530
1399441
1401078
1401256
1402173
1402367
1404219
1404632
1405539
1407297
1408691
1409104
1414017
1416855
1418632
1418724
1418826
1418971
1419027
1420225
1420703
1421295
1421447
1421466
1421496
1421844
1422053
1422290
1422535
1422601
1422810
1423150
1423151
1423155
1423160
1423254
1423311
1423506
1423914
1424042
1424121
1424141
1424406
1425288
1425384
1425939
1426277
1426513
1426527
1426602
1426643
1426721
1426776
1426862
1426899
1426917
1426985
1427102
1427206
1427386
1427577
1427700
1427704
1427811
1428330
1428397
1428770
1432742
1438797
1442238
1456933
1458505
1462722
1462827
1463702
1464261
1465185
1467093
1467620
1469199
1469207
1469523
1469530
1469887
1469996
1471596
1472131
1472881
1473175
1473748
1474413
1474534
1475209
1476272
1477036
1477092
1477678
1478537
1479673
1479801
1480060
1480207
1480772
1480777
1481277
1481599
1481629
1482273
1482536
1482790
1483523
1484042
1484201
1484373
1484392
1484757
1485236
1486994
1487294
1488014
1488636
1488878
1489297
1489838
1489927
1489978
1630149
1633488
1634053
1635174
1679454
1679454
1680225
1681658
1681935
1682078
1682100
1682362
1683218
1683352
1683665
1683891
1684094
1684124
1684153
1684272
1685175
1685262
1685284
1685369
1685504
1686104
1687105
1687276
1687885
1688292
1688434
1688560
1688688
1688866
1688981
1689598
1689791
1690081
1690592
1691455
1692612
1693447
1693876
1694447
1694452
1694772
1694802
1695169
1696764
1697128
1707408
1709251
1709464
1713721
1729442
1744487
1744714
1746752
1748787
1749379
1751798
1754625
1755934
1758461
1758676
1759251
1759555
1759568
1759964
1797992
1799656
1802017
1802111
1802528
1803670
1804024
1804621
1804787
1806690
1807107
1808121
1872777
1874641
1874941
1875583
1876344
1877041
1877222
1877423
1878320
1879365
1879803
1880411
1880875
1881711
1882051
1885021
1886049
1886490
1886568
1887497
1891365
1900703
1900795
1901379
1901730
1902044
1902220
1902418
1903803
1904049
1904409
1904456
1904784
1905488
1906218
1906491
1906929
1907404
1907601
1907781
1908896
1910014
1911658
1911740
1912370
1913281
1914095
1914157
1914773
1933045
1933450
1933586
1934545
1935195
1935470
1935909
1936174
1936480
1938757
1938899
1939541
1939830
1940689
1941888
1943979
1947138
1948859
1948992
1950128
1950230
1950696
1950777
1951095
1951362
1951747
1952101
1972147
1973794
1974124
1975229
1977412
1979008
1979436
1979652
1981544
1982214
1983164
1983779
1984370
1984777
1985311
1987190
2034588
2035699
2036428
2036452
2038776
2039804
2040115
2040734
2041364
2041471
2041944
2041976
2042047
2042995
2043105
2047465
2048240
2048242
2048341
2076435
2078396
2079688
2116641
2129759
2133816
2133829
2135370
2136483
2137278
2138792
2142018
2143000
2143386
2143631
2143689
2143758
2143916
2144305
2144788
2144867
2144978
2145300
2145924
2145957
2146208
2146268
2146299
2146855
2147096
2147213
2147495
2147651
2147661
2148370
2148460
2149025
2149098
2149571
2149621
2149700
2149834
2150011
2150497
2151068
2151363
2151394
2151531
2152179
2152183
2152665
2152721
2153361
2153945
2154305
2154379
2155147
2155612
2155617
2156138
2156945
2157237
2157454
2157592
2157641
2157762
2157775
2158492
2159269
2159346
2159572
2159939
2160081
2161032
2161154
2161293
2162019
2162234
2162966
2162996
2163094
2163149
2163676
2164341
2164940
2165605
2166002
2166759
2167565
2168185
2168208
2168384
2168840
2169617
2172754
2174575
2193557
2193609
2193961
2195426
2196911
2198395
2200742
2200842
2202061
2202089
2203280
2221893
2221911
2222206
2222297
2222314
2222755
2222851
2223378
2225312
2226719
2228830
2230329
2230412
2232001
2233935
2235727
2235849
2236795
2254487
2254963
2257049
2258173
2260765
2261932
2263020
2285450
2287186
2287565
2287828
2287920
2287922
2288401
2288476
2288670
2289481
2289759
2289901
2290239
2290603
2291575
2292279
2292372
2292459
2292473
2292605
2292642
2292990
2293119
2293310
2294110
2294350
2294465
2294809
2294951
2295142
2295271
2295277
2295417
2295459
2295674
2295986
2296207
2296397
2296637
2297096
2297255
2297474
2297570
2297930
2298057
2298642
2298708
2299237
2299443
2299496
2299543
2299581
2300130
2300156
2300395
2300580
2300819
2300830
2300938
2301112
2301330
2301631
2301651
2301800
2301877
2301892
2302970
2303204
2303329
2304091
2304269
2304471
2304638
2304981
2320891
2321198
2321201
2321211
2321400
2321494
2321857
2321935
2322375
2322639
2323131
2323298
2323617
2323704
2324415
2324492
2324667
2324761
2324987
2325061
2325082
2325155
2326213
2326455
2327610
2327745
2328035
2328603
2328680
2329363
2329711
2329743
2330511
2330735
2330775
2330829
2331291
2331335
2331396
2331437
2331836
2331859
2332057
2332158
2332194
2332661
2332736
2333110
2333255
2333392
2333430
2333534
2334418
2334446
2334541
2334740
2334779
2334897
2335190
2335620
2335838
2336078
2336203
2336255
2336373
2336723
2337534
2339419
2339533
2339661
2339707
2339807
2340445
2340597
2340682
2340799
2341148
2341168
2341318
2341679
2341929
2342577
2343703
2343896
2344618
2345156
2345383
2346044
2346056
2346403
2346414
2346514
2346836
2347079
2347346
2347732
2348422
2348575
2348765
2349061
2349271
2349407
2349424
2350472
2350503
2350898
2351247
2351601
2351611
2351617
2351647
2352266
2352595
2352917
2353091
2353127
2353141
2353240
2353610
2354230
2354425
2354459
2355213
2355219
2355232
2355483
2355712
2355877
2356390
2356926
2357000
2368715
2373560
2376132
2379232
2382427
2384148
2384543
2412517
2418201
2418505
2418711
2418959
2419159
2420318
2420653
2420697
2420839
2421190
2421441
2421650
2422465
2422692
2422995
2423275
2423622
2423939
2424073
2424096
2424189
2424502
2424697
2425473
2425671
2425940
2426675
2426806
2426925
2427059
2427204
2427222
2427363
2427529
2428241
2428406
2428526
2428623
2428758
2428838
2429395
2430302
2430398
2430407
2430499
2430971
2431014
2431077
2431502
2432202
2432319
2432609
2432880
2433124
2433138
2455565
2459470
2465104
2467037
2468103
2468516
2468952
2469153
2471172
2471966
2473482
2474266
2474687
2476213
2476665
2476691
2477465
2479463
2496673
2499276
2501457
2504889
2507725
2511669
2512024
2512588
2513176
2513346
2513573
2513805
2515012
2515812
2515848
2515918
2516901
2516984
2517355
2517627
2518391
2519180
2520016
2522591
2553550
2581128
2581217
2581434
2581440
2581536
2582394
2582562
2582936
2583066
2583372
2583448
2583895
2584016
2584124
2584565
2584566
2584691
2584872
2585464
2585662
2585817
2585887
2586370
2587114
2587236
2587378
2587585
2587695
2588446
2588972
2589557
2589727
2589765
2590307
2590894
2590912
2591051
2591092
2591137
2591182
2591303
2592198
2612987
2613035
2613617
2613641
2614559
2615417
2615510
2616106
2616183
2616394
2616426
2616499
2616554
2617189
2617393
2617439
2617580
2617710
2617760
2618548
2618758
2618789
2618883
2619218
2619239
2619742
2620275
2621060
2621293
2621672
2622038
2622438
2622705
2623070
2623086
2623504
2660595
2661150
2661206
2661463
2661554
2661814
2662042
2662579
2662678
2663526
2663562
2663709
2663742
2664160
2664389
2665026
2666430
2666611
2666674
2666796
2667041
2667065
2667233
2667265
2667326
2667383
2667436
2667984
2668201
2668206
2668215
2668504
2668689
2668717
2668847
2669002
2669084
2669451
2670165
2670344
2670439
2670454
2670638
2670824
2671223
2671633
2671751
2671937
2672031
2695320
2702639
2703974
2704002
2704295
2704497
2704851
2705247
2705253
2705372
2705578
2706310
2706370
2706443
2706498
2706713
2707063
2707136
2707337
2707529
2707713
2708124
2708576
2708738
2708813
2709028
2709306
2709779
2709913
2709966
2710029
2710084
2710452
2711308
2711390
2711413
2711647
2712114
2713079
2713202
2713426
2713446
2713638
2714459
2714485
2714691
2715070
2715461
2715569
2715579
2715639
2716152
2716352
2716700
2717051
2717111
2717196
2717607
2717691
2717755
2717764
2717953
2718035
2718212
2718467
2718860
2719266
2719652
2719716
2719800
2720087
2720190
2891080
2891516
2891587
2892364
2893836
2896253
2896498
2896520
2897210
2897622
2898309
2900409
2900730
2916884
2918023
2918202
2921409
2921909
2921956
2928160
2928652
2928731
2931659
2934956
2936842
2937032
2937198
2937356
2937656
2938052
2939682
2939966
2940316
2940452
2940485
2940524
2940761
2941321
2941765
2941773
2942180
2943282
2943985
2944001
2944600
2944663
2944768
2946305
2946526
2946687
2946909
2947123
2947828
2948852
2948958
2949215
2949402
2949759
2949831
2951949
2951979
2952143
2952497
2952524
2952664
2953276
2953506
2953564
2953688
2954019
2954186
2954680
2955467
2955826
2956842
2956859
2957128
2957402
2957770
2958274
2958501
2959318
2960198
2961180
2961434
2961853
2962156
2962943
2963176
2963543
2963590
2963815
2964553
2965244
2965293
2965401
2965587
2965854
2966124
2966212
2966974
2967022
2967351
2967986
2968288
2968445
2969335
2970789
2970803
2970844
2971037
2971681
2971709
2971780
2971897
2972007
2972482
2972634
2973273
2974630
2974638
2975009
2975354
2975438
2975589
2975662
2975990
2976010
2976040
2976104
2976917
2977027
2977493
2977501
2977644
2977717
2977853
2978059
2978335
2978537
2979055
2979191
2979725
2980193
2980312
2980926
2981712
2982110
2982585
2982946
2983019
2983309
2983332
2983407
2983729
2983895
2984131
2984545
2985349
2985741
2985826
2985922
2986261
2986304
2986353
2986376
2986588
2986941
3018422
3018998
3020190
3020424
3020689
3021172
3022071
3022081
3023370
3023847
3024211
3024885
3025139
3025162
3025467
3025942
3026426
3027952
3028558
3028800
3029515
3029559
3029828
3031587
3031866
3032654
3032979
3033025
3033996
3075141
3093903
3095511
3096717
3098925
3101606
3104626
3108109
3110001
3111844
3138464
3138619
3145488
3146903
3147024
3148524
3152826
3155326
3192430
3195283
3195646
3196919
3200354
3202722
3203628
3204160
3205029
3205445
3205972
3208879
3211125
3212150
3213052
3215253
3217693
3219806
3284493
3285949
3287236
3287383
3288837
3289700
3289887
3289959
3292395
3293060
3294063
3294353
3294386
3294491
3295459
3295616
3295794
3295889
3296515
3296544
3297700
3298535
3298673
3299681
3361564
3361661
3361676
3361989
3362278
3362712
3362946
3363291
3363778
3363822
3363899
3364381
3364596
3364653
3364681
3365212
3365543
3365808
3366172
3366173
3366471
3366754
3367064
3367288
3367295
3367420
3367453
3367577
3368163
3368415
3368924
3368955
3368983
3369038
3369227
3369951
3369960
3370668
3370673
3371060
3371493
3371627
3371707
3371996
3372300
3372969
3373043
3405976
3406658
3406690
3406886
3407018
3408854
3409350
3411189
3448392
3449020
3449443
3449950
3450440
3450504
3450523
3450604
3451148
3451251
3451450
3452721
3453007
3453141
3453201
3453307
3453468
3453525
3454165
3454212
3455651
3456204
3457042
3457574
3458086
3458101
3458680
3458747
3458769
3459200
3459360
3459871
3459934
3460098
3460106
3658008
3667592
3668047
3726670
3726798
3726829
3726962
3727173
3727210
3727351
3727415
3727812
3727951
3727975
3727998
3728217
3728281
3728396
3728597
3728785
3728820
3728908
3729002
3729081
3729237
3729372
3729691
3729800
3729857
3730146
3731400
3731467
3731700
3731844
3732156
3732267
3732494
3733264
3733307
3733588
3734014
3734073
3734284
3734336
3734368
3734417
3735238
3735359
3735475
3736492
3736551
3736823
3736955
3737085
3737126
3737514
3737649
3738026
3738460
3738608
3738651
3739003
3739004
3739091
3739192
3739770
3739798
3739823
3740122
3740185
3740211
3740281
3740304
3740305
3740348
3740580
3740691
3740984
3741020
3741723
3741762
3742236
3742810
3742984
3743803
3743880
3744291
3744732
3744818
3797888
3827225
3827353
3828240
3828624
3828667
3828706
3828743
3828874
3829843
3830146
3830596
3830982
3831501
3831513
3831854
3832482
3832873
3832983
3833705
3835466
3835902
3836136
3836575
3836891
3837221
3837320
3837727
3839030
3852691
3853399
3854187
3854394
3854524
3854664
3854704
3855201
3855890
3856137
3856342
3856737
3856803
3856826
3857413
3858027
3858070
3858673
3859676
3859711
3860106
3860984
3861110
3861175
3861451
3861639
3861947
3862778
3863916
3864034
3864056
3864187
3864600
3864906
3864964
3864971
3864972
3865232
3865273
3865321
3865961
3866180
3866184
3866487
3866556
3866640
3866809
3867933
3868292
3868320
3868329
3868460
3868988
3869392
3869510
3869740
3869743
3870139
3870176
3870803
3870901
3871294
3871465
3890316
3890468
3890570
3890572
3890645
3890811
3890921
3891299
3892299
3892477
3892697
3892744
3892784
3892789
3892873
3893098
3893864
3894208
3895007
3895046
3895319
3895687
3896093
3896287
3896367
3896922
3896988
3897616
3897687
3897848
3898086
3898194
3898627
3898635
3898954
3899122
3899437
3899750
3899955
3900076
3900209
3900228
3900342
3900480
3900684
3900975
3901368
3901475
3901539
3901980
3902274
3902752
3902971
3902980
3903103
3903720
3903886
3904057
3904887
3905160
3925221
3925277
3925889
3926016
3926144
3926649
3927001
3927971
3927996
3928034
3928076
3928095
3929472
3929833
3929860
3930134
3930514
3930752
3931055
3931449
3932140
3933090
3933843
3933971
3934507
3936066
3936122
3936671
3936854
3937259
3937524
3937533
3937542
3937552
3937629
3938098
3938105
3938176
3938782
3939053
3939804
3941107
3946308
3946902
3947186
3952458
3952535
3953117
3954076
3954489
3955089
3970593
3970908
3970968
3971354
3971842
3972455
3972565
3972775
3972935
3972957
3973307
3973353
3974230
3974482
3974602
3974744
3975182
3975285
3975476
3975567
3975681
3976201
3976434
3976442
3976843
3977292
3977756
3977815
3977946
3978292
3978463
3978933
3979118
3979348
3979382
3979590
3979659
3979747
3980063
3980110
3980117
3980250
3980261
3980345
3980499
3981081
3981481
3981487
3982196
3982217
3982800
3983282
3983561
3983687
3983799
3983811
3983844
3984357
3984463
3984491
3984741
3984882
3984969
3984994
3985288
3985337
3985522
3985664
3985799
4016508
4021255
4041742
4041965
4042020
4042532
4042801
4043487
4044313
4044505
4045596
4046233
4046823
4047171
4047221
4047299
4047514
4047799
4048176
4048287
4048610
4050074
4051496
4052157
4053042
4053174
4053331
4053526
4053550
4054200
4055137
4055597
4055834
4055993
4057224
4057935
4058124
4058212
4058367
4059829
4059860
4060520
4073857
4073880
4074996
4075274
4075399
4075446
4075924
4076440
4076712
4077120
4077189
4077870
4078603
4078918
4080665
4081014
4081493
4082400
4082541
4083179
4083195
4083301
4084243
4084701
4084819
4200817
4200938
4201073
4201360
4202000
4202671
4202757
4202842
4202938
4203038
4203274
4203413
4203779
4203922
4204624
4204900
4205440
4205492
4205503
4206606
4207071
4207536
4207549
4208145
4208235
4208299
4208683
4208689
4208799
4209448
4209592
4210326
4210540
4210926
4211402
4211499
4211701
4211800
4211829
4211881
4212160
4212193
4212280
4212332
4212553
4214146
4215025
4215120
4215131
4215407
4215468
4215618
4215899
4216290
4216363
4216608
4216653
4256007
4259116
4261903
4262273
4275539
4275871
4276558
4276564
4276734
4277105
4277279
4277521
4277736
4277972
4279492
4279893
4280522
4280669
4281581
4281593
4282025
4282375
4282440
4282795
4282945
4283211
4283947
4284553
4285214
4285575
4285638
4285648
4286500
4286969
4287580
4288267
4288576
4288721
4288780
4289249
4289524
4289661
4290506
4291741
4291953
4292276
4293248
4312094
4312251
4312891
4313101
4313247
4314139
4314235
4314247
4314398
4314451
4314566
4315059
4315330
4315353
4315609
4315701
4315731
4316050
4316483
4316534
4316648
4316813
4316854
4317469
4317846
4317979
4318188
4319179
4319362
4319558
4320242
4320306
4320642
4320960
4321058
4321141
4321470
4321517
4321625
4322057
4322105
4322486
4322534
4322662
4322732
4323070
4323193
4323339
4356476
4356790
4357028
4357140
4357169
4357333
4357723
4357771
4358032
4358083
4358089
4358642
4358778
4359177
4359218
4359407
4359440
4360039
4360571
4360980
4361143
4361186
4361495
4361900
4362193
4362992
4363219
4364071
4364540
4364707
4364731
4364804
4365659
4365849
4365936
4366130
4384895
4384982
4385117
4385576
4385683
4385784
4386895
4386964
4387006
4387197
4387861
4387893
4388465
4388528
4388745
4389120
4389167
4389216
4389247
4389639
4389827
4390157
4390288
4390312
4390531
4390565
4391063
4391145
4391206
4391591
4391616
4391647
4391973
4392263
4392307
4392650
4392695
4392948
4393116
4393809
4393921
4394017
4394096
4394169
4394389
4394577
4395337
4395816
4396171
4396227
4401528
4404790
4442653
4443029
4444465
4444903
4446107
4446460
4446522
4446844
4446900
4447796
4448067
4448234
4448270
4448419
4448424
4448722
4448987
4449013
4449131
4449307
4449326
4449394
4449601
4450010
4450450
4450902
4451063
4451128
4451462
4451487
4451787
4451825
4452203
4452466
4452526
4452702
4453453
4458947
4459976
4465387
4466518
4467575
4472230
4472237
4472558
4475764
4476020
4479198
4482711
4482712
4483466
4483525
4484635
4485971
4486881
4487725
4487983
4488010
4488031
4488536
4488640
4488670
4488767
4489468
4489587
4490418
4490570
4490809
4491855
4491873
4493422
4494077
4494187
4494245
4548507
4707626
4710668
4715715
4722723
4723066
4724563
4731890
4731935
4732517
4732740
4732874
4733130
4733249
4733764
4734089
4734131
4734831
4734879
4734965
4735187
4735832
4736055
4736211
4736801
4736812
4737024
4737245
4737553
4737993
4738095
4738510
4738725
4738788
4738839
4738863
4738977
4739183
4739526
4740288
4740449
4740966
4741035
4741149
4741358
4741901
4741937
4741999
4742077
4742288
4743053
4743175
4743284
4743316
4743549
4743744
4743939
4744038
4744068
4744074
4744336
4744796
4746400
4746472
4746631
4747177
4747186
4747207
4747938
4748543
4748717
4749067
4782996
4790876
4850547
4988388
4989231
4989491
4989721
4990825
4993675
4997385
4997978
4998849
5003131
5005550
5008283
5008937
5039333
5039446
5039695
5043599
5044223
5044741
5045401
5045420
5046429
5047240
5047365
5047667
5048434
5049142
5049255
5049466
5049642
5053726
5053731
5053750
5053788
5054906
5055909
5056131
5057977
5068515
5068864
5068961
5073478
5080638
5083558
5084284
5085421
5086560
5086819
5087011
5088335
5088496
5088532
5089302
5089938
5090064
5090170
5093878
5093965
5159532
5162678
5171009
5171252
5172206
5172209
5172497
5172775
5172938
5174031
5174582
5175122
5176253
5177023
5177107
5177881
5178393
5179056
5179104
5179156
5179225
5179717
5180180
5180245
5180460
5180761
5180916
5181873
5182064
5183062
5183650
5183748
5183899
5184987
5234196
5234577
5234609
5234789
5234882
5234891
5234969
5234974
5235065
5235502
5235559
5236032
5236035
5236376
5236792
5236896
5237108
5238124
5238315
5238494
5239155
5239814
5239979
5240476
5240562
5240816
5240905
5240910
5240952
5241087
5241169
5241817
5242264
5242332
5242863
5243119
5243183
5243202
5243487
5243916
5244016
5244054
5244196
5244362
5244456
5244687
5244813
5244927
5245073
5245268
5245325
5245475
5245736
5245922
5245958
5245962
5245975
5246120
5246220
5246317
5246373
5246470
5246797
5246816
5246878
5247545
5247802
5248153
5248158
5248197
5248366
5248821
5248884
5250071
5250208
5250997
5251375
5251464
5251465
5251707
5251885
5292151
5292751
5294796
5295496
5295966
5296893
5298651
5298758
5299877
5302830
5304652
5305736
5387563
5387685
5387696
5387767
5388135
5388154
5388361
5388414
5388716
5388997
5389880
5390223
5390384
5390598
5391086
5391192
5391832
5391919
5392040
5392159
5392546
5392644
5392758
5393808
5394222
5394801
5394844
5396082
5396374
5396529
5396722
5396809
5397077
5397295
5397731
5397921
5456091
5465500
5498431
5498778
5499590
5500116
5500656
5500931
5502392
5502419
5502804
5503017
5503192
5503230
5503308
5503511
5504274
5504313
5504520
5505058
5505883
5506067
5506740
5507736
5577548
5582863
5585912
5586011
5587980
5590992
5591283
5591531
5591591
5591971
5592071
5592751
5593335
5593786
5594766
5594896
5594935
5594947
5595010
5595471
5595694
5595771
5596080
5596407
5596965
5597038
5597357
5598091
5598926
5599205
5599372
5599400
5599450
5599946
5600102
5600150
5600312
5600649
5601042
5601487
5601557
5601605
5601734
5603245
5603963
5605533
5607232
5607569
5608995
5609825
5610983
5637636
5638340
5641667
5644034
5644660
5644703
5644783
5645401
5645498
5645705
5645749
5645907
5646033
5646120
5646857
5648062
5648245
5648395
5649026
5808187
5808207
5808624
5808920
5809241
5809402
5809511
5809772
5810212
5810337
5810446
5810858
5810951
5810993
5811305
5811376
5812421
5812458
5812903
5813422
5813874
5814000
5814010
5814065
5814193
5814939
5815313
5815552
5816044
5816455
5816561
5816845
5817323
5817506
5817539
5817613
5817859
5818333
5818706
5818791
5818870
5819791
5819819
5819844
5820207
5820350
5821478
5821618
5821676
5822404
5822849
5823554
5825125
5825317
5826344
5827233
5831909
5832586
5833080
5838967
5839980
5928080
5928842
5929241
5931924
5933280
5934697
5936427
5937244
5938306
5939621
5953337
5953748
5959653
5961259
5962135
5964168
5965616
5966116
5966195
5966268
5966375
5966480
5967223
5967636
5967674
5967801
5968334
5968476
5968864
5968933
5969040
5969682
5969700
5969792
5970057
5970474
5970933
5970983
5971783
5971959
5972136
5972211
5972286
5972840
5973022
5973297
5973419
5973560
5974111
5974881
5975267
5975837
5975927
5976447
5976489
5976520
5976570
5976699
5977297
5977925
5978396
5978653
6009786
6009819
6009824
6010916
6011105
6011170
6011663
6011777
6012202
6012531
6012747
6012749
6014284
6014647
6014981
6016595
6016900
6017302
6017691
6017954
6018660
6018929
6019046
6019671
6019820
6019924
6020513
6020652
6020835
6021021
6021864
6022466
6022680
6023274
6023412
6023760
6024002
6024069
6024235
6025298
6025755
6026795
6027134
6029504
6031489
6031884
6033155
6034573
6034793
6035736
6035780
6036775
6037973
6040967
6041613
6041729
6043001
6043432
6043660
6132156
6132225
6132855
6132897
6133700
6134329
6134353
6135086
6135171
6136165
6136220
6136292
6136321
6136985
6136996
6137270
6137290
6137740
6137962
6138014
6138029
6138692
6138771
6138997
6139330
6140554
6141287
6141432
6142244
6142521
6142566
6142918
6142926
6198786
6199001
6199568
6199580
6199903
6200867
6201054
6201506
6201739
6202114
6203300
6203747
6203832
6204060
6204616
6204906
6205343
6205638
6206198
6206256
6206365
6207536
6208524
6208575
6208673
6208849
6209113
6209621
6209684
6210666
6211235
6211640
6211913
6212225
6212559
6212737
6212771
6213071
6213706
6213722
6214236
6214380
6214757
6214809
6214855
6215021
6215312
6215565
6215645
6215983
6216383
6216586
6217386
6218400
6218738
6219033
6219523
6219759
6219962
6219986
6220098
6221018
6221943
6221958
6222417
6222850
6223209
6224144
6224667
6224865
6225102
6225109
6225431
6225589
6225681
6226100
6226464
6228908
6230508
6231652
6231927
6231979
6232357
6249526
6249642
6250089
6250206
6250837
6251850
6252006
6252061
6252319
6252375
6252886
6253144
6253459
6253982
6254448
6254845
6254895
6255339
6255457
6255700
6255732
6255917
6255991
6257166
6257304
6257343
6257580
6257704
6257936
6258254
6259536
6259609
6259700
6259731
6260391
6260700
6261057
6261119
6262357
6262423
6262666
6262747
6262818
6262917
6263127
6263410
6263748
6264332
6264465
6265065
6265092
6265328
6265895
6266158
6266269
6266396
6266461
6266697
6267030
6267134
6267204
6267986
6268119
6268263
6268478
6268523
6268531
6268732
6269607
6269618
6269633
6269726
6269822
6270432
6270789
6270982
6271208
6271361
6271376
6271441
6271555
6272112
6272419
6272458
6272561
6272566
6272909
6273135
6273202
6273540
6273557
6273589
6274863
6274915
6274918
6274957
6275435
6275685
6275780
6275816
6276227
6277486
6277577
6277761
6277948
6278307
6278481
6278553
6278979
6279164
6279184
6279229
6319453
6320848
6321456
6321814
6321958
6322122
6322337
6322817
6323603
6323951
6324177
6324706
6324798
6324915
6326339
6326909
6327217
6328291
6328767
6328895
6330063
6377918
6445802
6450720
6453841
6469826
6470634
6471791
6472046
6472198
6472668
6473249
6473398
6473530
6473974
6474055
6474933
6475838
6476329
6477722
6478799
6478842
6478914
6478920
6479056
6479351
6479504
6480379
6544458
6549150
6551863
6553828
6556245
6556289
6557499
6559591
6559706
6559820
6560065
6561113
6562265
6562318
6563352
6563780
6564010
6564541
6566910
6567810
6568084
6568156
6568313
6624905
6625126
6625637
6625697
6625867
6626295
6627316
6627448
6627729
6628124
6629477
6630353
6630881
6631990
6632481
6632587
6632966
6633382
6633419
6633871
6634209
6635219
6635352
6635371
6636343
6636373
6636447
6636933
6637286
6637495
6637524
6638550
6638551
6638628
6638966
6639016
6639427
6639760
6639786
6639830
6700601
6700733
6700847
6701245
6701530
6701664
6702241
6703803
6703909
6703930
6704554
6704859
6704907
6705734
6706637
6706791
6707145
6707974
6708017
6708509
6708606
6709234
6709463
6709783
6709817
6710095
6710211
6710294
6710635
6710694
6711053
6711331
6711519
6711630
6711634
6711750
6712229
6712475
6712653
6713515
6714209
6714311
6714700
6714823
6714989
6715621
6716581
6716629
6716851
6716868
6716927
6717073
6717812
6718301
6718939
6718999
6719434
6719478
6719838
6720827
6721142
6721250
6721260
6721559
6721827
6722184
6722409
6722858
6722931
6722988
6723213
6723956
6724311
6724545
6724606
6724884
6724907
6725199
6725438
6726446
6727219
6727253
6742036
6742048
6742537
6742791
6743068
6743213
6743593
6743981
6744007
6744540
6744639
6744763
6744835
6745581
6745812
6746195
6746276
6746468
6746510
6746516
6746740
6746750
6746886
6746935
6746939
6747090
6747286
6747376
6747450
6747790
6748129
6748281
6748354
6748786
6748883
6749229
6749702
6749720
6749749
6750530
6750585
6750893
6751107
6751219
6751280
6751494
6751526
6751736
6752023
6752198
6752919
6753117
6753528
6753791
6754335
6754420
6754628
6755099
6755322
6755521
6755615
6756324
6756376
6756676
6757176
6774932
6894963
6896723
6898755
6898976
6899139
6899562
6899659
6902769
6904712
6905689
6923028
6924350
6924362
6924714
6924930
6924961
6925179
6925200
6925849
6926074
6926327
6926582
6926920
6927348
6928542
6928887
6928903
6929251
6929281
6929387
6929556
6929564
6930184
6930272
6931288
6931334
6931349
6931919
6932072
6932119
6932147
6932377
6932445
6932603
6932662
6932689
6932820
6933019
6933309
6933619
6933748
6933831
6934148
6934628
6934692
6934964
6935075
6935261
6935821
6936232
7141846
7141898
7142220
7142276
7142304
7142483
7142748
7142762
7142819
7142828
7142964
7143023
7143082
7144064
7144111
7144515
7144734
7144787
7144865
7145160
7145173
7145323
7145682
7146038
7146823
7146956
7147157
7147909
7149466
7149500
7149548
7149566
7150133
7150375
7150472
7150782
7150850
7150925
7151603
7151713
7151912
7151934
7152037
7152313
7152414
7152573
7152587
7152884
7153070
7153100
7153286
7153287
7153843
7155088
7155307
7155362
7171020
7171271
7172250
7172574
7175087
7175222
7175469
7175855
7176206
7176801
7177241
7177402
7177416
7177803
7179133
7179584
7179774
7180385
7180528
7180937
7181116
7181152
7181615
7181695
7181748
7181806
7181816
7182687
7183047
7184051
7184258
7184493
7273928
7276889
7277156
7290873
7292514
7292785
7293224
7293247
7293332
7293388
7294539
7294582
7295423
7296908
7297382
7297438
7298214
7299465
7300538
7300690
7302592
7303285
7303303
7303558
7303632
7303798
7305997
7306146
7306234
7307169
7307374
7307749
7307786
7307980
7308277
7308361
7308463
7308661
7308719
7308809
7308939
7309065
7309142
7309648
7309784
7309909
7310441
7310673
7311037
7311243
7311267
7311445
7312004
7312477
7313245
7313435
7314296
7314707
7314729
7314937
7315909
7316165
7316457
7316547
7317413
7317634
7317745
7318149
7318655
7319695
7320025
7320056
7320960
7321114
7321279
7321337
7321925
7321977
7322210
7322623
7335030
7336219
7336376
7337287
7339194
7340179
7342741
7344273
7345186
7345411
7346815
7347640
7348027
7348316
7350704
7370614
7370825
7373287
7376091
7376292
7376667
7377739
7380835
7381021
7381028
7385709
7387544
7388043
7388475
7388873
7389109
7389212
7389229
7390967
7391051
7391143
7393198
7394240
7395898
7396018
7396774
7433361
7433731
7434121
7434508
7434938
7435800
7436294
7436428
7436804
7437206
7437265
7438176
7438218
7438627
7438953
7439917
7440819
7441007
7441093
7441280
7441741
7441742
7441933
7442352
7442736
7442759
7442839
7443424
7443544
7443848
7444448
7444458
7444517
7444785
7445317
7446042
7446065
7446079
7446131
7446191
7446499
7446641
7446667
7446958
7447111
7447431
7447819
7448494
7448638
7448835
7448924
7461761
7462114
7462128
7466069
7466472
7467849
7467874
7469679
7470074
7471226
7471919
7476195
7476789
7504385
7513059
7615352
7615518
7615866
7616311
7616342
7616452
7616484
7616805
7617011
7617052
7617493
7617690
7617756
7618384
7618462
7618509
7618627
7619219
7619240
7620111
7620345
7620580
7621055
7621568
7621636
7622467
7622978
7623069
7623089
7623302
7623569
7623611
7623749
7623752
7624207
7625398
7649455
7652443
7653183
7654238
7656227
7656928
7657384
7743558
7743783
7744311
7744396
7744634
7744678
7744700
7746346
7746747
7747213
7747694
7747724
7747905
7748119
7748281
7748552
7750704
7750745
7751022
7752093
7752170
7752917
7752922
7753985
7754163
7754539
7755762
7757212
7757687
7757780
7758291
7758844
7759312
7759350
7760825
7816925
7817948
7818115
7818171
7818623
7819046
7819170
7819199
7819349
7819560
7819716
7819919
7819925
7820882
7820996
7821547
7821663
7821782
7822105
7822195
7822587
7822741
7822989
7823005
7823180
7823207
7823257
7823295
7824590
7824722
7824943
7825413
7825646
7825730
7825941
7826032
7826387
7826412
7826619
7826873
7826881
7826964
7827029
7827974
7828624
7828757
7829007
7829531
7829634
7830027
7830277
7830381
7830410
7904812
7904820
7904873
7905188
7905709
7906049
7906084
7906309
7907491
7907797
7907914
7908004
7908154
7908273
7908296
7909163
7909444
7909472
7909491
7910260
7910349
7910420
7910586
7910670
7910678
7910867
7911363
7911731
7911844
7912052
7912336
7912457
7912611
7912954
7913752
7913915
7913929
7913953
7914739
7931684
7932857
7935758
7990348
7995005
8002049
8008079
8018190
8018384
8021035
8022286
8023506
8025225
8025989
8026765
8027479
8028265
8028458
8028786
8029612
8029626
8029641
8030174
8032203
8032338
8034222
8034223
8034511
8208771
8211646
8217288
8220001
8221466
8221587
8221729
8221928
8222552
8222635
8223048
8223182
8223430
8223635
8224107
8224217
8224793
8224823
8225036
8225067
8225126
8225429
8225507
8225812
8226370
8226457
8226497
8226574
8226729
8226935
8226961
8226982
8227228
8227366
8227568
8228133
8228926
8229290
8229452
8229538
8229616
8230051
8230247
8230876
8231408
8231411
8232373
8232429
8232449
8232916
8233243
8233307
8233484
8234023
8234894
8234985
8235184
8235897
8236200
8236493
8236579
8236725
8236958
8237216
8237260
8237512
8237767
8238690
8238828
8239169
8239667
8239759
8239781
8240176
8240697
8241404
8241893
8242017
8242175
8242381
8242537
8242633
8243033
8243122
8244834
8245536
8246045
8246212
8246417
8274956
8274956
8275333
8277688
8278195
8278567
8278929
8280860
8281612
8282567
8282959
8394750
8396564
8396614
8398493
8399539
8400938
8401630
8404167
8477727
8478109
8478170
8478670
8478752
8478777
8478978
8479092
8479756
8480768
8481009
8481174
8481780
8482063
8482265
8482305
8483187
8483722
8483848
8483865
8483916
8484230
8484645
8485218
8485377
8485542
8485623
8486249
8486325
8486663
8486715
8486837
8487595
8487641
8488054
8488844
8488865
8488958
8489177
8489345
8489357
8491773
8491852
8491913
8492138
8492216
8492344
8492365
8492503
8492510
8492710
8492873
8493284
8493400
8493675
8494103
8494224
8494517
8494689
8494726
8494804
8495150
8495874
8495889
8496091
8496164
8496233
8496480
8496720
8497428
8497648
8497653
8498028
8498040
8498104
8498424
8498663
8498873
8499403
8499475
8499610
8499910
8500006
8500018
8500060
8500404
8500706
8500769
8501197
8501229
8501517
8501947
8501987
8502071
8502533
8503101
8503200
8503435
8503439
8504139
8504315
8504351
8504392
8504542
8504758
8505201
8505527
8505534
8506232
8507783
8508322
8508412
8508429
8508510
8508565
8508807
8509416
8509606
8509898
8510433
8510775
8510849
8510850
8511147
8511219
8511613
8511630
8511671
8511712
8511967
8511993
8512206
8512485
8513074
8513368
8513405
8513427
8561906
8562037
8562287
8562409
8562666
8562675
8564020
8564207
8564583
8564905
8565769
8566106
8566347
8566357
8566404
8566412
8566755
8566828
8566842
8567056
8567322
8567950
8568086
8568929
8568994
8569038
8569112
8569701
8569911
8570660
8571733
8571855
8572511
8572815
8573963
8573969
8573991
8574318
8574782
8575105
8575631
8576121
8576748
8576861
8577664
8578319
8578576
8579414
8579645
8579825
8579913
8580051
8580371
8580584
8580777
8580858
8580949
8620645
8621108
8622621
8623121
8623755
8624083
8625252
8626749
8627676
8629522
8629612
8630953
8631953
8632262
8632305
8634150
8635772
8636429
8638191
8638542
8639039
8639379
8639828
8640008
8640013
8640479
8640761
8641519
8641570
8642095
8642473
8642617
8642861
8643375
8643645
8643706
8643958
8643986
8644104
8644293
8644747
8644974
8645259
8645399
8645401
8645432
8645822
8646030
8646120
8647665
8647718
8647883
8647952
8648044
8648586
8648607
8649003
8649366
8649596
8650081
8650099
8650335
8650624
8650955
8651004
8651114
8651285
8651534
8651784
8651918
8652212
8652633
8652705
8654135
8654437
8654770
8654784
8671753
8673557
8674604
8791795
8791890
8791911
8792188
8793005
8794001
8794077
8794443
8794568
8795310
8795318
8795546
8796025
8796448
8796871
8798155
8798500
8798721
8799994
8800689
8800815
8834826
8835738
8835813
8835903
8836253
8836469
8836689
8837360
8838277
8838764
8839042
8840310
8840555
8841230
8841644
8842225
8842599
8842850
8843466
8843735
8844238
8845391
8846355
8882001
8884843
8943782
8944365
8944541
8945334
8945442
8945611
8946302
8946767
8947328
8949469
8950141
8950941
8952157
8952196
8952447
8953223
8954384
8954416
8954587
8954969
8956888
8957303
8957355
8957401
8957570
8957627
8957894
8958031
8958380
8958460
8958555
8960288
8960340
8960737
8961095
8961183
8961303
8961450
9001429
9002854
9003973
9004390
9004399
9004743
9004917
9005808
9007180
9007248
9007549
9008722
9008845
9008938
9009284
9009445
9009800
9010402
9011028
9011179
9011195
9011690
9012268
9013330
9013613
9013752
9013874
9015219
9015268
9015546
9015665
9015713
9016207
9016355
9016365
9016875
9017522
9017601
9017613
9017976
9018847
9019168
9019862
9020012
9020510
9020594
9020830
9021086
9021312
9021480
9021585
9021741
9021863
9022552
9022954
9023324
9023402
9023509
9023792
9024366
9024728
9024849
9025417
9025554
9025922
9026228
9026551
9027051
9027314
9027424
9027493
9027622
9027647
9028748
9029303
9029740
9029790
9030069
9030149
9030285
9030398
9123243
9123376
9123433
9123532
9123879
9124228
9124248
9124724
9125094
9125560
9125802
9126045
9126560
9126702
9127042
9127228
9127404
9127468
9127554
9127597
9127631
9128112
9128319
9128540
9128750
9128752
9129174
9129356
9129381
9129690
9129928
9130003
9130051
9130168
9130990
9131857
9131970
9131990
9133178
9133371
9133489
9134210
9137874
9138673
9140271
9140359
9143836
9144178
9145367
9147564
9209544
9210359
9210801
9211433
9213963
9214664
9216477
9217382
9218017
9219073
9219085
9219389
9219433
9220385
9221515
9221802
9221836
9326256
9326624
9326760
9327427
9327579
9327714
9328344
9328507
9328536
9328614
9328658
9329484
9329547
9329702
9329777
9329819
9329853
9330103
9330580
9330983
9331048
9331498
9331639
9331812
9331899
9332106
9333673
9334406
9334414
9335345
9336007
9336163
9336189
9336243
9336420
9336429
9337268
9337928
9338518
9338936
9338973
9339431
9339510
9339877
9340253
9340535
9341332
9341526
9341641
9341782
9341917
9342057
9342059
9342553
9343681
9344374
9344508
9344832
9345161
9345427
9345960
9346185
9346876
9347054
9348126
9348986
9350954
9356225
9370614
9383080
9488607
9533182
9533282
9533345
9533377
9533569
9534027
9534399
9534561
9534617
9534658
9535795
9535853
9536131
9536576
9536611
9536860
9536993
9537223
9537416
9537562
9537873
9537902
9538007
9538057
9538193
9538302
9538692
9539114
9539138
9539862
9540134
9540696
9541108
9541420
9541428
9541524
9541852
9541955
9542016
9542071
9542714
9544029
9544192
9575615
9578614
9585050
9623064
9623198
9623227
9623447
9629221
9824442
9824461
9824615
9825184
9825294
9825597
9826210
9826333
9826398
9826430
9826741
9826815
9826903
9827449
9827559
9827791
9827844
9827853
9827970
9828113
9828172
9828229
9828540
9828942
9829915
9830108
9831576
9831721
9831993
9832114
9832191
9832472
9832539
9833373
9833461
9833709
9833846
9834108
9834137
9834409
9834634
9835149
9835225
9835690
9835769
9835882
9835941
9915548
9915583
9915646
9915994
9916115
9916277
9916754
9916829
9917317
9917821
9917855
9918705
9918729
9919004
9919270
9919359
9919427
9919919
9920369
9920442
9920484
9920722
9920885
9921287
9921341
9921415
9922219
9922618
9922633
9922690
9922796
9922898
9923200
9923566
9924094
9924469
9924553
9924729
9924804
9925382
9925405
9925426
9925532
9925544
9925791
9925868
9926358
9926715
9926726
9927166
9927630
9927827
9927886
9928118
9928337
9928388
9928526
10037068
10037918
10038237
10038367
10038642
10040591
10040678
10041877
10041957
10044667
10046389
10046524
10046596
10047003
10047834
10048622
10049648
10050322
10117241
10117295
10117346
10117427
10118553
10118853
10118921
10118980
10119116
10119217
10119509
10119865
10120276
10120341
10120504
10121614
10122185
10122273
10122624
10122898
10122967
10123380
10123563
10123674
10124094
10124362
10124723
10125380
10125708
10125710
10126041
10126114
10126586
10126835
10127249
10127311
10127411
10127952
10128206
10128314
10128515
10128859
10128944
10129096
10129097
10129142
10130146
10130494
10131184
10131188
10132235
10132329
10132378
10132553
10132910
10133140
10133263
10133586
10134360
10135741
10136261
10136298
10137733
10138137
10138296
10139224
10139325
10139595
10139740
10139960
10140270
10140435
10141668
10142322
10142813
10143046
10143221
10143609
10143945
10144198
10144337
10145631
10145757
10146359
10146676
10146807
10146979
10147021
10173759
10175716
10179768
10183855
10184219
10233915
10240118
10241440
10243376
10284280
10285362
10285571
10285942
10286549
10286674
10286857
10287163
10287273
10287759
10287836
10288197
10288460
10289045
10289277
10289654
10289906
10289985
10290155
10290276
10290331
10290532
10291450
10291521
10291599
10291724
10291985
10292364
10292560
10292716
10292815
10293125
10293605
10294147
10294484
10324286
10324369
10324664
10325138
10325286
10325311
10326416
10327404
10327667
10327870
10328706
10328988
10329409
10329751
10329762
10329831
10329863
10329987
10330357
10330699
10330780
10331347
10331977
10332298
10332675
10333263
10333762
10333854
10334082
10334384
10334892
10334994
10335065
10335088
10335287
10336445
10336866
10337015
10339234
10339447
10340219
10363582
10363994
10364041
10364440
10364895
10364978
10365155
10365495
10367369
10367484
10367666
10367693
10367907
10368280
10368615
10369725
10370024
10370140
10370648
10370760
10371015
10371721
10371904
10372388
10372529
10372572
10372725
10372927
10373287
10373544
10373639
10373734
10374647
10374867
10374964
10374982
10375032
10375088
10375101
10375828
10375994
10429050
10429058
10429377
10430862
10431303
10431491
10431770
10432872
10433095
10433155
10433389
10433507
10433678
10433748
10434140
10434287
10435133
10435351
10435492
10436054
10436130
10436214
10436253
10436302
10436430
10436688
10436856
10437150
10437868
10437885
10438538
10438981
10438992
10439407
10440486
10440790
10441956
10441978
10485833
10485935
10519661
10519761
10520279
10520460
10521666
10521685
10521882
10522158
10522286
10522657
10522675
10522807
10523939
10524149
10524298
10524964
10524988
10525360
10525999
10526670
10528067
10528178
10528331
10528394
10528532
10529576
10529666
10530717
10530753
10530988
10531610
10532080
10532394
10532865
10533239
10533558
10533924
10535051
10539818
10667285
10668309
10668739
10669827
10672125
10672298
10675473
10725620
10731947
10781650
10783757
10784171
10784599
10789007
10790794
10791157
10791613
10793455
10796526
10797603
10864521
10865058
10865425
10866838
10870473
10870749
10872811
10877639
10901153
10901208
10904074
10939371
10939529
10939885
10940150
10941234
10942092
10942372
10942894
10944645
10947226
10948754
10949692
10950579
10951553
10952344
11014896
11015009
11015065
11015129
11015238
11016403
11016568
11016701
11016789
11017874
11018514
11018965
11018976
11019609
11019638
11020123
11021062
11022176
11022293
11023074
11023149
11023161
11023437
11023503
11023558
11023724
11024187
11024820
11025563
11026066
11026283
11026433
11026578
11026813
11026824
11027253
11027280
11027408
11027628
11027939
11028889
11029031
11029131
11029295
11029537
11029939
11029946
11030023
11030285
11030935
11030965
11081923
11263860
11263861
11264672
11264756
11264854
11265052
11266050
11267263
11269333
11269732
11269832
11269988
11270732
11271209
11272108
11272382
11272415
11272430
11273042
11273473
11273550
11273784
11273878
11274314
11289082
11292234
11296143
11372310
11372380
11372402
11372480
11373142
11373184
11373257
11374377
11375239
11375925
11376455
11377203
11378119
11378636
11379292
11379390
11379415
11379762
11379820
11380011
11380307
11380532
11380551
11380674
11380727
11380842
11380875
11381449
11382002
11382005
11382129
11382498
11383257
11383516
11383528
11384431
11384571
11384833
11385246
11386884
11387493
11387533
11387578
11388086
11388179
11389132
11389593
11390393
11391780
11392930
11394482
11396583
11396823
11398295
11398315
11400443
11403346
11406019
11408795
11413884
11414581
11414801
11419980
11420061
11422393
11458217
11458683
11458847
11458984
11460342
11460680
11461313
11461735
11461856
11461994
11462607
11463495
11463992
11464147
11464257
11465103
11465173
11465232
11465504
11466029
11466111
11467249
11467469
11467690
11467841
11468087
11468370
11468446
11469332
11469435
11469531
11469597
11469945
11470251
11470618
11470671
11471010
11471261
11472667
11488106
11491935
11492983
11494457
11496468
11496879
11497548
11497745
11499723
11501841
11502908
11503366
11618555
11618702
11618823
11618833
11618931
11619733
11620041
11620627
11621495
11622185
11622596
11623832
11624160
11624349
11624712
11625166
11625495
11626623
11626934
11626946
11627094
11627187
11627402
11627702
11628294
11628591
11628744
11629328
11629590
11630033
11630596
11630781
11630925
11631007
11631040
11631236
11631639
11632119
11632513
11632964
11664050
11665300
11666048
11666530
11667720
11669215
11670331
11737009
11737042
11737247
11737365
11737371
11738301
11738399
11739224
11739644
11739782
11740325
11740429
11740443
11740452
11740753
11740801
11740978
11741750
11742033
11742301
11742955
11743033
11743172
11743419
11743527
11743752
11744263
11744565
11744652
11744683
11744706
11744749
11745229
11745273
11745531
11746092
11746367
11746722
11747032
11747278
11747295
11747458
11748128
11748286
11748324
11749036
11749037
11749113
11749218
11749526
11749662
11749874
11749955
11796319
11796713
11797662
11797731
11798695
11800545
11800978
11801371
11803036
11803684
11803969
11804126
11805441
11805611
11805710
11877221
11877443
11877455
11877468
11878128
11878824
11879576
11879653
11879788
11879830
11879968
11880023
11881085
11881879
11883043
11883352
11883376
11883778
11883977
11884352
11884371
11884539
11884896
11885181
11885433
11886139
11886758
11886923
11886925
11887060
11887269
11887350
11887628
11887713
11888500
11888987
11889332
11889684
11889775
11890173
11890196
11890856
11890962
11891054
11891300
11891350
11891381
11891525
11891558
11891872
11892204
11892267
11892494
11892701
11892961
11893192
11893574
11894263
11894612
11895029
11895043
11895220
11895246
11895545
11895593
11895932
11896198
11896601
11896839
11896928
11897030
11897262
11897273
11897383
11897497
11897558
11897847
11898006
11898122
11898133
11898157
11898604
11898750
11898951
11899436
11899704
11900140
11900185
11900305
11900397
11900451
11900509
11900556
11901106
11901560
11901884
11901910
11902201
11902511
11903007
11903184
11931556
11937086
12023748
12024121
12024585
12024977
12025062
12025182
12025417
12025480
12025698
12025708
12026771
12026960
12027122
12027126
12027179
12027237
12027463
12027745
12027841
12028413
12029562
12029670
12029713
12029840
12029964
12029976
12030032
12030040
12030438
12030606
12030789
12030979
12031109
12031387
12031531
12031690
12031838
12032270
12032982
12033540
12033543
12034203
12034665
12034758
12035199
12035555
12035639
12035787
12036091
12036829
12036979
12036998
12037831
12038039
12038322
12038683
12038948
12039180
12039567
12040235
12040516
12040753
12041571
12041797
12042104
12042153
12042673
12043356
12043959
12044329
12044862
12045029
12045209
12045786
12046309
12047876
12048087
12048478
12049337
12049622
12049630
12049744
12050950
12050962
12051124
12051129
12053313
12053772
12081996
12082879
12084547
12085204
12085225
12085745
12086689
12087575
12088509
12088675
12090381
12090658
12091088
12108909
12108978
12109004
12109925
12112945
12113222
12115560
12116589
12116625
12118763
12119384
12123660
12125188
12168043
12168053
12168486
12168587
12168768
12169309
12169381
12169625
12170516
12170649
12171086
12171149
12171733
12171765
12172096
12172751
12172814
12172931
12173437
12173922
12174056
12174304
12174727
12174815
12174904
12174995
12175080
12175200
12175330
12175504
12175838
12176235
12176280
12176600
12177224
12177612
12177625
12177702
12177870
12178489
12178707
12178855
12180456
12180776
12180823
12180847
12181091
12181170
12181229
12181383
12181499
12181713
12181766
12182989
12183080
12204797
12205299
12207846
12211913
12214333
12286534
12286657
12286875
12287311
12287354
12287637
12287950
12288401
12288433
12288588
12288736
12288816
12289020
12289260
12289366
12289378
12289405
12289761
12290562
12290970
12291341
12291492
12292076
12292269
12292474
12292488
12292577
12292976
12293266
12293320
12293769
12294022
12294360
12295007
12295242
12295375
12295877
12302697
12303272
12303704
12304029
12304509
12305812
12306140
12306925
12307661
12342704
12342798
12342940
12343178
12343241
12343256
12343391
12343508
12344036
12344164
12344541
12344872
12345009
12345231
12345359
12345573
12345688
12345740
12345745
12346152
12346275
12346397
12346805
12346834
12347286
12348110
12349144
12349541
12349648
12349799
12349814
12349860
12350681
12350803
12350819
12351383
12351536
12351651
12351880
12351900
12352047
12352493
12352646
12352888
12358034
12358751
12359565
12361436
12368168
12369412
12369560
12370699
12401298
12401376
12401378
12401423
12401986
12402565
12402997
12403005
12403073
12403152
12404365
12404623
12404685
12404758
12404865
12405428
12405803
12406012
12406154
12406375
12406777
12406918
12407406
12407415
12407464
12407762
12408662
12408666
12408761
12408921
12408948
12409407
12410288
12410387
12410557
12410576
12410932
12411251
12411715
12411851
12411909
12411918
12411959
12412362
12412580
12413020
12413300
12413390
12414164
12414418
12414725
12414752
12415192
12415224
12415230
12415454
12415545
12415668
12519887
12520034
12520397
12520409
12521504
12521792
12522671
12523394
12523500
12523830
12524212
12524716
12525336
12525677
12525735
12526318
12526426
12526563
12527063
12527417
12527520
12528740
12529377
12529703
12530545
12530949
12531439
12532379
12532547
12532726
12533017
12533234
12533612
12534050
12534191
12534729
12535463
12535770
12535810
12536205
12536328
12536642
12536978
12537307
12538603
12538880
12538965
12539219
12539508
12539715
12540082
12540372
12540430
12540593
12540801
12541227
12541468
12541562
12541607
12541693
12541821
12542111
12542696
12543170
12543602
12543780
12543976
12544069
12544121
12544159
12544221
12544457
12544904
12545242
12545637
12545674
12546432
12546643
12546794
12547694
12548044
12548160
12548388
12549202
12549405
12549578
12549858
12550126
12550442
12550651
12551018
12551089
12551130
12551136
12551331
12551550
12551633
12551685
12551745
12551807
12551972
12552176
12552241
12552361
12639736
12641530
12643431
12643750
12643964
12644381
12644545
12644550
12645754
12646079
12646655
12647983
12648474
12648623
12649362
12649602
12650265
12650638
12651003
12651690
12652326
12652469
12653061
12653627
12654266
12654398
12655152
12655204
12655348
12655386
12656497
12657212
12657553
12657834
12659291
12659431
12659467
12735246
12735262
12735356
12737578
12737756
12739227
12739696
12740193
12740548
12740843
12741630
12742906
12743246
12744075
12744165
12744180
12745515
12746139
12746915
12747040
12748419
12750335
12751592
12792563
12792723
12793040
12793896
12794004
12794207
12794523
12795785
12796243
12796600
12796656
12796713
12796752
12797347
12797350
12797394
12798332
12798630
12798923
12799150
12799235
12799597
12799933
12800377
12800613
12800648
12801134
12801311
12802299
12802401
12802580
12802751
12802752
12804158
12804244
12804689
12804752
12805752
12808581
12810499
12811768
12816671
12817861
12819053
12820853
12821070
12821762
12822786
12823227
12823611
12823632
12823868
12824897
12825404
12825851
12826116
12827054
12827625
12827891
12828993
12829520
12830612
12832086
12832175
12832710
12834734
12835297
12835575
12835827
12849422
12854559
12854614
12901616
12902049
12902411
12902519
12902532
12903244
12903747
12903827
12904362
12904394
12904720
12905094
12905347
12905987
12906144
12906220
12906254
12906532
12906966
12907032
12907043
12907394
12907766
12908079
12908257
12908878
12909188
12909231
12909357
12909697
12909793
12909989
12910632
12911323
12911338
12911701
12911911
12912387
12912458
12912564
12912900
12912913
12913188
12913368
12913596
12913963
12913995
12914176
12914348
12914651
12914752
12914971
12915126
12915139
12915562
12915884
12916055
12916134
12916219
12916441
12927954
12928377
12928916
12929154
12929230
12930561
12931220
12932101
12933665
12933715
12934413
12934854
12934866
12935363
12935907
12937099
12937143
12937243
12937331
12938291
12938827
12939029
12940120
12940340
12940594
12940769
12940928
12941878
12988798
12990021
12990409
12990480
12991130
12991534
12992542
12993825
12995251
12995764
12995831
12996500
12997761
12998346
12998346
12998625
12999569
13001387
13002099
13002737
13003744
13004572
13004703
13005241
13006273
13006299
13040485
13060676
13060845
13061621
13061708
13062002
13062581
13062902
13062934
13062952
13063234
13064920
13065353
13065419
13065475
13065542
13066008
13066117
13066476
13066864
13066908
13067285
13067696
13067855
13068958
13069643
13069745
13069784
13069968
13070378
13070412
13070582
13070617
13071213
13071726
13072026
13072099
13072215
13072776
13072788
13072870
13072900
13073142
13073292
13073842
13073889
13074032
13074506
13074631
13074927
13075141
13075810
13076271
13076714
13076968
13077260
13077495
13078850
13078906
13078992
13079778
13080123
13080273
13080803
13080816
13081309
13081404
13081469
13082817
13083250
13083392
13084594
13085716
13085964
13085971
13086073
13086988
13087149
13087271
13087412
13087438
13087591
13088363
13088870
13088925
13089055
13089810
13090374
13091194
13091455
13091547
13091860
13091993
13092132
13092147
13092156
13092532
13092817
13092919
13093040
13093107
13093222
13093269
13093531
13093668
13093875
13094154
13095272
13095795
13096541
13097071
13097697
13098171
13098263
13098361
13100585
13101440
13101935
13102203
13102247
13102637
13103321
13104246
13104975
13106609
13107359
13108253
13108504
13108520
13109175
13109386
13110036
13112588
13113195
13113536
13191654
13191977
13192339
13192704
13193131
13193580
13193730
13193849
13193865
13194267
13194581
13194675
13195209
13195238
13195742
13195813
13196108
13196300
13196731
13196811
13198047
13199020
13199211
13199811
13200870
13201091
13201382
13201385
13201954
13202674
13202776
13203074
13203127
13203472
13204300
13204831
13205887
13205926
13206163
13206281
13206410
13206568
13207356
13207780
13208124
13208324
13208447
13208678
13208857
13208936
13209218
13209302
13209376
13209778
13209968
13209989
13216866
13310566
13310786
13311966
13311969
13312949
13313101
13313114
13313362
13313520
13313754
13313796
13314289
13314356
13314761
13315011
13315166
13315958
13316152
13317052
13317630
13317752
13317932
13319042
13319145
13319272
13319403
13319864
13320028
13320398
13320574
13320839
13346868
13346916
13347119
13347188
13347307
13347760
13348155
13348177
13348354
13348849
13348969
13349260
13349346
13349672
13349819
13349976
13350269
13350544
13351164
13351452
13351543
13351808
13352009
13352105
13352781
13352957
13353598
13353601
13353811
13354196
13354293
13354511
13354531
13355025
13355150
13355460
13355672
13355785
13355898
13356059
13356158
13416332
13436787
13436963
13437177
13437477
13437660
13437726
13438457
13438562
13438677
13438855
13439048
13439091
13439586
13440046
13440146
13440199
13440246
13440437
13440608
13441087
13441303
13441642
13442926
13444090
13444101
13444124
13444852
13445019
13445787
13446229
13446352
13446426
13446978
13447425
13447425
13447539
13448718
13448894
13448949
13449261
13449346
13449470
13449618
13449700
13449909
13450414
13450767
13451012
13451534
13451821
13451900
13452663
13453470
13453515
13453711
13453946
13454038
13454158
13454776
13494153
13495727
13495794
13496142
13496319
13496382
13496398
13497811
13498062
13498587
13498846
13498955
13499224
13499756
13500672
13500986
13501159
13501332
13501918
13502049
13502096
13502359
13502771
13503065
13503581
13503637
13504214
13504824
13504899
13505511
13505831
13507038
13514278
13533013
13533426
13534379
13534489
13534726
13535358
13535842
13535955
13537047
13537409
13537716
13538554
13538893
13538915
13539597
13539714
13539798
13540565
13540576
13540733
13541173
13542950
13545364
13545369
13545965
13547198
13547495
13548542
13548690
13548940
13561734
13562066
13564691
13595371
13595424
13596226
13596293
13596524
13596532
13596756
13597500
13597534
13597782
13598218
13599118
13599366
13599375
13599556
13599796
13600558
13601513
13601763
13602647
13602700
13603000
13603035
13603100
13603570
13603695
13603926
13604067
13604102
13604148
13604151
13604745
13604937
13605383
13605460
13605547
13606460
13606645
13606979
13607918
13608713
13609146
13609424
13610456
13611889
13612878
13614194
13615298
13615551
13617282
13618413
13619101
13620395
13622684
13624350
13625005
13645538
13646250
13646777
13646945
13647279
13647565
13649985
13649988
13651335
13651442
13651670
13652314
13653225
13653349
13653667
13654074
13654262
13825293
13825714
13826421
13830524
13834420
13835349
13835505
13836213
13837160
13839596
13868957
13872325
13872702
13875650
13876443
13877889
13879929
13881301
13910091
13912405
13912787
13912913
13913589
13913985
13915123
13915312
13916038
13916234
13916459
13918039
13918123
13918677
13919729
13920008
13962860
13963557
13963597
13963626
13965513
13967219
13967564
13967937
13968839
13969014
13969208
13969791
13969930
13970054
13970784
13971806
13972998
13973768
13975453
13976107
13976185
13976753
13977193
13977579
13978835
13979274
13982975
13987987
13989320
13992539
13992857
13993024
13993106
13993118
13993206
13993233
13993307
13993462
13993633
13993683
13994080
13994415
13994502
13994623
13995146
13995223
13995498
13996716
13996793
13996997
13997729
13997901
13998077
13998361
13998562
13998670
13998904
13999366
13999418
13999452
13999532
14000285
14000379
14000437
14000449
14000531
14000602
14000652
14000748
14000998
14001299
14001776
14001986
14002626
14002769
14002996
14003305
14003538
14003562
14004303
14004385
14004472
14004520
14004640
14004783
14004872
14005031
14005411
14006216
14006280
14006377
14006705
14007030
14007349
14007376
14007653
14007667
14007819
14008002
14008217
14008399
14012905
14016892
14018141
14021714
14025772
14031567
14032200
14035149
14035159
14035718
14035845
14035887
14035903
14035953
14036354
14036473
14036786
14036946
14037357
14037365
14037899
14038318
14038407
14039044
14039086
14039206
14039781
14040776
14040822
14041122
14041764
14042042
14042220
14043065
14043710
14044339
14044390
14044567
14044636
14044794
14044802
14044922
14044931
14045602
14117706
14118945
14119086
14119398
14120428
14120519
14120670
14120749
14121290
14121460
14121631
14122012
14122516
14122604
14122957
14123195
14123258
14123550
14124204
14124464
14124906
14125449
14125599
14126815
14126927
14127195
14127410
14127447
14127534
14127995
14128308
14128754
14128918
14129251
14129586
14129988
14130057
14130404
14131167
14131490
14131582
14131911
14132245
14132695
14133051
14133288
14133409
14133637
14133941
14134049
14134080
14134358
14134405
14134475
14135411
14135508
14135581
14135607
14136093
14136328
14146108
14201184
14201247
14204707
14205653
14206650
14207746
14209192
14211396
14213568
14214370
14215841
14215872
14217234
14242753
14243099
14243173
14243286
14243432
14243454
14243537
14244343
14244854
14244921
14245768
14246007
14247739
14248013
14248388
14248412
14248712
14250099
14250516
14250700
14250969
14251041
14251234
14251341
14251865
14252401
14252461
14253332
14253574
14253601
14254313
14254421
14254457
14254802
14255460
14255765
14255813
14255829
14255867
14256134
14256577
14256609
14256698
14256705
14256971
14257835
14257990
14258067
14258621
14258648
14258951
14258995
14259001
14259058
14259325
14259786
14259790
14259832
14285006
14285116
14285514
14285589
14285835
14286013
14286054
14286183
14286212
14286459
14286679
14286846
14287006
14287132
14287252
14287566
14287855
14287930
14288096
14288250
14288960
14289127
14289548
14289927
14290011
14290029
14290352
14290495
14290522
14290770
14291181
14291234
14291762
14291832
14292180
14292250
14292300
14292590
14292677
14292826
14292845
14292989
14293027
14293156
14293165
14293230
14293231
14293384
14293438
14293450
14294383
14294513
14294665
14295096
14295283
14295391
14295520
14295805
14295922
14296049
14316948
14317466
14317600
14320181
14320374
14321168
14341998
14415216
14421709
14425652
14442062
14476200
14483401
14492321
14493509
14494404
14494813
14549485
14549525
14550225
14552147
14553706
14553964
14554423
14554811
14555802
14556061
14556067
14556431
14558496
14596802
14596979
14597210
14597553
14597578
14597774
14597943
14599166
14599282
14599284
14599344
14599517
14599649
14599662
14600442
14600757
14600894
14600938
14601241
14601819
14601878
14601923
14602038
14602263
14602325
14602333
14602479
14602778
14602960
14603023
14603222
14603291
14603409
14603487
14603543
14604018
14604188
14604241
14605074
14605193
14605569
14605905
14606303
14606638
14606850
14607159
14607675
14608273
14608809
14608946
14609130
14609561
14609674
14609917
14610024
14610058
14611051
14611416
14611599
14611645
14612010
14612424
14612565
14612643
14613071
14613225
14613352
14613680
14613847
14614005
14614181
14614369
14614803
14615861
14626947
14627313
14627946
14628068
14628742
14630633
14631132
14631586
14631862
14632339
14632713
14633499
14634176
14634272
14634476
14635584
14681409
14681540
14681633
14682055
14682302
14682309
14682312
14682807
14682934
14683023
14683069
14683591
14683706
14683755
14684195
14684664
14684994
14685455
14685675
14685716
14685796
14686071
14686337
14686342
14686571
14686694
14686968
14687144
14687373
14687535
14687550
14687771
14687782
14687825
14687906
14688152
14688367
14688520
14688678
14689384
14689705
14689751
14690096
14690192
14690256
14690437
14690488
14691167
14692163
14692402
14692754
14692885
14693132
14693882
14693913
14694280
14694374
14695188
14695330
14695505
14695574
14695771
14695815
14696102
14715701
14718215
14726168
14726958
14729206
14732294
14733304
14734180
14753001
14754093
14754553
14755304
14755910
14756534
14756935
14758289
14759188
14760085
14761870
14762166
14762243
14762295
14763197
14763594
14764122
14764988
14765146
14765444
14765509
14765519
14765685
14766781
14767164
14767174
14767321
14767479
14767486
14767938
14768326
14768579
14768990
14769176
14769323
14770178
14770243
14770722
14771120
14771328
14771746
14772006
14772152
14773610
14773756
14774024
14774072
14775500
14775686
14775764
14776234
14776359
14776680
14776962
14777757
14778748
14780511
14780852
14780918
14781966
14782633
14782925
14783254
14783306
14783632
14785329
14786508
14786726
14787046
14876921
14880457
14888988
14889824
14890294
14890870
14891006
14891188
14891730
14891757
14892051
14892053
14892230
14892853
14893051
14893508
14894063
14894127
14895143
14896032
14896158
14896331
14896385
14896747
14896882
14897084
14897376
14897378
14897448
14897577
14898236
14898851
14898958
14899001
14899608
14899820
14899888
14900039
14900931
14901095
14901891
14901957
14901993
14902050
14902445
14902946
14903203
14903243
14903585
14903620
14903902
14903914
14903918
14903925
14904328
14904813
14904955
14905991
14906034
14906406
14906678
14906792
14908031
14908162
14908567
14908773
14909431
14909630
14909744
14910164
14910510
14910733
14910742
14911192
14911432
14911464
14912526
14912737
14912756
14912810
14913066
14913161
14913298
14913628
14913927
14914030
14914222
14914734
14914745
14914821
14914840
14914842
14915377
14915766
14915794
14916034
14916122
14916387
14916460
14916558
14916583
14917213
14917246
14917354
14917660
14917735
14918386
14919287
14921473
14921564
14921885
14921972
14922489
14923352
14923950
14924591
14925536
14925596
14925951
14926604
14927280
14927743
14927976
14928585
14928609
14929166
14929467
14930118
14930201
14930720
14931892
14951107
14951379
14951415
14951530
14951863
14951912
14952282
14952666
14952873
14953824
14954774
14955129
14955429
14955611
14955617
14955625
14955747
14955777
14955827
14956475
14957286
14957940
14958026
14958049
14958070
14958233
14958302
14958609
14959024
14959065
14959599
14959725
14959775
14959889
14959969
14960774
14961876
14962109
14962239
14962248
14962397
14962411
14962632
14962707
14962882
14963126
14963310
14963666
14963696
14963964
14964064
14964944
14965038
14965121
14965407
14965990
14966346
14966372
14966499
14966870
14966940
14967161
14967358
14967369
14967501
14968105
14968337
14968593
14968676
14968748
14977495
14979019
15007791
15011460
15082169
15082636
15082938
15083529
15083821
15085537
15087665
15089050
15089309
15089537
15091518
15091846
15092088
15092169
15093097
15093133
15093178
15093520
15093820
15094166
15094431
15094568
15094689
15095096
15095238
15095446
15095628
15095994
15096125
15096965
15097098
15097416
15097567
15097701
15097866
15098189
15098528
15099017
15099615
15100139
15100483
15100600
15101055
15102262
15102299
15102577
15102621
15102739
15103604
15103741
15103785
15104124
15104155
15104529
15104810
15104838
15105208
15105247
15105261
15106150
15106200
15159793
15176982
15177226
15177611
15177994
15178211
15178565
15179278
15180045
15180074
15180172
15180763
15181415
15182152
15182209
15182335
15182403
15182563
15182775
15182900
15182915
15183125
15183488
15183632
15183817
15184066
15184408
15184742
15185269
15185827
15186185
15186584
15187340
15187632
15188033
15188160
15188546
15188552
15189169
15190187
15190228
15190299
15191032
15191621
15192409
15192502
15211200
15211608
15211942
15213063
15213707
15216055
15216075
15216182
15216719
15217518
15217630
15221319
15222498
15222898
15223704
15223732
15225295
15226635
15287990
15290977
15294864
15295418
15296347
15314530
15318308
15319053
15319938
15320864
15321177
15322285
15322685
15324682
15387759
15395300
15395502
15396908
15397495
15398529
15401844
15401967
15402093
15402862
15402902
15403475
15403921
15404684
15405612
15405923
15407324
15407375
15407613
15408211
15409167
15409400
15409924
15410816
15411117
15411664
15412476
15413015
15413090
15413596
15418757
15423950
15430492
15430544
15430897
15431332
15431904
15432662
15433188
15433963
15434224
15434273
15434474
15435788
15435956
15436592
15436664
15436715
15436811
15436938
15437322
15438999
15439658
15440936
15440978
15441539
15442145
15442890
15443000
15443104
15443294
15443371
15443904
15444139
15496664
15496964
15500849
15501057
15501308
15502041
15503808
15504701
15504907
15508887
15509736
15510113
15564395
15564714
15565053
15565151
15565366
15565719
15565996
15566676
15566732
15567491
15567731
15567793
15567836
15568336
15568978
15569005
15569070
15569312
15569317
15569632
15569634
15569702
15570611
15570913
15571233
15571245
15571446
15571588
15571840
15571921
15573225
15573680
15574101
15574254
15574519
15574666
15574776
15575078
15576413
15577197
15577409
15578397
15579192
15579345
15580209
15580929
15582947
15583398
15586884
15639039
15639156
15639458
15639689
15640689
15640857
15640888
15641248
15641654
15642017
15642025
15642059
15642481
15642510
15642576
15642762
15644327
15644652
15644661
15645044
15645471
15645520
15647047
15647763
15648934
15649281
15650333
15650558
15651007
15651111
15651188
15651240
15651999
15652011
15652196
15652296
15652350
15652844
15653324
15654395
15654582
15654873
15655265
15655276
15655403
15655581
15655633
15655788
15656039
15656061
15656068
15656478
15656494
15656504
15656677
15656707
15657103
15657513
15657582
15657916
15658058
15658216
15658559
15658622
15658733
15659418
15660549
15660820
15661818
15662088
15662516
15662631
15663329
15663418
15663476
15663572
15664216
15683841
15685640
15685714
15686825
15687574
15691674
15692413
15693330
15693349
15695636
15732228
15733073
15733074
15733736
15734482
15734633
15735777
15736391
15736889
15738228
15738662
15738776
15739133
15740607
15745115
15746988
15749250
15749608
15749958
15838222
15838384
15838871
15839064
15839916
15840447
15840940
15841524
15841930
15842084
15842145
15842228
15842662
15843135
15843689
15843705
15843856
15843867
15845324
15845709
15846173
15846448
15846473
15847153
15847456
15892121
15893232
15894982
15917109
15929539
15929731
15929790
15929968
15930268
15930365
15930403
15930664
15930673
15931496
15931550
15931966
15932582
15932834
15933126
15933325
15933512
15933859
15934677
15935927
15936263
15936596
15937476
15937762
15938381
15938754
15939100
15939349
15939490
15939693
15939785
15941141
15941290
15942177
15942194
15942472
15942948
15943091
15943143
15943870
15944362
15944568
15944936
15945869
15945978
15946037
15997970
16033610
16033842
16034353
16035168
16035380
16035769
16035833
16036503
16036585
16036902
16037160
16037318
16037389
16037867
16038010
16038684
16039081
16039139
16039368
16039635
16039654
16040639
16040790
16040829
16040991
16041544
16041571
16041573
16041661
16041728
16042441
16042658
16042916
16043348
16043364
16043582
16043660
16043702
16044052
16044162
16044259
16044315
16044818
16044973
16045462
16045630
16045734
16045889
16045983
16046247
16046509
16046510
16046626
16047157
16047487
16047759
16047920
16048094
16048114
16133716
16201779
16201939
16201970
16202728
16202776
16202878
16202913
16203316
16203332
16203512
16203532
16203929
16204143
16204469
16204497
16204679
16204854
16205257
16205280
16205409
16205681
16205897
16206884
16207054
16207055
16207228
16207264
16207446
16207631
16207790
16207850
16207869
16208018
16208867
16208935
16209082
16209089
16209262
16209587
16209649
16209716
16210035
16210121
16210455
16210601
16211266
16213331
16214825
16214997
16215173
16215500
16215568
16215767
16215852
16215920
16215953
16224466
16289678
16290731
16291017
16291070
16291344
16291561
16291735
16292015
16292244
16292531
16292739
16292783
16292988
16293244
16293397
16293658
16293751
16293850
16294107
16294131
16294553
16294661
16294782
16295038
16295927
16296571
16296624
16296647
16296743
16297065
16297255
16297477
16297687
16298016
16298094
16298251
16298516
16299037
16299520
16299832
16300021
16300166
16300311
16300387
16300911
16301648
16318196
16323541
16324483
16324548
16324947
16325102
16325529
16326077
16327675
16327944
16327946
16328489
16329135
16375888
16375906
16377665
16383345
16383860
16386374
16386995
16387381
16387820
16388268
16388541
16389374
16390153
16390222
16390668
16390674
16391733
16391955
16391968
16392207
16392466
16393026
16393088
16393287
16393359
16393669
16393696
16394099
16394227
16394342
16395159
16396595
16397138
16397420
16397945
16398260
16398333
16398390
16398494
16398674
16398957
16399263
16399361
16434663
16435348
16437904
16440700
16442716
16444388
16444573
16445388
16446760
16447990
16448939
16452329
16453374
16453863
16454245
16454492
16458472
16458572
16459419
16459424
16459531
16460944
16461202
16462233
16462654
16463065
16463187
16463336
16464266
16464383
16464828
16464854
16465195
16466051
16466939
16468565
16562931
16564322
16565190
16566656
16567334
16569378
16569467
16570605
16570884
16571656
16571978
16573202
16573943
16574077
16574826
16577035
16579992
16581714
16584093
16593678
16596660
16600180
16631807
16632104
16632314
16632607
16633628
16633681
16633826
16633890
16634522
16634675
16634827
16635042
16635503
16635598
16635786
16636381
16636507
16636547
16636962
16637038
16637106
16637617
16638185
16639132
16639302
16639321
16639363
16639476
16639706
16639817
16639863
16640985
16641708
16642494
16642628
16642659
16642679
16642772
16642861
16643142
16643194
16643262
16643482
16644170
16644226
16644315
16644570
16644690
16645008
16645024
16645290
16645335
16645469
16645611
16645624
16646128
16646238
16646354
16646555
16646750
16646946
16646961
16646984
16647223
16647492
16648004
16648047
16648067
16648176
16648266
16648299
16649024
16649071
16649377
16649717
16650563
16650635
16650674
16650687
16651037
16651327
16651870
16651940
16652082
16652283
16652429
16652910
16653317
16654525
16655081
16655130
16655443
16655912
16656250
16656582
16656784
16656818
16656984
16657207
16658546
16658926
16658960
16659031
16675987
16768162
16899377
16900020
16900843
16900870
16900877
16901125
16901258
16901317
16901680
16901785
16901892
16902643
16902833
16903496
16903763
16904313
16904343
16904393
16904429
16904615
16905139
16905436
16905455
16905514
16905670
16905721
16905742
16906042
16906301
16906597
16906634
16906668
16906815
16907011
16907052
16907064
16907253
16907297
16907740
16908211
16908549
16909306
16909314
16909479
16909789
16910013
16910351
16910974
16911002
16911315
16911698
16911759
16977110
16977814
16977846
16977934
16977966
16978711
16979407
16979459
16979918
16980054
16980279
16981708
16982065
16982132
16982270
16982431
16982679
16982839
16983076
16983108
16983204
16983253
16983774
16983797
16984015
16984298
16984504
16984520
16985134
16985981
16986005
16986251
16987435
16987534
16987558
16987719
16988038
16988645
16988877
16989048
16989599
16989638
16989764
16990034
16990297
16990347
16990451
16990929
16991031
16991887
16992328
17005196
17012503
17159004
17160016
17165366
17171586
17172512
17195713
17200600
17202745
17204269
17263364
17266480
17273584
17330149
17330592
17330984
17331487
17331666
17331822
17332568
17332615
17333016
17333780
17333894
17334838
17334883
17335118
17335295
17335573
17335779
17337922
17338532
17339728
17340161
17341237
17341523
17341789
17341959
17379453
17379588
17379890
17380028
17380158
17380773
17382081
17382508
17382633
17382667
17382738
17382941
17383176
17383267
17384245
17384978
17385499
17385891
17386012
17386040
17386159
17386273
17386807
17387220
17387320
17387828
17387865
17387989
17388401
17388486
17388505
17388997
17389129
17389589
17390228
17390565
17391062
17391556
17392393
17392856
17392928
17393374
17393579
17393647
17393713
17393879
17394780
17395309
17395481
17395530
17396441
17396566
17397055
17397225
17397705
17397822
17398112
17398572
17398878
17399325
17400629
17400700
17400718
17401061
17401280
17401524
17401659
17401990
17402737
17402911
17403138
17403294
17403503
17403923
17403924
17403933
17404847
17405176
17405449
17405832
17405843
17405848
17406671
17406720
17407929
17408072
17409073
17409624
17409767
17409975
17410839
17410850
17411409
17411587
17412844
17413044
17413200
17413279
17413321
17415136
17416837
17417041
17417177
17419182
17420616
17421141
17422121
17423874
17425192
17425823
17426876
17432285
17432882
17436142
17436841
17439248
17440083
17440275
17440522
17467927
17468654
17469589
17469980
17470129
17470204
17470224
17470252
17470296
17470302
17470325
17470928
17471022
17471023
17471322
17471425
17471458
17471939
17471975
17472003
17472029
17472040
17472451
17472476
17472696
17473022
17473068
17473118
17473368
17473425
17473479
17473717
17473880
17473915
17474459
17474580
17474679
17474893
17474961
17475649
17475933
17476201
17476446
17476598
17477091
17477411
17477575
17478170
17478191
17478238
17478275
17478351
17478384
17478679
17478836
17478870
17479046
17479166
17480048
17480539
17480676
17480725
17622646
17624093
17630203
17630912
17633113
17633226
17633332
17633984
17634106
17634666
17634733
17635197
17635352
17635783
17635789
17636354
17636506
17637979
17638750
17638842
17639100
17639965
17640343
17640600
17641351
17641610
17642294
17642686
17643367
17643434
17643435
17643639
17644308
17644530
17644629
17644748
17645302
17645319
17647297
17647590
17647733
17649099
17649588
17649920
17650044
17650504
17650705
17650750
17682573
17683057
17683175
17683287
17683764
17683921
17684215
17684528
17685044
17685094
17685245
17685585
17685788
17685789
17686661
17686751
17687053
17687065
17687074
17687192
17687456
17687898
17687939
17688222
17688599
17688780
17688817
17688880
17689228
17690068
17690723
17691789
17691838
17691948
17692146
17692393
17692974
17693190
17693214
17693317
17693660
17693981
17694021
17694246
17694351
17694473
17694562
17694832
17694843
17694855
17694885
17694907
17694964
17695057
17695236
17751076
17751351
17752426
17754249
17755206
17755986
17756322
17756761
17757204
17757246
17757511
17757828
17757996
17759572
17760733
17760910
17761485
17761532
17774699
17774789
17774867
17775712
17775799
17775840
17776141
17776241
17776346
17776524
17776794
17777040
17777233
17777390
17778212
17778238
17778623
17778724
17778727
17778947
17779028
17779157
17779813
17779908
17779925
17780676
17780785
17781582
17781595
17782990
17783233
17784339
17784419
17784958
17785020
17785954
17786005
17786159
17786616
17786768
17787927
17788931
17789374
17789694
17790398
17790688
17790918
17793065
17793159
17793689
17794164
17795326
17795386
17796009
17796071
17796320
17798443
17798496
17799002
17799378
17799908
17800109
17801553
17801711
17803049
17803659
17803970
17804520
17804956
17805830
17806021
17807295
17807500
17808176
17808287
17808834
17808836
17808858
17808935
17809294
17809854
17811233
17811699
17812493
17812549
17812769
17812980
17813498
17813636
17813692
17813840
17814225
17814250
17814682
17815345
17815564
17815816
17815952
17815990
17816089
17816495
17816716
17816786
17816867
17817091
17817321
17817741
17817759
17819353
17819499
17819575
17819576
17819764
17820436
17820543
17820734
17820845
17821650
17822011
17822216
17822584
17822927
17823192
17823353
17823512
17823659
17825007
17825183
17825310
17827160
17827705
17827931
17828190
17828690
17829491
17829514
17830212
17830945
17831355
17831639
17831761
17832126
17832441
17832867
17833399
17833702
17834131
17834244
17834421
17834422
17834721
17834975
17835622
17836217
17838921
17840052
17841544
17842426
17852156
17852233
17857699
17861756
17861872
17867137
17868757
17871997
17872197
17872948
17876816
17880043
17880970
17881693
17882221
17882245
17892305
17901879
17902074
17902914
17903892
17904083
17904249
17904569
17904629
17905196
17905457
17905903
17907681
17908588
17908643
17908844
17908940
17909017
17909123
17909407
17909523
17909966
17910144
17911045
17911256
17911534
17911733
17912559
17912761
17912807
17913948
17914392
17915694
17916077
17916334
17916635
17918013
17919846
17920390
17920638
17921665
17922259
17922615
17922643
17922662
17922774
17923051
17923295
17923420
17923715
17924188
17924776
17926052
17926426
17926526
17926577
17927395
17927845
17927880
17927904
17927977
17928147
17928174
17928254
17928296
17928576
17928744
17929440
17930166
17930478
17930732
17931648
17931838
17932048
17932520
17932543
17932643
17933038
17933068
17933078
17934755
17934815
17935033
17935049
17935742
17935843
17935904
17936128
17937006
17937057
17937217
17937330
17938069
17938523
17938538
17938722
17938780
17939144
17940149
17940349
17940485
17940622
17959768
17960320
17960566
17960929
17961566
17962010
17962042
17962169
17962309
17962546
17962551
17962967
17963719
17963849
17964141
17964372
17964626
17964839
17964974
17965120
17965130
17965750
17965790
17966610
17966812
17966936
17967760
17967975
17968242
17968402
17968438
17969902
17970924
17971112
17971348
17972378
17972387
17972944
17973209
17974071
17974079
17974177
17974327
17974400
17974620
17974966
17975108
17975163
17976042
17976163
17976350
17976456
17976815
17976950
17978146
17979180
17979594
17979630
17980004
17980162
17981412
17981671
17982449
17982882
17983150
17983280
17984592
17986166
17986473
17988189
17988705
17991018
17993698
17993752
17994597
17994893
17995014
17995310
17995604
17995726
17996440
17996715
17996726
17996883
17996949
17997578
17997838
17997937
17998078
17998706
17998730
17998884
17998903
17998928
17998985
17999160
17999727
18000458
18000778
18001444
18001496
18001597
18001663
18001694
18001742
18002631
18002736
18002864
18002957
18003046
18003215
18003606
18003875
18004047
18004065
18004444
18005677
18006439
18006994
18007318
18007629
18007654
18008503
18008916
18009209
18009453
18009772
18010114
18010194
18010219
18010533
18011101
18015925
18016718
18018185
18022156
18022453
18034480
18067076
18071501
18072847
18075646
18077013
18078590
18110496
18119953
18120549
18121447
18122727
18125222
18127674
18129218
18130035
18131687
18135784
18136458
18136780
18136809
18136901
18136953
18137224
18137783
18138352
18138496
18138621
18138797
18138881
18138924
18139037
18139367
18139567
18139570
18140207
18140346
18140801
18140810
18141375
18141802
18141828
18142057
18142164
18142190
18142532
18143736
18143744
18143894
18144584
18145511
18146402
18146491
18146518
18146600
18146830
18147000
18147030
18147038
18147293
18147362
18147587
18147787
18147977
18149288
18149514
18149740
18150515
18150572
18151122
18151784
18152478
18152747
18152759
18152926
18152948
18153097
18153463
18154063
18154312
18154559
18154816
18184854
18185120
18185392
18185641
18185803
18185979
18186052
18186368
18186468
18186793
18187103
18187582
18187878
18187948
18188514
18188657
18189304
18189394
18189685
18189946
18190374
18190512
18190529
18191223
18191305
18192592
18192661
18192924
18194527
18194903
18194950
18195480
18196819
18197054
18197783
18197789
18197959
18198581
18198944
18199001
18199028
18199098
18199278
18199639
18199665
18199691
18201178
18201243
18201468
18201657
18276747
18281984
18292151
18312724
18312806
18313584
18314396
18314819
18315144
18315615
18316278
18316492
18317288
18317855
18317901
18318291
18319462
18319496
18320046
18320168
18320270
18321335
18322264
18323276
18323819
18324578
18324745
18379699
18380634
18383880
18385641
18386893
18388213
18408137
18408710
18408858
18409596
18412179
18413015
18413908
18414319
18415092
18415122
18417003
18418442
18419908
18420250
18549479
18552473
18554117
18555116
18556387
18556825
18558285
18559573
18560812
18565512
18566086
18566217
18567483
18567666
18567777
18568153
18568565
18568567
18568971
18570890
18571305
18571314
18571790
18572935
18573930
18574043
18574067
18574893
18575153
18575176
18575376
18576232
18576676
18577968
18578096
18578847
18579388
18579424
18579878
18580110
18580310
18580464
18581025
18581458
18581591
18581612
18582074
18582178
18582650
18582690
18583360
18583786
18584302
