1133
3930
5715
11322
13098
14427
21490
22960
24903
25792
26212
27401
29639
29956
30430
30503
31878
32265
34207
34375
34625
34755
34972
37971
38764
39177
42699
45183
47723
48509
48756
51964
52672
55606
56079
58911
59022
59739
61526
64122
65569
66273
70895
71333
72047
72234
72913
73685
74307
75093
76312
80902
81224
89419
89454
90834
96693
98418
99580
100416
102683
105426
105715
106964
108086
109551
110636
113167
113962
114698
116011
119462
122060
125284
126746
128599
129285
132264
135260
135779
137031
138126
141080
144602
145484
147771
149451
151011
152349
152707
154782
156957
162810
164655
166572
166923
167390
167853
168394
171491
172508
175561
177462
178197
178505
179204
182717
182913
183183
185128
186768
188259
189080
189853
192059
193992
194732
195120
196786
199752
202091
203090
204004
208847
209927
213040
213898
214297
217156
219375
221710
224543
225364
225410
225719
225834
225979
227393
230213
231124
232234
232966
233399
236233
237318
243353
250110
252579
253402
255708
256123
256937
258767
259234
261294
261572
263212
264030
264272
265069
265348
266682
270055
273572
277147
277152
278419
279011
279650
279794
286749
295191
295836
302691
304544
305199
308762
308975
311236
313192
314006
314107
314595
314632
317020
317043
320097
324467
326351
327594
327678
328098
333043
334107
334615
335207
335292
337285
339339
341380
346174
351606
354868
355749
357080
358714
362161
364963
366844
368533
368641
372713
374530
375636
376560
376666
377924
378694
379383
381300
385867
391004
395336
396257
396684
397162
398394
398886
399027
401445
404071
404568
405570
408867
410465
411520
411787
413998
414226
419674
420475
423723
425224
426646
428840
429600
439467
439854
440736
441435
441446
441639
442101
446436
447391
447698
447734
450023
453174
455530
456052
459697
461333
463891
464832
470708
470827
471432
473450
476083
477323
481079
481190
483734
484498
486578
486644
489012
490182
493239
494993
495641
496325
497486
498170
498972
500285
501779
506570
506985
508067
508096
509638
514787
519395
521281
521394
524513
525875
527139
529798
532685
534651
534917
538537
544469
546850
547023
547738
552474
553447
555671
557199
557853
560661
561326
562016
565781
569351
570020
571190
571323
577463
577695
581086
584959
585625
588320
588716
589800
591206
592239
592527
593333
593628
594769
596186
602534
602600
603355
606128
606790
607730
608605
609900
609942
610859
611006
613219
614757
615396
620011
624643
624998
625460
627755
627937
628024
629638
632470
632959
634312
634691
639460
640501
643317
643704
645104
645181
645476
651488
652181
654834
659993
663799
664234
666519
672620
672952
673420
674474
674931
679346
680772
682195
682217
682759
683265
687119
689204
693018
695537
697141
697796
703808
705752
712407
713655
715445
720354
720932
722045
722254
724317
725843
729817
731012
731923
733085
737829
740419
740976
743736
747168
751184
751438
753465
757667
759350
759498
761468
761962
763851
766870
767196
768340
769875
774699
776091
776176
776805
780850
781888
781971
782539
783783
785870
786870
786984
790954
791978
795323
796372
800761
802922
804543
806084
811479
813872
816371
818182
821753
821930
824638
825057
826737
829256
832857
834504
836991
837346
838357
839547
839847
842631
843403
845231
848342
849771
851382
852158
853855
854357
854710
856984
858750
859901
862536
862752
864161
864514
864640
867971
868366
872432
873785
878665
879192
881993
884369
885824
889513
890174
894170
894666
894781
898327
898729
900178
901489
902024
902920
904223
912210
912489
914998
915242
915462
919546
921317
921710
924373
925883
926113
927879
929783
930836
932127
932684
936095
938287
941494
942846
944284
946303
947262
947306
947667
948851
949535
960155
960372
964555
964700
966365
969217
973500
973723
974015
976872
978469
980175
981240
981813
982342
986275
986346
988671
990933
995199
999220
1002185
1002765
1002795
1011654
1012078
1012293
1017139
1017407
1018089
1019488
1019743
1022062
1023579
1026063
1028041
1032155
1033966
1035447
1035921
1040064
1043747
1044095
1046056
1049413
1050118
1051116
1051375
1053340
1053543
1055447
1058351
1061218
1062602
1069438
1070566
1071626
1072986
1073238
1074130
1077443
1079132
1080366
1081080
1081838
1082142
1083186
1087236
1092620
1092983
1093403
1096707
1103073
1103502
1105615
1108038
1109137
1109427
1109428
1110843
1112390
1114293
1116295
1116861
1119128
1119135
1120708
1121899
1122346
1126359
1127496
1128565
1129240
1133588
1138414
1141698
1147886
1148195
1149175
1155372
1157800
1159117
1159164
1163777
1167223
1167262
1167722
1173834
1175367
1176319
1176519
1181804
1182045
1183473
1185127
1185898
1189245
1189988
1191578
1193644
1194915
1197381
1201757
1202666
1203533
1204609
1206229
1206439
1211281
1211697
1212143
1214255
1218926
1219582
1221790
1223111
1223399
1225169
1226661
1227911
1230733
1233487
1240488
1243592
1243779
1245031
1246020
1247855
1251194
1259645
1259682
1260270
1260615
1261477
1264285
1265667
1267304
1267788
1270985
1281084
1282780
1283184
1283829
1287800
1288454
1291056
1297178
1297522
1298507
1299144
1300157
1302586
1305975
1311682
1313012
1313601
1316704
1317557
1318315
1318726
1319246
1320142
1322409
1324042
1325177
1326674
1328568
1329566
1330235
1331193
1333617
1333629
1337951
1339753
1340050
1343464
1345328
1347086
1347855
1348351
1352837
1353384
1355150
1356292
1357281
1358556
1359121
1362137
1366206
1371671
1371876
1373697
1375127
1380037
1383601
1386517
1387076
1389801
1390217
1392422
1398751
1401172
1405281
1407354
1407388
1409313
1412520
1413994
1415094
1415997
1417868
1419786
1421637
1422665
1423903
1426965
1431187
1432422
1433064
1433678
1436155
1441635
1445238
1447217
1449925
1450915
1451435
1452780
1455316
1460333
1460652
1460869
1462301
1462672
1464483
1466286
1468052
1471002
1472463
1473280
1473529
1473739
1475165
1476397
1479379
1479868
1482111
1486079
1486591
1487216
1490663
1494406
1496901
1502261
1503116
1503378
1503924
1508620
1509815
1510993
1513365
1516760
1522796
1523990
1525682
1535045
1541572
1543823
1546537
1550111
1553144
1554145
1554373
1554627
1556424
1557114
1563007
1563318
1565329
1569620
1570014
1570742
1575358
1575846
1575937
1583929
1588842
1591635
1596337
1596698
1596721
1596874
1597019
1599855
1600996
1601367
1604658
1610340
1611573
1616609
1616832
1617236
1617415
1617770
1621930
1623356
1623675
1623799
1624801
1627844
1628760
1629328
1629354
1633409
1635524
1636597
1636839
1637993
1638715
1638898
1639131
1642177
1645003
1649156
1649947
1655357
1655803
1655907
1657448
1657842
1657866
1661488
1662826
1662928
1667451
1669805
1672253
1672609
1674957
1676188
1685234
1685825
1687381
1698853
1706363
1708205
1715681
1716984
1722311
1723561
1725098
1725256
1727747
1729205
1729276
1729738
1729919
1732219
1734010
1734954
1735724
1736839
1737402
1737708
1737834
1739177
1739257
1741412
1743749
1746969
1752388
1759485
1760911
1763632
1767260
1768597
1770588
1774542
1775027
1776536
1778120
1778223
1779617
1779660
1781253
1782592
1785084
1785211
1787565
1789881
1790224
1790660
1791286
1791416
1792628
1796360
1800270
1801754
1802401
1802405
1803182
1809615
1810339
1812602
1813612
1813955
1816707
1817683
1818533
1819920
1823083
1827472
1829763
1832881
1833416
1839108
1840845
1841560
1841793
1842090
1845210
1848908
1851106
1853427
1853586
1856383
1859526
1860098
1860494
1861597
1861696
1864315
1865999
1868299
1876331
1877046
1877842
1879018
1879840
1880518
1880854
1880923
1889095
1891579
1897064
1900060
1900680
1901794
1902046
1903181
1904315
1905471
1905824
1906242
1907847
1911766
1913963
1914354
1914472
1914608
1915374
1917793
1918189
1918326
1920079
1922601
1923209
1927350
1929460
1933213
1933425
1935926
1938763
1941464
1942390
1945915
1951605
1952120
1952766
1953846
1955388
1956787
1957659
1957921
1961627
1962662
1967857
1970593
1974270
1974967
1978041
1978738
1980539
1981217
1982155
1982548
1986601
1989320
1989569
1990861
1991612
1994350
1999331
1999443
2000230
2000585
2003509
2006179
2006996
2007271
2009505
2011508
2016726
2017901
2021716
2028007
2029384
2031100
2031149
2031615
2033257
2033753
2038661
2038902
2040343
2043327
2044054
2045411
2047244
2048080
2048933
2049049
2049207
2054255
2054363
2059569
2063179
2063654
2064298
2064891
2066628
2067721
2068296
2069092
2069233
2069291
2070071
2072732
2080797
2081012
2082374
2084057
2084733
2086549
2087813
2088279
2088790
2089791
2092291
2093168
2099048
2102126
2105607
2105820
2109463
2113023
2115807
2117604
2122919
2131049
2132549
2132663
2135798
2137546
2138756
2142111
2146461
2146926
2147046
2150208
2150547
2153529
2153971
2162490
2164405
2168556
2168600
2170169
2174007
2174435
2177337
2177668
2180151
2181928
2183214
2183305
2184351
2187759
2191025
2191199
2192599
2193495
2193726
2196091
2199677
2200048
2203068
2203271
2207746
2209404
2209576
2212043
2214685
2216767
2217573
2218298
2218699
2222268
2222678
2225667
2229746
2230018
2231295
2232104
2233887
2235085
2237768
2237895
2237967
2238355
2238600
2239604
2245360
2246032
2246200
2246696
2246834
2246923
2248516
2249475
2250150
2253056
2255615
2255866
2256787
2256843
2258983
2262273
2267098
2270855
2271378
2271543
2272766
2275545
2275710
2276744
2277030
2280159
2280747
2281514
2290566
2291241
2293009
2294380
2295351
2295386
2299645
2299893
2300339
2300887
2301126
2303487
2308523
2314884
2315467
2319005
2319863
2322458
2323306
2331953
2333157
2333712
2335123
2337028
2337392
2339097
2342471
2342704
2343712
2345233
2345277
2351536
2351927
2352969
2354408
2355980
2360467
2361809
2362807
2365208
2365575
2368230
2373576
2375054
2381436
2387277
2388989
2389650
2390190
2391905
2392571
2395127
2395162
2395535
2398002
2398338
2398583
2405674
2409728
2409962
2411083
2411675
2412726
2413102
2415385
2419228
2420587
2420862
2422796
2424296
2425287
2425778
2428693
2429481
2431050
2434588
2436128
2436508
2437823
2439780
2441465
2442292
2442799
2443242
2443303
2444995
2446355
2446501
2448257
2449146
2449948
2451882
2454324
2455176
2456084
2457072
2458027
2458398
2465776
2465825
2466948
2471594
2472308
2474215
2475083
2475433
2477072
2478172
2479699
2483222
2483337
2483786
2485943
2486546
2488467
2491006
2491124
2493382
2494372
2496045
2496123
2497337
2498821
2501480
2501858
2504711
2505605
2506677
2508173
2509503
2511599
2512884
2515320
2516839
2517444
2520882
2526303
2527233
2531628
2532584
2533555
2539519
2539693
2540141
2540589
2540726
2542777
2544423
2544459
2545471
2547767
2548942
2548954
2551300
2553792
2554638
2555299
2555772
2556116
2557458
2560491
2562375
2563003
2565389
2566083
2567154
2573267
2578881
2580320
2583287
2590137
2590504
2590960
2591678
2593000
2593044
2593438
2593471
2593950
2594867
2595462
2597755
2601323
2602756
2603286
2604535
2606824
2608078
2610088
2611921
2612364
2612718
2614823
2616080
2616618
2616935
2617257
2619109
2619124
2624662
2628700
2632814
2635378
2641587
2641668
2643126
2647733
2648559
2649906
2650261
2650352
2653659
2653682
2654887
2656956
2658296
2660670
2662378
2664233
2666895
2668035
2668524
2669707
2669758
2674719
2674734
2675092
2676285
2677792
2681302
2681610
2682112
2684203
2684847
2685591
2685861
2686481
2686872
2688790
2689624
2691348
2699691
2705033
2705798
2705861
2708629
2709021
2710441
2711492
2711654
2714798
2716631
2716978
2718270
2721468
2721538
2722760
2724854
2725039
2726609
2726796
2728108
2729115
2731545
2733552
2738398
2741504
2745243
2746590
2746815
2747488
2749009
2750083
2753276
2754488
2758871
2759329
2759691
2760086
2760445
2762755
2765604
2765898
2767692
2768783
2769038
2769850
2770278
2775097
2775923
2777101
2782630
2787950
2788613
2788881
2789204
2790539
2798635
2799681
2800068
2801563
2803029
2803032
2803925
2804188
2805495
2807778
2808345
2808486
2809327
2810939
2811167
2811299
2814038
2814601
2815284
2817117
2817606
2819448
2820533
2830952
2834101
2835776
2836660
2845358
2846873
2850727
2855699
2858145
2869030
2871460
2872345
2873171
2880062
2880199
2881884
2882913
2884903
2885436
2886976
2893142
2895181
2895399
2897795
2899292
2899665
2899689
2899964
2904153
2905302
2906200
2906838
2906964
2908075
2911154
2911900
2913671
2914113
2916606
2917440
2917584
2920413
2922500
2922773
2923906
2930561
2930813
2934805
2939260
2939282
2939993
2940909
2942513
2943276
2944021
2944888
2947784
2948845
2952168
2957932
2959473
2965706
2966279
2966517
2967369
2968959
2971374
2973687
2975110
2978909
2979001
2979040
2982772
2983650
2984103
2985365
2985441
2986932
2987168
2989368
3001555
3002571
3004969
3006476
3007646
3010832
3011379
3014913
3017265
3018067
3018323
3018728
3021265
3021949
3022282
3024149
3025537
3026410
3030859
3031459
3031565
3032709
3032730
3036054
3037550
3038708
3039695
3041036
3041256
3043385
3043976
3047263
3052233
3055049
3055188
3057501
3059716
3062286
3064614
3064844
3064997
3065162
3065182
3066516
3068393
3068579
3069173
3070211
3071563
3075931
3076470
3077495
3080329
3084814
3087092
3087583
3094351
3095001
3101290
3104114
3104761
3110234
3112350
3113367
3115023
3124527
3129671
3131755
3133794
3137053
3137825
3140063
3143042
3145099
3145768
3145862
3146266
3147071
3148150
3148843
3149375
3151005
3151620
3152823
3155629
3155647
3156215
3157032
3158140
3158211
3159943
3161343
3164772
3166045
3167807
3169708
3171082
3172109
3174745
3175932
3176383
3177681
3180072
3186871
3187067
3187224
3188293
3188604
3190469
3195070
3198131
3201144
3201381
3202236
3202354
3206156
3208827
3210816
3211534
3213509
3213748
3214751
3215156
3216827
3217338
3217460
3219651
3219820
3221503
3221939
3222755
3225084
3225647
3231457
3235114
3237288
3238633
3238636
3240219
3240706
3242666
3247141
3248035
3249521
3250357
3250709
3252985
3259573
3262487
3262798
3264573
3265355
3278810
3279246
3281648
3281687
3289421
3289782
3292482
3294594
3295418
3300871
3307408
3308276
3309242
3315103
3320826
3321120
3324681
3325545
3326277
3328275
3334529
3334730
3335480
3335798
3337552
3338464
3343587
3347933
3352874
3354461
3358533
3358539
3358679
3359044
3363206
3364430
3364969
3365010
3365463
3366080
3366772
3367692
3375303
3380640
3383984
3385227
3387936
3390441
3391425
3393350
3395702
3398961
3401046
3401455
3408222
3408839
3409305
3409768
3412122
3414757
3415354
3419761
3420568
3420765
3421925
3423421
3425336
3425981
3426155
3426354
3427441
3429670
3431614
3431756
3432712
3433485
3433620
3435582
3437233
3439043
3439570
3442672
3442951
3445138
3445779
3445949
3451692
3452919
3457036
3458465
3460225
3462284
3462970
3465054
3467428
3472524
3473467
3473884
3475414
3476563
3476664
3476873
3477114
3478560
3480423
3485052
3485165
3485435
3485871
3487384
3490120
3490198
3491480
3493622
3493739
3494213
3494717
3495777
3496413
3497126
3498532
3499303
3500145
3502428
3503844
3509598
3510140
3512608
3513071
3513087
3513311
3514166
3514918
3515327
3517901
3519849
3520939
3523191
3525239
3526260
3529668
3531283
3532283
3535886
3543276
3546332
3547173
3549027
3550975
3553540
3555298
3559504
3561417
3562137
3562840
3562994
3566860
3567534
3570465
3571615
3571819
3574022
3574333
3578072
3582109
3582337
3584569
3586014
3586070
3586114
3586117
3587530
3589072
3590348
3591425
3592958
3597068
3598761
3599277
3600044
3602883
3603642
3604966
3606361
3606700
3607028
3608777
3612502
3613984
3618928
3619022
3619147
3620571
3620833
3621492
3622198
3622607
3625025
3625613
3625651
3626288
3629367
3630772
3631863
3636435
3638981
3640552
3642110
3642554
3642569
3642836
3643804
3653447
3654068
3655855
3656698
3659424
3659825
3662543
3663473
3666261
3666388
3673101
3674255
3678344
3678895
3680295
3681974
3682345
3683579
3690797
3692490
3692685
3693699
3693976
3694789
3696533
3697580
3697915
3703853
3705510
3707381
3708549
3708827
3710071
3711159
3711940
3715119
3715351
3717215
3720756
3722786
3733377
3733929
3736233
3736237
3738540
3745004
3746411
3751719
3752651
3753482
3755876
3757091
3758017
3762851
3764444
3765547
3767402
3768613
3768780
3770971
3778263
3781544
3781652
3782333
3782926
3783309
3783335
3787047
3792181
3793117
3793625
3794519
3798010
3801216
3801460
3803545
3805657
3806078
3810708
3813594
3814889
3818636
3820981
3821883
3823005
3825294
3826471
3827745
3829925
3831401
3834161
3838609
3840292
3843490
3848751
3849442
3850705
3853406
3858102
3860007
3861840
3861872
3863492
3863710
3866540
3866666
3866898
3869022
3870489
3872247
3875473
3875934
3880459
3882806
3883062
3890022
3891647
3894980
3905702
3910982
3912392
3912643
3919500
3919517
3921449
3921537
3923615
3928344
3933527
3935485
3935867
3938363
3940659
3942059
3942127
3945859
3950048
3950415
3952158
3954054
3954091
3954603
3955407
3955830
3956282
3957160
3958322
3959405
3960069
3963338
3963886
3963933
3964124
3964205
3964417
3966839
3967043
3968256
3968446
3968889
3970340
3975479
3975817
3978756
3978852
3984683
3987229
3988888
3988943
3991134
3992472
3992676
3993436
3994850
3997782
3998202
4000512
4002601
4002810
4004744
4005561
4019628
4019944
4020340
4021357
4021750
4022851
4024316
4026939
4029431
4030147
4034399
4034909
4036920
4037287
4046925
4049964
4051592
4053392
4054558
4055333
4055675
4056319
4062225
4063791
4065091
4065836
4066434
4066743
4067693
4068465
4073079
4074456
4075389
4076123
4077854
4078049
4080770
4081666
4082290
4084670
4090676
4093669
4096048
4096095
4096734
4101320
4105887
4106396
4106943
4109226
4110697
4111763
4113340
4113603
4115082
4117355
4118939
4119115
4123446
4125119
4126762
4130300
4132931
4133240
4133996
4135279
4137634
4138832
4142657
4146417
4147851
4150771
4150967
4151562
4153109
4158131
4161040
4161655
4162309
4163289
4163571
4164183
4164962
4165339
4165617
4169570
4169907
4175660
4180692
4181959
4182263
4185130
4187872
4189087
4189859
4190420
4191322
4195358
4195722
4197120
4197751
4201897
4202403
4204029
4204418
4207774
4208826
4212427
4213467
4214942
4217011
4220248
4221616
4221827
4222387
4222987
4223757
4228398
4229180
4232710
4235409
4236696
4237166
4239280
4239390
4239734
4240777
4241077
4241787
4244854
4251288
4257233
4258830
4259631
4259878
4265000
4266926
4267921
4271439
4271456
4272343
4272869
4273203
4273253
4275881
4276171
4283405
4286654
4288090
4290102
4290772
4290907
4291006
4292158
4292988
4293454
4296796
4299265
4301436
4305269
4306102
4308204
4314977
4316979
4319247
4320303
4328518
4332575
4334972
4337313
4337887
4345354
4345711
4353426
4358358
4358525
4359872
4360408
4363076
4365847
4366523
4368843
4369599
4372788
4374257
4374440
4375108
4378655
4379211
4379404
4379917
4381704
4384126
4389535
4391184
4391727
4391947
4396048
4398112
4398141
4399090
4399878
4400257
4401138
4402184
4403048
4405280
4408522
4409903
4413386
4414209
4415830
4416326
4416940
4417172
4418499
4422490
4423563
4426652
4430077
4431897
4432930
4434078
4436056
4436066
4437342
4438535
4439714
4440432
4440460
4443270
4445116
4447740
4449929
4452111
4456302
4457070
4457086
4458393
4458690
4460119
4461836
4463329
4464142
4466329
4468779
4470639
4472552
4473005
4474340
4479168
4483236
4487706
4488210
4488278
4489344
4489481
4490213
4490374
4493680
4502526
4505172
4507682
4512153
4512342
4518316
4521058
4521736
4522593
4528094
4528374
4528564
4528850
4533431
4534845
4537625
4539352
4542331
4542634
4544737
4544743
4544969
4545883
4547527
4554232
4554421
4558935
4559682
4564222
4564561
4564887
4568379
4569463
4571026
4572500
4576264
4577821
4578879
4580886
4585223
4587285
4587555
4588219
4588989
4589632
4589961
4591145
4592129
4594716
4595087
4600321
4600896
4601149
4601964
4602012
4602506
4602761
4605368
4610330
4612066
4614830
4615945
4617518
4618072
4626307
4626932
4626954
4627065
4630136
4630299
4631243
4631496
4635926
4637958
4639771
4640352
4640839
4640912
4641223
4641309
4641432
4643430
4643597
4644143
4644450
4645510
4646479
4649204
4649659
4650631
4653178
4656869
4657484
4660565
4661803
4664041
4664297
4664648
4665632
4665794
4669464
4670294
4673963
4674941
4681026
4681390
4681649
4682277
4683191
4694586
4697512
4697625
4700524
4704147
4705282
4705820
4707897
4708555
4711181
4711190
4711669
4714615
4715222
4717586
4719769
4721253
4722028
4724062
4726274
4731207
4734218
4736822
4738730
4739993
4742769
4743205
4743230
4750317
4750379
4754353
4759175
4759179
4763779
4764565
4765673
4767598
4767689
4768074
4770844
4772646
4775077
4776423
4776436
4778699
4780009
4781403
4784870
4786208
4792473
4793705
4795142
4796346
4799029
4799326
4805696
4806244
4807311
4811947
4812429
4813889
4814183
4815292
4816923
4817112
4817734
4819676
4821580
4822882
4823000
4825600
4830456
4830899
4833576
4834334
4836964
4837176
4843456
4845074
4849575
4850608
4853513
4854617
4854943
4855832
4860167
4866005
4869956
4870357
4874910
4875433
4876639
4877928
4878641
4879968
4880195
4883532
4887794
4887857
4888525
4892038
4899436
4899820
4902836
4904903
4905145
4907077
4909118
4910067
4910091
4910098
4914431
4915320
4916588
4918300
4919660
4920097
4923127
4924271
4924791
4925454
4925732
4926291
4932340
4932669
4933524
4937020
4940088
4940536
4943663
4946148
4948380
4950100
4951039
4954369
4961499
4962045
4965194
4966147
4967105
4970337
4971381
4971626
4973156
4975001
4977350
4981724
4982321
4983400
4986952
4987596
4988887
4989510
4993513
5001363
5002652
5003258
5004393
5005626
5008000
5008399
5008423
5008499
5011623
5011985
5012034
5016131
5016403
5016488
5018455
5020317
5021757
5021785
5025858
5027461
5031459
5032102
5032587
5033283
5036999
5037381
5038358
5040493
5043658
5046742
5048801
5049676
5050173
5052843
5063855
5064878
5065223
5065507
5065591
5066363
5067494
5072432
5072648
5074985
5076295
5079613
5079997
5080633
5083132
5086001
5087429
5087852
5090797
5090891
5091042
5092155
5097256
5098744
5101877
5102496
5103088
5104193
5106659
5108709
5112910
5113351
5116088
5117300
5117575
5118227
5119032
5120288
5123256
5123704
5125671
5126970
5127596
5128443
5128477
5128720
5133201
5133343
5135302
5135892
5136483
5136991
5138536
5139957
5140842
5141159
5141404
5141837
5146547
5146942
5147257
5147942
5148853
5151645
5152549
5153973
5154138
5156531
5161319
5162661
5166443
5171472
5172688
5173837
5175427
5177119
5179288
5181174
5184893
5189636
5192826
5203881
5203965
5204836
5205210
5206907
5208528
5208923
5210778
5213030
5213470
5214198
5216080
5218740
5223586
5225686
5226897
5226993
5227197
5227326
5229718
5230607
5235603
5235930
5236972
5242940
5243059
5249455
5249520
5249856
5250655
5250715
5252696
5253863
5255732
5256777
5256856
5257227
5261876
5264236
5264329
5266811
5267526
5267792
5269203
5269750
5269762
5269910
5271058
5274602
5276313
5278741
5280562
5281200
5283478
5285955
5289373
5289766
5290140
5290757
5296880
5299401
5300608
5300613
5305827
5306538
5306984
5312504
5313402
5316003
5318029
5318282
5319136
5319767
5322608
5322623
5325230
5329006
5331113
5331809
5333604
5335271
5337755
5339725
5348423
5349023
5351759
5352316
5354875
5360393
5361046
5361754
5362595
5364515
5364984
5365067
5365254
5366834
5369375
5370071
5370869
5371501
5371984
5372153
5372416
5373023
5375174
5376242
5376610
5377453
5381071
5382033
5385996
5387380
5393221
5395824
5396889
5401357
5401402
5402005
5402559
5402695
5404670
5405688
5407618
5414265
5414284
5415943
5416776
5417893
5419274
5421444
5421633
5421842
5422650
5423357
5426615
5426880
5427200
5428719
5430349
5433582
5437276
5440926
5441052
5441458
5442561
5444710
5447351
5447668
5451312
5452178
5453867
5458335
5464694
5465219
5468893
5468917
5469210
5470927
5478467
5478727
5485491
5485595
5487037
5488038
5488318
5489891
5490398
5493995
5496277
5496776
5502384
5506528
5506901
5506981
5508669
5510216
5510251
5510914
5511460
5514320
5515877
5520151
5522125
5522298
5525862
5530402
5532707
5537143
5537648
5538371
5538959
5541003
5541368
5541689
5546846
5550792
5550940
5553054
5553516
5556084
5558621
5559529
5560200
5561503
5564775
5566518
5567440
5568448
5569778
5570311
5570510
5574160
5574301
5576078
5576839
5578092
5578271
5579249
5580112
5581980
5585059
5587395
5590370
5591788
5593911
5594972
5598207
5599270
5599323
5599966
5600219
5604736
5607916
5608787
5612152
5615315
5617291
5621102
5622392
5622646
5624128
5624932
5626057
5626756
5626912
5632670
5635288
5639117
5642879
5643643
5644947
5646542
5647381
5648192
5650429
5652618
5656221
5661110
5666441
5674836
5674901
5675874
5677422
5677492
5677836
5680226
5684462
5684800
5687530
5687849
5688075
5690026
5693057
5693247
5694436
5695649
5696916
5699145
5701257
5702468
5703058
5703151
5706905
5707812
5708146
5708297
5708303
5710869
5711985
5712315
5717224
5719441
5720451
5722625
5725348
5728769
5729364
5732527
5734259
5735975
5739890
5744534
5748862
5749561
5751737
5751795
5753335
5753444
5754221
5756734
5760759
5761645
5762399
5763402
5763429
5764964
5766376
5766387
5768825
5771663
5775326
5780959
5781560
5784245
5788667
5789621
5790040
5790451
5790806
5791615
5795733
5796638
5803060
5803784
5806755
5806908
5807461
5811474
5816427
5817521
5817870
5821253
5821746
5825723
5826889
5828002
5828897
5831757
5834630
5836649
5839614
5839882
5841297
5844943
5850341
5862479
5864545
5866148
5868049
5870970
5872243
5872562
5873483
5876398
5876631
5879114
5881535
5881890
5885371
5886505
5890248
5890599
5891446
5893804
5897852
5899969
5905306
5912482
5913184
5914469
5919936
5920312
5922069
5923680
5924281
5928551
5930990
5932147
5932350
5935035
5938100
5941399
5942991
5943043
5943067
5943428
5945594
5946056
5947920
5949180
5949288
5949338
5949723
5951130
5956362
5956433
5960922
5962002
5962088
5964475
5965746
5966892
5968545
5968912
5969154
5969524
5972279
5975050
5977942
5978498
5978743
5979007
5980094
5981053
5982309
5983964
5985797
5986833
5992258
5995086
5997446
5999049
5999168
5999889
6000565
6005625
6007112
6008585
6010132
6012075
6015304
6019342
6023850
6024101
6024242
6027508
6028105
6029265
6029714
6032162
6033063
6033818
6034025
6034484
6036148
6037095
6037415
6044572
6044952
6046148
6055638
6056314
6058800
6059552
6060061
6062612
6065356
6066448
6066648
6071427
6072030
6072950
6075358
6076692
6085518
6087566
6087602
6088057
6088815
6089995
6093817
6095405
6097324
6097923
6099187
6100620
6103681
6105067
6106647
6109160
6110990
6112340
6112997
6113141
6123373
6125138
6133895
6136308
6137535
6137774
6138235
6141517
6141581
6148533
6149176
6149475
6149987
6152607
6153439
6156953
6162777
6162786
6163091
6170386
6170956
6173298
6176855
6178969
6181434
6182853
6183764
6184135
6184301
6185086
6191426
6191672
6192911
6193597
6193907
6194133
6194135
6195209
6204539
6204745
6210655
6212131
6216700
6216885
6219111
6221438
6225815
6225845
6228334
6233777
6236153
6239358
6239898
6244647
6245929
6246301
6248104
6248557
6249688
6252597
6253406
6254855
6255594
6255972
6256671
6260087
6262076
6267217
6268826
6269533
6270776
6272173
6273973
6274771
6276152
6276540
6276813
6279911
6280835
6281822
6282465
6284518
6284859
6284897
6285241
6285295
6286860
6295110
6296905
6297209
6299111
6301817
6309731
6309828
6310046
6310187
6310593
6312215
6313782
6316860
6316920
6320437
6322188
6323322
6324197
6326753
6328991
6331819
6331952
6337081
6337757
6338030
6339140
6340157
6343512
6344468
6347521
6347946
6351171
6352870
6357127
6357646
6358736
6359474
6361218
6362960
6363600
6367681
6371705
6374861
6376988
6378336
6386783
6388458
6389590
6393746
6395847
6396288
6397281
6397829
6398087
6398871
6398892
6401845
6404618
6405364
6409508
6409694
6410945
6412511
6412831
6412943
6414750
6417375
6417818
6418850
6419269
6419947
6421307
6426208
6426762
6427087
6427360
6428837
6430576
6430925
6432371
6433868
6434423
6438094
6443387
6443506
6443675
6447367
6448255
6448775
6452061
6452115
6453264
6453935
6457170
6458072
6461252
6464818
6466536
6471881
6477730
6481422
6483279
6485724
6486927
6488527
6493797
6494861
6497267
6502317
6503549
6504491
6504845
6505895
6506291
6508650
6510980
6511075
6512286
6513681
6514607
6515274
6516640
6518662
6518905
6520934
6522671
6530436
6530824
6532801
6532945
6533593
6535343
6535574
6535586
6536999
6538538
6538785
6538939
6543884
6545880
6547071
6548778
6548822
6548897
6558193
6560026
6562441
6563190
6564113
6564736
6564918
6571164
6571296
6572030
6572099
6572160
6583683
6584652
6586423
6587740
6593160
6594602
6596272
6598393
6598578
6601470
6605955
6607933
6609690
6611997
6614471
6621042
6624580
6625010
6625606
6630595
6635171
6636825
6640158
6641483
6644148
6646462
6646936
6649654
6655507
6657061
6658163
6660357
6661306
6661773
6663417
6663934
6668347
6670455
6683870
6684979
6687501
6693605
6694105
6694753
6695060
6699706
6701354
6701393
6704100
6705101
6705133
6715075
6719459
6723114
6728046
6731430
6732470
6738264
6738296
6742859
6745312
6745737
6749065
6753549
6754953
6756918
6761836
6762567
6764209
6766062
6767227
6768270
6775249
6775952
6780343
6782906
6783898
6785159
6785305
6787639
6789018
6794629
6795234
6801229
6802351
6806768
6806907
6807260
6807572
6808740
6812594
6818233
6818512
6820033
6821105
6825312
6830186
6831106
6833468
6834432
6836261
6836347
6836437
6840965
6841751
6842154
6842739
6842780
6843146
6845906
6855374
6858159
6859053
6859828
6861703
6862444
6862745
6864354
6865297
6866172
6867559
6867864
6868199
6868941
6874825
6875471
6876672
6881305
6885616
6886105
6889527
6890848
6892158
6892717
6893631
6896159
6896702
6898040
6898223
6902422
6909432
6910336
6910480
6911601
6911708
6912002
6912582
6912894
6914218
6917784
6918668
6921265
6926350
6927998
6928851
6933213
6935680
6939871
6940068
6940290
6944991
6947037
6947830
6951763
6952472
6955159
6960290
6962255
6965685
6966079
6968237
6969022
6971801
6972403
6973081
6980035
6984118
6985194
6985832
6993016
6996808
7000451
7003189
7003543
7004632
7009510
7010825
7012221
7016921
7024807
7025490
7025949
7027234
7030198
7030633
7031056
7032915
7035741
7036244
7036680
7043292
7046224
7046763
7054416
7056820
7057931
7058362
7058756
7062160
7063737
7064216
7065037
7065697
7068604
7070093
7071372
7071518
7076769
7084165
7087156
7088519
7088919
7090939
7091480
7093899
7094006
7094957
7096380
7096751
7099907
7100605
7101954
7103714
7108136
7109481
7110601
7112850
7113362
7115707
7117066
7122407
7128727
7129014
7129212
7130731
7133235
7133835
7133887
7136600
7136878
7140384
7143636
7145180
7145339
7147342
7147709
7147787
7147865
7148258
7150649
7153217
7156147
7158034
7161293
7161726
7164115
7165374
7166336
7171538
7171943
7172475
7173548
7176576
7178443
7181917
7184380
7184588
7186570
7188793
7195803
7196318
7196436
7197320
7197440
7197987
7198230
7198997
7199297
7201564
7203638
7204536
7205016
7205525
7212883
7213183
7213600
7214195
7215173
7216385
7217519
7218259
7219102
7223670
7224385
7224618
7225368
7225893
7227388
7229292
7229560
7230775
7231936
7234557
7234961
7235327
7236223
7236734
7237667
7241696
7242516
7243469
7244878
7245253
7245739
7247644
7247936
7250447
7254145
7254807
7256833
7257353
7259960
7264588
7266047
7266460
7268989
7270814
7270830
7272676
7276537
7277267
7277822
7278011
7278049
7278676
7279458
7282575
7289187
7291591
7292532
7293842
7293926
7295058
7296941
7297034
7297490
7298433
7301397
7302310
7302486
7307593
7308108
7311472
7311723
7311846
7315128
7315186
7317809
7318147
7320141
7323363
7324136
7325950
7326321
7326527
7326573
7328514
7331454
7332315
7334915
7336295
7339076
7343532
7343849
7345254
7346297
7349556
7349948
7350518
7350801
7350879
7351877
7353508
7354311
7355065
7361202
7362087
7368967
7369085
7369551
7369834
7369950
7370541
7378129
7379008
7382176
7382324
7383086
7383653
7385572
7386052
7387598
7389968
7390236
7392553
7395629
7399750
7404110
7406089
7409202
7410013
7410539
7411051
7411391
7413188
7414984
7416193
7416204
7418342
7421386
7422395
7423259
7424472
7425276
7428243
7428902
7430018
7433436
7438958
7439484
7440264
7443307
7444381
7449368
7451592
7456497
7457369
7457852
7458409
7459606
7462556
7468160
7470443
7470739
7471094
7471154
7471352
7472494
7472686
7474246
7477072
7477501
7479559
7479774
7480239
7483645
7484097
7484756
7485121
7491267
7492423
7492691
7492762
7494019
7495379
7496305
7499834
7502660
7504434
7507137
7508198
7509576
7511345
7512080
7512515
7514630
7517181
7517603
7522908
7523037
7523263
7523478
7524948
7526355
7529136
7529382
7531789
7531794
7533782
7535224
7536598
7537889
7538497
7538626
7541270
7543535
7544700
7545414
7545690
7548708
7549972
7550145
7566886
7568403
7568531
7568830
7572335
7575178
7583332
7584010
7588206
7588792
7591364
7591797
7594773
7601302
7602699
7604220
7605941
7608211
7608585
7608912
7609555
7612060
7616229
7617026
7617944
7618334
7618494
7621985
7623089
7626076
7627583
7628182
7629850
7632120
7636687
7637133
7637594
7639288
7640000
7644566
7650484
7651753
7653140
7653451
7655141
7655266
7655988
7656853
7657269
7662561
7663028
7664103
7665275
7665340
7665844
7670060
7672402
7672524
7672804
7673040
7674100
7674740
7678008
7678170
7678250
7684306
7684439
7685834
7685935
7686211
7686459
7686624
7691861
7693664
7694015
7695260
7695770
7696367
7700912
7702474
7702953
7706505
7708466
7709376
7711508
7712860
7713481
7713548
7713985
7716118
7722898
7723051
7728994
7729083
7729342
7730138
7734595
7737113
7737948
7741651
7742426
7743813
7744210
7745198
7747878
7749615
7750282
7751686
7752058
7752536
7755429
7755551
7756523
7757225
7765703
7767860
7768815
7771946
7774644
7775046
7775661
7776495
7776663
7780199
7787421
7787718
7788405
7791386
7799002
7801874
7802435
7804312
7805757
7807245
7809896
7810374
7812350
7817691
7819898
7822487
7822557
7823745
7825961
7828031
7828084
7828201
7828454
7828684
7834941
7836329
7839570
7840202
7847162
7848576
7850306
7853990
7856088
7856955
7859759
7861674
7862671
7863513
7864926
7865556
7867720
7869763
7872762
7874008
7874562
7875273
7878159
7884612
7887091
7893290
7899024
7901713
7903908
7907439
7911227
7913817
7914956
7917062
7917190
7918255
7923538
7924027
7935089
7935148
7935395
7935886
7938257
7939703
7939800
7940852
7942278
7942690
7943854
7946124
7951066
7951167
7953352
7953537
7953572
7954977
7957731
7966534
7968312
7970149
7971056
7971513
7973437
7973548
7975148
7975656
7977773
7981252
7983139
7983707
7984090
7987163
7987531
7987981
7992333
7994546
7996873
8002572
8002993
8007810
8009836
8010646
8012900
8014389
8014805
8015509
8017551
8017709
8018176
8018928
8020117
8020639
8022920
8023401
8024510
8024952
8026926
8027605
8027685
8031569
8032103
8036678
8037281
8037509
8041378
8041470
8046280
8051310
8053341
8054310
8058537
8059910
8061567
8063899
8064602
8069874
8070898
8072654
8080863
8083162
8085322
8086936
8088310
8088371
8088743
8089476
8090916
8095176
8096634
8097039
8097071
8097968
8098015
8098651
8099521
8099709
8103537
8104082
8107796
8112849
8117777
8121750
8122436
8123199
8124797
8125591
8125852
8126382
8128727
8128896
8128953
8129602
8129844
8130520
8130550
8131803
8131997
8133261
8135366
8138851
8141653
8144058
8144730
8146008
8151465
8157032
8157935
8160043
8166000
8166079
8166942
8168295
8170352
8172668
8172836
8175464
8176308
8177462
8178166
8178704
8180084
8180212
8180333
8180780
8182903
8183546
8183703
8183998
8184094
8191677
8193495
8195426
8209486
8210421
8211208
8212006
8212963
8216210
8218783
8219258
8219689
8222092
8224822
8226689
8228100
8229604
8232805
8232828
8233160
8234078
8234763
8237987
8238724
8243089
8244303
8245196
8248569
8249075
8251045
8252826
8257312
8259172
8261569
8262441
8266890
8270179
8270893
8275358
8275456
8278294
8278776
8280600
8281799
8284967
8286125
8289318
8290178
8290515
8290779
8293414
8297808
8298951
8309154
8309824
8310698
8314820
8316501
8316760
8318308
8320090
8322585
8323048
8324155
8326094
8327971
8328236
8329930
8330811
8331381
8331563
8335869
8336096
8336104
8336528
8337720
8342289
8346263
8350687
8352515
8353258
8354580
8358026
8359971
8362494
8362755
8366275
8367897
8368125
8368717
8369440
8375025
8375607
8375749
8377263
8377814
8378034
8385116
8385447
8387622
8387914
8391360
8393084
8393385
8395092
8396664
8397266
8401453
8402940
8407193
8407809
8414062
8414278
8414915
8416820
8416974
8419309
8419319
8419352
8423960
8424979
8429395
8429616
8431518
8433002
8433943
8434159
8435876
8438389
8443953
8447669
8449832
8453263
8458345
8460767
8468324
8469637
8469907
8470630
8470853
8471334
8472624
8477846
8478700
8479272
8480780
8485026
8487162
8487450
8490470
8494456
8496456
8497971
8501327
8502841
8503377
8503939
8505868
8509683
8510395
8516931
8517384
8520956
8522080
8522182
8522953
8523234
8523976
8530659
8532760
8535417
8539577
8539932
8542340
8544379
8547864
8548582
8549370
8550265
8551777
8554295
8554460
8554555
8555076
8556983
8560937
8562675
8562745
8564004
8565848
8567187
8567390
8567486
8569971
8571933
8577370
8579056
8581561
8581958
8587171
8587288
8589876
8590226
8591497
8594399
8594819
8598230
8599406
8601128
8603183
8606551
8609597
8609713
8609748
8611575
8612933
8614896
8615685
8623017
8624567
8624898
8625307
8625831
8625901
8627713
8629350
8634094
8635041
8635446
8639264
8642361
8644965
8648435
8649170
8651673
8652558
8654053
8656121
8658433
8659569
8659836
8659989
8660635
8660968
8662214
8662869
8663568
8665424
8666906
8667165
8667521
8668939
8674722
8676018
8680882
8682284
8682593
8682623
8682937
8684014
8687114
8687375
8688308
8688918
8690619
8690798
8691859
8692999
8695547
8695550
8696545
8697422
8706577
8707683
8708287
8709697
8710219
8710380
8714296
8714740
8716324
8716532
8719010
8719157
8724133
8724411
8725023
8727614
8727820
8731915
8732160
8737152
8737559
8739381
8739526
8745211
8748909
8754712
8757086
8757599
8760612
8761930
8767417
8767788
8769958
8771500
8774685
8776821
8777020
8777876
8785120
8785277
8789453
8790807
8791926
8792305
8792324
8792721
8793177
8793367
8793481
8793837
8794580
8795545
8800178
8800190
8801464
8801929
8803105
8810784
8811988
8812862
8813552
8817044
8817951
8818731
8819595
8823886
8826912
8828171
8832402
8832724
8834326
8836726
8839107
8839286
8841590
8843954
8846270
8848511
8856294
8856964
8857744
8858911
8860360
8861968
8862272
8863129
8863414
8864137
8866120
8866657
8869230
8873577
8878158
8878299
8880679
8880949
8882589
8883506
8884458
8886438
8887497
8890382
8894897
8896048
8897899
8898385
8898637
8900683
8902200
8903622
8906964
8907202
8907485
8909629
8911143
8912316
8915261
8919429
8920692
8923636
8926892
8927401
8930910
8931623
8932593
8934131
8937041
8937674
8937890
8938000
8938700
8944834
8946295
8946808
8950734
8951415
8951942
8952173
8954503
8956624
8957373
8962764
8964854
8966474
8967423
8973550
8973726
8974680
8975644
8978946
8980753
8980954
8987471
8988151
8990264
8992496
8993336
8994046
8994588
8994731
8998994
9000395
9001282
9008658
9010053
9011870
9015167
9017049
9020147
9026297
9029792
9033917
9034146
9037058
9039241
9040532
9040676
9041480
9041896
9042259
9048718
9049531
9050425
9051184
9054024
9058284
9058539
9059219
9061527
9064510
9064577
9064600
9065070
9065930
9068131
9070940
9073635
9076101
9079968
9082242
9084098
9085024
9085999
9086200
9088223
9089581
9094626
9096716
9096791
9102953
9103041
9105876
9105941
9112533
9112951
9115085
9117522
9119308
9124503
9129951
9137274
9140578
9141110
9147921
9149332
9153204
9161083
9162466
9165539
9167431
9167664
9167982
9168533
9176208
9176774
9177668
9183235
9186540
9189620
9193946
9196367
9197624
9198585
9198706
9202046
9202624
9204614
9207228
9209890
9211884
9213656
9215130
9215242
9215470
9216379
9216952
9217233
9218285
9218325
9225123
9225520
9225977
9226902
9228696
9229337
9229980
9231690
9232197
9233865
9235247
9240224
9240339
9244550
9244593
9245240
9245383
9245530
9245900
9246545
9249756
9251757
9255287
9258354
9260608
9263595
9264954
9266194
9266216
9266725
9266785
9268208
9268806
9270011
9270420
9273162
9273720
9280271
9281992
9282024
9282519
9287033
9288325
9289195
9294427
9295199
9295440
9297458
9299418
9300332
9302079
9303005
9303981
9305255
9307503
9310708
9311738
9313240
9313481
9316329
9318534
9319261
9320178
9322728
9322971
9325282
9328548
9334032
9335459
9336228
9342435
9347870
9348477
9350020
9353251
9353343
9358856
9361907
9364148
9368563
9370835
9373431
9375145
9378978
9382103
9384877
9385348
9390470
9391546
9392128
9392162
9393319
9399211
9402080
9404988
9406180
9413756
9418535
9418770
9420402
9421111
9423528
9424045
9424941
9433813
9434666
9435354
9436315
9437489
9437905
9440818
9441301
9441765
9442353
9442574
9443276
9443310
9443911
9444656
9445866
9447959
9448626
9453255
9456671
9458984
9459104
9461423
9462361
9463868
9465084
9465724
9467322
9468107
9469066
9469750
9470216
9475216
9475306
9475467
9475530
9476839
9477413
9477513
9479662
9479941
9480165
9480235
9482136
9482524
9483180
9483684
9484860
9485262
9487411
9487983
9491899
9494331
9495954
9497024
9497938
9504075
9507012
9510397
9511747
9519282
9521486
9523190
9525440
9532180
9536249
9537330
9538032
9538121
9539629
9543140
9543734
9543857
9547806
9548998
9551338
9552705
9558946
9559044
9560297
9561026
9561142
9562343
9562424
9565767
9566138
9570703
9572346
9572680
9575077
9577081
9580107
9581906
9583471
9583868
9584470
9585066
9587928
9592436
9593137
9594316
9596633
9600335
9607055
9607949
9609160
9610837
9611929
9613021
9614682
9619830
9620688
9622446
9624297
9625044
9629286
9632760
9632976
9633179
9635698
9635848
9636471
9637047
9637733
9639082
9639204
9640601
9646981
9647028
9647603
9652855
9653079
9653730
9654501
9654931
9658096
9659783
9664701
9665382
9666232
9666597
9669479
9672900
9673425
9677023
9677073
9678576
9683396
9688044
9690134
9692777
9694210
9695544
9695620
9696493
9702470
9704986
9707859
9708774
9711831
9713090
9713922
9714428
9715578
9716033
9717568
9719235
9721112
9721638
9722453
9723553
9724757
9725038
9725839
9726963
9732555
9741776
9742063
9743414
9745123
9745288
9747026
9747124
9747753
9750278
9752429
9752543
9754146
9754736
9756208
9762169
9765037
9768463
9772406
9774929
9775017
9775199
9778609
9779226
9779307
9781735
9783891
9788326
9788629
9790803
9793364
9793903
9797023
9799045
9803388
9803843
9807951
9809029
9809430
9811241
9812151
9813205
9814597
9815029
9816700
9816907
9818757
9818910
9820204
9822456
9823886
9824155
9824451
9825092
9828848
9832453
9834041
9835580
9841413
9841850
9841929
9843728
9844736
9846759
9847259
9854430
9855787
9858282
9858698
9858899
9859016
9861794
9863204
9867370
9870398
9871441
9874631
9876815
9881941
9883555
9883716
9885559
9886776
9896003
9896315
9898431
9898551
9899920
9900645
9906062
9907486
9910891
9913887
9913981
9914069
9916057
9916728
9916811
9917252
9919946
9921108
9922614
9923547
9924932
9925125
9927790
9931377
9935550
9938202
9941054
9942203
9943346
9943650
9947323
9948831
9951164
9951539
9953220
9954292
9955929
9956224
9958428
9961293
9961377
9963772
9965680
9968429
9972572
9973853
9974773
9975668
9978567
9979147
9979676
9979996
9980840
9981722
9983058
9983952
9984073
9985506
9985639
9988540
9993156
9993478
9997206
10003632
10003636
10004404
10006656
10007414
10011509
10013181
10020716
10020776
10021780
10022933
10024250
10026418
10029997
10031219
10031304
10033048
10034144
10034506
10036488
10036956
10039219
10039979
10043027
10044359
10048211
10050916
10052124
10054473
10055425
10057513
10058646
10059409
10059781
10061507
10062822
10066130
10069408
10069830
10070803
10071595
10072278
10080241
10081827
10085057
10091809
10093435
10096412
10102318
10109534
10110941
10112009
10113953
10115646
10123895
10124140
10127448
10129519
10130035
10131151
10132066
10132998
10140060
10140674
10143950
10143979
10144972
10145328
10146696
10147337
10149890
10151171
10151329
10152743
10153278
10158388
10160563
10163051
10164943
10167132
10167671
10175638
10180286
10181996
10182085
10182941
10183774
10184327
10190377
10190560
10190686
10192837
10193610
10195324
10195734
10196446
10196673
10197199
10201464
10202345
10204962
10207343
10208392
10209603
10210488
10211009
10213812
10214052
10214994
10216670
10217581
10218602
10222590
10223020
10223672
10223852
10226958
10228107
10230742
10231958
10237499
10238026
10239396
10240801
10243208
10243286
10244274
10246299
10246531
10248024
10259492
10259645
10265725
10267733
10269961
10270283
10270571
10273840
10275833
10278051
10278296
10280214
10281986
10286975
10288027
10289012
10290099
10291447
10295835
10296591
10298435
10298491
10299647
10300671
10300946
10303477
10307832
10318374
10319201
10319677
10320187
10321449
10325611
10326910
10328304
10329751
10330128
10330294
10332249
10335479
10337684
10338808
10339098
10340614
10342161
10342957
10344859
10346545
10354343
10357150
10357605
10358691
10362709
10365092
10376301
10376645
10379541
10380982
10385627
10388412
10390977
10391088
10391400
10394138
10397832
10398561
10398581
10399879
10403717
10404745
10406130
10410929
10412040
10412804
10415522
10415997
10420301
10421292
10421587
10428293
10429460
10431317
10436746
10440433
10440652
10441036
10441607
10445367
10451914
10453435
10457489
10457865
10458596
10458682
10461961
10467198
10467419
10470220
10470891
10472749
10473115
10475785
10477128
10477995
10478531
10478807
10481571
10482591
10482930
10482970
10483632
10484118
10485371
10486394
10490928
10491329
10495395
10497041
10497764
10503367
10506703
10506915
10507905
10509525
10513118
10513250
10515266
10519832
10521248
10523254
10524382
10524964
10525152
10526766
10534966
10535975
10536450
10538247
10538473
10538721
10539601
10540070
10541397
10545327
10547187
10548297
10549343
10550265
10550887
10552360
10555132
10555544
10561197
10562559
10564319
10564360
10567475
10572459
10574216
10574220
10576907
10577406
10577614
10588056
10589975
10590804
10596893
10597695
10598209
10599238
10602313
10603206
10605699
10607765
10608093
10610276
10612148
10612965
10614655
10617353
10620404
10622747
10623188
10623233
10623758
10624612
10627080
10629074
10630495
10630843
10634725
10635133
10635293
10638334
10638970
10639298
10639460
10641231
10641574
10643808
10643961
10644049
10649995
10653349
10654931
10656643
10656683
10656693
10656790
10657477
10658289
10662109
10663791
10665381
10666252
10668020
10672133
10677872
10681661
10685314
10688496
10690798
10695533
10701256
10702587
10704514
10707815
10707993
10711593
10712014
10712214
10720939
10721511
10724725
10727752
10729521
10731477
10733269
10733600
10736293
10736452
10739046
10741618
10742171
10748501
10750284
10752573
10753361
10753712
10756024
10756652
10757468
10759659
10761493
10762412
10764834
10766337
10769481
10770110
10770116
10773182
10777157
10782343
10783032
10783263
10784115
10785637
10786777
10787658
10789875
10790211
10790359
10792959
10793294
10793828
10795159
10796033
10803371
10805915
10806488
10808408
10809723
10811469
10814512
10815425
10815967
10816196
10817510
10818108
10819008
10820706
10821108
10821831
10824768
10825275
10825705
10826525
10831785
10832053
10832462
10833154
10834998
10835202
10835741
10836024
10838400
10840402
10842707
10845437
10845470
10848297
10848636
10848909
10849075
10849346
10849802
10852839
10855706
10859707
10860243
10863922
10864665
10864787
10874766
10875331
10878006
10879877
10883894
10886053
10886281
10888414
10890974
10892688
10899756
10901954
10902445
10906167
10910665
10913720
10915358
10915749
10915896
10917702
10919211
10919411
10923181
10926785
10926848
10928415
10928784
10929136
10929403
10929977
10930023
10933074
10934313
10934503
10936175
10942932
10943834
10945564
10951058
10953195
10954714
10955015
10956302
10956653
10957947
10959233
10959273
10961554
10963044
10968388
10968750
10973986
10980322
10987975
10990152
10992585
10993274
10995203
10997190
10998629
10999192
11001173
11003697
11003871
11004294
11004779
11013910
11016716
11019841
11022122
11022695
11023485
11028541
11031586
11035418
11035927
11036735
11038291
11044440
11049490
11050096
11055202
11056876
11057290
11059232
11059853
11061484
11062874
11063114
11063729
11064610
11068064
11072481
11073217
11073547
11079016
11079865
11080767
11081948
11086268
11088981
11090148
11090629
11090988
11091276
11092515
11093233
11093646
11095635
11095871
11096228
11096950
11097997
11102247
11102441
11102464
11108953
11114628
11115284
11116129
11120640
11120709
11120792
11122206
11124032
11125038
11127117
11130207
11133313
11134207
11138825
11140464
11141199
11143880
11144639
11147430
11148268
11148446
11150412
11154051
11154468
11158402
11162092
11166914
11168936
11169983
11170873
11171377
11173451
11175789
11175977
11176553
11181642
11182044
11184515
11185261
11185927
11187130
11187442
11193060
11197814
11200565
11201093
11201548
11205944
11211044
11212743
11216123
11219642
11221333
11221596
11224733
11225975
11228465
11228890
11230424
11230457
11232330
11233651
11235516
11235572
11237456
11239004
11239839
11240751
11241309
11241601
11241752
11243702
11244345
11246719
11247880
11248331
11250020
11250345
11253571
11255621
11256755
11261690
11262078
11263402
11266312
11266776
11272466
11272557
11276983
11277032
11278909
11279952
11283009
11284942
11285047
11285789
11286205
11290529
11291657
11292205
11292533
11293958
11296857
11297002
11298017
11299985
11303017
11304243
11309586
11310392
11311303
11311735
11312453
11313420
11315060
11316684
11318020
11324926
11325721
11328008
11328316
11334791
11335712
11339849
11340452
11342144
11342896
11343987
11344419
11344924
11347142
11347162
11348118
11348368
11349858
11350322
11351387
11351878
11351999
11352493
11352809
11352818
11353828
11357992
11362067
11367621
11368199
11374002
11374236
11374509
11377509
11378340
11379767
11382782
11382833
11383891
11388238
11388660
11393235
11393541
11393845
11394244
11394272
11399139
11399170
11402306
11403554
11403671
11405759
11414498
11417106
11418481
11419163
11420170
11421548
11422186
11424852
11426950
11431073
11432312
11435368
11435443
11435749
11437409
11438375
11438798
11439311
11443325
11445881
11446840
11447535
11451525
11452104
11452194
11452643
11453133
11454373
11454734
11457879
11458321
11459019
11460663
11465416
11465681
11465781
11467428
11467515
11468519
11469227
11473562
11474256
11476085
11476237
11482340
11482523
11483781
11484158
11484170
11487049
11487318
11490414
11491535
11493303
11493816
11495806
11498180
11507246
11507915
11508783
11510359
11513215
11513294
11520847
11521049
11523307
11525445
11525470
11526890
11528682
11531901
11532219
11532571
11533361
11535212
11540419
11553053
11559222
11562430
11562645
11564908
11567442
11567672
11568671
11569563
11569594
11570326
11570645
11571234
11572479
11575032
11575159
11578194
11578390
11579442
11580917
11583548
11585680
11586205
11587552
11588189
11588296
11589082
11590272
11592763
11594036
11594818
11595340
11595776
11602599
11602731
11602872
11606518
11607443
11607765
11607799
11608931
11610857
11620387
11624038
11626200
11627410
11627688
11629676
11629967
11629984
11630492
11630703
11631268
11631418
11632660
11633009
11638448
11656826
11658157
11663945
11664153
11664461
11664765
11665096
11665663
11666662
11669452
11671185
11674560
11674622
11674931
11675884
11676095
11678392
11679152
11691540
11693791
11693843
11694624
11695059
11696328
11697032
11699755
11705605
11707278
11710272
11711415
11719139
11722138
11724765
11725883
11726123
11729938
11730718
11730948
11731593
11732462
11733515
11733874
11734489
11735134
11735324
11735706
11740120
11741578
11741861
11742676
11744840
11745276
11746623
11746808
11751172
11753761
11754508
11755774
11757828
11761146
11763437
11766054
11768299
11769224
11769311
11769600
11773560
11776878
11777328
11783594
11786031
11787165
11788389
11790721
11790898
11795069
11796729
11798412
11798597
11798790
11799706
11799764
11801428
11802296
11807609
11809288
11809418
11810208
11810398
11811568
11811640
11813168
11813179
11816696
11816767
11818129
11819172
11820131
11821494
11826518
11830915
11833154
11834849
11840168
11841077
11841356
11842905
11845845
11846855
11848643
11849736
11851515
11851650
11851668
11852972
11854323
11854972
11856549
11860458
11865815
11866583
11868472
11869353
11872473
11873000
11874237
11877517
11877813
11878137
11879745
11880864
11886062
11889699
11894029
11894268
11896527
11897605
11899335
11903916
11907655
11908702
11913050
11914150
11914300
11916126
11917180
11918827
11919492
11921971
11922226
11923693
11924152
11927090
11928680
11933257
11934218
11936353
11936729
11940644
11941198
11944813
11946456
11947912
11951465
11952044
11952493
11953239
11957719
11959136
11962066
11962981
11965580
11967146
11968922
11972519
11972799
11972801
11976275
11977183
11979093
11981446
11981808
11983649
11985234
11988818
11990999
11994321
12000159
12004066
12004683
12010369
12011265
12016766
12017916
12019198
12020311
12021432
12023744
12025031
12026603
12027950
12032350
12034123
12035188
12035423
12035939
12037216
12038249
12039465
12041558
12043840
12046648
12048194
12058351
12059862
12062726
12064954
12066781
12067589
12067768
12068049
12071174
12072172
12072748
12074527
12075477
12076190
12076558
12081830
12082401
12082726
12084284
12084460
12084697
12086686
12091366
12094765
12095422
12095961
12096240
12096732
12097248
12098385
12103268
12106301
12111010
12111046
12111407
12112647
12112855
12114499
12115031
12115162
12117846
12118804
12123514
12130380
12130923
12130981
12132349
12132370
12133592
12134660
12136175
12140613
12141418
12141848
12143304
12144432
12144847
12147861
12148033
12150295
12151628
12154219
12155960
12156515
12160658
12161004
12162630
12162745
12164820
12167708
12171552
12173058
12176153
12179215
12179332
12179822
12180501
12184795
12186375
12187819
12188065
12189516
12189723
12192860
12193067
12196297
12199544
12200593
12202933
12203410
12203411
12204459
12204947
12206368
12207065
12207204
12211442
12215222
12215280
12215965
12216652
12218619
12218967
12219161
12219703
12219931
12219953
12220101
12220173
12221686
12224480
12226000
12227892
12230959
12231781
12232214
12233050
12234220
12236757
12240731
12243094
12244217
12244561
12247016
12247044
12250013
12250147
12251543
12251977
12253060
12254181
12255157
12255359
12259897
12261240
12264898
12265694
12268801
12270289
12271107
12276846
12277545
12285708
12286571
12290705
12292519
12292642
12294618
12307404
12310870
12311109
12314070
12315848
12316623
12317270
12323603
12324233
12327364
12327835
12331642
12336876
12337096
12339112
12345814
12346520
12347797
12348293
12348769
12352503
12357075
12361162
12362471
12363945
12366241
12370070
12370239
12371420
12372975
12373610
12373942
12374808
12377529
12381474
12381625
12382246
12383094
12384386
12387230
12388364
12390452
12390682
12393165
12393741
12396759
12402735
12404373
12404601
12410132
12417974
12419523
12420127
12420942
12420977
12424485
12429481
12433989
12435018
12436407
12436896
12439987
12441281
12442975
12443676
12444175
12445560
12445928
12447854
12453062
12453455
12455220
12456407
12457049
12461608
12462942
12463834
12467804
12467806
12468847
12469694
12478672
12481499
12484386
12484447
12485773
12486012
12486083
12486350
12486455
12486840
12487161
12488310
12488831
12491585
12492719
12493530
12493691
12498845
12500323
12503209
12504684
12507387
12508603
12509578
12510389
12510684
12510895
12512718
12512848
12513376
12514392
12516180
12517151
12520945
12523626
12525468
12530119
12530351
12530561
12531633
12531904
12531946
12533323
12534040
12536346
12538927
12546709
12551591
12552196
12552910
12553584
12555445
12557293
12557532
12558664
12563261
12564083
12565792
12569035
12571944
12572167
12572335
12576014
12576197
12577224
12578150
12578562
12579979
12580953
12583573
12586095
12586256
12589537
12590253
12590872
12594510
12597999
12598785
12601943
12605594
12607293
12607572
12612628
12612716
12614398
12617251
12617421
12618936
12621900
12624339
12624964
12625241
12625258
12625726
12627591
12629565
12631569
12632722
12633775
12635096
12636935
12638701
12641335
12642429
12648445
12648945
12650501
12652081
12652331
12652759
12652990
12653883
12654827
12656938
12657341
12663965
12665643
12668560
12670788
12672319
12673281
12673514
12675995
12676418
12680496
12681994
12683009
12684283
12686003
12686459
12687611
12688346
12688795
12693168
12693239
12694121
12695103
12697306
12699083
12700527
12704047
12709742
12709828
12710051
12711226
12712290
12716330
12717954
12719449
12726988
12730313
12730845
12731577
12732209
12732390
12733434
12733582
12734021
12736903
12737094
12737526
12738479
12742510
12743399
12751367
12759702
12760611
12763439
12763837
12766270
12767707
12768620
12769635
12773297
12773751
12774292
12774345
12778339
12779565
12781752
12781833
12782973
12783565
12783579
12789396
12790895
12800433
12801372
12802110
12803547
12803788
12805429
12806982
12807233
12807928
12808740
12813504
12813513
12814524
12815613
12819506
12821302
12822782
12826831
12830943
12831523
12832477
12832640
12832962
12832964
12839929
12842196
12844833
12847213
12850359
12853098
12854080
12854179
12854315
12858101
12862919
12863528
12870634
12872654
12874099
12879616
12882766
12882892
12889805
12890326
12890586
12891970
12892026
12893585
12897107
12898186
12899777
12900154
12901654
12903980
12905010
12907352
12908732
12910213
12912582
12912662
12915250
12916464
12916995
12917310
12917971
12918171
12920302
12920485
12923770
12924640
12925807
12927664
12930804
12931044
12932199
12935045
12935123
12935686
12935804
12937382
12937992
12939272
12943358
12946108
12946132
12946162
12948641
12949967
12951466
12952947
12953365
12953534
12954931
12957571
12958796
12962764
12963978
12964749
12966026
12969167
12969403
12970553
12971347
12974739
12979991
12980916
12985154
12986866
12990151
12990864
12991270
12992816
12995748
12996329
13001312
13005051
13005089
13009603
13010780
13011244
13011945
13011968
13017018
13017883
13020269
13020797
13021315
13021664
13026006
13027378
13027627
13031059
13032372
13035060
13035525
13043628
13043673
13043824
13044325
13044905
13047912
13048518
13050344
13051571
13052120
13052883
13054580
13056066
13056359
13060517
13064075
13064713
13067410
13068774
13070470
13074551
13074839
13078208
13082159
13084077
13084994
13093615
13093723
13093897
13094969
13100336
13101701
13104740
13110813
13115317
13118447
13118531
13118747
13119790
13120743
13121307
13121539
13121867
13122466
13123151
13126744
13127611
13128778
13131060
13131303
13137165
13139011
13141273
13142051
13146125
13148017
13148994
13149366
13149846
13150348
13152867
13154022
13156588
13159050
13159583
13162068
13162983
13163483
13164448
13165888
13167584
13169354
13171457
13172818
13173269
13173921
13174785
13175899
13176020
13176415
13177080
13177132
13180833
13185798
13190511
13190532
13193386
13197867
13198352
13199748
13201962
13204498
13206901
13208016
13210500
13210610
13210743
13210889
13211724
13216614
13217596
13219338
13220333
13220779
13223033
13223323
13224971
13224980
13225430
13226229
13229546
13237597
13238495
13242735
13245361
13246470
13248044
13249712
13250013
13250654
13253928
13254317
13254425
13257757
13259992
13261948
13267824
13269773
13271732
13273387
13274276
13274451
13274540
13278106
13278501
13283264
13283654
13283762
13283893
13284562
13287605
13291476
13291675
13293594
13295746
13295893
13297161
13300705
13301333
13301579
13301854
13302860
13303090
13305466
13307034
13309615
13309803
13314309
13314675
13315427
13315644
13316725
13321082
13323273
13324553
13325907
13326082
13326886
13330125
13331063
13333860
13334526
13336216
13338269
13338548
13340530
13341149
13342753
13345853
13346314
13347385
13349792
13350426
13350922
13353517
13354744
13354909
13355387
13357767
13358168
13359168
13360247
13362977
13363559
13365246
13366033
13367360
13369182
13377665
13382117
13382635
13383113
13383958
13384190
13386153
13387672
13387676
13388224
13391281
13391531
13391885
13392852
13401190
13402794
13404516
13405442
13407636
13407656
13408989
13412083
13412133
13414279
13415041
13415387
13416496
13419466
13420534
13420693
13427950
13428132
13428817
13428934
13430478
13433013
13434845
13434978
13435544
13436848
13437376
13438649
13439555
13441082
13442208
13443845
13444687
13448735
13448904
13449900
13450827
13452561
13455697
13457273
13457302
13457955
13460009
13460728
13461206
13461230
13468252
13468639
13471089
13471302
13475098
13475764
13478290
13481722
13481884
13483341
13486660
13489233
13490241
13490415
13492240
13493252
13494452
13496012
13497293
13498129
13499357
13499448
13499684
13499765
13503690
13503822
13504534
13509946
13512197
13512326
13516253
13516797
13516800
13517813
13518195
13518391
13518963
13519672
13520209
13529841
13533269
13533418
13533624
13535379
13536722
13537317
13537355
13538302
13538762
13539010
13539375
13549710
13556757
13561474
13561884
13564475
13564598
13564621
13566884
13568960
13571154
13572937
13573896
13574282
13579549
13583946
13584098
13585634
13588057
13588545
13589525
13591404
13592789
13594597
13596996
13597800
13602970
13603275
13603410
13605909
13609152
13611912
13615386
13615387
13616791
13620961
13622394
13622623
13624060
13624821
13629019
13630986
13633220
13639272
13639390
13641951
13645294
13647509
13649505
13650337
13650454
13650476
13651621
13654245
13657675
13659039
13659393
13662324
13662714
13665254
13665267
13666953
13667110
13668644
13668896
13670008
13671910
13674244
13674482
13675681
13675749
13678788
13680446
13681413
13681718
13682803
13687036
13687251
13687823
13687998
13688926
13690799
13693564
13694103
13696407
13701781
13702075
13708741
13709516
13715706
13716475
13718289
13720490
13721440
13722115
13722195
13726396
13727355
13730548
13730576
13731372
13731678
13733480
13736219
13741930
13742360
13742977
13744489
13745615
13747440
13754610
13755231
13759395
13760228
13760742
13761165
13763227
13764223
13764289
13764297
13765032
13769112
13771215
13771777
13775961
13777605
13778239
13779310
13779787
13780732
13784925
13785107
13785403
13785492
13788495
13789795
13791618
13791799
13796451
13797215
13800634
13800813
13801764
13803273
13804976
13805735
13807068
13807112
13809078
13811560
13813129
13814198
13814979
13822665
13823183
13824081
13824699
13825046
13826621
13828259
13831459
13832836
13835524
13838680
13839752
13840112
13840824
13843075
13844438
13847296
13848386
13848613
13850650
13854866
13854968
13856222
13859313
13862184
13863558
13864333
13869768
13872049
13872501
13874178
13875711
13877337
13877719
13878248
13878377
13878974
13884416
13885133
13886685
13887597
13887778
13888475
13889350
13890575
13891623
13892575
13896248
13898464
13899762
13902081
13902313
13902431
13902779
13910537
13913469
13913776
13916922
13923136
13924941
13929009
13929348
13930485
13934578
13934805
13940368
13941845
13944296
13947483
13954478
13960583
13961109
13961617
13961743
13963980
13964038
13965516
13966623
13968049
13969937
13971085
13972310
13982087
13982774
13988183
13992326
13994913
13995983
13996019
13996197
13996598
13998737
14001288
14001508
14004334
14006173
14011785
14014631
14016819
14017453
14019294
14020103
14020928
14021837
14023090
14025957
14026038
14027753
14030736
14031212
14033419
14034355
14035403
14041787
14044918
14045206
14045354
14047082
14049244
14055841
14056470
14057754
14061730
14068787
14070544
14070880
14079464
14079750
14086879
14088927
14094112
14097389
14098868
14101121
14102195
14102325
14104194
14106010
14106118
14106211
14107895
14109771
14111655
14112458
14112631
14113319
14115613
14115652
14122835
14125208
14125267
14128951
14129558
14131201
14135467
14136442
14136851
14138267
14141686
14145679
14145874
14148869
14148899
14149084
14150966
14151791
14155263
14158274
14158348
14164332
14165779
14166602
14169811
14170001
14170342
14172613
14177365
14177819
14178923
14180173
14191275
14193318
14196143
14196747
14200083
14201500
14206931
14210453
14211164
14213885
14217574
14220226
14224190
14224229
14225024
14227601
14227748
14228420
14229143
14231123
14231414
14234330
14235938
14238289
14239965
14241447
14242534
14248196
14250861
14251028
14251999
14252141
14254913
14255531
14256787
14257123
14258935
14259916
14260119
14260625
14262093
14263200
14264932
14267692
14268352
14275256
14275311
14276412
14285255
14286909
14287277
14288414
14288632
14289236
14289526
14290739
14292922
14293614
14295271
14296920
14297226
14299338
14302066
14303250
14307459
14310624
14310641
14314233
14316321
14319204
14319316
14320618
14320822
14323783
14324581
14325266
14325381
14325392
14326205
14330384
14335031
14335187
14335449
14338969
14341108
14342371
14345344
14346799
14349150
14350818
14351063
14352561
14353010
14353428
14354753
14359823
14360285
14362737
14367914
14368917
14370695
14371296
14372417
14372944
14374094
14381785
14385021
14385109
14386526
14390200
14391213
14391531
14393410
14394401
14395319
14397064
14398022
14399801
14401895
14402853
14404817
14406439
14411275
14411499
14411543
14412021
14412284
14414019
14414236
14414825
14422419
14424966
14425485
14430424
14439965
14441761
14442141
14442349
14443434
14446297
14446979
14450765
14452286
14452327
14455452
14455944
14458038
14459330
14459987
14460696
14462331
14462425
14462679
14465246
14465334
14467805
14469671
14476939
14481368
14482858
14484022
14485159
14486156
14486953
14487324
14488363
14493780
14494628
14496545
14497419
14498154
14500786
14502127
14502240
14504847
14505375
14505806
14507099
14507609
14511243
14513850
14522063
14524829
14530342
14531679
14532556
14532847
14534483
14535364
14537742
14541529
14543015
14544608
14547899
14550062
14550613
14550748
14550972
14554534
14555053
14555101
14558417
14563973
14565137
14567159
14568069
14568496
14568731
14570313
14570501
14570615
14571250
14572993
14578914
14581262
14581514
14581609
14583072
14583301
14583810
14585899
14586334
14590210
14591740
14598135
14598580
14600609
14600849
14601324
14602069
14606365
14608828
14608858
14610264
14612420
14613149
14616226
14617701
14618204
14619195
14620947
14622959
14623204
14623371
14625894
14628653
14630381
14631885
14632009
14632920
14633793
14635267
14636085
14637405
14638700
14640124
14641126
14641708
14644646
14645553
14649225
14649897
14650468
14653072
14653502
14658196
14658501
14659805
14661751
14662713
14664430
14665385
14666574
14666592
14667703
14667920
14672730
14676944
14677909
14678038
14680062
14685420
14685602
14686202
14688064
14688414
14690269
14692744
14694970
14698718
14700215
14701999
14702013
14704140
14706164
14706303
14707163
14707699
14708332
14709736
14711320
14713422
14713910
14716292
14716729
14718311
14726980
14728130
14729354
14737247
14738795
14740739
14743595
14745313
14746574
14746706
14746758
14746831
14747418
14748238
14750602
14753261
14754145
14758762
14758809
14763694
14764248
14767863
14768995
14770546
14770981
14771521
14771926
14774034
14778176
14779644
14780621
14781166
14781587
14790042
14792609
14795257
14795978
14796793
14797071
14797083
14804428
14806031
14809746
14811914
14812115
14813180
14813462
14813790
14816672
14817041
14818112
14822837
14824480
14827733
14827996
14828419
14829086
14832298
14833259
14833561
14833654
14836877
14838498
14838889
14842447
14848893
14850364
14851035
14851337
14851351
14852809
14858299
14859400
14859864
14860408
14860573
14860720
14861118
14863791
14870092
14870476
14871902
14872684
14873446
14874241
14874685
14875203
14875596
14876628
14879505
14881506
14881896
14882881
14883442
14884298
14888021
14889050
14891506
14892904
14896162
14898247
14898321
14899216
14899692
14899899
14901719
14902706
14903359
14905787
14906462
14909435
14912167
14916985
14917727
14918742
14919764
14920089
14922430
14923187
14928949
14932130
14932867
14933285
14933514
14935606
14939285
14939673
14941104
14943963
14947371
14947621
14948710
14950327
14951461
14952318
14952520
14954501
14955355
14958887
14965312
14968403
14969871
14972540
14973878
14974582
14975303
14975793
14979055
14979957
14983621
14983697
14984287
14984746
14985526
14986821
14989461
14999774
15001293
15001556
15003182
15006965
15008339
15011406
15012221
15012410
15015476
15023893
15026812
15028915
15029658
15031907
15033704
15043357
15047230
15048231
15049295
15050260
15050582
15052329
15052330
15053373
15056597
15058781
15059296
15059562
15061060
15061597
15063074
15063170
15068042
15068527
15070656
15071105
15071403
15071736
15072193
15074714
15074924
15074941
15075372
15078191
15080150
15080257
15086360
15086645
15087700
15087708
15089161
15089639
15089910
15092712
15094381
15094671
15096348
15102258
15103323
15103380
15103868
15104550
15107593
15108918
15110819
15112387
15115077
15115391
15115453
15116503
15119609
15121136
15128524
15129525
15131311
15131691
15138345
15139470
15140974
15142176
15143058
15144266
15145185
15148186
15150775
15151012
15156141
15157207
15157603
15161270
15161512
15163753
15163775
15164092
15164798
15165821
15166945
15167895
15170972
15175599
15176462
15179488
15181021
15181756
15184327
15185042
15188961
15196137
15197180
15204929
15206184
15206231
15210224
15211007
15213650
15213924
15214720
15215668
15215887
15223963
15224706
15229148
15232761
15234411
15234644
15236047
15236566
15238298
15239394
15239757
15240315
15240466
15240644
15241737
15241936
15243039
15248493
15250990
15251361
15251569
15253589
15257093
15258279
15259085
15260783
15264140
15265038
15266941
15266998
15277621
15278125
15279476
15280343
15282635
15286312
15286675
15290466
15292611
15292960
15295201
15303806
15303955
15308102
15309783
15316912
15323682
15324334
15326213
15326918
15327124
15329757
15329810
15333520
15339398
15339702
15344138
15345545
15350567
15351539
15351942
15353752
15355722
15357022
15358015
15360898
15361092
15361096
15362216
15362847
15364218
15364626
15368287
15369313
15375066
15377374
15386509
15389114
15391212
15393535
15393699
15394865
15403759
15404751
15409361
15409452
15412044
15413097
15413271
15419088
15420327
15420675
15423800
15426968
15427272
15433333
15435128
15438615
15441587
15441896
15443596
15445472
15449956
15451069
15453031
15455226
15456814
15457672
15460777
15463134
15463435
15464380
15464605
15470255
15472260
15475645
15476961
15478441
15479667
15484687
15484878
15488151
15490421
15492284
15494395
15494900
15497604
15498106
15499787
15500640
15506992
15508297
15508807
15509388
15510365
15510654
15514501
15514946
15520228
15522003
15522976
15526818
15527327
15527923
15528955
15529310
15530667
15533408
15534610
15537009
15539026
15543437
15545479
15545618
15547188
15548540
15550554
15552394
15553616
15554392
15560387
15560629
15560882
15563966
15566966
15571347
15580441
15580595
15582024
15583735
15583808
15583906
15584744
15585267
15587821
15588721
15591744
15593835
15594773
15595955
15595982
15596523
15598719
15601194
15603598
15604265
15614776
15615429
15619087
15620697
15624906
15628429
15631900
15634541
15635310
15638890
15639057
15640166
15642357
15642767
15657831
15659936
15662470
15663252
15666102
15667949
15668210
15668578
15671835
15672242
15672272
15672860
15676510
15678583
15682983
15683206
15684622
15686993
15690003
15690837
15697366
15699150
15701892
15705980
15706578
15708432
15709139
15710314
15715777
15719497
15720894
15721051
15721604
15724524
15726486
15728047
15728282
15728871
15732840
15738884
15739949
15744013
15749304
15750865
15751084
15753646
15757062
15763262
15763930
15766262
15774811
15779339
15780137
15781550
15788632
15788883
15789358
15789737
15790268
15798294
15801794
15807598
15808797
15808959
15809884
15810457
15813871
15815484
15816270
15817035
15821063
15823157
15826151
15828878
15833893
15834397
15834801
15835559
15838886
15839314
15841278
15843918
15845157
15848080
15848788
15849105
15851405
15854128
15858515
15860997
15865767
15869080
15870918
15871184
15872556
15872662
15872847
15875003
15877483
15886346
15890176
15891748
15902595
15903836
15905055
15905225
15907570
15910185
15910696
15911930
15912901
15915564
15920739
15920820
15924715
15931494
15932416
15932749
15934469
15934984
15935108
15935791
15936296
15938155
15939902
15940729
15942413
15943684
15944081
15944141
15945560
15948767
15952734
15953069
15953797
15957688
15961272
15962966
15964796
15966007
15967171
15967342
15969383
15975277
15980673
15981124
15981532
15983366
15983740
15985277
15986443
15986785
15990481
15990681
15993253
15996546
15998451
16001207
16001296
16001865
16002173
16002747
16003038
16006374
16008961
16009574
16009836
16011177
16012377
16013380
16014240
16015739
16020228
16020290
16020446
16024312
16025659
16026684
16029484
16032748
16033949
16035020
16035293
16041625
16042227
16044015
16047756
16048066
16048788
16050815
16051190
16053066
16053362
16053382
16058391
16059099
16060706
16065960
16070494
16073801
16075980
16076538
16080047
16082733
16084200
16084737
16086262
16087671
16087911
16089096
16089684
16089898
16089908
16091031
16092298
16093259
16095565
16095600
16097710
16100681
16100983
16101965
16106555
16107172
16107174
16109792
16109896
16111028
16116032
16116955
16119732
16119867
16121698
16124119
16124424
16124765
16126022
16133996
16135531
16136766
16139473
16140226
16141358
16141660
16142881
16144124
16144827
16146935
16146959
16149591
16151545
16157037
16157136
16160097
16161054
16163239
16166115
16170066
16170824
16172421
16173259
16174151
16174852
16175690
16176081
16177689
16178168
16179427
16181807
16181931
16182815
16190175
16190301
16193136
16193707
16196086
16210271
16210649
16214620
16216988
16218467
16218473
16218947
16219804
16219902
16222254
16223699
16224464
16226121
16228749
16231391
16231788
16231994
16233347
16234091
16237501
16247772
16252411
16252642
16254954
16257232
16257984
16258814
16260879
16263777
16265462
16269172
16271276
16271667
16272597
16272916
16273469
16274831
16275165
16276614
16281255
16282599
16282804
16285259
16285830
16286272
16288619
16289320
16289951
16290006
16291928
16292153
16294259
16297448
16297714
16298322
16298732
16300135
16301546
16303684
16304055
16306552
16307428
16310211
16310793
16315028
16316801
16317441
16320739
16321308
16322159
16326575
16326647
16326685
16334078
16334114
16334622
16337251
16338854
16339437
16345923
16349646
16350036
16354343
16355014
16355773
16357049
16357139
16357968
16358435
16360343
16360531
16363620
16364548
16366226
16367190
16369995
16370764
16373767
16373942
16374282
16377604
16378065
16378179
16379608
16380993
16381782
16385319
16385716
16385903
16386154
16386525
16386932
16387285
16388132
16390182
16391845
16395453
16396179
16398767
16399945
16400660
16401945
16403177
16404975
16405303
16408370
16411391
16412978
16415146
16420216
16421016
16421524
16426863
16426873
16427451
16432927
16435804
16439279
16439962
16441161
16442898
16444305
16446706
16447486
16448337
16449924
16450412
16454180
16455247
16455548
16457324
16459534
16463389
16466258
16466340
16467571
16468404
16469208
16469594
16471697
16476749
16477653
16479497
16483310
16487084
16487405
16491703
16493261
16497955
16498287
16498308
16499595
16499903
16501598
16501777
16503662
16506960
16508236
16508357
16512023
16514476
16515768
16517502
16523958
16524367
16526038
16529542
16530294
16530705
16531401
16533396
16533412
16534501
16536121
16537406
16540000
16540209
16543035
16545392
16545698
16550316
16550324
16551633
16557547
16561752
16562005
16562674
16563523
16565184
16565820
16569241
16569614
16572011
16573200
16574909
16577233
16579024
16579919
16580954
16583955
16584566
16585269
16585436
16586327
16586780
16591891
16592112
16593723
16594992
16597079
16597649
16598694
16599973
16600337
16600649
16600778
16604052
16604280
16608704
16611619
16612539
16612652
16622251
16625493
16625697
16629780
16633429
16633995
16639177
16642163
16642341
16643438
16645739
16647171
16647346
16647688
16650032
16650373
16650959
16651215
16652783
16654498
16655998
16660058
16661154
16662069
16662522
16663553
16666787
16667535
16667792
16669402
16670238
16670692
16672693
16674406
16675730
16681095
16681670
16684160
16685205
16685836
16687340
16688237
16688791
16694802
16698864
16706428
16710726
16711596
16711722
16712646
16713109
16713936
16715681
16715971
16721120
16723807
16724294
16724587
16724690
16725392
16727127
16730619
16730932
16732252
16733461
16734307
16735307
16735447
16736397
16738527
16738840
16740586
16745123
16747102
16748292
16750442
16754758
16754958
16756524
16758670
16758902
16759779
16767109
16767985
16768348
16772467
16777356
16783876
16784384
16785361
16785510
16786338
16787731
16787953
16790390
16790617
16792438
16793028
16794356
16794747
16797323
16798154
16799075
16803820
16805497
16809398
16809540
16810015
16810726
16812988
16814537
16816441
16816643
16817855
16828011
16829351
16832589
16835908
16836913
16843614
16849566
16851259
16854174
16855738
16856314
16857494
16857666
16857718
16858397
16861621
16863072
16865559
16871882
16876646
16876838
16878327
16879750
16880919
16881415
16881497
16883339
16885358
16887779
16889722
16894230
16895997
16898122
16900671
16901435
16901662
16903273
16907004
16907623
16914057
16915243
16916450
16916570
16919348
16919709
16919900
16920110
16921129
16924225
16924644
16925877
16928496
16930001
16931221
16931476
16933340
16934931
16936089
16938554
16938845
16939664
16941905
16944356
16945708
16946436
16946813
16947694
16947993
16948134
16952631
16953302
16953682
16953855
16962312
16963495
16963767
16964412
16964428
16965206
16968052
16969251
16969981
16971737
16972152
16973720
16973782
16975964
16976181
16980049
16986465
16989208
16990632
16990653
16991424
16991875
16992934
16994050
16996759
17001522
17001611
17002985
17006057
17007167
17008404
17009089
17010018
17011798
17012950
17013105
17013522
17013715
17015136
17016872
17016974
17017649
17018582
17018929
17021943
17024710
17028093
17029809
17031832
17034090
17034876
17035069
17035770
17035982
17036398
17038843
17040257
17042176
17042318
17042463
17043931
17048355
17050621
17053909
17056174
17056985
17057163
17057204
17062686
17063443
17065190
17066248
17068624
17071036
17071543
17073886
17083152
17086457
17086736
17087382
17087900
17088350
17090125
17090206
17090574
17091073
17098753
17098971
17099595
17100599
17104226
17104557
17106676
17107353
17107722
17107811
17108701
17109218
17110099
17111610
17115779
17118411
17122322
17122825
17122867
17123856
17125456
17126568
17128443
17128817
17129123
17130139
17131406
17132015
17132350
17133558
17139944
17140529
17141263
17141786
17143099
17143532
17144596
17145449
17146520
17147225
17148793
17150254
17150365
17151575
17153849
17156339
17161687
17162380
17162813
17167328
17172699
17173689
17175856
17176845
17178520
17178923
17180032
17187488
17188540
17189384
17190508
17193037
17193776
17196678
17198088
17202100
17205067
17209533
17214126
17215502
17216025
17216656
17222728
17224469
17227017
17227059
17227495
17228764
17232936
17237953
17239945
17240774
17244063
17244512
17248076
17248625
17252371
17254842
17255665
17256667
17257139
17257351
17258247
17258514
17263382
17265368
17267476
17268558
17273480
17276551
17280976
17281262
17282646
17285876
17286283
17288707
17288966
17291826
17295813
17297272
17300891
17303119
17303205
17303219
17304998
17308757
17310519
17311863
17314250
17315299
17317441
17324696
17326161
17326950
17327084
17328184
17328236
17336029
17337758
17343497
17343725
17345217
17346065
17348050
17349119
17350666
17352707
17355793
17356619
17361952
17363968
17363984
17365261
17370334
17371365
17371679
17371705
17371795
17377577
17377876
17378059
17379862
17381861
17384265
17384331
17386447
17387851
17389802
17392618
17394943
17400459
17401117
17401284
17402706
17405664
17407297
17408631
17410163
17411035
17412213
17418386
17419996
17420114
17424908
17425294
17426271
17427525
17434145
17439401
17442049
17446152
17446738
17448630
17448657
17449658
17449884
17451858
17452024
17457565
17458179
17458392
17460616
17460791
17461115
17461869
17462644
17463745
17466707
17466786
17467472
17467990
17469146
17469505
17471291
17472594
17474227
17480688
17481181
17483069
17484151
17486370
17487773
17491099
17492705
17493779
17494722
17494975
17495791
17496981
17499581
17503216
17504043
17504519
17505304
17505988
17509350
17509560
17510451
17513365
17513891
17513973
17518754
17519190
17521352
17522526
17522692
17524696
17526151
17526739
17526785
17528691
17528861
17532022
17533398
17535201
17538680
17540875
17543688
17544003
17545228
17546042
17547237
17547739
17548736
17550854
17552241
17554887
17555606
17559663
17564843
17565954
17567289
17568786
17569080
17574748
17577060
17578788
17579713
17586526
17587076
17588062
17588100
17592221
17595486
17597449
17597762
17598826
17601584
17602698
17610093
17611623
17612104
17614777
17616124
17616794
17617314
17617601
17618890
17618950
17619213
17621257
17621798
17622290
17623983
17625600
17625866
17630087
17636370
17637898
17638315
17643291
17644329
17645224
17645817
17653785
17654286
17655102
17660658
17661624
17664057
17665195
17666263
17666768
17667209
17668943
17670331
17670510
17670901
17673224
17677167
17679660
17679793
17680473
17682677
17682899
17683581
17686156
17687432
17692446
17693643
17695303
17695972
17696423
17699164
17699838
17700914
17702390
17702503
17705450
17705544
17706800
17707020
17710248
17710802
17712268
17712922
17717023
17717421
17721101
17727222
17727509
17731630
17734343
17734906
17740821
17743595
17743782
17744710
17745225
17748516
17749928
17752177
17753335
17755749
17756311
17758967
17760017
17761250
17761352
17764471
17768262
17769549
17770940
17773469
17776026
17777207
17777902
17780535
17781363
17781451
17782187
17788810
17795049
17803305
17804005
17808192
17808909
17809316
17809813
17811276
17811518
17813269
17813480
17814705
17817838
17818743
17821720
17828206
17829882
17832244
17832356
17835255
17835465
17838948
17841078
17842228
17846829
17848671
17850115
17856206
17859078
17859648
17860332
17861083
17863520
17863720
17863954
17866127
17866174
17866620
17869225
17870970
17870977
17871143
17873751
17875925
17877017
17880048
17881033
17881642
17882579
17884886
17886962
17887690
17889078
17889749
17889980
17890928
17893089
17893632
17897656
17900763
17904168
17904432
17905646
17906627
17908477
17913206
17914475
17914491
17914537
17917261
17917402
17918738
17920331
17923975
17925510
17925896
17929174
17931604
17934742
17935378
17939755
17941183
17945653
17947016
17947848
17949453
17949716
17951913
17952188
17952926
17954112
17956402
17958868
17960669
17961626
17961826
17962200
17963975
17965420
17970383
17971161
17977906
17979108
17981561
17986230
17986413
17987175
17987289
17991797
17993000
17993516
17994156
17996418
17997678
17997909
17999184
17999752
18004352
18005577
18006754
18010850
18011785
18014358
18015111
18015960
18016331
18019654
18020901
18021500
18025496
18025519
18025604
18027242
18029084
18030770
18032659
18033537
18034333
18034657
18036584
18037394
18042974
18043442
18044116
18044394
18044774
18057645
18058075
18060968
18061975
18065998
18067024
18070039
18070107
18073898
18078050
18078359
18078559
18078597
18079499
18089913
18090028
18090798
18092786
18093972
18095365
18095877
18096522
18099787
18100776
18101063
18105567
18107747
18111444
18112911
18113225
18114326
18115595
18116435
18117832
18119022
18121450
18123120
18131981
18133245
18135137
18138239
18138819
18140143
18147413
18148355
18149859
18152540
18152553
18153602
18154458
18155878
18156977
18165687
18165778
18167680
18169941
18171255
18173313
18174232
18174550
18174568
18175123
18176491
18177280
18177300
18179328
18181373
18181801
18185872
18186554
18187439
18191915
18193829
18193884
18195051
18199357
18200057
18201672
18202474
18204827
18205608
18207782
18210112
18211346
18212546
18213863
18213893
18215246
18217388
18219656
18220639
18222546
18225623
18226839
18227038
18228167
18229363
18232418
18236105
18237379
18238108
18239537
18241679
18241682
18241898
18242172
18244181
18248203
18248541
18253123
18255314
18257708
18258153
18258582
18261986
18263887
18264256
18265919
18267565
18271948
18273835
18285882
18286792
18293427
18295316
18295996
18298511
18298800
18302398
18302458
18304944
18305916
18310235
18310404
18312991
18313761
18320738
18324950
18325892
18326372
18327936
18331021
18334504
18335477
18336580
18336843
18336989
18337984
18338777
18340880
18345212
18345468
18346116
18346431
18351375
18351684
18352040
18356231
18357868
18358974
18361003
18364475
18364525
18368547
18372697
18372717
18381037
18388385
18390425
18392330
18394100
18396036
18397454
18399485
18403159
18405725
18408049
18412539
18412876
18418074
18419504
18420137
18420194
18422175
18422737
18423522
18425699
18426101
18427512
18427981
18435893
18439374
18446772
18450112
18451101
18452224
18452305
18454103
18455947
18458197
18459564
18461410
18462059
18462900
18463347
18468416
18470696
18474227
18476788
18479798
18481185
18483629
18484298
18484992
18485229
18488013
18488034
18488393
18490839
18492690
18496959
18497921
18506863
18509743
18510291
18514256
18514966
18515688
18518097
18519168
18519305
18521426
18523357
18525222
18528253
18530434
18530709
18533741
18539738
18540832
18541470
18541674
18542426
18543934
18544135
18545761
18546181
18547843
18548348
18549093
18550905
18551314
18551634
18552938
18553753
18554683
18555039
18555769
18555900
18558455
18558511
18560578
18561373
18561536
18565490
18565989
18568229
18569928
18570133
18572123
18572785
18577433
18578569
18579766
18582677
18582759
18583195
18583378
18583759
18584580
