112427
113219
113438
113597
116519
117320
118215
119084
119228
119324
120193
120782
121096
121411
121559
121784
123591
124123
124685
125593
125896
125945
127344
127971
128063
128117
129099
130495
130756
131001
131313
131596
131640
131737
131750
131856
131887
132367
132457
132656
132835
133143
133266
133745
133873
133998
134057
134264
134374
134849
135100
135159
135236
135872
136018
136212
136265
137765
137998
138025
138084
138158
138427
138607
138708
139123
139170
139237
139623
139669
140384
140495
140788
141457
142694
144243
144434
144639
146183
146386
146448
146455
146571
146821
146883
147012
150376
151570
153158
154176
154753
154822
155087
155124
155838
155947
157249
159353
162666
206148
206347
207071
207276
207619
208437
208705
209072
209167
210039
210098
210209
210247
210767
210770
210798
211199
211578
211654
212050
212594
212835
212856
213760
214853
215087
215452
215535
215608
216586
216867
217085
218388
218648
220941
222703
222905
225213
231112
231681
310956
311032
311262
312005
312424
312471
312474
312732
313581
313696
314159
315169
315868
315974
316145
316622
316768
317151
318146
318179
318654
318781
318863
319196
319523
320126
320263
320446
320618
320677
320695
321918
322118
322521
322589
323461
323783
324542
324742
324815
325642
325912
326147
326495
326795
326797
438373
439710
441362
442665
443315
443486
445140
445788
449462
450981
451601
453566
453971
454112
454234
454607
454847
454864
455055
455540
456257
456408
456693
456732
456874
457253
457456
457763
458026
458056
458587
458677
458729
458953
459103
459966
460085
460864
460907
460950
461802
462047
462470
462555
463174
463429
463471
463497
464014
464581
464691
464803
464845
464899
465163
465309
465835
466111
466374
466494
466746
466932
466991
468096
468107
469378
469799
470662
470862
471353
471377
472204
472542
472921
473987
474627
474832
475358
475451
475761
477132
478447
478519
479078
479933
480575
481194
481392
481789
482132
482716
484354
484427
484530
485691
495922
500012
500500
501330
501335
501349
501498
501644
501828
501844
501882
502623
503081
503201
503591
503601
503672
503833
503951
504456
504917
505189
505401
505549
505793
505840
505848
506792
508040
508353
508871
509500
509538
509664
509827
509853
510870
511231
511387
511997
512102
513064
514243
514354
514460
516162
516673
516903
517360
517490
517773
517810
518231
519179
555389
555839
556040
556150
556196
557246
557573
557587
557709
557821
558294
558673
559012
559328
559625
559705
560213
560298
560685
560760
560923
561267
561541
561874
562152
562433
562477
563042
563052
563556
563753
565058
565106
565269
565497
565520
565594
566271
566433
566573
566676
567078
567134
567182
567248
567266
567387
567812
567871
567980
567984
568249
570006
570716
572677
574163
575415
575709
576899
577163
577369
578615
579326
580193
580771
581152
582476
649175
649275
649345
649465
649519
649545
650036
650143
650147
651501
651862
651900
651938
652085
652825
653375
653792
654171
654210
654442
655107
655376
655556
655723
655732
655991
656859
656862
656900
657105
657567
657752
657858
658224
658684
658718
659565
813948
815018
815125
815448
815691
816040
816458
816551
816657
816673
818036
818840
819425
819689
819986
820210
820472
820495
820564
821334
821918
822069
822199
822399
822528
822778
823160
823259
824037
824093
824171
824181
824773
825725
825785
825840
825936
826827
826993
827273
828031
828350
828506
829337
829818
830307
830360
841597
842986
844727
845380
846912
846960
847516
848265
848421
848598
848673
848679
849363
849372
850318
850459
851611
852920
853694
854822
854846
855750
856167
856247
856674
856860
857647
858654
858995
859687
859858
860106
860436
860659
861284
861300
861632
862346
862742
863179
863633
863707
864708
865201
865995
866213
867772
869363
898575
898967
899196
899326
899395
899795
900113
900133
900610
900904
900937
901001
901089
901147
901264
901332
901348
901505
902086
902249
902615
902650
902914
903709
903876
904140
904637
904791
905005
905353
905488
905521
905573
905711
905792
905858
905922
905957
906240
906414
906632
906662
907317
907892
908275
908382
908477
908537
909452
909477
909753
909837
910197
910234
910682
910838
911109
911382
911486
911509
911691
911802
911993
912195
912261
912559
912722
913041
913127
913179
913886
914005
914264
914348
914382
914415
914525
914906
915003
915182
915378
1006557
1019507
1052149
1052509
1055617
1056622
1056667
1056790
1059355
1060308
1074712
1238493
1238538
1238568
1238877
1239019
1239429
1240159
1240330
1240617
1240650
1241567
1241633
1242103
1242340
1242394
1242598
1242719
1243000
1243498
1243858
1244794
1245276
1245410
1245674
1245868
1245868
1245989
1246159
1246615
1246797
1247464
1247494
1247627
1247796
1247842
1248540
1248594
1248769
1248852
1249043
1249306
1249326
1249475
1250119
1251106
1251422
1251858
1252116
1252208
1252330
1254081
1254962
1255029
1255614
1255738
1255850
1255934
1256817
1257199
1257232
1257478
1257571
1257582
1257809
1258199
1258278
1258884
1259226
1259256
1259626
1259656
1259702
1260170
1260298
1260812
1261242
1261371
1261540
1261618
1261769
1262075
1262347
1262616
1262923
1263151
1263332
1265165
1265777
1266016
1266921
1267441
1267443
1267484
1267635
1267729
1268182
1268419
1268471
1268580
1282841
1283307
1283418
1283549
1284167
1284238
1284710
1284913
1285028
1285651
1286139
1286922
1287267
1288118
1289376
1289709
1289914
1290334
1290590
1290852
1291120
1291809
1293065
1293075
1293256
1293353
1293874
1294063
1294645
1294983
1295059
1295569
1295702
1295938
1296307
1296595
1297452
1297510
1297993
1298107
1299217
1299445
1299930
1300120
1300867
1300874
1301065
1301315
1302533
1302891
1303074
1303275
1304101
1305060
1305275
1306270
1306318
1306441
1307165
1307492
1307671
1307737
1308231
1308516
1308572
1308625
1308909
1309155
1309238
1309344
1309535
1309818
1310461
1311061
1311220
1314575
1316638
1316797
1319954
1320247
1322070
1325734
1326269
1326874
1327739
1327848
1372792
1372861
1373547
1375746
1375886
1376545
1376753
1377628
1377767
1378008
1379504
1380172
1380695
1381107
1382065
1383301
1386477
1387380
1388176
1388798
1389283
1389712
1390927
1391134
1392025
1392806
1392861
1394179
1395530
1399441
1401078
1401256
1402173
1402367
1404219
1404632
1405539
1407297
1408691
1409104
1414017
1416855
1418632
1418724
1418826
1418971
1419027
1420225
1420703
1421295
1421447
1421466
1421496
1421844
1422053
1422290
1422535
1422601
1422810
1423150
1423151
1423155
1423160
1423254
1423311
1423506
1423914
1424042
1424121
1424141
1424406
1425288
1425384
1425939
1426277
1426513
1426527
1426602
1426643
1426721
1426776
1426862
1426899
1426917
1426985
1427102
1427206
1427386
1427577
1427700
1427704
1427811
1428330
1428397
1428770
1432742
1438797
1442238
1456933
1458505
1462722
1462827
1463702
1464261
1465185
1467093
1467620
1469199
1469207
1469523
1469530
1469887
1469996
1471596
1472131
1472881
1473175
1473748
1474413
1474534
1475209
1476272
1477036
1477092
1477678
1478537
1479673
1479801
1480060
1480207
1480772
1480777
1481277
1481599
1481629
1482273
1482536
1482790
1483523
1484042
1484201
1484373
1484392
1484757
1485236
1486994
1487294
1488014
1488636
1488878
1489297
1489838
1489927
1489978
1630149
1633488
1634053
1635174
1679454
1679454
1680225
1681658
1681935
1682078
1682100
1682362
1683218
1683352
1683665
1683891
1684094
1684124
1684153
1684272
1685175
1685262
1685284
1685369
1685504
1686104
1687105
1687276
1687885
1688292
1688434
1688560
1688688
1688866
1688981
1689598
1689791
1690081
1690592
1691455
1692612
1693447
1693876
1694447
1694452
1694772
1694802
1695169
1696764
1697128
1707408
1709251
1709464
1713721
1729442
1744487
1744714
1746752
1748787
1749379
1751798
1754625
1755934
1758461
1758676
1759251
1759555
1759568
1759964
1797992
1799656
1802017
1802111
1802528
1803670
1804024
1804621
1804787
1806690
1807107
1808121
1872777
1874641
1874941
1875583
1876344
1877041
1877222
1877423
1878320
1879365
1879803
1880411
1880875
1881711
1882051
1885021
1886049
1886490
1886568
1887497
1891365
1900703
1900795
1901379
1901730
1902044
1902220
1902418
1903803
1904049
1904409
1904456
1904784
1905488
1906218
1906491
1906929
1907404
1907601
1907781
1908896
1910014
1911658
1911740
1912370
1913281
1914095
1914157
1914773
1933045
1933450
1933586
1934545
1935195
1935470
1935909
1936174
1936480
1938757
1938899
1939541
1939830
1940689
1941888
1943979
1947138
1948859
1948992
1950128
1950230
1950696
1950777
1951095
1951362
1951747
1952101
1972147
1973794
1974124
1975229
1977412
1979008
1979436
1979652
1981544
1982214
1983164
1983779
1984370
1984777
1985311
1987190
2034588
2035699
2036428
2036452
2038776
2039804
2040115
2040734
2041364
2041471
2041944
2041976
2042047
2042995
2043105
2047465
2048240
2048242
2048341
2076435
2078396
2079688
2116641
2129759
2133816
2133829
2135370
2136483
2137278
2138792
2142018
2143000
2143386
2143631
2143689
2143758
2143916
2144305
2144788
2144867
2144978
2145300
2145924
2145957
2146208
2146268
2146299
2146855
2147096
2147213
2147495
2147651
2147661
2148370
2148460
2149025
2149098
2149571
2149621
2149700
2149834
2150011
2150497
2151068
2151363
2151394
2151531
2152179
2152183
2152665
2152721
2153361
2153945
2154305
2154379
2155147
2155612
2155617
2156138
2156945
2157237
2157454
2157592
2157641
2157762
2157775
2158492
2159269
2159346
2159572
2159939
2160081
2161032
2161154
2161293
2162019
2162234
2162966
2162996
2163094
2163149
2163676
2164341
2164940
2165605
2166002
2166759
2167565
2168185
2168208
2168384
2168840
2169617
2172754
2174575
2193557
2193609
2193961
2195426
2196911
2198395
2200742
2200842
2202061
2202089
2203280
2221893
2221911
2222206
2222297
2222314
2222755
2222851
2223378
2225312
2226719
2228830
2230329
2230412
2232001
2233935
2235727
2235849
2236795
2254487
2254963
2257049
2258173
2260765
2261932
2263020
2285450
2287186
2287565
2287828
2287920
2287922
2288401
2288476
2288670
2289481
2289759
2289901
2290239
2290603
2291575
2292279
2292372
2292459
2292473
2292605
2292642
2292990
2293119
2293310
2294110
2294350
2294465
2294809
2294951
2295142
2295271
2295277
2295417
2295459
2295674
2295986
2296207
2296397
2296637
2297096
2297255
2297474
2297570
2297930
2298057
2298642
2298708
2299237
2299443
2299496
2299543
2299581
2300130
2300156
2300395
2300580
2300819
2300830
2300938
2301112
2301330
2301631
2301651
2301800
2301877
2301892
2302970
2303204
2303329
2304091
2304269
2304471
2304638
2304981
2320891
2321198
2321201
2321211
2321400
2321494
2321857
2321935
2322375
2322639
2323131
2323298
2323617
2323704
2324415
2324492
2324667
2324761
2324987
2325061
2325082
2325155
2326213
2326455
2327610
2327745
2328035
2328603
2328680
2329363
2329711
2329743
2330511
2330735
2330775
2330829
2331291
2331335
2331396
2331437
2331836
2331859
2332057
2332158
2332194
2332661
2332736
2333110
2333255
2333392
2333430
2333534
2334418
2334446
2334541
2334740
2334779
2334897
2335190
2335620
2335838
2336078
2336203
2336255
2336373
2336723
2337534
2339419
2339533
2339661
2339707
2339807
2340445
2340597
2340682
2340799
2341148
2341168
2341318
2341679
2341929
2342577
2343703
2343896
2344618
2345156
2345383
2346044
2346056
2346403
2346414
2346514
2346836
2347079
2347346
2347732
2348422
2348575
2348765
2349061
2349271
2349407
2349424
2350472
2350503
2350898
2351247
2351601
2351611
2351617
2351647
2352266
2352595
2352917
2353091
2353127
2353141
2353240
2353610
2354230
2354425
2354459
2355213
2355219
2355232
2355483
2355712
2355877
2356390
2356926
2357000
2368715
2373560
2376132
2379232
2382427
2384148
2384543
2412517
2418201
2418505
2418711
2418959
2419159
2420318
2420653
2420697
2420839
2421190
2421441
2421650
2422465
2422692
2422995
2423275
2423622
2423939
2424073
2424096
2424189
2424502
2424697
2425473
2425671
2425940
2426675
2426806
2426925
2427059
2427204
2427222
2427363
2427529
2428241
2428406
2428526
2428623
2428758
2428838
2429395
2430302
2430398
2430407
2430499
2430971
2431014
2431077
2431502
2432202
2432319
2432609
2432880
2433124
2433138
2455565
2459470
2465104
2467037
2468103
2468516
2468952
2469153
2471172
2471966
2473482
2474266
2474687
2476213
2476665
2476691
2477465
2479463
2496673
2499276
2501457
2504889
2507725
2511669
2512024
2512588
2513176
2513346
2513573
2513805
2515012
2515812
2515848
2515918
2516901
2516984
2517355
2517627
2518391
2519180
2520016
2522591
2553550
2581128
2581217
2581434
2581440
2581536
2582394
2582562
2582936
2583066
2583372
2583448
2583895
2584016
2584124
2584565
2584566
2584691
2584872
2585464
2585662
2585817
2585887
2586370
2587114
2587236
2587378
2587585
2587695
2588446
2588972
2589557
2589727
2589765
2590307
2590894
2590912
2591051
2591092
2591137
2591182
2591303
2592198
2612987
2613035
2613617
2613641
2614559
2615417
2615510
2616106
2616183
2616394
2616426
2616499
2616554
2617189
2617393
2617439
2617580
2617710
2617760
2618548
2618758
2618789
2618883
2619218
2619239
2619742
2620275
2621060
2621293
2621672
2622038
2622438
2622705
2623070
2623086
2623504
2660595
2661150
2661206
2661463
2661554
2661814
2662042
2662579
2662678
2663526
2663562
2663709
2663742
2664160
2664389
2665026
2666430
2666611
2666674
2666796
2667041
2667065
2667233
2667265
2667326
2667383
2667436
2667984
2668201
2668206
2668215
2668504
2668689
2668717
2668847
2669002
2669084
2669451
2670165
2670344
2670439
2670454
2670638
2670824
2671223
2671633
2671751
2671937
2672031
2695320
2702639
2703974
2704002
2704295
2704497
2704851
2705247
2705253
2705372
2705578
2706310
2706370
2706443
2706498
2706713
2707063
2707136
2707337
2707529
2707713
2708124
2708576
2708738
2708813
2709028
2709306
2709779
2709913
2709966
2710029
2710084
2710452
2711308
2711390
2711413
2711647
2712114
2713079
2713202
2713426
2713446
2713638
2714459
2714485
2714691
2715070
2715461
2715569
2715579
2715639
2716152
2716352
2716700
2717051
2717111
2717196
2717607
2717691
2717755
2717764
2717953
2718035
2718212
2718467
2718860
2719266
2719652
2719716
2719800
2720087
2720190
2891080
2891516
2891587
2892364
2893836
2896253
2896498
2896520
2897210
2897622
2898309
2900409
2900730
2916884
2918023
2918202
2921409
2921909
2921956
2928160
2928652
2928731
2931659
2934956
2936842
2937032
2937198
2937356
2937656
2938052
2939682
2939966
2940316
2940452
2940485
2940524
2940761
2941321
2941765
2941773
2942180
2943282
2943985
2944001
2944600
2944663
2944768
2946305
2946526
2946687
2946909
2947123
2947828
2948852
2948958
2949215
2949402
2949759
2949831
2951949
2951979
2952143
2952497
2952524
2952664
2953276
2953506
2953564
2953688
2954019
2954186
2954680
2955467
2955826
2956842
2956859
2957128
2957402
2957770
2958274
2958501
2959318
2960198
2961180
2961434
2961853
2962156
2962943
2963176
2963543
2963590
2963815
2964553
2965244
2965293
2965401
2965587
2965854
2966124
2966212
2966974
2967022
2967351
2967986
2968288
2968445
2969335
2970789
2970803
2970844
2971037
2971681
2971709
2971780
2971897
2972007
2972482
2972634
2973273
2974630
2974638
2975009
2975354
2975438
2975589
2975662
2975990
2976010
2976040
2976104
2976917
2977027
2977493
2977501
2977644
2977717
2977853
2978059
2978335
2978537
2979055
2979191
2979725
2980193
2980312
2980926
2981712
2982110
2982585
2982946
2983019
2983309
2983332
2983407
2983729
2983895
2984131
2984545
2985349
2985741
2985826
2985922
2986261
2986304
2986353
2986376
2986588
2986941
3018422
3018998
3020190
3020424
3020689
3021172
3022071
3022081
3023370
3023847
3024211
3024885
3025139
3025162
3025467
3025942
3026426
3027952
3028558
3028800
3029515
3029559
3029828
3031587
3031866
3032654
3032979
3033025
3033996
3075141
3093903
3095511
3096717
3098925
3101606
3104626
3108109
3110001
3111844
3138464
3138619
3145488
3146903
3147024
3148524
3152826
3155326
3192430
3195283
3195646
3196919
3200354
3202722
3203628
3204160
3205029
3205445
3205972
3208879
3211125
3212150
3213052
3215253
3217693
3219806
3284493
3285949
3287236
3287383
3288837
3289700
3289887
3289959
3292395
3293060
3294063
3294353
3294386
3294491
3295459
3295616
3295794
3295889
3296515
3296544
3297700
3298535
3298673
3299681
3361564
3361661
3361676
3361989
3362278
3362712
3362946
3363291
3363778
3363822
3363899
3364381
3364596
3364653
3364681
3365212
3365543
3365808
3366172
3366173
3366471
3366754
3367064
3367288
3367295
3367420
3367453
3367577
3368163
3368415
3368924
3368955
3368983
3369038
3369227
3369951
3369960
3370668
3370673
3371060
3371493
3371627
3371707
3371996
3372300
3372969
3373043
3405976
3406658
3406690
3406886
3407018
3408854
3409350
3411189
3448392
3449020
3449443
3449950
3450440
3450504
3450523
3450604
3451148
3451251
3451450
3452721
3453007
3453141
3453201
3453307
3453468
3453525
3454165
3454212
3455651
3456204
3457042
3457574
3458086
3458101
3458680
3458747
3458769
3459200
3459360
3459871
3459934
3460098
3460106
3658008
3667592
3668047
3726670
3726798
3726829
3726962
3727173
3727210
3727351
3727415
3727812
3727951
3727975
3727998
3728217
3728281
3728396
3728597
3728785
3728820
3728908
3729002
3729081
3729237
3729372
3729691
3729800
3729857
3730146
3731400
3731467
3731700
3731844
3732156
3732267
3732494
3733264
3733307
3733588
3734014
3734073
3734284
3734336
3734368
3734417
3735238
3735359
3735475
3736492
3736551
3736823
3736955
3737085
3737126
3737514
3737649
3738026
3738460
3738608
3738651
3739003
3739004
3739091
3739192
3739770
3739798
3739823
3740122
3740185
3740211
3740281
3740304
3740305
3740348
3740580
3740691
3740984
3741020
3741723
3741762
3742236
3742810
3742984
3743803
3743880
3744291
3744732
3744818
3797888
3827225
3827353
3828240
3828624
3828667
3828706
3828743
3828874
3829843
3830146
3830596
3830982
3831501
3831513
3831854
3832482
3832873
3832983
3833705
3835466
3835902
3836136
3836575
3836891
3837221
3837320
3837727
3839030
3852691
3853399
3854187
3854394
3854524
3854664
3854704
3855201
3855890
3856137
3856342
3856737
3856803
3856826
3857413
3858027
3858070
3858673
3859676
3859711
3860106
3860984
3861110
3861175
3861451
3861639
3861947
3862778
3863916
3864034
3864056
3864187
3864600
3864906
3864964
3864971
3864972
3865232
3865273
3865321
3865961
3866180
3866184
3866487
3866556
3866640
3866809
3867933
3868292
3868320
3868329
3868460
3868988
3869392
3869510
3869740
3869743
3870139
3870176
3870803
3870901
3871294
3871465
3890316
3890468
3890570
3890572
3890645
3890811
3890921
3891299
3892299
3892477
3892697
3892744
3892784
3892789
3892873
3893098
3893864
3894208
3895007
3895046
3895319
3895687
3896093
3896287
3896367
3896922
3896988
3897616
3897687
3897848
3898086
3898194
3898627
3898635
3898954
3899122
3899437
3899750
3899955
3900076
3900209
3900228
3900342
3900480
3900684
3900975
3901368
3901475
3901539
3901980
3902274
3902752
3902971
3902980
3903103
3903720
3903886
3904057
3904887
3905160
3925221
3925277
3925889
3926016
3926144
3926649
3927001
3927971
3927996
3928034
3928076
3928095
3929472
3929833
3929860
3930134
3930514
3930752
3931055
3931449
3932140
3933090
3933843
3933971
3934507
3936066
3936122
3936671
3936854
3937259
3937524
3937533
3937542
3937552
3937629
3938098
3938105
3938176
3938782
3939053
3939804
3941107
3946308
3946902
3947186
3952458
3952535
3953117
3954076
3954489
3955089
3970593
3970908
3970968
3971354
3971842
3972455
3972565
3972775
3972935
3972957
3973307
3973353
3974230
3974482
3974602
3974744
3975182
3975285
3975476
3975567
3975681
3976201
3976434
3976442
3976843
3977292
3977756
3977815
3977946
3978292
3978463
3978933
3979118
3979348
3979382
3979590
3979659
3979747
3980063
3980110
3980117
3980250
3980261
3980345
3980499
3981081
3981481
3981487
3982196
3982217
3982800
3983282
3983561
3983687
3983799
3983811
3983844
3984357
3984463
3984491
3984741
3984882
3984969
3984994
3985288
3985337
3985522
3985664
3985799
4016508
4021255
4041742
4041965
4042020
4042532
4042801
4043487
4044313
4044505
4045596
4046233
4046823
4047171
4047221
4047299
4047514
4047799
4048176
4048287
4048610
4050074
4051496
4052157
4053042
4053174
4053331
4053526
4053550
4054200
4055137
4055597
4055834
4055993
4057224
4057935
4058124
4058212
4058367
4059829
4059860
4060520
4073857
4073880
4074996
4075274
4075399
4075446
4075924
4076440
4076712
4077120
4077189
4077870
4078603
4078918
4080665
4081014
4081493
4082400
4082541
4083179
4083195
4083301
4084243
4084701
4084819
4200817
4200938
4201073
4201360
4202000
4202671
4202757
4202842
4202938
4203038
4203274
4203413
4203779
4203922
4204624
4204900
4205440
4205492
4205503
4206606
4207071
4207536
4207549
4208145
4208235
4208299
4208683
4208689
4208799
4209448
4209592
4210326
4210540
4210926
4211402
4211499
4211701
4211800
4211829
4211881
4212160
4212193
4212280
4212332
4212553
4214146
4215025
4215120
4215131
4215407
4215468
4215618
4215899
4216290
4216363
4216608
4216653
4256007
4259116
4261903
4262273
4275539
4275871
4276558
4276564
4276734
4277105
4277279
4277521
4277736
4277972
4279492
4279893
4280522
4280669
4281581
4281593
4282025
4282375
4282440
4282795
4282945
4283211
4283947
4284553
4285214
4285575
4285638
4285648
4286500
4286969
4287580
4288267
4288576
4288721
4288780
4289249
4289524
4289661
4290506
4291741
4291953
4292276
4293248
4312094
4312251
4312891
4313101
4313247
4314139
4314235
4314247
4314398
4314451
4314566
4315059
4315330
4315353
4315609
4315701
4315731
4316050
4316483
4316534
4316648
4316813
4316854
4317469
4317846
4317979
4318188
4319179
4319362
4319558
4320242
4320306
4320642
4320960
4321058
4321141
4321470
4321517
4321625
4322057
4322105
4322486
4322534
4322662
4322732
4323070
4323193
4323339
4358471
4358785
4359023
4359135
4359164
4359328
4359718
4359766
4360027
4360078
4360084
4360637
4360773
4361172
4361213
4361402
4361435
4362034
4362566
4362975
4363138
4363181
4363490
4363895
4364188
4364987
4365214
4366066
4366535
4366702
4366726
4366799
4367654
4367844
4367931
4368125
4386890
4386977
4387112
4387571
4387678
4387779
4388890
4388959
4389001
4389192
4389856
4389888
4390460
4390523
4390740
4391115
4391162
4391211
4391242
4391634
4391822
4392152
4392283
4392307
4392526
4392560
4393058
4393140
4393201
4393586
4393611
4393642
4393968
4394258
4394302
4394645
4394690
4394943
4395111
4395804
4395916
4396012
4396091
4396164
4396384
4396572
4397332
4397811
4398166
4398222
4403523
4406785
4444648
4445024
4446460
4446898
4448102
4448455
4448517
4448839
4448895
4449791
4450062
4450229
4450265
4450414
4450419
4450717
4450982
4451008
4451126
4451302
4451321
4451389
4451596
4452005
4452445
4452897
4453058
4453123
4453457
4453482
4453782
4453820
4454198
4454461
4454521
4454697
4455448
4460942
4461971
4467382
4468513
4469570
4474225
4474232
4474553
4477759
4478015
4481193
4484706
4484707
4485461
4485520
4486630
4487966
4488876
4489720
4489978
4490005
4490026
4490531
4490635
4490665
4490762
4491463
4491582
4492413
4492565
4492804
4493850
4493868
4495417
4496072
4496182
4496240
4550502
4709621
4712663
4717710
4724718
4725061
4726558
4733885
4733930
4734512
4734735
4734869
4735125
4735244
4735759
4736084
4736126
4736826
4736874
4736960
4737182
4737827
4738050
4738206
4738796
4738807
4739019
4739240
4739548
4739988
4740090
4740505
4740720
4740783
4740834
4740858
4740972
4741178
4741521
4742283
4742444
4742961
4743030
4743144
4743353
4743896
4743932
4743994
4744072
4744283
4745048
4745170
4745279
4745311
4745544
4745739
4745934
4746033
4746063
4746069
4746331
4746791
4748395
4748467
4748626
4749172
4749181
4749202
4749933
4750538
4750712
4751062
4784991
4792871
4852542
4990383
4991226
4991486
4991716
4992820
4995670
4999380
4999973
5000844
5005126
5007545
5010278
5010932
5041328
5041441
5041690
5045594
5046218
5046736
5047396
5047415
5048424
5049235
5049360
5049662
5050429
5051137
5051250
5051461
5051637
5055721
5055726
5055745
5055783
5056901
5057904
5058126
5059972
5070510
5070859
5070956
5075473
5082633
5085553
5086279
5087416
5088555
5088814
5089006
5090330
5090491
5090527
5091297
5091933
5092059
5092165
5095873
5095960
5161527
5164673
5173004
5173247
5174201
5174204
5174492
5174770
5174933
5176026
5176577
5177117
5178248
5179018
5179102
5179876
5180388
5181051
5181099
5181151
5181220
5181712
5182175
5182240
5182455
5182756
5182911
5183868
5184059
5185057
5185645
5185743
5185894
5186982
5236191
5236572
5236604
5236784
5236877
5236886
5236964
5236969
5237060
5237497
5237554
5238027
5238030
5238371
5238787
5238891
5239103
5240119
5240310
5240489
5241150
5241809
5241974
5242471
5242557
5242811
5242900
5242905
5242947
5243082
5243164
5243812
5244259
5244327
5244858
5245114
5245178
5245197
5245482
5245911
5246011
5246049
5246191
5246357
5246451
5246682
5246808
5246922
5247068
5247263
5247320
5247470
5247731
5247917
5247953
5247957
5247970
5248115
5248215
5248312
5248368
5248465
5248792
5248811
5248873
5249540
5249797
5250148
5250153
5250192
5250361
5250816
5250879
5252066
5252203
5252992
5253370
5253459
5253460
5253702
5253880
5294146
5294746
5296791
5297491
5297961
5298888
5300646
5300753
5301872
5304825
5306647
5307731
5389558
5389680
5389691
5389762
5390130
5390149
5390356
5390409
5390711
5390992
5391875
5392218
5392379
5392593
5393081
5393187
5393827
5393914
5394035
5394154
5394541
5394639
5394753
5395803
5396217
5396796
5396839
5398077
5398369
5398524
5398717
5398804
5399072
5399290
5399726
5399916
5458086
5467495
5500426
5500773
5501585
5502111
5502651
5502926
5504387
5504414
5504799
5505012
5505187
5505225
5505303
5505506
5506269
5506308
5506515
5507053
5507878
5508062
5508735
5509731
5579543
5584858
5587907
5588006
5589975
5592987
5593278
5593526
5593586
5593966
5594066
5594746
5595330
5595781
5596761
5596891
5596930
5596942
5597005
5597466
5597689
5597766
5598075
5598402
5598960
5599033
5599352
5600086
5600921
5601200
5601367
5601395
5601445
5601941
5602097
5602145
5602307
5602644
5603037
5603482
5603552
5603600
5603729
5605240
5605958
5607528
5609227
5609564
5610990
5611820
5612978
5639631
5640335
5643662
5646029
5646655
5646698
5646778
5647396
5647493
5647700
5647744
5647902
5648028
5648115
5648852
5650057
5650240
5650390
5651021
5810182
5810202
5810619
5810915
5811236
5811397
5811506
5811767
5812207
5812332
5812441
5812853
5812946
5812988
5813300
5813371
5814416
5814453
5814898
5815417
5815869
5815995
5816005
5816060
5816188
5816934
5817308
5817547
5818039
5818450
5818556
5818840
5819318
5819501
5819534
5819608
5819854
5820328
5820701
5820786
5820865
5821786
5821814
5821839
5822202
5822345
5823473
5823613
5823671
5824399
5824844
5825549
5827120
5827312
5828339
5829228
5833904
5834581
5835075
5840962
5841975
5928080
5928842
5929241
5931924
5933280
5934697
5936427
5937244
5938306
5939621
5953337
5953748
5959653
5961259
5962135
5964168
5965616
5966116
5966195
5966268
5966375
5966480
5967223
5967636
5967674
5967801
5968334
5968476
5968864
5968933
5969040
5969682
5969700
5969792
5970057
5970474
5970933
5970983
5971783
5971959
5972136
5972211
5972286
5972840
5973022
5973297
5973419
5973560
5974111
5974881
5975267
5975837
5975927
5976447
5976489
5976520
5976570
5976699
5977297
5977925
5978396
5978653
6009786
6009819
6009824
6010916
6011105
6011170
6011663
6011777
6012202
6012531
6012747
6012749
6014284
6014647
6014981
6016595
6016900
6017302
6017691
6017954
6018660
6018929
6019046
6019671
6019820
6019924
6020513
6020652
6020835
6021021
6021864
6022466
6022680
6023274
6023412
6023760
6024002
6024069
6024235
6025298
6025755
6026795
6027134
6029504
6031489
6031884
6033155
6034573
6034793
6035736
6035780
6036775
6037973
6040967
6041613
6041729
6043001
6043432
6043660
6132156
6132225
6132855
6132897
6133700
6134329
6134353
6135086
6135171
6136165
6136220
6136292
6136321
6136985
6136996
6137270
6137290
6137740
6137962
6138014
6138029
6138692
6138771
6138997
6139330
6140554
6141287
6141432
6142244
6142521
6142566
6142918
6142926
6198786
6199001
6199568
6199580
6199903
6200867
6201054
6201506
6201739
6202114
6203300
6203747
6203832
6204060
6204616
6204906
6205343
6205638
6206198
6206256
6206365
6207536
6208524
6208575
6208673
6208849
6209113
6209621
6209684
6210666
6211235
6211640
6211913
6212225
6212559
6212737
6212771
6213071
6213706
6213722
6214236
6214380
6214757
6214809
6214855
6215021
6215312
6215565
6215645
6215983
6216383
6216586
6217386
6218400
6218738
6219033
6219523
6219759
6219962
6219986
6220098
6221018
6221943
6221958
6222417
6222850
6223209
6224144
6224667
6224865
6225102
6225109
6225431
6225589
6225681
6226100
6226464
6228908
6230508
6231652
6231927
6231979
6232357
6249526
6249642
6250089
6250206
6250837
6251850
6252006
6252061
6252319
6252375
6252886
6253144
6253459
6253982
6254448
6254845
6254895
6255339
6255457
6255700
6255732
6255917
6255991
6257166
6257304
6257343
6257580
6257704
6257936
6258254
6259536
6259609
6259700
6259731
6260391
6260700
6261057
6261119
6262357
6262423
6262666
6262747
6262818
6262917
6263127
6263410
6263748
6264332
6264465
6265065
6265092
6265328
6265895
6266158
6266269
6266396
6266461
6266697
6267030
6267134
6267204
6267986
6268119
6268263
6268478
6268523
6268531
6268732
6269607
6269618
6269633
6269726
6269822
6270432
6270789
6270982
6271208
6271361
6271376
6271441
6271555
6272112
6272419
6272458
6272561
6272566
6272909
6273135
6273202
6273540
6273557
6273589
6274863
6274915
6274918
6274957
6275435
6275685
6275780
6275816
6276227
6277486
6277577
6277761
6277948
6278307
6278481
6278553
6278979
6279164
6279184
6279229
6319453
6320848
6321456
6321814
6321958
6322122
6322337
6322817
6323603
6323951
6324177
6324706
6324798
6324915
6326339
6326909
6327217
6328291
6328767
6328895
6330063
6377918
6445802
6450720
6453841
6469826
6470634
6471791
6472046
6472198
6472668
6473249
6473398
6473530
6473974
6474055
6474933
6475838
6476329
6477722
6478799
6478842
6478914
6478920
6479056
6479351
6479504
6480379
6544458
6549150
6551863
6553828
6556245
6556289
6557499
6559591
6559706
6559820
6560065
6561113
6562265
6562318
6563352
6563780
6564010
6564541
6566910
6567810
6568084
6568156
6568313
6624905
6625126
6625637
6625697
6625867
6626295
6627316
6627448
6627729
6628124
6629477
6630353
6630881
6631990
6632481
6632587
6632966
6633382
6633419
6633871
6634209
6635219
6635352
6635371
6636343
6636373
6636447
6636933
6637286
6637495
6637524
6638550
6638551
6638628
6638966
6639016
6639427
6639760
6639786
6639830
6700601
6700733
6700847
6701245
6701530
6701664
6702241
6703803
6703909
6703930
6704554
6704859
6704907
6705734
6706637
6706791
6707145
6707974
6708017
6708509
6708606
6709234
6709463
6709783
6709817
6710095
6710211
6710294
6710635
6710694
6711053
6711331
6711519
6711630
6711634
6711750
6712229
6712475
6712653
6713515
6714209
6714311
6714700
6714823
6714989
6715621
6716581
6716629
6716851
6716868
6716927
6717073
6717812
6718301
6718939
6718999
6719434
6719478
6719838
6720827
6721142
6721250
6721260
6721559
6721827
6722184
6722409
6722858
6722931
6722988
6723213
6723956
6724311
6724545
6724606
6724884
6724907
6725199
6725438
6726446
6727219
6727253
6742036
6742048
6742537
6742791
6743068
6743213
6743593
6743981
6744007
6744540
6744639
6744763
6744835
6745581
6745812
6746195
6746276
6746468
6746510
6746516
6746740
6746750
6746886
6746935
6746939
6747090
6747286
6747376
6747450
6747790
6748129
6748281
6748354
6748786
6748883
6749229
6749702
6749720
6749749
6750530
6750585
6750893
6751107
6751219
6751280
6751494
6751526
6751736
6752023
6752198
6752919
6753117
6753528
6753791
6754335
6754420
6754628
6755099
6755322
6755521
6755615
6756324
6756376
6756676
6757176
6774932
6894963
6896723
6898755
6898976
6899139
6899562
6899659
6902769
6904712
6905689
6923028
6924350
6924362
6924714
6924930
6924961
6925179
6925200
6925849
6926074
6926327
6926582
6926920
6927348
6928542
6928887
6928903
6929251
6929281
6929387
6929556
6929564
6930184
6930272
6931288
6931334
6931349
6931919
6932072
6932119
6932147
6932377
6932445
6932603
6932662
6932689
6932820
6933019
6933309
6933619
6933748
6933831
6934148
6934628
6934692
6934964
6935075
6935261
6935821
6936232
7141846
7141898
7142220
7142276
7142304
7142483
7142748
7142762
7142819
7142828
7142964
7143023
7143082
7144064
7144111
7144515
7144734
7144787
7144865
7145160
7145173
7145323
7145682
7146038
7146823
7146956
7147157
7147909
7149466
7149500
7149548
7149566
7150133
7150375
7150472
7150782
7150850
7150925
7151603
7151713
7151912
7151934
7152037
7152313
7152414
7152573
7152587
7152884
7153070
7153100
7153286
7153287
7153843
7155088
7155307
7155362
7171020
7171271
7172250
7172574
7175087
7175222
7175469
7175855
7176206
7176801
7177241
7177402
7177416
7177803
7179133
7179584
7179774
7180385
7180528
7180937
7181116
7181152
7181615
7181695
7181748
7181806
7181816
7182687
7183047
7184051
7184258
7184493
7273928
7276889
7277156
7290873
7292514
7292785
7293224
7293247
7293332
7293388
7294539
7294582
7295423
7296908
7297382
7297438
7298214
7299465
7300538
7300690
7302592
7303285
7303303
7303558
7303632
7303798
7305997
7306146
7306234
7307169
7307374
7307749
7307786
7307980
7308277
7308361
7308463
7308661
7308719
7308809
7308939
7309065
7309142
7309648
7309784
7309909
7310441
7310673
7311037
7311243
7311267
7311445
7312004
7312477
7313245
7313435
7314296
7314707
7314729
7314937
7315909
7316165
7316457
7316547
7317413
7317634
7317745
7318149
7318655
7319695
7320025
7320056
7320960
7321114
7321279
7321337
7321925
7321977
7322210
7322623
7335030
7336219
7336376
7337287
7339194
7340179
7342741
7344273
7345186
7345411
7346815
7347640
7348027
7348316
7350704
7370614
7370825
7373287
7376091
7376292
7376667
7377739
7380835
7381021
7381028
7385709
7387544
7388043
7388475
7388873
7389109
7389212
7389229
7390967
7391051
7391143
7393198
7394240
7395898
7396018
7396774
7433361
7433731
7434121
7434508
7434938
7435800
7436294
7436428
7436804
7437206
7437265
7438176
7438218
7438627
7438953
7439917
7440819
7441007
7441093
7441280
7441741
7441742
7441933
7442352
7442736
7442759
7442839
7443424
7443544
7443848
7444448
7444458
7444517
7444785
7445317
7446042
7446065
7446079
7446131
7446191
7446499
7446641
7446667
7446958
7447111
7447431
7447819
7448494
7448638
7448835
7448924
7461761
7462114
7462128
7466069
7466472
7467849
7467874
7469679
7470074
7471226
7471919
7476195
7476789
7504385
7513059
7615352
7615518
7615866
7616311
7616342
7616452
7616484
7616805
7617011
7617052
7617493
7617690
7617756
7618384
7618462
7618509
7618627
7619219
7619240
7620111
7620345
7620580
7621055
7621568
7621636
7622467
7622978
7623069
7623089
7623302
7623569
7623611
7623749
7623752
7624207
7625398
7649455
7652443
7653183
7654238
7656227
7656928
7657384
7743558
7743783
7744311
7744396
7744634
7744678
7744700
7746346
7746747
7747213
7747694
7747724
7747905
7748119
7748281
7748552
7750704
7750745
7751022
7752093
7752170
7752917
7752922
7753985
7754163
7754539
7755762
7757212
7757687
7757780
7758291
7758844
7759312
7759350
7760825
7816925
7817948
7818115
7818171
7818623
7819046
7819170
7819199
7819349
7819560
7819716
7819919
7819925
7820882
7820996
7821547
7821663
7821782
7822105
7822195
7822587
7822741
7822989
7823005
7823180
7823207
7823257
7823295
7824590
7824722
7824943
7825413
7825646
7825730
7825941
7826032
7826387
7826412
7826619
7826873
7826881
7826964
7827029
7827974
7828624
7828757
7829007
7829531
7829634
7830027
7830277
7830381
7830410
7904812
7904820
7904873
7905188
7905709
7906049
7906084
7906309
7907491
7907797
7907914
7908004
7908154
7908273
7908296
7909163
7909444
7909472
7909491
7910260
7910349
7910420
7910586
7910670
7910678
7910867
7911363
7911731
7911844
7912052
7912336
7912457
7912611
7912954
7913752
7913915
7913929
7913953
7914739
7931684
7932857
7935758
7990348
7995005
8002049
8008079
8018190
8018384
8021035
8022286
8023506
8025225
8025989
8026765
8027479
8028265
8028458
8028786
8029612
8029626
8029641
8030174
8032203
8032338
8034222
8034223
8034511
8152153
8211242
8214117
8219759
8222472
8223937
8224058
8224200
8224399
8225023
8225106
8225519
8225653
8225901
8226106
8226578
8226688
8227264
8227294
8227507
8227538
8227597
8227900
8227978
8228283
8228841
8228928
8228968
8229045
8229200
8229406
8229432
8229453
8229699
8229837
8230039
8230604
8231397
8231761
8231923
8232009
8232087
8232522
8232718
8233347
8233879
8233882
8234844
8234900
8234920
8235387
8235714
8235778
8235955
8236494
8237365
8237456
8237655
8238368
8238671
8238964
8239050
8239196
8239429
8239687
8239731
8239983
8240238
8241161
8241299
8241640
8242138
8242230
8242252
8242647
8243168
8243875
8244364
8244488
8244646
8244852
8245008
8245104
8245504
8245593
8247305
8248007
8248516
8248683
8248888
8277427
8277427
8277804
8280159
8280666
8281038
8281400
8283331
8284083
8285038
8285430
8397221
8399035
8399085
8400964
8402010
8403409
8404101
8406638
8480198
8480580
8480641
8481141
8481223
8481248
8481449
8481563
8482227
8483239
8483480
8483645
8484251
8484534
8484736
8484776
8485658
8486193
8486319
8486336
8486387
8486701
8487116
8487689
8487848
8488013
8488094
8488720
8488796
8489134
8489186
8489308
8490066
8490112
8490525
8491315
8491336
8491429
8491648
8491816
8491828
8494244
8494323
8494384
8494609
8494687
8494815
8494836
8494974
8494981
8495181
8495344
8495755
8495871
8496146
8496574
8496695
8496988
8497160
8497197
8497275
8497621
8498345
8498360
8498562
8498635
8498704
8498951
8499191
8499899
8500119
8500124
8500499
8500511
8500575
8500895
8501134
8501344
8501874
8501946
8502081
8502381
8502477
8502489
8502531
8502875
8503177
8503240
8503668
8503700
8503988
8504418
8504458
8504542
8505004
8505572
8505671
8505906
8505910
8506610
8506786
8506822
8506863
8507013
8507229
8507672
8507998
8508005
8508703
8510254
8510793
8510883
8510900
8510981
8511036
8511278
8511887
8512077
8512369
8512904
8513246
8513320
8513321
8513618
8513690
8514084
8514101
8514142
8514183
8514438
8514464
8514677
8514956
8515545
8515839
8515876
8515898
8564377
8564508
8564758
8564880
8565137
8565146
8566491
8566678
8567054
8567376
8568240
8568577
8568818
8568828
8568875
8568883
8569226
8569299
8569313
8569527
8569793
8570421
8570557
8571400
8571465
8571509
8571583
8572172
8572382
8573131
8574204
8574326
8574982
8575286
8576434
8576440
8576462
8576789
8577253
8577576
8578102
8578592
8579219
8579332
8580135
8580790
8581047
8581885
8582116
8582296
8582384
8582522
8582842
8583055
8583248
8583329
8583420
8623116
8623579
8625092
8625592
8626226
8626554
8627723
8629220
8630147
8631993
8632083
8633424
8634424
8634733
8634776
8636621
8638243
8638900
8640662
8641013
8641510
8641850
8642299
8642479
8642484
8642950
8643232
8643990
8644041
8644566
8644944
8645088
8645332
8645846
8646116
8646177
8646429
8646457
8646575
8646764
8647218
8647445
8647730
8647870
8647872
8647903
8648293
8648501
8648591
8650136
8650189
8650354
8650423
8650515
8651057
8651078
8651474
8651837
8652067
8652552
8652570
8652806
8653095
8653426
8653475
8653585
8653756
8654005
8654255
8654389
8654683
8655104
8655176
8656606
8656908
8657241
8657255
8674224
8676028
8677075
8794266
8794361
8794382
8794659
8795476
8796472
8796548
8796914
8797039
8797781
8797789
8798017
8798496
8798919
8799342
8800626
8800971
8801192
8802465
8803160
8803286
8837297
8838209
8838284
8838374
8838724
8838940
8839160
8839831
8840748
8841235
8841513
8842781
8843026
8843701
8844115
8844696
8845070
8845321
8845937
8846206
8846709
8847862
8848826
8884472
8887314
8946253
8946836
8947012
8947805
8947913
8948082
8948773
8949238
8949799
8951940
8952612
8953412
8954628
8954667
8954918
8955694
8956855
8956887
8957058
8957440
8959359
8959774
8959826
8959872
8960041
8960098
8960365
8960502
8960851
8960931
8961026
8962759
8962811
8963208
8963566
8963654
8963774
8963921
9003900
9005325
9006444
9006861
9006870
9007214
9007388
9008279
9009651
9009719
9010020
9011193
9011316
9011409
9011755
9011916
9012271
9012873
9013499
9013650
9013666
9014161
9014739
9015801
9016084
9016223
9016345
9017690
9017739
9018017
9018136
9018184
9018678
9018826
9018836
9019346
9019993
9020072
9020084
9020447
9021318
9021639
9022333
9022483
9022981
9023065
9023301
9023557
9023783
9023951
9024056
9024212
9024334
9025023
9025425
9025795
9025873
9025980
9026263
9026837
9027199
9027320
9027888
9028025
9028393
9028699
9029022
9029522
9029785
9029895
9029964
9030093
9030118
9031219
9031774
9032211
9032261
9032540
9032620
9032756
9032869
9125714
9125847
9125904
9126003
9126350
9126699
9126719
9127195
9127565
9128031
9128273
9128516
9129031
9129173
9129513
9129699
9129875
9129939
9130025
9130068
9130102
9130583
9130790
9131011
9131221
9131223
9131645
9131827
9131852
9132161
9132399
9132474
9132522
9132639
9133461
9134328
9134441
9134461
9135649
9135842
9135960
9136681
9140345
9141144
9142742
9142830
9146307
9146649
9147838
9150035
9212015
9212830
9213272
9213904
9216434
9217135
9218948
9219853
9220488
9221544
9221556
9221860
9221904
9222856
9223986
9224273
9224307
9328727
9329095
9329231
9329898
9330050
9330185
9330815
9330978
9331007
9331085
9331129
9331955
9332018
9332173
9332248
9332290
9332324
9332574
9333051
9333454
9333519
9333969
9334110
9334283
9334370
9334577
9336144
9336877
9336885
9337816
9338478
9338634
9338660
9338714
9338891
9338900
9339739
9340399
9340989
9341407
9341444
9341902
9341981
9342348
9342724
9343006
9343803
9343997
9344112
9344253
9344388
9344528
9344530
9345024
9346152
9346845
9346979
9347303
9347632
9347898
9348431
9348656
9349347
9349525
9350597
9351457
9353425
9358696
9373085
9385551
9491078
9535653
9535753
9535816
9535848
9536040
9536498
9536870
9537032
9537088
9537129
9538266
9538324
9538602
9539047
9539082
9539331
9539464
9539694
9539887
9540033
9540344
9540373
9540478
9540528
9540664
9540773
9541163
9541585
9541609
9542333
9542605
9543167
9543579
9543891
9543899
9543995
9544323
9544426
9544487
9544542
9545185
9546500
9546663
9578086
9581085
9587521
9625535
9625669
9625698
9625918
9631692
9826913
9826932
9827086
9827655
9827765
9828068
9828681
9828804
9828869
9828901
9829212
9829286
9829374
9829920
9830030
9830262
9830315
9830324
9830441
9830584
9830643
9830700
9831011
9831413
9832386
9832579
9834047
9834192
9834464
9834585
9834662
9834943
9835010
9835844
9835932
9836180
9836317
9836579
9836608
9836880
9837105
9837620
9837696
9838161
9838240
9838353
9838412
9918019
9918054
9918117
9918465
9918586
9918748
9919225
9919300
9919788
9920292
9920326
9921176
9921200
9921475
9921741
9921830
9921898
9922390
9922840
9922913
9922955
9923193
9923356
9923758
9923812
9923886
9924690
9925089
9925104
9925161
9925267
9925369
9925671
9926037
9926565
9926940
9927024
9927200
9927275
9927853
9927876
9927897
9928003
9928015
9928262
9928339
9928829
9929186
9929197
9929637
9930101
9930298
9930357
9930589
9930808
9930859
9930997
10039539
10040389
10040708
10040838
10041113
10043062
10043149
10044348
10044428
10047138
10048860
10048995
10049067
10049474
10050305
10051093
10052119
10052793
10119712
10119766
10119817
10119898
10121024
10121324
10121392
10121451
10121587
10121688
10121980
10122336
10122747
10122812
10122975
10124085
10124656
10124744
10125095
10125369
10125438
10125851
10126034
10126145
10126565
10126833
10127194
10127851
10128179
10128181
10128512
10128585
10129057
10129306
10129720
10129782
10129882
10130423
10130677
10130785
10130986
10131330
10131415
10131567
10131568
10131613
10132617
10132965
10133655
10133659
10134706
10134800
10134849
10135024
10135381
10135611
10135734
10136057
10136831
10138212
10138732
10138769
10140204
10140608
10140767
10141695
10141796
10142066
10142211
10142431
10142741
10142906
10144139
10144793
10145284
10145517
10145692
10146080
10146416
10146669
10146808
10148102
10148228
10148830
10149147
10149278
10149450
10149492
10176230
10178187
10182239
10186326
10186690
10236386
10242589
10243911
10245847
10286751
10287833
10288042
10288413
10289020
10289145
10289328
10289634
10289744
10290230
10290307
10290668
10290931
10291516
10291748
10292125
10292377
10292456
10292626
10292747
10292802
10293003
10293921
10293992
10294070
10294195
10294456
10294835
10295031
10295187
10295286
10295596
10296076
10296618
10296955
10326757
10326840
10327135
10327609
10327757
10327782
10328887
10329875
10330138
10330341
10331177
10331459
10331880
10332222
10332233
10332302
10332334
10332458
10332828
10333170
10333251
10333818
10334448
10334769
10335146
10335734
10336233
10336325
10336553
10336855
10337363
10337465
10337536
10337559
10337758
10338916
10339337
10339486
10341705
10341918
10342690
10366053
10366465
10366512
10366911
10367366
10367449
10367626
10367966
10369840
10369955
10370137
10370164
10370378
10370751
10371086
10372196
10372495
10372611
10373119
10373231
10373486
10374192
10374375
10374859
10375000
10375043
10375196
10375398
10375758
10376015
10376110
10376205
10377118
10377338
10377435
10377453
10377503
10377559
10377572
10378299
10378465
10431521
10431529
10431848
10433333
10433774
10433962
10434241
10435343
10435566
10435626
10435860
10435978
10436149
10436219
10436611
10436758
10437604
10437822
10437963
10438525
10438601
10438685
10438724
10438773
10438901
10439159
10439327
10439621
10440339
10440356
10441009
10441452
10441463
10441878
10442957
10443261
10444427
10444449
10488304
10488406
10522132
10522232
10522750
10522931
10524137
10524156
10524353
10524629
10524757
10525128
10525146
10525278
10526410
10526620
10526769
10527435
10527459
10527831
10528470
10529141
10530538
10530649
10530802
10530865
10531003
10532047
10532137
10533188
10533224
10533459
10534081
10534551
10534865
10535336
10535710
10536029
10536395
10537522
10542289
10669756
10670780
10671210
10672298
10674596
10674769
10677944
10728091
10734418
10784121
10786228
10786642
10787070
10791478
10793265
10793628
10794084
10795926
10798997
10800074
10866992
10867529
10867896
10869309
10872944
10873220
10875282
10880110
10903624
10903679
10906545
10941842
10942000
10942356
10942621
10943705
10944563
10944843
10945365
10947116
10949697
10951225
10952163
10953050
10954024
10954815
11017367
11017480
11017536
11017600
11017709
11018874
11019039
11019172
11019260
11020345
11020985
11021436
11021447
11022080
11022109
11022594
11023533
11024647
11024764
11025545
11025620
11025632
11025908
11025974
11026029
11026195
11026658
11027291
11028034
11028537
11028754
11028904
11029049
11029284
11029295
11029724
11029751
11029879
11030099
11030410
11031360
11031502
11031602
11031766
11032008
11032410
11032417
11032494
11032756
11033406
11033436
11084394
11266331
11266332
11267143
11267227
11267325
11267523
11268521
11269734
11271804
11272203
11272303
11272459
11273203
11273680
11274579
11274853
11274886
11274901
11275513
11275944
11276021
11276255
11276349
11276785
11291553
11294705
11298614
11374781
11374851
11374873
11374951
11375613
11375655
11375728
11376848
11377710
11378396
11378926
11379674
11380590
11381107
11381763
11381861
11381886
11382233
11382291
11382482
11382778
11383003
11383022
11383145
11383198
11383313
11383346
11383920
11384473
11384476
11384600
11384969
11385728
11385987
11385999
11386902
11387042
11387304
11387717
11389355
11389964
11390004
11390049
11390557
11390650
11391603
11392064
11392864
11394251
11395401
11396953
11399054
11399294
11400766
11400786
11402914
11405817
11408490
11411266
11416355
11417052
11417272
11422451
11422532
11424864
11460688
11461154
11461318
11461455
11462813
11463151
11463784
11464206
11464327
11464465
11465078
11465966
11466463
11466618
11466728
11467574
11467644
11467703
11467975
11468500
11468582
11469720
11469940
11470161
11470312
11470558
11470841
11470917
11471803
11471906
11472002
11472068
11472416
11472722
11473089
11473142
11473481
11473732
11475138
11490577
11494406
11495454
11496928
11498939
11499350
11500019
11500216
11502194
11504312
11505379
11505837
11621026
11621173
11621294
11621304
11621402
11622204
11622512
11623098
11623966
11624656
11625067
11626303
11626631
11626820
11627183
11627637
11627966
11629094
11629405
11629417
11629565
11629658
11629873
11630173
11630765
11631062
11631215
11631799
11632061
11632504
11633067
11633252
11633396
11633478
11633511
11633707
11634110
11634590
11634984
11635435
11666521
11667771
11668519
11669001
11670191
11671686
11672802
11739480
11739513
11739718
11739836
11739842
11740772
11740870
11741695
11742115
11742253
11742796
11742900
11742914
11742923
11743224
11743272
11743449
11744221
11744504
11744772
11745426
11745504
11745643
11745890
11745998
11746223
11746734
11747036
11747123
11747154
11747177
11747220
11747700
11747744
11748002
11748563
11748838
11749193
11749503
11749749
11749766
11749929
11750599
11750757
11750795
11751507
11751508
11751584
11751689
11751997
11752133
11752345
11752426
11798790
11799184
11800133
11800202
11801166
11803016
11803449
11803842
11805507
11806155
11806440
11806597
11807912
11808082
11808181
11879692
11879914
11879926
11879939
11880599
11881295
11882047
11882124
11882259
11882301
11882439
11882494
11883556
11884350
11885514
11885823
11885847
11886249
11886448
11886823
11886842
11887010
11887367
11887652
11887904
11888610
11889229
11889394
11889396
11889531
11889740
11889821
11890099
11890184
11890971
11891458
11891803
11892155
11892246
11892644
11892667
11893327
11893433
11893525
11893771
11893821
11893852
11893996
11894029
11894343
11894675
11894738
11894965
11895172
11895432
11895663
11896045
11896734
11897083
11897500
11897514
11897691
11897717
11898016
11898064
11898403
11898669
11899072
11899310
11899399
11899501
11899733
11899744
11899854
11899968
11900029
11900318
11900477
11900593
11900604
11900628
11901075
11901221
11901422
11901907
11902175
11902611
11902656
11902776
11902868
11902922
11902980
11903027
11903577
11904031
11904355
11904381
11904672
11904982
11905478
11905655
11934027
11939557
12026219
12026592
12027056
12027448
12027533
12027653
12027888
12027951
12028169
12028179
12029242
12029431
12029593
12029597
12029650
12029708
12029934
12030216
12030312
12030884
12032033
12032141
12032184
12032311
12032435
12032447
12032503
12032511
12032909
12033077
12033260
12033450
12033580
12033858
12034002
12034161
12034309
12034741
12035453
12036011
12036014
12036674
12037136
12037229
12037670
12038026
12038110
12038258
12038562
12039300
12039450
12039469
12040302
12040510
12040793
12041154
12041419
12041651
12042038
12042706
12042987
12043224
12044042
12044268
12044575
12044624
12045144
12045827
12046430
12046800
12047333
12047500
12047680
12048257
12048780
12050347
12050558
12050949
12051808
12052093
12052101
12052215
12053421
12053433
12053595
12053600
12055784
12056243
12084467
12085350
12087018
12087675
12087696
12088216
12089160
12090046
12090980
12091146
12092852
12093129
12093559
12111380
12111449
12111475
12112396
12115416
12115693
12118031
12119060
12119096
12121234
12121855
12126131
12127659
12170514
12170524
12170957
12171058
12171239
12171780
12171852
12172096
12172987
12173120
12173557
12173620
12174204
12174236
12174567
12175222
12175285
12175402
12175908
12176393
12176527
12176775
12177198
12177286
12177375
12177466
12177551
12177671
12177801
12177975
12178309
12178706
12178751
12179071
12179695
12180083
12180096
12180173
12180341
12180960
12181178
12181326
12182927
12183247
12183294
12183318
12183562
12183641
12183700
12183854
12183970
12184184
12184237
12185460
12185551
12207268
12207770
12210317
12214384
12216804
12289005
12289128
12289346
12289782
12289825
12290108
12290421
12290872
12290904
12291059
12291207
12291287
12291491
12291731
12291837
12291849
12291876
12292232
12293033
12293441
12293812
12293963
12294547
12294740
12294945
12294959
12295048
12295447
12295737
12295791
12296240
12296493
12296831
12297478
12297713
12297846
12298348
12305168
12305743
12306175
12306500
12306980
12308283
12308611
12309396
12310132
12345175
12345269
12345411
12345649
12345712
12345727
12345862
12345979
12346507
12346635
12347012
12347343
12347480
12347702
12347830
12348044
12348159
12348211
12348216
12348623
12348746
12348868
12349276
12349305
12349757
12350581
12351615
12352012
12352119
12352270
12352285
12352331
12353152
12353274
12353290
12353854
12354007
12354122
12354351
12354371
12354518
12354964
12355117
12355359
12360505
12361222
12362036
12363907
12370639
12371883
12372031
12373170
12403769
12403847
12403849
12403894
12404457
12405036
12405468
12405476
12405544
12405623
12406836
12407094
12407156
12407229
12407336
12407899
12408274
12408483
12408625
12408846
12409248
12409389
12409877
12409886
12409935
12410233
12411133
12411137
12411232
12411392
12411419
12411878
12412759
12412858
12413028
12413047
12413403
12413722
12414186
12414322
12414380
12414389
12414430
12414833
12415051
12415491
12415771
12415861
12416635
12416889
12417196
12417223
12417663
12417695
12417701
12417925
12418016
12418139
12522358
12522505
12522868
12522880
12523975
12524263
12525142
12525865
12525971
12526301
12526683
12527187
12527807
12528148
12528206
12528789
12528897
12529034
12529534
12529888
12529991
12531211
12531848
12532174
12533016
12533420
12533910
12534850
12535018
12535197
12535488
12535705
12536083
12536521
12536662
12537200
12537934
12538241
12538281
12538676
12538799
12539113
12539449
12539778
12541074
12541351
12541436
12541690
12541979
12542186
12542553
12542843
12542901
12543064
12543272
12543698
12543939
12544033
12544078
12544164
12544292
12544582
12545167
12545641
12546073
12546251
12546447
12546540
12546592
12546630
12546692
12546928
12547375
12547713
12548108
12548145
12548903
12549114
12549265
12550165
12550515
12550631
12550859
12551673
12551876
12552049
12552329
12552597
12552913
12553122
12553489
12553560
12553601
12553607
12553802
12554021
12554104
12554156
12554216
12554278
12554443
12554647
12554712
12554832
12642207
12644001
12645902
12646221
12646435
12646852
12647016
12647021
12648225
12648550
12649126
12650454
12650945
12651094
12651833
12652073
12652736
12653109
12653474
12654161
12654797
12654940
12655532
12656098
12656737
12656869
12657623
12657675
12657819
12657857
12658968
12659683
12660024
12660305
12661762
12661902
12661938
12737717
12737733
12737827
12740049
12740227
12741698
12742167
12742664
12743019
12743314
12744101
12745377
12745717
12746546
12746636
12746651
12747986
12748610
12749386
12749511
12750890
12752806
12754063
12795034
12795194
12795511
12796367
12796475
12796678
12796994
12798256
12798714
12799071
12799127
12799184
12799223
12799818
12799821
12799865
12800803
12801101
12801394
12801621
12801706
12802068
12802404
12802848
12803084
12803119
12803605
12803782
12804770
12804872
12805051
12805222
12805223
12806629
12806715
12807160
12807223
12808223
12811052
12812970
12814239
12819142
12820332
12821524
12823324
12823541
12824233
12825257
12825698
12826082
12826103
12826339
12827368
12827875
12828322
12828587
12829525
12830096
12830362
12831464
12831991
12833083
12834557
12834646
12835181
12837205
12837768
12838046
12838298
12851893
12857030
12857085
12904668
12905101
12905463
12905571
12905584
12906296
12906799
12906879
12907414
12907446
12907772
12908146
12908399
12909039
12909196
12909272
12909306
12909584
12910018
12910084
12910095
12910446
12910818
12911131
12911309
12911930
12912240
12912283
12912409
12912749
12912845
12913041
12913684
12914375
12914390
12914753
12914963
12915439
12915510
12915616
12915952
12915965
12916240
12916420
12916648
12917015
12917047
12917228
12917400
12917703
12917804
12918023
12918178
12918191
12918614
12918936
12919107
12919186
12919271
12919493
12931006
12931429
12931968
12932206
12932282
12933613
12934272
12935153
12936717
12936767
12937465
12937906
12937918
12938415
12938959
12940151
12940195
12940295
12940383
12941343
12941879
12942081
12943172
12943392
12943646
12943821
12943980
12944930
12991850
12993073
12993461
12993532
12994182
12994586
12995594
12996877
12998303
12998816
12998883
12999552
13000813
13001398
13001398
13001677
13002621
13004439
13005151
13005789
13006796
13007624
13007755
13008293
13009325
13009351
13043537
13063728
13063897
13064673
13064760
13065054
13065633
13065954
13065986
13066004
13066286
13067972
13068405
13068471
13068527
13068594
13069060
13069169
13069528
13069916
13069960
13070337
13070748
13070907
13072010
13072695
13072797
13072836
13073020
13073430
13073464
13073634
13073669
13074265
13074778
13075078
13075151
13075267
13075828
13075840
13075922
13075952
13076194
13076344
13076894
13076941
13077084
13077558
13077683
13077979
13078193
13078862
13079323
13079766
13080020
13080312
13080547
13081902
13081958
13082044
13082830
13083175
13083325
13083855
13083868
13084361
13084456
13084521
13085869
13086302
13086444
13087646
13088768
13089016
13089023
13089125
13090040
13090201
13090323
13090464
13090490
13090643
13091415
13091922
13091977
13092107
13092862
13093426
13094246
13094507
13094599
13094912
13095045
13095184
13095199
13095208
13095584
13095869
13095971
13096092
13096159
13096274
13096321
13096583
13096720
13096927
13097206
13098324
13098847
13099593
13100123
13100749
13101223
13101315
13101413
13103637
13104492
13104987
13105255
13105299
13105689
13106373
13107298
13108027
13109661
13110411
13111305
13111556
13111572
13112227
13112438
13113088
13115640
13116247
13116588
13194706
13195029
13195391
13195756
13196183
13196632
13196782
13196901
13196917
13197319
13197633
13197727
13198261
13198290
13198794
13198865
13199160
13199352
13199783
13199863
13201099
13202072
13202263
13202863
13203922
13204143
13204434
13204437
13205006
13205726
13205828
13206126
13206179
13206524
13207352
13207883
13208939
13208978
13209215
13209333
13209462
13209620
13210408
13210832
13211176
13211376
13211499
13211730
13211909
13211988
13212270
13212354
13212428
13212830
13213020
13213041
13311147
13311367
13312547
13312550
13313530
13313682
13313695
13313943
13314101
13314335
13314377
13314870
13314937
13315342
13315592
13315747
13316539
13316733
13317633
13318211
13318333
13318513
13319623
13319726
13319853
13319984
13320445
13320609
13320979
13321155
13321420
13347449
13347497
13347700
13347769
13347888
13348341
13348736
13348758
13348935
13349430
13349550
13349841
13349927
13350253
13350400
13350557
13350850
13351125
13351745
13352033
13352124
13352389
13352590
13352686
13353362
13353538
13354179
13354182
13354392
13354777
13354874
13355092
13355112
13355606
13355731
13356041
13356253
13356366
13356479
13356640
13356739
13416913
13437368
13437544
13437758
13438058
13438241
13438307
13439038
13439143
13439258
13439436
13439629
13439672
13440167
13440627
13440727
13440780
13440827
13441018
13441189
13441668
13441884
13442223
13443507
13444671
13444682
13444705
13445433
13445600
13446368
13446810
13446933
13447007
13447559
13448006
13448006
13448120
13449299
13449475
13449530
13449842
13449927
13450051
13450199
13450281
13450490
13450995
13451348
13451593
13452115
13452402
13452481
13453244
13454051
13454096
13454292
13454527
13454619
13454739
13455357
13494734
13496308
13496375
13496723
13496900
13496963
13496979
13498392
13498643
13499168
13499427
13499536
13499805
13500337
13501253
13501567
13501740
13501913
13502499
13502630
13502677
13502940
13503352
13503646
13504162
13504218
13504795
13505405
13505480
13506092
13506412
13507619
13514859
13533594
13534007
13534960
13535070
13535307
13535939
13536423
13536536
13537628
13537990
13538297
13539135
13539474
13539496
13540178
13540295
13540379
13541146
13541157
13541314
13541754
13543531
13545945
13545950
13546546
13547779
13548076
13549123
13549271
13549521
13562315
13562647
13565272
13595952
13596005
13596807
13596874
13597105
13597113
13597337
13598081
13598115
13598363
13598799
13599699
13599947
13599956
13600137
13600377
13601139
13602094
13602344
13603228
13603281
13603581
13603616
13603681
13604151
13604276
13604507
13604648
13604683
13604729
13604732
13605326
13605518
13605964
13606041
13606128
13607041
13607226
13607560
13608499
13609294
13609727
13610005
13611037
13612470
13613459
13614775
13615879
13616132
13617863
13618994
13619682
13620976
13623265
13624931
13625586
13646119
13646831
13647358
13647526
13647860
13648146
13650566
13650569
13651916
13652023
13652251
13652895
13653806
13653930
13654248
13654655
13654843
13825874
13826295
13827002
13831105
13835001
13835930
13836086
13836794
13837741
13840177
13869538
13872906
13873283
13876231
13877024
13878470
13880510
13881882
13910672
13912986
13913368
13913494
13914170
13914566
13915704
13915893
13916619
13916815
13917040
13918620
13918704
13919258
13920310
13920589
13963441
13964138
13964178
13964207
13966094
13967800
13968145
13968518
13969420
13969595
13969789
13970372
13970511
13970635
13971365
13972387
13973579
13974349
13976034
13976688
13976766
13977334
13977774
13978160
13979416
13979855
13983556
13988568
13989901
13993120
13993438
13993605
13993687
13993699
13993787
13993814
13993888
13994043
13994214
13994264
13994661
13994996
13995083
13995204
13995727
13995804
13996079
13997297
13997374
13997578
13998310
13998482
13998658
13998942
13999143
13999251
13999485
13999947
13999999
14000033
14000113
14000866
14000960
14001018
14001030
14001112
14001183
14001233
14001329
14001579
14001880
14002357
14002567
14003207
14003350
14003577
14003886
14004119
14004143
14004884
14004966
14005053
14005101
14005221
14005364
14005453
14005612
14005992
14006797
14006861
14006958
14007286
14007611
14007930
14007957
14008234
14008248
14008400
14008583
14008798
14008980
14013486
14017473
14018722
14022295
14026353
14032148
14032781
14035730
14035740
14036299
14036426
14036468
14036484
14036534
14036935
14037054
14037367
14037527
14037938
14037946
14038480
14038899
14038988
14039625
14039667
14039787
14040362
14041357
14041403
14041703
14042345
14042623
14042801
14043646
14044291
14044920
14044971
14045148
14045217
14045375
14045383
14045503
14045512
14046183
14118287
14119526
14119667
14119979
14121009
14121100
14121251
14121330
14121871
14122041
14122212
14122593
14123097
14123185
14123538
14123776
14123839
14124131
14124785
14125045
14125487
14126030
14126180
14127396
14127508
14127776
14127991
14128028
14128115
14128576
14128889
14129335
14129499
14129832
14130167
14130569
14130638
14130985
14131748
14132071
14132163
14132492
14132826
14133276
14133632
14133869
14133990
14134218
14134522
14134630
14134661
14134939
14134986
14135056
14135992
14136089
14136162
14136188
14136674
14136909
14146689
14201765
14201828
14205288
14206234
14207231
14208327
14209773
14211977
14214149
14214951
14216422
14216453
14217815
14243334
14243680
14243754
14243867
14244013
14244035
14244118
14244924
14245435
14245502
14246349
14246588
14248320
14248594
14248969
14248993
14249293
14250680
14251097
14251281
14251550
14251622
14251815
14251922
14252446
14252982
14253042
14253913
14254155
14254182
14254894
14255002
14255038
14255383
14256041
14256346
14256394
14256410
14256448
14256715
14257158
14257190
14257279
14257286
14257552
14258416
14258571
14258648
14259202
14259229
14259532
14259576
14259582
14259639
14259906
14260367
14260371
14260413
14285587
14285697
14286095
14286170
14286416
14286594
14286635
14286764
14286793
14287040
14287260
14287427
14287587
14287713
14287833
14288147
14288436
14288511
14288677
14288831
14289541
14289708
14290129
14290508
14290592
14290610
14290933
14291076
14291103
14291351
14291762
14291815
14292343
14292413
14292761
14292831
14292881
14293171
14293258
14293407
14293426
14293570
14293608
14293737
14293746
14293811
14293812
14293965
14294019
14294031
14294964
14295094
14295246
14295677
14295864
14295972
14296101
14296386
14296503
14296630
14317529
14318047
14318181
14320762
14320955
14321749
14342579
14415797
14422290
14426233
14442643
14476781
14483982
14492902
14494090
14494985
14495394
14550066
14550106
14550806
14552728
14554287
14554545
14555004
14555392
14556383
14556642
14556648
14557012
14559077
14597383
14597560
14597791
14598134
14598159
14598355
14598524
14599747
14599863
14599865
14599925
14600098
14600230
14600243
14601023
14601338
14601475
14601519
14601822
14602400
14602459
14602504
14602619
14602844
14602906
14602914
14603060
14603359
14603541
14603604
14603803
14603872
14603990
14604068
14604124
14604599
14604769
14604822
14605655
14605774
14606150
14606486
14606884
14607219
14607431
14607740
14608256
14608854
14609390
14609527
14609711
14610142
14610255
14610498
14610605
14610639
14611632
14611997
14612180
14612226
14612591
14613005
14613146
14613224
14613652
14613806
14613933
14614261
14614428
14614586
14614762
14614950
14615384
14616442
14627528
14627894
14628527
14628649
14629323
14631214
14631713
14632167
14632443
14632920
14633294
14634080
14634757
14634853
14635057
14636165
14681990
14682121
14682214
14682636
14682883
14682890
14682893
14683388
14683515
14683604
14683650
14684172
14684287
14684336
14684776
14685245
14685575
14686036
14686256
14686297
14686377
14686652
14686918
14686923
14687152
14687275
14687549
14687725
14687954
14688116
14688131
14688352
14688363
14688406
14688487
14688733
14688948
14689101
14689259
14689965
14690286
14690332
14690677
14690773
14690837
14691018
14691069
14691748
14692744
14692983
14693335
14693466
14693713
14694463
14694494
14694861
14694955
14695769
14695911
14696086
14696155
14696352
14696396
14696683
14716282
14718796
14726749
14727539
14729787
14732875
14733885
14734761
14753582
14754674
14755134
14755885
14756491
14757115
14757516
14758870
14759769
14760666
14762451
14762747
14762824
14762876
14763778
14764175
14764703
14765569
14765727
14766025
14766090
14766100
14766266
14767362
14767745
14767755
14767902
14768060
14768067
14768519
14768907
14769160
14769571
14769757
14769904
14770759
14770824
14771303
14771701
14771909
14772327
14772587
14772733
14774191
14774337
14774605
14774653
14776081
14776267
14776345
14776815
14776940
14777261
14777543
14778338
14779329
14781092
14781433
14781499
14782547
14783214
14783506
14783835
14783887
14784213
14785910
14787089
14787307
14787627
14877502
14881038
14889569
14890405
14890875
14891451
14891587
14891769
14892311
14892338
14892632
14892634
14892811
14893434
14893632
14894089
14894644
14894708
14895724
14896613
14896739
14896912
14896966
14897328
14897463
14897665
14897957
14897959
14898029
14898158
14898817
14899432
14899539
14899582
14900189
14900401
14900469
14900620
14901512
14901676
14902472
14902538
14902574
14902631
14903026
14903527
14903784
14903824
14904166
14904201
14904483
14904495
14904499
14904506
14904909
14905394
14905536
14906572
14906615
14906987
14907259
14907373
14908612
14908743
14909148
14909354
14910012
14910211
14910325
14910745
14911091
14911314
14911323
14911773
14912013
14912045
14913107
14913318
14913337
14913391
14913647
14913742
14913879
14914209
14914508
14914611
14914803
14915315
14915326
14915402
14915421
14915423
14915958
14916347
14916375
14916615
14916703
14916968
14917041
14917139
14917164
14917794
14917827
14917935
14918241
14918316
14918967
14919868
14922054
14922145
14922466
14922553
14923070
14923933
14924531
14925172
14926117
14926177
14926532
14927185
14927861
14928324
14928557
14929166
14929190
14929747
14930048
14930699
14930782
14931301
14932473
14951688
14951960
14951996
14952111
14952444
14952493
14952863
14953247
14953454
14954405
14955355
14955710
14956010
14956192
14956198
14956206
14956328
14956358
14956408
14957056
14957867
14958521
14958607
14958630
14958651
14958814
14958883
14959190
14959605
14959646
14960180
14960306
14960356
14960470
14960550
14961355
14962457
14962690
14962820
14962829
14962978
14962992
14963213
14963288
14963463
14963707
14963891
14964247
14964277
14964545
14964645
14965525
14965619
14965702
14965988
14966571
14966927
14966953
14967080
14967451
14967521
14967742
14967939
14967950
14968082
14968686
14968918
14969174
14969257
14969329
14978076
14979600
15008372
15012041
15082169
15082636
15082938
15083529
15083821
15085537
15087665
15089050
15089309
15089537
15091518
15091846
15092088
15092169
15093097
15093133
15093178
15093520
15093820
15094166
15094431
15094568
15094689
15095096
15095238
15095446
15095628
15095994
15096125
15096965
15097098
15097416
15097567
15097701
15097866
15098189
15098528
15099017
15099615
15100139
15100483
15100600
15101055
15102262
15102299
15102577
15102621
15102739
15103604
15103741
15103785
15104124
15104155
15104529
15104810
15104838
15105208
15105247
15105261
15106150
15106200
15159793
15176982
15177226
15177611
15177994
15178211
15178565
15179278
15180045
15180074
15180172
15180763
15181415
15182152
15182209
15182335
15182403
15182563
15182775
15182900
15182915
15183125
15183488
15183632
15183817
15184066
15184408
15184742
15185269
15185827
15186185
15186584
15187340
15187632
15188033
15188160
15188546
15188552
15189169
15190187
15190228
15190299
15191032
15191621
15192409
15192502
15211200
15211608
15211942
15213063
15213707
15216055
15216075
15216182
15216719
15217518
15217630
15221319
15222498
15222898
15223704
15223732
15225295
15226635
15287990
15290977
15294864
15295418
15296347
15314530
15318308
15319053
15319938
15320864
15321177
15322285
15322685
15324682
15387759
15395300
15395502
15396908
15397495
15398529
15401844
15401967
15402093
15402862
15402902
15403475
15403921
15404684
15405612
15405923
15407324
15407375
15407613
15408211
15409167
15409400
15409924
15410816
15411117
15411664
15412476
15413015
15413090
15413596
15418757
15423950
15430492
15430544
15430897
15431332
15431904
15432662
15433188
15433963
15434224
15434273
15434474
15435788
15435956
15436592
15436664
15436715
15436811
15436938
15437322
15438999
15439658
15440936
15440978
15441539
15442145
15442890
15443000
15443104
15443294
15443371
15443904
15444139
15496664
15496964
15500849
15501057
15501308
15502041
15503808
15504701
15504907
15508887
15509736
15510113
15564395
15564714
15565053
15565151
15565366
15565719
15565996
15566676
15566732
15567491
15567731
15567793
15567836
15568336
15568978
15569005
15569070
15569312
15569317
15569632
15569634
15569702
15570611
15570913
15571233
15571245
15571446
15571588
15571840
15571921
15573225
15573680
15574101
15574254
15574519
15574666
15574776
15575078
15576413
15577197
15577409
15578397
15579192
15579345
15580209
15580929
15582947
15583398
15586884
15639039
15639156
15639458
15639689
15640689
15640857
15640888
15641248
15641654
15642017
15642025
15642059
15642481
15642510
15642576
15642762
15644327
15644652
15644661
15645044
15645471
15645520
15647047
15647763
15648934
15649281
15650333
15650558
15651007
15651111
15651188
15651240
15651999
15652011
15652196
15652296
15652350
15652844
15653324
15654395
15654582
15654873
15655265
15655276
15655403
15655581
15655633
15655788
15656039
15656061
15656068
15656478
15656494
15656504
15656677
15656707
15657103
15657513
15657582
15657916
15658058
15658216
15658559
15658622
15658733
15659418
15660549
15660820
15661818
15662088
15662516
15662631
15663329
15663418
15663476
15663572
15664216
15683841
15685640
15685714
15686825
15687574
15691674
15692413
15693330
15693349
15695636
15732228
15733073
15733074
15733736
15734482
15734633
15735777
15736391
15736889
15738228
15738662
15738776
15739133
15740607
15745115
15746988
15749250
15749608
15749958
15838222
15838384
15838871
15839064
15839916
15840447
15840940
15841524
15841930
15842084
15842145
15842228
15842662
15843135
15843689
15843705
15843856
15843867
15845324
15845709
15846173
15846448
15846473
15847153
15847456
15892121
15893232
15894982
15917109
15929539
15929731
15929790
15929968
15930268
15930365
15930403
15930664
15930673
15931496
15931550
15931966
15932582
15932834
15933126
15933325
15933512
15933859
15934677
15935927
15936263
15936596
15937476
15937762
15938381
15938754
15939100
15939349
15939490
15939693
15939785
15941141
15941290
15942177
15942194
15942472
15942948
15943091
15943143
15943870
15944362
15944568
15944936
15945869
15945978
15946037
15997970
16033610
16033842
16034353
16035168
16035380
16035769
16035833
16036503
16036585
16036902
16037160
16037318
16037389
16037867
16038010
16038684
16039081
16039139
16039368
16039635
16039654
16040639
16040790
16040829
16040991
16041544
16041571
16041573
16041661
16041728
16042441
16042658
16042916
16043348
16043364
16043582
16043660
16043702
16044052
16044162
16044259
16044315
16044818
16044973
16045462
16045630
16045734
16045889
16045983
16046247
16046509
16046510
16046626
16047157
16047487
16047759
16047920
16048094
16048114
16133716
16201779
16201939
16201970
16202728
16202776
16202878
16202913
16203316
16203332
16203512
16203532
16203929
16204143
16204469
16204497
16204679
16204854
16205257
16205280
16205409
16205681
16205897
16206884
16207054
16207055
16207228
16207264
16207446
16207631
16207790
16207850
16207869
16208018
16208867
16208935
16209082
16209089
16209262
16209587
16209649
16209716
16210035
16210121
16210455
16210601
16211266
16213331
16214825
16214997
16215173
16215500
16215568
16215767
16215852
16215920
16215953
16224466
16289678
16290731
16291017
16291070
16291344
16291561
16291735
16292015
16292244
16292531
16292739
16292783
16292988
16293244
16293397
16293658
16293751
16293850
16294107
16294131
16294553
16294661
16294782
16295038
16295927
16296571
16296624
16296647
16296743
16297065
16297255
16297477
16297687
16298016
16298094
16298251
16298516
16299037
16299520
16299832
16300021
16300166
16300311
16300387
16300911
16301648
16318196
16323541
16324483
16324548
16324947
16325102
16325529
16326077
16327675
16327944
16327946
16328489
16329135
16375888
16375906
16377665
16383345
16383860
16386374
16386995
16387381
16387820
16388268
16388541
16389374
16390153
16390222
16390668
16390674
16391733
16391955
16391968
16392207
16392466
16393026
16393088
16393287
16393359
16393669
16393696
16394099
16394227
16394342
16395159
16396595
16397138
16397420
16397945
16398260
16398333
16398390
16398494
16398674
16398957
16399263
16399361
16434663
16435348
16437904
16440700
16442716
16444388
16444573
16445388
16446760
16447990
16448939
16452329
16453374
16453863
16454245
16454492
16458472
16458572
16459419
16459424
16459531
16460944
16461202
16462233
16462654
16463065
16463187
16463336
16464266
16464383
16464828
16464854
16465195
16466051
16466939
16468565
16562931
16564322
16565190
16566656
16567334
16569378
16569467
16570605
16570884
16571656
16571978
16573202
16573943
16574077
16574826
16577035
16579992
16581714
16584093
16593678
16596660
16600180
16631807
16632104
16632314
16632607
16633628
16633681
16633826
16633890
16634522
16634675
16634827
16635042
16635503
16635598
16635786
16636381
16636507
16636547
16636962
16637038
16637106
16637617
16638185
16639132
16639302
16639321
16639363
16639476
16639706
16639817
16639863
16640985
16641708
16642494
16642628
16642659
16642679
16642772
16642861
16643142
16643194
16643262
16643482
16644170
16644226
16644315
16644570
16644690
16645008
16645024
16645290
16645335
16645469
16645611
16645624
16646128
16646238
16646354
16646555
16646750
16646946
16646961
16646984
16647223
16647492
16648004
16648047
16648067
16648176
16648266
16648299
16649024
16649071
16649377
16649717
16650563
16650635
16650674
16650687
16651037
16651327
16651870
16651940
16652082
16652283
16652429
16652910
16653317
16654525
16655081
16655130
16655443
16655912
16656250
16656582
16656784
16656818
16656984
16657207
16658546
16658926
16658960
16659031
16675987
16768162
16899377
16900020
16900843
16900870
16900877
16901125
16901258
16901317
16901680
16901785
16901892
16902643
16902833
16903496
16903763
16904313
16904343
16904393
16904429
16904615
16905139
16905436
16905455
16905514
16905670
16905721
16905742
16906042
16906301
16906597
16906634
16906668
16906815
16907011
16907052
16907064
16907253
16907297
16907740
16908211
16908549
16909306
16909314
16909479
16909789
16910013
16910351
16910974
16911002
16911315
16911698
16911759
16977110
16977814
16977846
16977934
16977966
16978711
16979407
16979459
16979918
16980054
16980279
16981708
16982065
16982132
16982270
16982431
16982679
16982839
16983076
16983108
16983204
16983253
16983774
16983797
16984015
16984298
16984504
16984520
16985134
16985981
16986005
16986251
16987435
16987534
16987558
16987719
16988038
16988645
16988877
16989048
16989599
16989638
16989764
16990034
16990297
16990347
16990451
16990929
16991031
16991887
16992328
17005196
17012503
17159004
17160016
17165366
17171586
17172512
17195713
17200600
17202745
17204269
17263364
17266480
17273584
17330149
17330592
17330984
17331487
17331666
17331822
17332568
17332615
17333016
17333780
17333894
17334838
17334883
17335118
17335295
17335573
17335779
17337922
17338532
17339728
17340161
17341237
17341523
17341789
17341959
17379453
17379588
17379890
17380028
17380158
17380773
17382081
17382508
17382633
17382667
17382738
17382941
17383176
17383267
17384245
17384978
17385499
17385891
17386012
17386040
17386159
17386273
17386807
17387220
17387320
17387828
17387865
17387989
17388401
17388486
17388505
17388997
17389129
17389589
17390228
17390565
17391062
17391556
17392393
17392856
17392928
17393374
17393579
17393647
17393713
17393879
17394780
17395309
17395481
17395530
17396441
17396566
17397055
17397225
17397705
17397822
17398112
17398572
17398878
17399325
17400629
17400700
17400718
17401061
17401280
17401524
17401659
17401990
17402737
17402911
17403138
17403294
17403503
17403923
17403924
17403933
17404847
17405176
17405449
17405832
17405843
17405848
17406671
17406720
17407929
17408072
17409073
17409624
17409767
17409975
17410839
17410850
17411409
17411587
17412844
17413044
17413200
17413279
17413321
17415136
17416837
17417041
17417177
17419182
17420616
17421141
17422121
17423874
17425192
17425823
17426876
17432285
17432882
17436142
17436841
17439248
17440083
17440275
17440522
17467927
17468654
17469589
17469980
17470129
17470204
17470224
17470252
17470296
17470302
17470325
17470928
17471022
17471023
17471322
17471425
17471458
17471939
17471975
17472003
17472029
17472040
17472451
17472476
17472696
17473022
17473068
17473118
17473368
17473425
17473479
17473717
17473880
17473915
17474459
17474580
17474679
17474893
17474961
17475649
17475933
17476201
17476446
17476598
17477091
17477411
17477575
17478170
17478191
17478238
17478275
17478351
17478384
17478679
17478836
17478870
17479046
17479166
17480048
17480539
17480676
17480725
17622646
17624093
17630203
17630912
17633113
17633226
17633332
17633984
17634106
17634666
17634733
17635197
17635352
17635783
17635789
17636354
17636506
17637979
17638750
17638842
17639100
17639965
17640343
17640600
17641351
17641610
17642294
17642686
17643367
17643434
17643435
17643639
17644308
17644530
17644629
17644748
17645302
17645319
17647297
17647590
17647733
17649099
17649588
17649920
17650044
17650504
17650705
17650750
17682573
17683057
17683175
17683287
17683764
17683921
17684215
17684528
17685044
17685094
17685245
17685585
17685788
17685789
17686661
17686751
17687053
17687065
17687074
17687192
17687456
17687898
17687939
17688222
17688599
17688780
17688817
17688880
17689228
17690068
17690723
17691789
17691838
17691948
17692146
17692393
17692974
17693190
17693214
17693317
17693660
17693981
17694021
17694246
17694351
17694473
17694562
17694832
17694843
17694855
17694885
17694907
17694964
17695057
17695236
17751076
17751351
17752426
17754249
17755206
17755986
17756322
17756761
17757204
17757246
17757511
17757828
17757996
17759572
17760733
17760910
17761485
17761532
17774699
17774789
17774867
17775712
17775799
17775840
17776141
17776241
17776346
17776524
17776794
17777040
17777233
17777390
17778212
17778238
17778623
17778724
17778727
17778947
17779028
17779157
17779813
17779908
17779925
17780676
17780785
17781582
17781595
17782990
17783233
17784339
17784419
17784958
17785020
17785954
17786005
17786159
17786616
17786768
17787927
17788931
17789374
17789694
17790398
17790688
17790918
17793065
17793159
17793689
17794164
17795326
17795386
17796009
17796071
17796320
17798443
17798496
17799002
17799378
17799908
17800109
17801553
17801711
17803049
17803659
17803970
17804520
17804956
17805830
17806021
17807295
17807500
17808176
17808287
17808834
17808836
17808858
17808935
17809294
17809854
17811233
17811699
17812493
17812549
17812769
17812980
17813498
17813636
17813692
17813840
17814225
17814250
17814682
17815345
17815564
17815816
17815952
17815990
17816089
17816495
17816716
17816786
17816867
17817091
17817321
17817741
17817759
17819353
17819499
17819575
17819576
17819764
17820436
17820543
17820734
17820845
17821650
17822011
17822216
17822584
17822927
17823192
17823353
17823512
17823659
17825007
17825183
17825310
17827160
17827705
17827931
17828190
17828690
17829491
17829514
17830212
17830945
17831355
17831639
17831761
17832126
17832441
17832867
17833399
17833702
17834131
17834244
17834421
17834422
17834721
17834975
17835622
17836217
17838921
17840052
17841544
17842426
17852156
17852233
17857699
17861756
17861872
17867137
17868757
17871997
17872197
17872948
17876816
17880043
17880970
17881693
17882221
17882245
17892305
17901879
17902074
17902914
17903892
17904083
17904249
17904569
17904629
17905196
17905457
17905903
17907681
17908588
17908643
17908844
17908940
17909017
17909123
17909407
17909523
17909966
17910144
17911045
17911256
17911534
17911733
17912559
17912761
17912807
17913948
17914392
17915694
17916077
17916334
17916635
17918013
17919846
17920390
17920638
17921665
17922259
17922615
17922643
17922662
17922774
17923051
17923295
17923420
17923715
17924188
17924776
17926052
17926426
17926526
17926577
17927395
17927845
17927880
17927904
17927977
17928147
17928174
17928254
17928296
17928576
17928744
17929440
17930166
17930478
17930732
17931648
17931838
17932048
17932520
17932543
17932643
17933038
17933068
17933078
17934755
17934815
17935033
17935049
17935742
17935843
17935904
17936128
17937006
17937057
17937217
17937330
17938069
17938523
17938538
17938722
17938780
17939144
17940149
17940349
17940485
17940622
17959768
17960320
17960566
17960929
17961566
17962010
17962042
17962169
17962309
17962546
17962551
17962967
17963719
17963849
17964141
17964372
17964626
17964839
17964974
17965120
17965130
17965750
17965790
17966610
17966812
17966936
17967760
17967975
17968242
17968402
17968438
17969902
17970924
17971112
17971348
17972378
17972387
17972944
17973209
17974071
17974079
17974177
17974327
17974400
17974620
17974966
17975108
17975163
17976042
17976163
17976350
17976456
17976815
17976950
17978146
17979180
17979594
17979630
17980004
17980162
17981412
17981671
17982449
17982882
17983150
17983280
17984592
17986166
17986473
17988189
17988705
17991018
17993698
17993752
17994597
17994893
17995014
17995310
17995604
17995726
17996440
17996715
17996726
17996883
17996949
17997578
17997838
17997937
17998078
17998706
17998730
17998884
17998903
17998928
17998985
17999160
17999727
18000458
18000778
18001444
18001496
18001597
18001663
18001694
18001742
18002631
18002736
18002864
18002957
18003046
18003215
18003606
18003875
18004047
18004065
18004444
18005677
18006439
18006994
18007318
18007629
18007654
18008503
18008916
18009209
18009453
18009772
18010114
18010194
18010219
18010533
18011101
18015925
18016718
18018185
18022156
18022453
18034480
18067076
18071501
18072847
18075646
18077013
18078590
18110496
18119953
18120549
18121447
18122727
18125222
18127674
18129218
18130035
18131687
18135784
18136458
18136780
18136809
18136901
18136953
18137224
18137783
18138352
18138496
18138621
18138797
18138881
18138924
18139037
18139367
18139567
18139570
18140207
18140346
18140801
18140810
18141375
18141802
18141828
18142057
18142164
18142190
18142532
18143736
18143744
18143894
18144584
18145511
18146402
18146491
18146518
18146600
18146830
18147000
18147030
18147038
18147293
18147362
18147587
18147787
18147977
18149288
18149514
18149740
18150515
18150572
18151122
18151784
18152478
18152747
18152759
18152926
18152948
18153097
18153463
18154063
18154312
18154559
18154816
18184854
18185120
18185392
18185641
18185803
18185979
18186052
18186368
18186468
18186793
18187103
18187582
18187878
18187948
18188514
18188657
18189304
18189394
18189685
18189946
18190374
18190512
18190529
18191223
18191305
18192592
18192661
18192924
18194527
18194903
18194950
18195480
18196819
18197054
18197783
18197789
18197959
18198581
18198944
18199001
18199028
18199098
18199278
18199639
18199665
18199691
18201178
18201243
18201468
18201657
18276747
18281984
18292151
18312724
18312806
18313584
18314396
18314819
18315144
18315615
18316278
18316492
18317288
18317855
18317901
18318291
18319462
18319496
18320046
18320168
18320270
18321335
18322264
18323276
18323819
18324578
18324745
18379699
18380634
18383880
18385641
18386893
18388213
18408137
18408710
18408858
18409596
18412179
18413015
18413908
18414319
18415092
18415122
18417003
18418442
18419908
18420250
18549479
18552473
18554117
18555116
18556387
18556825
18558285
18559573
18560812
18565512
18566086
18566217
18567483
18567666
18567777
18568153
18568565
18568567
18568971
18570890
18571305
18571314
18571790
18572935
18573930
18574043
18574067
18574893
18575153
18575176
18575376
18576232
18576676
18577968
18578096
18578847
18579388
18579424
18579878
18580110
18580310
18580464
18581025
18581458
18581591
18581612
18582074
18582178
18582650
18582690
18583360
18583786
18584302
