108505
109297
109516
109675
112597
113398
114293
115162
115306
115402
116271
116860
117174
117489
117637
117862
119669
120201
120763
121671
121974
122023
123422
124049
124141
124195
125177
126573
126834
127079
127391
127674
127718
127815
127828
127934
127965
128445
128535
128734
128913
129221
129344
129823
129951
130076
130135
130342
130452
130927
131178
131237
131314
131950
132096
132290
132343
133843
134076
134103
134162
134236
134505
134685
134786
135201
135248
135315
135701
135747
136462
136573
136866
137535
138772
140321
140512
140717
142261
142464
142526
142533
142649
142899
142961
143090
146454
147648
149236
150254
150831
150900
151165
151202
151916
152025
153327
155431
158744
202226
202425
203149
203354
203697
204515
204783
205150
205245
206117
206176
206287
206325
206845
206848
206876
207277
207656
207732
208128
208672
208913
208934
209838
210931
211165
211530
211613
211686
212664
212945
213163
214466
214726
217019
218781
218983
221291
227190
227759
293204
296079
301721
304434
305607
305683
305913
306656
307075
307122
307125
307383
308232
308347
308810
309820
310519
310625
310796
311273
311419
311802
312797
312830
313305
313432
313514
313847
314174
314777
314914
315097
315269
315328
315346
316569
316769
317172
317240
318112
318434
319193
319393
319466
320293
320563
320798
321146
321446
321448
433024
434361
436013
437316
437966
438137
439791
440439
444113
445632
446252
448217
448622
448763
448885
449258
449498
449515
449706
450191
450908
451059
451344
451383
451525
451904
452107
452414
452677
452707
453238
453328
453380
453604
453754
454617
454736
455515
455558
455601
456453
456698
457121
457206
457825
458080
458122
458148
458665
459232
459342
459454
459496
459550
459814
459960
460486
460762
461025
461145
461397
461583
461642
462747
462758
464029
464450
465313
465513
466004
466028
466855
467193
467572
468638
469278
469483
470009
470102
470412
471783
473098
473170
473729
474584
475226
475845
476043
476440
476783
477367
479005
479078
479181
480342
490573
494663
495151
495981
495986
496000
496149
496295
496479
496495
496533
497274
497732
497852
498242
498252
498323
498484
498602
499107
499568
499840
500052
500200
500444
500491
500499
501443
502691
503004
503522
504151
504189
504315
504478
504504
505521
505882
506038
506648
506753
507715
508894
509005
509111
510813
511324
511554
512011
512141
512424
512461
512882
513830
550040
550490
550691
550801
550847
551897
552224
552238
552360
552472
552945
553324
553663
553979
554276
554356
554864
554949
555336
555411
555574
555918
556192
556525
556803
557084
557128
557693
557703
558207
558404
559709
559757
559920
560148
560171
560245
560922
561084
561224
561327
561729
561785
561833
561899
561917
562038
562463
562522
562631
562635
562900
564657
565367
567328
568814
570066
570360
571550
571814
572020
573266
573977
574844
575422
575803
577127
643826
643926
643996
644116
644170
644196
644687
644794
644798
646152
646513
646551
646589
646736
647476
648026
648443
648822
648861
649093
649758
650027
650207
650374
650383
650642
651510
651513
651551
651756
652218
652403
652509
652875
653335
653369
654216
808599
809669
809776
810099
810342
810691
811109
811202
811308
811324
812687
813491
814076
814340
814637
814861
815123
815146
815215
815985
816569
816720
816850
817050
817179
817429
817811
817910
818688
818744
818822
818832
819424
820376
820436
820491
820587
821478
821644
821924
822682
823001
823157
823988
824469
824958
825011
836248
837637
839378
840031
841563
841611
842167
842916
843072
843249
843324
843330
844014
844023
844969
845110
846262
847571
848345
849473
849497
850401
850818
850898
851325
851511
852298
853305
853646
854338
854509
854757
855087
855310
855935
855951
856283
856997
857393
857830
858284
858358
859359
859852
860646
860864
862423
864014
893226
893618
893847
893977
894046
894446
894764
894784
895261
895555
895588
895652
895740
895798
895915
895983
895999
896156
896737
896900
897266
897301
897565
898360
898527
898791
899288
899442
899656
900004
900139
900172
900224
900362
900443
900509
900573
900608
900891
901065
901283
901313
901968
902543
902926
903033
903128
903188
904103
904128
904404
904488
904848
904885
905333
905489
905760
906033
906137
906160
906342
906453
906644
906846
906912
907210
907373
907692
907778
907830
908537
908656
908915
908999
909033
909066
909176
909557
909654
909833
910029
999637
1012587
1045229
1045589
1048697
1049702
1049747
1049870
1052435
1053388
1067792
1231573
1231618
1231648
1231957
1232099
1232509
1233239
1233410
1233697
1233730
1234647
1234713
1235183
1235420
1235474
1235678
1235799
1236080
1236578
1236938
1237874
1238356
1238490
1238754
1238948
1238948
1239069
1239239
1239695
1239877
1240544
1240574
1240707
1240876
1240922
1241620
1241674
1241849
1241932
1242123
1242386
1242406
1242555
1243199
1244186
1244502
1244938
1245196
1245288
1245410
1247161
1248042
1248109
1248694
1248818
1248930
1249014
1249897
1250279
1250312
1250558
1250651
1250662
1250889
1251279
1251358
1251964
1252306
1252336
1252706
1252736
1252782
1253250
1253378
1253892
1254322
1254451
1254620
1254698
1254849
1255155
1255427
1255696
1256003
1256231
1256412
1258245
1258857
1259096
1260001
1260521
1260523
1260564
1260715
1260809
1261262
1261499
1261551
1261660
1275921
1276387
1276498
1276629
1277247
1277318
1277790
1277993
1278108
1278731
1279219
1280002
1280347
1281198
1282456
1282789
1282994
1283414
1283670
1283932
1284200
1284889
1286145
1286155
1286336
1286433
1286954
1287143
1287725
1288063
1288139
1288649
1288782
1289018
1289387
1289675
1290532
1290590
1291073
1291187
1292297
1292525
1293010
1293200
1293947
1293954
1294145
1294395
1295613
1295971
1296154
1296355
1297181
1298140
1298355
1299350
1299398
1299521
1300245
1300572
1300751
1300817
1301311
1301596
1301652
1301705
1301989
1302235
1302318
1302424
1302615
1302898
1303541
1304141
1304300
1307655
1309718
1309877
1313034
1313327
1315150
1318814
1319349
1319954
1320819
1320928
1365872
1365941
1366627
1368826
1368966
1369625
1369833
1370708
1370847
1371088
1372584
1373252
1373775
1374187
1375145
1376381
1379557
1380460
1381256
1381878
1382363
1382792
1384007
1384214
1385105
1385886
1385941
1387259
1388610
1392521
1394158
1394336
1395253
1395447
1397299
1397712
1398619
1400377
1401771
1402184
1407097
1409935
1411712
1411804
1411906
1412051
1412107
1413305
1413783
1414375
1414527
1414546
1414576
1414924
1415133
1415370
1415615
1415681
1415890
1416230
1416231
1416235
1416240
1416334
1416391
1416586
1416994
1417122
1417201
1417221
1417486
1418368
1418464
1419019
1419357
1419593
1419607
1419682
1419723
1419801
1419856
1419942
1419979
1419997
1420065
1420182
1420286
1420466
1420657
1420780
1420784
1420891
1421410
1421477
1421850
1425822
1431877
1435318
1450013
1451585
1455802
1455907
1456782
1457341
1458265
1460173
1460700
1462279
1462287
1462603
1462610
1462967
1463076
1464676
1465211
1465961
1466255
1466828
1467493
1467614
1468289
1469352
1470116
1470172
1470758
1471617
1472753
1472881
1473140
1473287
1473852
1473857
1474357
1474679
1474709
1475353
1475616
1475870
1476603
1477122
1477281
1477453
1477472
1477837
1478316
1480074
1480374
1481094
1481716
1481958
1482377
1482918
1483007
1483058
1623229
1626568
1627133
1628254
1672534
1672534
1673305
1674738
1675015
1675158
1675180
1675442
1676298
1676432
1676745
1676971
1677174
1677204
1677233
1677352
1678255
1678342
1678364
1678449
1678584
1679184
1680185
1680356
1680965
1681372
1681514
1681640
1681768
1681946
1682061
1682678
1682871
1683161
1683672
1684535
1685692
1686527
1686956
1687527
1687532
1687852
1687882
1688249
1729825
1744870
1745097
1747135
1749170
1749762
1752181
1755008
1756317
1758844
1759059
1759634
1759938
1759951
1760347
1798375
1800039
1802400
1802494
1802911
1804053
1804407
1805004
1805170
1807073
1807490
1808504
1873595
1875459
1875759
1876401
1877162
1877859
1878040
1878241
1879138
1880183
1880621
1881229
1881693
1882529
1882869
1885839
1886867
1887308
1887386
1888315
1892183
1901521
1901613
1902197
1902548
1902862
1903038
1903236
1904621
1904867
1905227
1905274
1905602
1906306
1907036
1907309
1907747
1908222
1908419
1908599
1909714
1910832
1912476
1912558
1913188
1914099
1914913
1914975
1915591
1933863
1934268
1934404
1935363
1936013
1936288
1936727
1936992
1937298
1939575
1939717
1940359
1940648
1941507
1942706
1944797
1947956
1949677
1949810
1950946
1951048
1951514
1951595
1951913
1952180
1952565
1952919
1972965
1974612
1974942
1976047
1978230
1979826
1980254
1980470
1982362
1983032
1983982
1984597
1985188
1985595
1986129
1988008
2035406
2036517
2037246
2037270
2039594
2040622
2040933
2041552
2042182
2042289
2042762
2042794
2042865
2043813
2043923
2048283
2049058
2049060
2049159
2077253
2079214
2080506
2117459
2130577
2134634
2134647
2136188
2137301
2138096
2139610
2142836
2143818
2144204
2144449
2144507
2144576
2144734
2145123
2145606
2145685
2145796
2146118
2146742
2146775
2147026
2147086
2147117
2147673
2147914
2148031
2148313
2148469
2148479
2149188
2149278
2149843
2149916
2150389
2150439
2150518
2150652
2150829
2151315
2151886
2152181
2152212
2152349
2152997
2153001
2153483
2153539
2154179
2154763
2155123
2155197
2155965
2156430
2156435
2156956
2157763
2158055
2158272
2158410
2158459
2158580
2158593
2159310
2160087
2160164
2160390
2160757
2160899
2161850
2161972
2162111
2162837
2163052
2163784
2163814
2163912
2163967
2164494
2165159
2165758
2166423
2166820
2167577
2168383
2169003
2169026
2169202
2169658
2170435
2173572
2175393
2194375
2194427
2194779
2196244
2197729
2199213
2201560
2201660
2202879
2202907
2204098
2222711
2222729
2223024
2223115
2223132
2223573
2223669
2224196
2226130
2227537
2229648
2231147
2231230
2232819
2234753
2236545
2236667
2237613
2255305
2255781
2257867
2258991
2261583
2262750
2263838
2286268
2288004
2288383
2288646
2288738
2288740
2289219
2289294
2289488
2290299
2290577
2290719
2291057
2291421
2292393
2293097
2293190
2293277
2293291
2293423
2293460
2293808
2293937
2294128
2294928
2295168
2295283
2295627
2295769
2295960
2296089
2296095
2296235
2296277
2296492
2296804
2297025
2297215
2297455
2297914
2298073
2298292
2298388
2298748
2298875
2299460
2299526
2300055
2300261
2300314
2300361
2300399
2300948
2300974
2301213
2301398
2301637
2301648
2301756
2301930
2302148
2302449
2302469
2302618
2302695
2302710
2303788
2304022
2304147
2304909
2305087
2305289
2305456
2305799
2321709
2322016
2322019
2322029
2322218
2322312
2322675
2322753
2323193
2323457
2323949
2324116
2324435
2324522
2325233
2325310
2325485
2325579
2325805
2325879
2325900
2325973
2327031
2327273
2328428
2328563
2328853
2329421
2329498
2330181
2330529
2330561
2331329
2331553
2331593
2331647
2332109
2332153
2332214
2332255
2332654
2332677
2332875
2332976
2333012
2333479
2333554
2333928
2334073
2334210
2334248
2334352
2335236
2335264
2335359
2335558
2335597
2335715
2336008
2336438
2336656
2336896
2337021
2337073
2337191
2337541
2338352
2340237
2340351
2340479
2340525
2340625
2341263
2341415
2341500
2341617
2341966
2341986
2342136
2342497
2342747
2343395
2344521
2344714
2345436
2345974
2346201
2346862
2346874
2347221
2347232
2347332
2347654
2347897
2348164
2348550
2349240
2349393
2349583
2349879
2350089
2350225
2350242
2351290
2351321
2351716
2352065
2352419
2352429
2352435
2352465
2353084
2353413
2353735
2353909
2353945
2353959
2354058
2354428
2355048
2355243
2355277
2356031
2356037
2356050
2356301
2356530
2356695
2357208
2357744
2357818
2369533
2374378
2376950
2380050
2383245
2384966
2385361
2413335
2419019
2419323
2419529
2419777
2419977
2421136
2421471
2421515
2421657
2422008
2422259
2422468
2423283
2423510
2423813
2424093
2424440
2424757
2424891
2424914
2425007
2425320
2425515
2426291
2426489
2426758
2427493
2427624
2427743
2427877
2428022
2428040
2428181
2428347
2429059
2429224
2429344
2429441
2429576
2429656
2430213
2431120
2431216
2431225
2431317
2431789
2431832
2431895
2432320
2433020
2433137
2433427
2433698
2433942
2433956
2456383
2460288
2465922
2495782
2498385
2500566
2503998
2506834
2510778
2511133
2511697
2512285
2512455
2512682
2512914
2514121
2514921
2514957
2515027
2516010
2516093
2516464
2516736
2517500
2518289
2519125
2521700
2552659
2580237
2580326
2580543
2580549
2580645
2581503
2581671
2582045
2582175
2582481
2582557
2583004
2583125
2583233
2583674
2583675
2583800
2583981
2584573
2584771
2584926
2584996
2585479
2586223
2586345
2586487
2586694
2586804
2587555
2588081
2588666
2588836
2588874
2589416
2590003
2590021
2590160
2590201
2590246
2590291
2590412
2591307
2612096
2612144
2612726
2612750
2613668
2614526
2614619
2615215
2615292
2615503
2615535
2615608
2615663
2616298
2616502
2616548
2616689
2616819
2616869
2617657
2617867
2617898
2617992
2618327
2618348
2618851
2619384
2620169
2620402
2620781
2621147
2621547
2621814
2622179
2622195
2622613
2659704
2660259
2660315
2660572
2660663
2660923
2661151
2661688
2661787
2662635
2662671
2662818
2662851
2663269
2663498
2664135
2665539
2665720
2665783
2665905
2666150
2666174
2666342
2666374
2666435
2666492
2666545
2667093
2667310
2667315
2667324
2667613
2667798
2667826
2667956
2668111
2668193
2668560
2669274
2669453
2669548
2669563
2669747
2669933
2670332
2670742
2670860
2671046
2671140
2694429
2701748
2703083
2703111
2703404
2703606
2703960
2704356
2704362
2704481
2704687
2705419
2705479
2705552
2705607
2705822
2706172
2706245
2706446
2706638
2706822
2707233
2707685
2707847
2707922
2708137
2708415
2708888
2709022
2709075
2709138
2709193
2709561
2710417
2710499
2710522
2710756
2711223
2712188
2712311
2712535
2712555
2712747
2713568
2713594
2713800
2714179
2714570
2714678
2714688
2714748
2715261
2715461
2715809
2716160
2716220
2716305
2716716
2716800
2716864
2716873
2717062
2717144
2717321
2717576
2717969
2718375
2718761
2718825
2718909
2719196
2719299
2913761
2914900
2915079
2918286
2918786
2918833
2925037
2925529
2925608
2928536
2931833
2933719
2933909
2934075
2934233
2934533
2934929
2936559
2936843
2937193
2937329
2937362
2937401
2937638
2938198
2938642
2938650
2939057
2940159
2940862
2940878
2941477
2941540
2941645
2943182
2943403
2943564
2943786
2944000
2944705
2945729
2945835
2946092
2946279
2946636
2946708
2948826
2948856
2949020
2949374
2949401
2949541
2950153
2950383
2950441
2950565
2950896
2951063
2951557
2952344
2952703
2953719
2953736
2954005
2954279
2954647
2955151
2955378
2956195
2957075
2958057
2958311
2958730
2959033
2959820
2960053
2960420
2960467
2960692
2961430
2962121
2962170
2962278
2962464
2962731
2963001
2963089
2963851
2963899
2964228
2964863
2965165
2965322
2966212
2967666
2967680
2967721
2967914
2968558
2968586
2968657
2968774
2968884
2969359
2969511
2970150
2971507
2971515
2971886
2972231
2972315
2972466
2972539
2972867
2972887
2972917
2972981
2973794
2973904
2974370
2974378
2974521
2974594
2974730
2974936
2975212
2975414
2975932
2976068
2976602
2977070
2977189
2977803
2978589
2978987
2979462
2979823
2979896
2980186
2980209
2980284
2980606
2980772
2981008
2981422
2982226
2982618
2982703
2982799
2983138
2983181
2983230
2983253
2983465
2983818
3015299
3015875
3017067
3017301
3017566
3018049
3018948
3018958
3020247
3020724
3021088
3021762
3022016
3022039
3022344
3022819
3023303
3024829
3025435
3025677
3026392
3026436
3026705
3028464
3028743
3029531
3029856
3029902
3030873
3072018
3090780
3092388
3093594
3095802
3098483
3101503
3104986
3106878
3108721
3135341
3135496
3142365
3143780
3143901
3145401
3149703
3152203
3189307
3192160
3192523
3193796
3197231
3199599
3200505
3201037
3201906
3202322
3202849
3205756
3208002
3209027
3209929
3212130
3214570
3216683
3282941
3284397
3285684
3285831
3287285
3288148
3288335
3288407
3290843
3291508
3292511
3292801
3292834
3292939
3293907
3294064
3294242
3294337
3294963
3294992
3296148
3296983
3297121
3298129
3360012
3360109
3360124
3360437
3360726
3361160
3361394
3361739
3362226
3362270
3362347
3362829
3363044
3363101
3363129
3363660
3363991
3364256
3364620
3364621
3364919
3365202
3365512
3365736
3365743
3365868
3365901
3366025
3366611
3366863
3367372
3367403
3367431
3367486
3367675
3368399
3368408
3369116
3369121
3369508
3369941
3370075
3370155
3370444
3370748
3371417
3371491
3404424
3405106
3405138
3405334
3405466
3407302
3407798
3409637
3446840
3447468
3447891
3448398
3448888
3448952
3448971
3449052
3449596
3449699
3449898
3451169
3451455
3451589
3451649
3451755
3451916
3451973
3452613
3452660
3454099
3454652
3455490
3456022
3456534
3456549
3457128
3457195
3457217
3457648
3457808
3458319
3458382
3458546
3458554
3656456
3666040
3666495
3725118
3725246
3725277
3725410
3725621
3725658
3725799
3725863
3726260
3726399
3726423
3726446
3726665
3726729
3726844
3727045
3727233
3727268
3727356
3727450
3727529
3727685
3727820
3728139
3728248
3728305
3728594
3729848
3729915
3730148
3730292
3730604
3730715
3730942
3731712
3731755
3732036
3732462
3732521
3732732
3732784
3732816
3732865
3733686
3733807
3733923
3734940
3734999
3735271
3735403
3735533
3735574
3735962
3736097
3736474
3736908
3737056
3737099
3737451
3737452
3737539
3737640
3738218
3738246
3738271
3738570
3738633
3738659
3738729
3738752
3738753
3738796
3739028
3739139
3739432
3739468
3740171
3740210
3740684
3741258
3741432
3742251
3742328
3742739
3743180
3743266
3796336
3825673
3825801
3826688
3827072
3827115
3827154
3827191
3827322
3828291
3828594
3829044
3829430
3829949
3829961
3830302
3830930
3831321
3831431
3832153
3833914
3834350
3834584
3835023
3835339
3835669
3835768
3836175
3837478
3851139
3851847
3852635
3852842
3852972
3853112
3853152
3853649
3854338
3854585
3854790
3855185
3855251
3855274
3855861
3856475
3856518
3857121
3858124
3858159
3858554
3859432
3859558
3859623
3859899
3860087
3860395
3861226
3862364
3862482
3862504
3862635
3863048
3863354
3863412
3863419
3863420
3863680
3863721
3863769
3864409
3864628
3864632
3864935
3865004
3865088
3865257
3866381
3866740
3866768
3866777
3866908
3867436
3867840
3867958
3868188
3868191
3868587
3868624
3869251
3869349
3869742
3869913
3888764
3888916
3889018
3889020
3889093
3889259
3889369
3889747
3890747
3890925
3891145
3891192
3891232
3891237
3891321
3891546
3892312
3892656
3893455
3893494
3893767
3894135
3894541
3894735
3894815
3895370
3895436
3896064
3896135
3896296
3896534
3896642
3897075
3897083
3897402
3897570
3897885
3898198
3898403
3898524
3898657
3898676
3898790
3898928
3899132
3899423
3899816
3899923
3899987
3900428
3900722
3901200
3901419
3901428
3901551
3902168
3902334
3902505
3903335
3903608
3923669
3923725
3924337
3924464
3924592
3925097
3925449
3926419
3926444
3926482
3926524
3926543
3927920
3928281
3928308
3928582
3928962
3929200
3929503
3929897
3930588
3931538
3932291
3932419
3932955
3934514
3934570
3935119
3935302
3935707
3935972
3935981
3935990
3936000
3936077
3936546
3936553
3936624
3937230
3937501
3938252
3939555
3944756
3945350
3945634
3950906
3950983
3951565
3952524
3952937
3953537
3969041
3969356
3969416
3969802
3970290
3970903
3971013
3971223
3971383
3971405
3971755
3971801
3972678
3972930
3973050
3973192
3973630
3973733
3973924
3974015
3974129
3974649
3974882
3974890
3975291
3975740
3976204
3976263
3976394
3976740
3976911
3977381
3977566
3977796
3977830
3978038
3978107
3978195
3978511
3978558
3978565
3978698
3978709
3978793
3978947
3979529
3979929
3979935
3980644
3980665
3981248
3981730
3982009
3982135
3982247
3982259
3982292
3982805
3982911
3982939
3983189
3983330
3983417
3983442
3983736
3983785
3983970
3984112
3984247
4010626
4015373
4035860
4036083
4036138
4036650
4036919
4037605
4038431
4038623
4039714
4040351
4040941
4041289
4041339
4041417
4041632
4041917
4042294
4042405
4042728
4044192
4045614
4046275
4047160
4047292
4047449
4047644
4047668
4048318
4049255
4049715
4049952
4050111
4051342
4052053
4052242
4052330
4052485
4053947
4053978
4054638
4067975
4067998
4069114
4069392
4069517
4069564
4070042
4070558
4070830
4071238
4071307
4071988
4072721
4073036
4074783
4075132
4075611
4076518
4076659
4077297
4077313
4077419
4078361
4078819
4078937
4194935
4195056
4195191
4195478
4196118
4196789
4196875
4196960
4197056
4197156
4197392
4197531
4197897
4198040
4198742
4199018
4199558
4199610
4199621
4200724
4201189
4201654
4201667
4202263
4202353
4202417
4202801
4202807
4202917
4203566
4203710
4204444
4204658
4205044
4205520
4205617
4205819
4205918
4205947
4205999
4206278
4206311
4206398
4206450
4206671
4208264
4209143
4209238
4209249
4209525
4209586
4209736
4210017
4210408
4210481
4210726
4210771
4250125
4253234
4256021
4256391
4269657
4269989
4270676
4270682
4270852
4271223
4271397
4271639
4271854
4272090
4273610
4274011
4274640
4274787
4275699
4275711
4276143
4276493
4276558
4276913
4277063
4277329
4278065
4278671
4279332
4279693
4279756
4279766
4280618
4281087
4281698
4282385
4282694
4282839
4282898
4283367
4283642
4283779
4284624
4285859
4286071
4286394
4287366
4306212
4306369
4307009
4307219
4307365
4308257
4308353
4308365
4308516
4308569
4308684
4309177
4309448
4309471
4309727
4309819
4309849
4310168
4310601
4310652
4310766
4310931
4310972
4311587
4311964
4312097
4312306
4313297
4313480
4313676
4314360
4314424
4314760
4315078
4315176
4315259
4315588
4315635
4315743
4316175
4316223
4316604
4316652
4316780
4316850
4317188
4317311
4317457
4350594
4350908
4351146
4351258
4351287
4351451
4351841
4351889
4352150
4352201
4352207
4352760
4352896
4353295
4353336
4353525
4353558
4354157
4354689
4355098
4355261
4355304
4355613
4356018
4356311
4357110
4357337
4358189
4358658
4358825
4358849
4358922
4359777
4359967
4360054
4360248
4379013
4379100
4379235
4379694
4379801
4379902
4381013
4381082
4381124
4381315
4381979
4382011
4382583
4382646
4382863
4383238
4383285
4383334
4383365
4383757
4383945
4384275
4384406
4384430
4384649
4384683
4385181
4385263
4385324
4385709
4385734
4385765
4386091
4386381
4386425
4386768
4386813
4387066
4387234
4387927
4388039
4388135
4388214
4388287
4388507
4388695
4389455
4389934
4390289
4390345
4395646
4398908
4436771
4437147
4438583
4439021
4440225
4440578
4440640
4440962
4441018
4441914
4442185
4442352
4442388
4442537
4442542
4442840
4443105
4443131
4443249
4443425
4443444
4443512
4443719
4444128
4444568
4445020
4445181
4445246
4445580
4445605
4445905
4445943
4446321
4446584
4446644
4446820
4447571
4453065
4454094
4459505
4460636
4461693
4466348
4466355
4466676
4469882
4470138
4473316
4476829
4476830
4477584
4477643
4478753
4480089
4480999
4481843
4482101
4482128
4482149
4482654
4482758
4482788
4482885
4483586
4483705
4484536
4484688
4484927
4485973
4485991
4487540
4488195
4488305
4488363
4542625
4792665
4792744
4792817
4792924
4793029
4793772
4794185
4794223
4794350
4794883
4795025
4795413
4795482
4795589
4796231
4796249
4796341
4796606
4797023
4797482
4797532
4798332
4798508
4798685
4798760
4798835
4799389
4799571
4799846
4799968
4800109
4800660
4801430
4801816
4802386
4802476
4802996
4803038
4803069
4803119
4803248
4803846
4804474
4804945
4805202
4839579
4840341
4840740
4843423
4844779
4846196
4847926
4848743
4849805
4851120
4981449
4982292
4982552
4982782
4983886
4986736
4990446
4991039
4991910
4993345
4993365
4993782
4994078
4994399
4994560
4994669
4994930
4995370
4995495
4995604
4996016
4996109
4996151
4996463
4996534
4997579
4997616
4998061
4998580
4999032
4999158
4999168
4999223
4999351
5000097
5000471
5000710
5001202
5001613
5001719
5002003
5002481
5002664
5002697
5002771
5003017
5003491
5003864
5003949
5004028
5004949
5004977
5005002
5005365
5005508
5006636
5006776
5006834
5007562
5008007
5008712
5010283
5010475
5011502
5012391
5014188
5014906
5016476
5018175
5018512
5019938
5020768
5021926
5037280
5037483
5038283
5039297
5039635
5039930
5040420
5040656
5040859
5040883
5040995
5041915
5042840
5042855
5043314
5043747
5044106
5045041
5045564
5045762
5045999
5046006
5046328
5046486
5046578
5046997
5047361
5049805
5051405
5052549
5052824
5052876
5053254
5053845
5054192
5055004
5055530
5056070
5056345
5057806
5057833
5058218
5058431
5058606
5058644
5058722
5058925
5059688
5059727
5059934
5060472
5061297
5061481
5062154
5063150
5138545
5143860
5146909
5147008
5148977
5152263
5152989
5154126
5155265
5155524
5155716
5157040
5157201
5157237
5158007
5158643
5158769
5158875
5162583
5162670
5246662
5253822
5315800
5316211
5322116
5323722
5324598
5326631
5328079
5347698
5357107
5364103
5364703
5366748
5367448
5367918
5368845
5370603
5370710
5371829
5374782
5376604
5377688
5461690
5461723
5461728
5462820
5463009
5463074
5463567
5463681
5464106
5464435
5464651
5464653
5466188
5466551
5466885
5468499
5468804
5469206
5469595
5469858
5470564
5470833
5470950
5471575
5471724
5471828
5472417
5472556
5472739
5472925
5473768
5474370
5474584
5475178
5475316
5475664
5475906
5475973
5476139
5477202
5477659
5507759
5508108
5508205
5541038
5543457
5546190
5546844
5676825
5677206
5677238
5677418
5677511
5677520
5677598
5677603
5677694
5678131
5678188
5678661
5678664
5679005
5679421
5679525
5679737
5680753
5680944
5681123
5681784
5682443
5682608
5683105
5683191
5683445
5683534
5683539
5683581
5683716
5683798
5684446
5684893
5684961
5685492
5685748
5685812
5685831
5686116
5686545
5686645
5686683
5686825
5686991
5687085
5687316
5687442
5687556
5687702
5687897
5687954
5688104
5688365
5688551
5688587
5688591
5688604
5688749
5688849
5688946
5689002
5689099
5689426
5689445
5689507
5690174
5690431
5690782
5690787
5690826
5690995
5691450
5691513
5692700
5692837
5693626
5694004
5694093
5694094
5694336
5694514
5695712
5695781
5696411
5696453
5697256
5697885
5697909
5698642
5698727
5699721
5699776
5699848
5699877
5700541
5700552
5700826
5700846
5701296
5701518
5701570
5701585
5702248
5702327
5702553
5702886
5704110
5704843
5704988
5705800
5706077
5706122
5706474
5706482
5707732
5715612
5800951
5803993
5819393
5819515
5819526
5819597
5819965
5819984
5820191
5820244
5820546
5820827
5821710
5822053
5822214
5822428
5822916
5823022
5823662
5823749
5823870
5823989
5824376
5824474
5824588
5825638
5826052
5826631
5826674
5827912
5828204
5828359
5828552
5828639
5828907
5829125
5829561
5829751
5843969
5844082
5844331
5848235
5848859
5849377
5850037
5850056
5851065
5851876
5852001
5852303
5853070
5853778
5853891
5854102
5854278
5858362
5858367
5858386
5858424
5859542
5860545
5860767
5862613
5896447
5896662
5897229
5897241
5897564
5898528
5898715
5899167
5899400
5899775
5900961
5901408
5901493
5901721
5902277
5902567
5903004
5903299
5903859
5903917
5904026
5905197
5906185
5906236
5906334
5906510
5906774
5907282
5907345
5908327
5908896
5909301
5909574
5909886
5910220
5910398
5910432
5910732
5911367
5911383
5911897
5912041
5912418
5912470
5912516
5912682
5912973
5913226
5913306
5913644
5914216
5914920
5918247
5920614
5921240
5921283
5921363
5921981
5922078
5922285
5922329
5922487
5922613
5922700
5923437
5924642
5924825
5924975
5925606
5969442
6008306
6015314
6015657
6017154
6024481
6024526
6058249
6058492
6059446
6059449
6059737
6060015
6060178
6061271
6061822
6062362
6063493
6064263
6064347
6065121
6065633
6066296
6066344
6066396
6066465
6066957
6067420
6067485
6067700
6068001
6068156
6069113
6069304
6070302
6070890
6070988
6071139
6072227
6072587
6072878
6073126
6073186
6073566
6073666
6074346
6074930
6075381
6076361
6076491
6076530
6076542
6076605
6077066
6077289
6077366
6077675
6078002
6078560
6078633
6078952
6079686
6080521
6080800
6080967
6080995
6081045
6081541
6081697
6081745
6081907
6082244
6082637
6083082
6083152
6083200
6083329
6116896
6120042
6147014
6147353
6149723
6151708
6152103
6153374
6154792
6155012
6155955
6155999
6156994
6158192
6161186
6161832
6161948
6163220
6163651
6163879
6168388
6169065
6169559
6175446
6176459
6231665
6231888
6232022
6232278
6232397
6232912
6233237
6233279
6233979
6234027
6234113
6234335
6234980
6235203
6235359
6235949
6235960
6236172
6236393
6236701
6237141
6237243
6237658
6237873
6237936
6237987
6238011
6238125
6238331
6238674
6239436
6239597
6240114
6240183
6240297
6240506
6241049
6241085
6241147
6241225
6241436
6242201
6242323
6242432
6242464
6242697
6242892
6243087
6243186
6243216
6243222
6243484
6243944
6245548
6245620
6245779
6246325
6246334
6246355
6247086
6247691
6247865
6248215
6248826
6248942
6249389
6249506
6250137
6251150
6251306
6251361
6251619
6251675
6252186
6252444
6252759
6253282
6253748
6254145
6254195
6254639
6254757
6255000
6255032
6255217
6255291
6256466
6256604
6256643
6256880
6257004
6257236
6257554
6258836
6258909
6259000
6259031
6259691
6260000
6260357
6260419
6261657
6261723
6261966
6262047
6262118
6262217
6262427
6262710
6263048
6263632
6263765
6264365
6264392
6264628
6265195
6265458
6265569
6265696
6265761
6265997
6266330
6266434
6266504
6267286
6267419
6267563
6267778
6267823
6267831
6268032
6268907
6268918
6268933
6269026
6269122
6269732
6270089
6270282
6270508
6270661
6270676
6270741
6270855
6271412
6271719
6271758
6271861
6271866
6272209
6272435
6272502
6272840
6272857
6272889
6274163
6274215
6274218
6274257
6274735
6274985
6275080
6275116
6275527
6276786
6276877
6277061
6277248
6277607
6277781
6277853
6278279
6278464
6278484
6278529
6318753
6320148
6320756
6321114
6321258
6321422
6321637
6322117
6322903
6323251
6323477
6324006
6324098
6324215
6325639
6326209
6326517
6327591
6328067
6328195
6329363
6377218
6445102
6450020
6453141
6469126
6469934
6471091
6471346
6471498
6471968
6472549
6472698
6472830
6473274
6473355
6474233
6475138
6475629
6477022
6478099
6478142
6478214
6478220
6478356
6478651
6478804
6479679
6543758
6548450
6551163
6553128
6555545
6555589
6556799
6558891
6559006
6559120
6559365
6560413
6561565
6561618
6562652
6563080
6563310
6563841
6566210
6567110
6567384
6567456
6567613
6624205
6624426
6624937
6624997
6625167
6625595
6626616
6626748
6627029
6627424
6628777
6629653
6630181
6631290
6631781
6631887
6632266
6632682
6632719
6633171
6633509
6634519
6634652
6634671
6635643
6635673
6635747
6636233
6636586
6636795
6636824
6637850
6637851
6637928
6638266
6638316
6638727
6639060
6639086
6639130
6677572
6679366
6700457
6700589
6700703
6701101
6701386
6701520
6702097
6703659
6703765
6703786
6704410
6704715
6704763
6705590
6706493
6706647
6707001
6707830
6707873
6708365
6708462
6709090
6709319
6709639
6709673
6709951
6710067
6710150
6710491
6710550
6710909
6711187
6711375
6711486
6711490
6711606
6712085
6712331
6712509
6713371
6714065
6714167
6714556
6714679
6714845
6715477
6716437
6716485
6716707
6716724
6716783
6716929
6717668
6718157
6718795
6718855
6719290
6719334
6719694
6720683
6720998
6721106
6721116
6721415
6721683
6722040
6722265
6722714
6722787
6722844
6723069
6723812
6724167
6724401
6724462
6724740
6724763
6725055
6725294
6726302
6727075
6727109
6741892
6741904
6742393
6742647
6742924
6743069
6743449
6743837
6743863
6744396
6744495
6744619
6744691
6745437
6745668
6746051
6746132
6746324
6746366
6746372
6746596
6746606
6746742
6746791
6746795
6746946
6747142
6747232
6747306
6747646
6747985
6748137
6748210
6748642
6748739
6749085
6749558
6749576
6749605
6750386
6750441
6750749
6750963
6751075
6751136
6751350
6751382
6751592
6751879
6752054
6752775
6752973
6753384
6753647
6754191
6754276
6754484
6754955
6755178
6755377
6755471
6756180
6756232
6756532
6757032
6774788
6896687
6898447
6900479
6900700
6900863
6901286
6901383
6904493
6906436
6907413
6924752
6926074
6926086
6926438
6926654
6926685
6926903
6926924
6927573
6927798
6928051
6928306
6928644
6929072
6930266
6930611
6930627
6930975
6931005
6931111
6931280
6931288
6931908
6931996
6933012
6933058
6933073
6933643
6933796
6933843
6933871
6934101
6934169
6934327
6934386
6934413
6934544
6934743
6935033
6935343
6935472
6935555
6935872
6936352
6936416
6936688
6936799
6936985
6937545
6937956
7143570
7143622
7143944
7144000
7144028
7144207
7144472
7144486
7144543
7144552
7144688
7144747
7144806
7145788
7145835
7146239
7146458
7146511
7146589
7146884
7146897
7147047
7147406
7147762
7148547
7148680
7148881
7149633
7151190
7151224
7151272
7151290
7151857
7152099
7152196
7152506
7152574
7152649
7153327
7153437
7153636
7153658
7153761
7154037
7154138
7154297
7154311
7154608
7154794
7154824
7155010
7155011
7155567
7156812
7157031
7157086
7172744
7172995
7173974
7174298
7176811
7176946
7177193
7177579
7177930
7178525
7178965
7179126
7179140
7179527
7180857
7181308
7181498
7182109
7182252
7182661
7182840
7182876
7183339
7183419
7183472
7183530
7183540
7184411
7184771
7185775
7185982
7186217
7277996
7280957
7281224
7294941
7296582
7296853
7297292
7297315
7297400
7297456
7298607
7298650
7299491
7300976
7301450
7301506
7302282
7303533
7304606
7304758
7306660
7307353
7307371
7307626
7307700
7307866
7310065
7310214
7310302
7311237
7311442
7311817
7311854
7312048
7312345
7312429
7312531
7312729
7312787
7312877
7313007
7313133
7313210
7313716
7313852
7313977
7314509
7314741
7315105
7315311
7315335
7315513
7316072
7316545
7317313
7317503
7318364
7318775
7318797
7319005
7319977
7320233
7320525
7320615
7321481
7321702
7321813
7322217
7322723
7323763
7324093
7324124
7325028
7325182
7325347
7325405
7325993
7326045
7326278
7326691
7339098
7340287
7340444
7341355
7343262
7344247
7346809
7348341
7349254
7349479
7350883
7351708
7352095
7352384
7354772
7374682
7374893
7377355
7380159
7380360
7380735
7381807
7384903
7385089
7385096
7389777
7391612
7392111
7392543
7392941
7393177
7393280
7393297
7395035
7395119
7395211
7397266
7398308
7399966
7400086
7400842
7437429
7437799
7438189
7438576
7439006
7439868
7440362
7440496
7440872
7441274
7441333
7442244
7442286
7442695
7443021
7443985
7444887
7445075
7445161
7445348
7445809
7445810
7446001
7446420
7446804
7446827
7446907
7447492
7447612
7447916
7448516
7448526
7448585
7448853
7449385
7450110
7450133
7450147
7450199
7450259
7450567
7450709
7450735
7451026
7451179
7451499
7451887
7452562
7452706
7452903
7452992
7465829
7466182
7466196
7470137
7470540
7471917
7471942
7473747
7474142
7475294
7475987
7480263
7480857
7508453
7517127
7619420
7619586
7619934
7620379
7620410
7620520
7620552
7620873
7621079
7621120
7621561
7621758
7621824
7622452
7622530
7622577
7622695
7623287
7623308
7624179
7624413
7624648
7625123
7625636
7625704
7626535
7627046
7627137
7627157
7627370
7627637
7627679
7627817
7627820
7628275
7629466
7653523
7656511
7657251
7658306
7660295
7660996
7661452
7748233
7748458
7748986
7749071
7749309
7749353
7749375
7751021
7751422
7751888
7752369
7752399
7752580
7752794
7752956
7753227
7755379
7755420
7755697
7756768
7756845
7757592
7757597
7758660
7758838
7759214
7760437
7761887
7762362
7762455
7762966
7763519
7763987
7764025
7765500
7821600
7822623
7822790
7822846
7823298
7823721
7823845
7823874
7824024
7824235
7824391
7824594
7824600
7825557
7825671
7826222
7826338
7826457
7826780
7826870
7827262
7827416
7827664
7827680
7827855
7827882
7827932
7827970
7829265
7829397
7829618
7830088
7830321
7830405
7830616
7830707
7831062
7831087
7831294
7831548
7831556
7831639
7831704
7832649
7833299
7833432
7833682
7834206
7834309
7834702
7834952
7835056
7835085
7909487
7909495
7909548
7909863
7910384
7910724
7910759
7910984
7912166
7912472
7912589
7912679
7912829
7912948
7912971
7913838
7914119
7914147
7914166
7914935
7915024
7915095
7915261
7915345
7915353
7915542
7916038
7916406
7916519
7916727
7917011
7917132
7917286
7917629
7918427
7918590
7918604
7918628
7919414
7936359
7937532
7940433
7995023
7999680
8006724
8012754
8022865
8023059
8025710
8026961
8028181
8029900
8030664
8031440
8032154
8032940
8033133
8033461
8034287
8034301
8034316
8034849
8036878
8037013
8038897
8038898
8039186
8235216
8235337
8235479
8235678
8236302
8236385
8236798
8236932
8237180
8237385
8237857
8237967
8238543
8238573
8238786
8238817
8238876
8239179
8239257
8239562
8240120
8240207
8240247
8240324
8240479
8240685
8240711
8240732
8240978
8241116
8241318
8241883
8242676
8243040
8243202
8243288
8243366
8243801
8243997
8244626
8245158
8245161
8246123
8246179
8246199
8246666
8246993
8247057
8247234
8247773
8248644
8248735
8248934
8249647
8249950
8250243
8250329
8250475
8250708
8250966
8251010
8251262
8251517
8252440
8252578
8252919
8253417
8253509
8253531
8253926
8254447
8255154
8255643
8255767
8255925
8256131
8256287
8256383
8256783
8256872
8258584
8259286
8259795
8259962
8260167
8288706
8288706
8289083
8291438
8291945
8292317
8292679
8294610
8295362
8296317
8296709
8408500
8410314
8410364
8412243
8413289
8414688
8415380
8417917
8491477
8491859
8491920
8492420
8492502
8492527
8492728
8492842
8493506
8494518
8494759
8494924
8495530
8495813
8496015
8496055
8496937
8497472
8497598
8497615
8497666
8497980
8498395
8498968
8499127
8499292
8499373
8499999
8500075
8500413
8500465
8500587
8501345
8501391
8501804
8502594
8502615
8502708
8502927
8503095
8503107
8505523
8505602
8505663
8505888
8505966
8506094
8506115
8506253
8506260
8506460
8506623
8507034
8507150
8507425
8507853
8507974
8508267
8508439
8508476
8508554
8508900
8509624
8509639
8509841
8509914
8509983
8510230
8510470
8511178
8511398
8511403
8511778
8511790
8511854
8512174
8512413
8512623
8513153
8513225
8513360
8513660
8513756
8513768
8513810
8514154
8514456
8514519
8514947
8514979
8515267
8515697
8515737
8515821
8516283
8516851
8516950
8517185
8517189
8517889
8518065
8518101
8518142
8518292
8518508
8518951
8519277
8519284
8519982
8521533
8522072
8522162
8522179
8522260
8522315
8522557
8523166
8523356
8523648
8524183
8524525
8524599
8524600
8524897
8524969
8525363
8525380
8525421
8525462
8525717
8525743
8525956
8526235
8526824
8527118
8527155
8527177
8575656
8575787
8576037
8576159
8576416
8576425
8577770
8577957
8578333
8578655
8579519
8579856
8580097
8580107
8580154
8580162
8580505
8580578
8580592
8580806
8581072
8581700
8581836
8582679
8582744
8582788
8582862
8583451
8583661
8584410
8585483
8585605
8586261
8586565
8587713
8587719
8587741
8588068
8588532
8588855
8589381
8589871
8590498
8590611
8591414
8592069
8592326
8593164
8593395
8593575
8593663
8593801
8594121
8594334
8594527
8594608
8594699
8634395
8634858
8636371
8636871
8637505
8637833
8639002
8640499
8641426
8643272
8643362
8644703
8645703
8646012
8646055
8647900
8649522
8650179
8651941
8652292
8652789
8653129
8653578
8653758
8653763
8654229
8654511
8655269
8655320
8655845
8656223
8656367
8656611
8657125
8657395
8657456
8657708
8657736
8657854
8658043
8658497
8658724
8659009
8659149
8659151
8659182
8659572
8659780
8659870
8661415
8661468
8661633
8661702
8661794
8662336
8662357
8662753
8663116
8663346
8663831
8663849
8664085
8664374
8664705
8664754
8664864
8665035
8665284
8665534
8665668
8665962
8666383
8666455
8667885
8668187
8668520
8668534
8685503
8687307
8688354
8805545
8805640
8805661
8805938
8806755
8807751
8807827
8808193
8808318
8809060
8809068
8809296
8809775
8810198
8810621
8811905
8812250
8812471
8813744
8814439
8814565
8848576
8849488
8849563
8849653
8850003
8850219
8850439
8851110
8852027
8852514
8852792
8854060
8854305
8854980
8855394
8855975
8856349
8856600
8857216
8857485
8857988
8859141
8860105
8895751
8898593
8957532
8958115
8958291
8959084
8959192
8959361
8960052
8960517
8961078
8963219
8963891
8964691
8965907
8965946
8966197
8966973
8968134
8968166
8968337
8968719
8970638
8971053
8971105
8971151
8971320
8971377
8971644
8971781
8972130
8972210
8972305
8974038
8974090
8974487
8974845
8974933
8975053
8975200
9017366
9018791
9019910
9020327
9020336
9020680
9020854
9021745
9023117
9023185
9023486
9024659
9024782
9024875
9025221
9025382
9025737
9026339
9026965
9027116
9027132
9027627
9028205
9029267
9029550
9029689
9029811
9031156
9031205
9031483
9031602
9031650
9032144
9032292
9032302
9032812
9033459
9033538
9033550
9033913
9034784
9035105
9035799
9035949
9036447
9036531
9036767
9037023
9037249
9037417
9037522
9037678
9037800
9038489
9038891
9039261
9039339
9039446
9039729
9040303
9040665
9040786
9041354
9041491
9041859
9042165
9042488
9042988
9043251
9043361
9043430
9043559
9043584
9044685
9045240
9045677
9045727
9046006
9046086
9046222
9046335
9143102
9143235
9143292
9143391
9143738
9144087
9144107
9144583
9144953
9145419
9145661
9145904
9146419
9146561
9146901
9147087
9147263
9147327
9147413
9147456
9147490
9147971
9148178
9148399
9148609
9148611
9149033
9149215
9149240
9149549
9149787
9149862
9149910
9150027
9150849
9151716
9151829
9151849
9153037
9153230
9153348
9154069
9157733
9158532
9160130
9160218
9163695
9164037
9165226
9167423
9229403
9230218
9230660
9231292
9233822
9234523
9236336
9237241
9237876
9238932
9238944
9239248
9239292
9240244
9241374
9241661
9241695
9346115
9346483
9346619
9347286
9347438
9347573
9348203
9348366
9348395
9348473
9348517
9349343
9349406
9349561
9349636
9349678
9349712
9349962
9350439
9350842
9350907
9351357
9351498
9351671
9351758
9351965
9353532
9354265
9354273
9355204
9355866
9356022
9356048
9356102
9356279
9356288
9357127
9357787
9358377
9358795
9358832
9359290
9359369
9359736
9360112
9360394
9361191
9361385
9361500
9361641
9361776
9361916
9361918
9362412
9363540
9364233
9364367
9364691
9365020
9365286
9365819
9366044
9366735
9366913
9367985
9368845
9370813
9376084
9390473
9402939
9508466
9553041
9553141
9553204
9553236
9553428
9553886
9554258
9554420
9554476
9554517
9555654
9555712
9555990
9556435
9556470
9556719
9556852
9557082
9557275
9557421
9557732
9557761
9557866
9557916
9558052
9558161
9558551
9558973
9558997
9559721
9559993
9560555
9560967
9561279
9561287
9561383
9561711
9561814
9561875
9561930
9562573
9563888
9564051
9595474
9598473
9604909
9642923
9643057
9643086
9643306
9649080
9844301
9844320
9844474
9845043
9845153
9845456
9846069
9846192
9846257
9846289
9846600
9846674
9846762
9847308
9847418
9847650
9847703
9847712
9847829
9847972
9848031
9848088
9848399
9848801
9849774
9849967
9851435
9851580
9851852
9851973
9852050
9852331
9852398
9853232
9853320
9853568
9853705
9853967
9853996
9854268
9854493
9855008
9855084
9855549
9855628
9855741
9855800
9935407
9935442
9935505
9935853
9935974
9936136
9936613
9936688
9937176
9937680
9937714
9938564
9938588
9938863
9939129
9939218
9939286
9939778
9940228
9940301
9940343
9940581
9940744
9941146
9941200
9941274
9942078
9942477
9942492
9942549
9942655
9942757
9943059
9943425
9943953
9944328
9944412
9944588
9944663
9945241
9945264
9945285
9945391
9945403
9945650
9945727
9946217
9946574
9946585
9947025
9947489
9947686
9947745
9947977
9948196
9948247
9948385
10056496
10069290
10069622
10072247
10139039
10139093
10139144
10139225
10140351
10140651
10140719
10140778
10140914
10141015
10141307
10141663
10142074
10142139
10142302
10143412
10143983
10144071
10144422
10144696
10144765
10145178
10145361
10145472
10145892
10146160
10146521
10147178
10147506
10147508
10147839
10147912
10148384
10148633
10149047
10149109
10149209
10149750
10150004
10150112
10150313
10150657
10150742
10150894
10150895
10150940
10151944
10152292
10152982
10152986
10154033
10154127
10154176
10154351
10154708
10154938
10155061
10155384
10156158
10157539
10158059
10158096
10159531
10159935
10160094
10161022
10161123
10161393
10161538
10161758
10162068
10162233
10163466
10164120
10164611
10164844
10165019
10165407
10165743
10165996
10166135
10167429
10167555
10168157
10168474
10168605
10168777
10168819
10195557
10197514
10201566
10205653
10206017
10255713
10261916
10263238
10265174
10306078
10307160
10307369
10307740
10308347
10308472
10308655
10308961
10309071
10309557
10309634
10309995
10310258
10310843
10311075
10311452
10311704
10311783
10311953
10312074
10312129
10312330
10313248
10313319
10313397
10313522
10313783
10314162
10314358
10314514
10314613
10314923
10315403
10315945
10316282
10346084
10346167
10346462
10346936
10347084
10347109
10348214
10349202
10349465
10349668
10350504
10350786
10351207
10351549
10351560
10351629
10351661
10351785
10352155
10352497
10352578
10353145
10353775
10354096
10354473
10355061
10355560
10355652
10355880
10356182
10356690
10356792
10356863
10356886
10357085
10358243
10358664
10358813
10361032
10361245
10362017
10385380
10385792
10385839
10386238
10386693
10386776
10386953
10387293
10389167
10389282
10389464
10389491
10389705
10390078
10390413
10391523
10391822
10391938
10392446
10392558
10392813
10393519
10393702
10394186
10394327
10394370
10394523
10394725
10395085
10395342
10395437
10395532
10396445
10396665
10396762
10396780
10396830
10396886
10396899
10397626
10397792
10450848
10450856
10451175
10452660
10453101
10453289
10453568
10454670
10454893
10454953
10455187
10455305
10455476
10455546
10455938
10456085
10456931
10457149
10457290
10457852
10457928
10458012
10458051
10458100
10458228
10458486
10458654
10458948
10459666
10459683
10460336
10460779
10460790
10461205
10462284
10462588
10463754
10463776
10507631
10507733
10541459
10541559
10542077
10542258
10543464
10543483
10543680
10543956
10544084
10544455
10544473
10544605
10545737
10545947
10546096
10546762
10546786
10547158
10547797
10548468
10549865
10549976
10550129
10550192
10550330
10551374
10551464
10552515
10552551
10552786
10553408
10553878
10554192
10554663
10555037
10555356
10555722
10556849
10561616
10689083
10690107
10690537
10691625
10693923
10694096
10697271
10747418
10753745
10803448
10805555
10805969
10806397
10810805
10812592
10812955
10813411
10815253
10818324
10819401
10886319
10886856
10887223
10888636
10892271
10892547
10894609
10899437
10922951
10923006
10925872
10955680
10956461
10956619
10956975
10957240
10958324
10959182
10959462
10959984
10961735
10964316
10965844
10966782
10967669
10968643
10969434
11029799
11029912
11029968
11030032
11030141
11031306
11031471
11031604
11031692
11032777
11033417
11033868
11033879
11034512
11034541
11035026
11035965
11037079
11037196
11037977
11038052
11038064
11038340
11038406
11038461
11038627
11039090
11039723
11040466
11040969
11041186
11041336
11041481
11041716
11041727
11042156
11042183
11042311
11042531
11042842
11043792
11043934
11044034
11044198
11044440
11044842
11044849
11044926
11045188
11045838
11045868
11096826
11278763
11278764
11279575
11279659
11279757
11279955
11280953
11282166
11284236
11284635
11284735
11284891
11285635
11286112
11287011
11287285
11287318
11287333
11287945
11288376
11288453
11288687
11288781
11289217
11303985
11307137
11311046
11387213
11387283
11387305
11387383
11388045
11388087
11388160
11389280
11390142
11390828
11391358
11392106
11393022
11393539
11394195
11394293
11394318
11394665
11394723
11394914
11395210
11395435
11395454
11395577
11395630
11395745
11395778
11396352
11396905
11396908
11397032
11397401
11398160
11398419
11398431
11399334
11399474
11399736
11400149
11401787
11402396
11402436
11402481
11402989
11403082
11404035
11404496
11405296
11406683
11407833
11409385
11411486
11411726
11413198
11413218
11415346
11418249
11420922
11423698
11428787
11429484
11429704
11434883
11434964
11437296
11473120
11473586
11473750
11473887
11475245
11475583
11476216
11476638
11476759
11476897
11477510
11478398
11478895
11479050
11479160
11480006
11480076
11480135
11480407
11480932
11481014
11482152
11482372
11482593
11482744
11482990
11483273
11483349
11484235
11484338
11484434
11484500
11484848
11485154
11485521
11485574
11485913
11486164
11487570
11503009
11506838
11507886
11509360
11511371
11511782
11512451
11512648
11514626
11516744
11517811
11518269
11633458
11633605
11633726
11633736
11633834
11634636
11634944
11635530
11636398
11637088
11637499
11638735
11639063
11639252
11639615
11640069
11640398
11641526
11641837
11641849
11641997
11642090
11642305
11642605
11643197
11643494
11643647
11644231
11644493
11644936
11645499
11645684
11645828
11645910
11645943
11646139
11646542
11647022
11647416
11647867
11678953
11680203
11680951
11681433
11682623
11684118
11685234
11751912
11751945
11752150
11752268
11752274
11753204
11753302
11754127
11754547
11754685
11755228
11755332
11755346
11755355
11755656
11755704
11755881
11756653
11756936
11757204
11757858
11757936
11758075
11758322
11758430
11758655
11759166
11759468
11759555
11759586
11759609
11759652
11760132
11760176
11760434
11760995
11761270
11761625
11761935
11762181
11762198
11762361
11763031
11763189
11763227
11763939
11763940
11764016
11764121
11764429
11764565
11764777
11764858
11811222
11811616
11812565
11812634
11813598
11815448
11815881
11816274
11817939
11818587
11818872
11819029
11820344
11820514
11820613
11892124
11892346
11892358
11892371
11893031
11893727
11894479
11894556
11894691
11894733
11894871
11894926
11895988
11896782
11897946
11898255
11898279
11898681
11898880
11899255
11899274
11899442
11899799
11900084
11900336
11901042
11901661
11901826
11901828
11901963
11902172
11902253
11902531
11902616
11903403
11903890
11904235
11904587
11904678
11905076
11905099
11905759
11905865
11905957
11906203
11906253
11906284
11906428
11906461
11906775
11907107
11907170
11907397
11907604
11907864
11908095
11908477
11909166
11909515
11909932
11909946
11910123
11910149
11910448
11910496
11910835
11911101
11911504
11911742
11911831
11911933
11912165
11912176
11912286
11912400
11912461
11912750
11912909
11913025
11913036
11913060
11913507
11913653
11913854
11914339
11914607
11915043
11915088
11915208
11915300
11915354
11915412
11915459
11916009
11916463
11916787
11916813
11917104
11917414
11917910
11918087
11946459
11951989
12038651
12039024
12039488
12039880
12039965
12040085
12040320
12040383
12040601
12040611
12041674
12041863
12042025
12042029
12042082
12042140
12042366
12042648
12042744
12043316
12044465
12044573
12044616
12044743
12044867
12044879
12044935
12044943
12045341
12045509
12045692
12045882
12046012
12046290
12046434
12046593
12046741
12047173
12047885
12048443
12048446
12049106
12049568
12049661
12050102
12050458
12050542
12050690
12050994
12051732
12051882
12051901
12052734
12052942
12053225
12053586
12053851
12054083
12054470
12055138
12055419
12055656
12056474
12056700
12057007
12057056
12057576
12058259
12058862
12059232
12059765
12059932
12060112
12060689
12061212
12062779
12062990
12063381
12064240
12064525
12064533
12064647
12065853
12065865
12066027
12066032
12068216
12068675
12096899
12097782
12099450
12100107
12100128
12100648
12101592
12102478
12103412
12103578
12105284
12105561
12105991
12123812
12123881
12123907
12124828
12127848
12128125
12130463
12131492
12131528
12133666
12134287
12138563
12140091
12182946
12182956
12183389
12183490
12183671
12184212
12184284
12184528
12185419
12185552
12185989
12186052
12186636
12186668
12186999
12187654
12187717
12187834
12188340
12188825
12188959
12189207
12189630
12189718
12189807
12189898
12189983
12190103
12190233
12190407
12190741
12191138
12191183
12191503
12192127
12192515
12192528
12192605
12192773
12193392
12193610
12193758
12195359
12195679
12195726
12195750
12195994
12196073
12196132
12196286
12196402
12196616
12196669
12197892
12197983
12219700
12220202
12222749
12226816
12229236
12301437
12301560
12301778
12302214
12302257
12302540
12302853
12303304
12303336
12303491
12303639
12303719
12303923
12304163
12304269
12304281
12304308
12304664
12305465
12305873
12306244
12306395
12306979
12307172
12307377
12307391
12307480
12307879
12308169
12308223
12308672
12308925
12309263
12309910
12310145
12310278
12310780
12317600
12318175
12318607
12318932
12319412
12320715
12321043
12321828
12322564
12357607
12357701
12357843
12358081
12358144
12358159
12358294
12358411
12358939
12359067
12359444
12359775
12359912
12360134
12360262
12360476
12360591
12360643
12360648
12361055
12361178
12361300
12361708
12361737
12362189
12363013
12364047
12364444
12364551
12364702
12364717
12364763
12365584
12365706
12365722
12366286
12366439
12366554
12366783
12366803
12366950
12367396
12367549
12367791
12368185
12368201
12368295
12370517
12370695
12372166
12372635
12373132
12373487
12373782
12374569
12375845
12376185
12377014
12377104
12377119
12378454
12379078
12379854
12379979
12381358
12383274
12384531
12473650
12528285
12528454
12529230
12529317
12529611
12530190
12530511
12530543
12530561
12530843
12532529
12532962
12533028
12533084
12533151
12533617
12533726
12534085
12534473
12534517
12534894
12535305
12535464
12536567
12537252
12537354
12537393
12537577
12537987
12538021
12538191
12538226
12538822
12539335
12539635
12539708
12539824
12540385
12540397
12540479
12540509
12540751
12540901
12541451
12541498
12541641
12542115
12542240
12542536
12542750
12543419
12543880
12544323
12544577
12544869
12545104
12628030
12629096
12629509
12629945
12630146
12632165
12632959
12634475
12635259
12635680
12637206
12637658
12637684
12638458
12640456
12661913
12662073
12662390
12663246
12663354
12663557
12663873
12665135
12665593
12665950
12666006
12666063
12666102
12666697
12666700
12666744
12667682
12667980
12668273
12668500
12668585
12668947
12669283
12669727
12669963
12669998
12670484
12670661
12671649
12671751
12671930
12672101
12672102
12673508
12673594
12674039
12674102
12675496
12675544
12675747
12675816
12675935
12676388
12676783
12676805
12676982
12677477
12677597
12677888
12677974
12678300
12678447
12678604
12678897
12679172
12679792
12680080
12680171
12680436
12680637
12680733
12681409
12681585
12682226
12682229
12682439
12682824
12682921
12683139
12683159
12683653
12683778
12684088
12684300
12684413
12684526
12684687
12684786
12701799
12701975
12702189
12702489
12702672
12702738
12703469
12703574
12703689
12703867
12704060
12704103
12704598
12705058
12705158
12705211
12705258
12705449
12705620
12706099
12706315
12706654
12707938
12709102
12709113
12709136
12709864
12710031
12710799
12711241
12711364
12711438
12711990
12712437
12712437
12712551
12713730
12713906
12713961
12714273
12714358
12714482
12714630
12714712
12714921
12715426
12715779
12716024
12716546
12716833
12716912
12717675
12718482
12718527
12718723
12718958
12719050
12719170
12719788
12777708
12778558
12778877
12779007
12779282
12781231
12781318
12782517
12782597
12785307
12787029
12787164
12787236
12787643
12788474
12789262
12790288
12790962
12836561
12836875
12837211
12837540
12838836
12839113
12839198
12839452
12839741
12839948
12840315
12840605
12840663
12840826
12841034
12841460
12841701
12841795
12841840
12841926
12842054
12842344
12842929
12843403
12843835
12844013
12844209
12844302
12844354
12844392
12844454
12844690
12845137
12845475
12845870
12845907
12846665
12846876
12847027
12847927
12848277
12848393
12848621
12849435
12849638
12849811
12850091
12850359
12850675
12850884
12851251
12851322
12851363
12851369
12851564
12851783
12851866
12851918
12851978
12852040
12852205
12852409
12852474
12852594
12883398
12883721
12884083
12884448
12884875
12885324
12885474
12885593
12885609
12886011
12886325
12886419
12886953
12886982
12887486
12887557
12887852
12888044
12888475
12888555
12889791
12890764
12890955
12891555
12892614
12892835
12893126
12893129
12893698
12894418
12894520
12894818
12894871
12895216
12896044
12896575
12897631
12897670
12897907
12898025
12898154
12898312
12899100
12899524
12899868
12900068
12900191
12900422
12900601
12900680
12900962
12901046
12901120
12901522
12901712
12901733
12976003
12976150
12976513
12976525
12977620
12977908
12978787
12979510
12979616
12979946
12980328
12980832
12981452
12981793
12981851
12982434
12982542
12982679
12983179
12983533
12983636
12984856
12985493
12985819
12986661
12987065
12987555
12988495
12988663
12988842
12989133
12989350
12989728
12990166
12990307
12990845
12991579
12991886
12991926
12992321
13099146
13104283
13104338
13109317
13109537
13110717
13110720
13111700
13111852
13111865
13112113
13112271
13112505
13112547
13113040
13113107
13113512
13113762
13113917
13114709
13114903
13115803
13116381
13116503
13116683
13117793
13117896
13118023
13118154
13118615
13118779
13119149
13119325
13119590
13127396
13148817
13149181
13159461
13161304
13161517
13165774
13176865
13177184
13177398
13177815
13177979
13177984
13179188
13179513
13180089
13181417
13181908
13182057
13182796
13183036
13183699
13184072
13184437
13185124
13185760
13185903
13186495
13187061
13187700
13187832
13188586
13188638
13188782
13188820
13189931
13190646
13190987
13191268
13192725
13192865
13192901
13216343
13217138
13217571
13217849
13218881
13220314
13221303
13222619
13223723
13223976
13225707
13226838
13227526
13228820
13231109
13232775
13233430
13236421
13236944
13237690
13238220
13238846
13239320
13239412
13239510
13241734
13242589
13243084
13243352
13243396
13243786
13244470
13245395
13246124
13247758
13248508
13249402
13249653
13249669
13250324
13250535
13251185
13253737
13254344
13254685
13255088
13256662
13256729
13257077
13257254
13257317
13257333
13258746
13258997
13259522
13259781
13259890
13260159
13260691
13261607
13261921
13262094
13262267
13262853
13262984
13263031
13263294
13263706
13264000
13264516
13264572
13265149
13265759
13265834
13266446
13266766
13268238
13271067
13272985
13274254
13279157
13280347
13281539
13283339
13283556
13298309
13298387
13298389
13298434
13298997
13299576
13300008
13300016
13300084
13300163
13301376
13301634
13301696
13301769
13301876
13302439
13302814
13303023
13303165
13303386
13303788
13303929
13304417
13304426
13304475
13304773
13305673
13305677
13305772
13305932
13305959
13306418
13307299
13307398
13307568
13307587
13307943
13308262
13308726
13308862
13308920
13308929
13308970
13309373
13309591
13310031
13310311
13310401
13311175
13311429
13311736
13311763
13312203
13312235
13312241
13312465
13312556
13312679
13370084
13370517
13370879
13370987
13371000
13371712
13372215
13372295
13372830
13372862
13373188
13373562
13373815
13374455
13374612
13374688
13374722
13375000
13375434
13375500
13375511
13375862
13376234
13376547
13376725
13377346
13377656
13377699
13377825
13378165
13378261
13378457
13379100
13379791
13379806
13380169
13380379
13380855
13380926
13381032
13381368
13381381
13381656
13381836
13382064
13382431
13382463
13382644
13382816
13383119
13383220
13383439
13383594
13383607
13384030
13384352
13384523
13384602
13384687
13384909
13387779
13388491
13389018
13389186
13389520
13389806
13392226
13392229
13393576
13393683
13393911
13394555
13395466
13395590
13395908
13396315
13396503
13403516
13428204
13428617
13429570
13429680
13429917
13430549
13431033
13431146
13432238
13432600
13432907
13433745
13434084
13434106
13434788
13434905
13434989
13435756
13435767
13435924
13436364
13438141
13440555
13440560
13441156
13442389
13442686
13443733
13443881
13444595
13444648
13445450
13445517
13445748
13445756
13445980
13446724
13446758
13447006
13447442
13448342
13448590
13448599
13448780
13449020
13449782
13450737
13450987
13451871
13451924
13452224
13452259
13452324
13452794
13452919
13453150
13453291
13453326
13453372
13453375
13453969
13454161
13454607
13454684
13454771
13455684
13455869
13456203
13468816
13469237
13469944
13474047
13477943
13478872
13479028
13479736
13480683
13483119
13488541
13489258
13490072
13491943
13498675
13499919
13500067
13501206
13517959
13519182
13519570
13519641
13520291
13520695
13521703
13522986
13524412
13524925
13524992
13525661
13526922
13527507
13527507
13527786
13528730
13530548
13531260
13531898
13532905
13533733
13533864
13534402
13535434
13535460
13575620
13575676
13575762
13576548
13576893
13577043
13577573
13577586
13578079
13578174
13578239
13579587
13580020
13580162
13581364
13582486
13582734
13582741
13582843
13583758
13583919
13584041
13584182
13584208
13584361
13585133
13585640
13585695
13585825
13586580
13587144
13587964
13588225
13588317
13588630
13588763
13588902
13588917
13588926
13589302
13589587
13589689
13589810
13589877
13589992
13590039
13590301
13590438
13590645
13590924
13637060
13644300
13799304
13799727
13800266
13800504
13800580
13801911
13802570
13803451
13805015
13805065
13805763
13806204
13806216
13806713
13807257
13808449
13808493
13808593
13808681
13809641
13810177
13810379
13811470
13811690
13811944
13812119
13812278
13813228
13853955
13854979
13855420
13855804
13855825
13856061
13857090
13857597
13858044
13858309
13859247
13859818
13860084
13861186
13861713
13862805
13864279
13864368
13864903
13866927
13867490
13867768
13868020
13888301
13891669
13892046
13894994
13895787
13897233
13899273
13900645
13929435
13931749
13932131
13932257
13932933
13933329
13934467
13934656
13935382
13935578
13935803
13937383
13937467
13938021
13939073
13939352
13982204
13982901
13982941
13982970
13984857
13986563
13986908
13987281
13988183
13988358
13988552
13989135
13989274
13989398
13990128
13991150
13992342
13993112
13994797
13995451
13995529
13996097
13996537
13996923
13998179
13998618
14002319
14007331
14008664
14011883
14012201
14012368
14012450
14012462
14012550
14012577
14012651
14012806
14012977
14013027
14013424
14013759
14013846
14013967
14014490
14014567
14014842
14016060
14016137
14016341
14017073
14017245
14017421
14017705
14017906
14018014
14018248
14018710
14018762
14018796
14018876
14019629
14019723
14019781
14019793
14019875
14019946
14019996
14020092
14020342
14020643
14021120
14021330
14021970
14022113
14022340
14022649
14022882
14022906
14023647
14023729
14023816
14023864
14023984
14024127
14024216
14024375
14024755
14025560
14025624
14025721
14026049
14026374
14026693
14026720
14026997
14027011
14027163
14027346
14027561
14027743
14032249
14036236
14037485
14041058
14045116
14050911
14051544
14054493
14054503
14055062
14055189
14055231
14055247
14055297
14055698
14055817
14056130
14056290
14056701
14056709
14057243
14057662
14057751
14058388
14058430
14058550
14059125
14060120
14060166
14060466
14061108
14061386
14061564
14062409
14063054
14063683
14063734
14063911
14063980
14064138
14064146
14064266
14064275
14064946
14137050
14138289
14138430
14138742
14139772
14139863
14140014
14140093
14140634
14140804
14140975
14141356
14141860
14141948
14142301
14142539
14142602
14142894
14143548
14143808
14144250
14144793
14144943
14146159
14146271
14146539
14146754
14146791
14146878
14147339
14147652
14148098
14148262
14148595
14148930
14149332
14149401
14149748
14150511
14150834
14150926
14151255
14151589
14152039
14152395
14152632
14152753
14152981
14153285
14153393
14153424
14153702
14153749
14153819
14154755
14154852
14154925
14154951
14155437
14155672
14225236
14225299
14228759
14229705
14230702
14231798
14233244
14235448
14237620
14238422
14239893
14239924
14241286
14266805
14267151
14267225
14267338
14267484
14267506
14267589
14268395
14268906
14268973
14269820
14270059
14271791
14272065
14272440
14272464
14272764
14274151
14274568
14274752
14275021
14275093
14275286
14275393
14275917
14276453
14276513
14277384
14277626
14277653
14278365
14278473
14278509
14278854
14279512
14279817
14279865
14279881
14279919
14280186
14280629
14280661
14280750
14280757
14281023
14281887
14282042
14282119
14282673
14282700
14283003
14283047
14283053
14283110
14283377
14283838
14283842
14283884
14309058
14309168
14309566
14309641
14309887
14310065
14310106
14310235
14310264
14310511
14310731
14310898
14311058
14311184
14311304
14311618
14311907
14311982
14312148
14312302
14313012
14313179
14313600
14313979
14314063
14314081
14314404
14314547
14314574
14314822
14315233
14315286
14315814
14315884
14316232
14316302
14316352
14316642
14316729
14316878
14316897
14317041
14317079
14317208
14317217
14317282
14317283
14317436
14317490
14317502
14318435
14318565
14318717
14319148
14319335
14319443
14319572
14319857
14319974
14320101
14341000
14341518
14341652
14344233
14344426
14345220
14366050
14439268
14445761
14449704
14466114
14500252
14507453
14516373
14517561
14518456
14518865
14573537
14573577
14574277
14576199
14577758
14578016
14578475
14578863
14579854
14580113
14580119
14580483
14582548
14620854
14621031
14621262
14621605
14621630
14621826
14621995
14623218
14623334
14623336
14623396
14623569
14623701
14623714
14624494
14624809
14624946
14624990
14625293
14625871
14625930
14625975
14626090
14626315
14626377
14626385
14626531
14626830
14627012
14627075
14627274
14627343
14627461
14627539
14627595
14628070
14628240
14628293
14629126
14629245
14629621
14629957
14630355
14630690
14630902
14631211
14631727
14632325
14632861
14632998
14633182
14633613
14633726
14633969
14634076
14634110
14635103
14635468
14635651
14635697
14636062
14636476
14636617
14636695
14637123
14637277
14637404
14637732
14637899
14638057
14638233
14638421
14638855
14639913
14650999
14651365
14651998
14652120
14652794
14654685
14655184
14655638
14655914
14656391
14656765
14657551
14658228
14658324
14658528
14659636
14705461
14705592
14705685
14706107
14706354
14706361
14706364
14706859
14706986
14707075
14707121
14707643
14707758
14707807
14708247
14708716
14709046
14709507
14709727
14709768
14709848
14710123
14710389
14710394
14710623
14710746
14711020
14711196
14711425
14711587
14711602
14711823
14711834
14711877
14711958
14712204
14712419
14712572
14712730
14713436
14713757
14713803
14714148
14714244
14714308
14714489
14714540
14715219
14716215
14716454
14716806
14716937
14717184
14717934
14717965
14718332
14718426
14719240
14719382
14719557
14719626
14719823
14719867
14720154
14739753
14742267
14750220
14751010
14753258
14756346
14757356
14758232
14777053
14778145
14778605
14779356
14779962
14780586
14780987
14782341
14783240
14784137
14785922
14786218
14786295
14786347
14787249
14787646
14788174
14789040
14789198
14789496
14789561
14789571
14789737
14790833
14791216
14791226
14791373
14791531
14791538
14791990
14792378
14792631
14793042
14793228
14793375
14794230
14794295
14794774
14795172
14795380
14795798
14796058
14796204
14797662
14797808
14798076
14798124
14799552
14799738
14799816
14800286
14800411
14800732
14801014
14801809
14802800
14804563
14804904
14804970
14806018
14806685
14806977
14807306
14807358
14807684
14809381
14810560
14810778
14811098
14900973
14904509
14913040
14913876
14914346
14914922
14915058
14915240
14915782
14915809
14916103
14916105
14916282
14916905
14917103
14917560
14918115
14918179
14919195
14920084
14920210
14920383
14920437
14920799
14920934
14921136
14921428
14921430
14921500
14921629
14922288
14922903
14923010
14923053
14923660
14923872
14923940
14924091
14924983
14925147
14925943
14926009
14926045
14926102
14926497
14926998
14927255
14927295
14927637
14927672
14927954
14927966
14927970
14927977
14928380
14928865
14929007
14930043
14930086
14930458
14930730
14930844
14932083
14932214
14932619
14932825
14933483
14933682
14933796
14934216
14934562
14934785
14934794
14935244
14935484
14935516
14936578
14936789
14936808
14936862
14937118
14937213
14937350
14937680
14937979
14938082
14938274
14938786
14938797
14938873
14938892
14938894
14939429
14939818
14939846
14940086
14940174
14940439
14940512
14940610
14940635
14941265
14941298
14941406
14941712
14941787
14942438
14943339
14945525
14945616
14945937
14946024
14946541
14947404
14948002
14948643
14949588
14949648
14950003
14950656
14951332
14951795
14952028
14952637
14952661
14953218
14953519
14954170
14954253
14954772
14955944
14975159
14975431
14975467
14975582
14975915
14975964
14976334
14976718
14976925
14977876
14978826
14979181
14979481
14979663
14979669
14979677
14979799
14979829
14979879
14980527
14981338
14981992
14982078
14982101
14982122
14982285
14982354
14982661
14983076
14983117
14983651
14983777
14983827
14983941
14984021
14984826
14985928
14986161
14986291
14986300
14986449
14986463
14986684
14986759
14986934
14987178
14987362
14987718
14987748
14988016
14988116
14988996
14989090
14989173
14989459
14990042
14990398
14990424
14990551
14990922
14990992
14991213
14991410
14991421
14991553
14992157
14992389
14992645
14992728
14992800
15001547
15003071
15031843
15035512
15106221
15106688
15106990
15107581
15107873
15109589
15111717
15113102
15113361
15113589
15115570
15115898
15116140
15116221
15117149
15117185
15117230
15117572
15117872
15118218
15118483
15118620
15118741
15119148
15119290
15119498
15119680
15120046
15120177
15121017
15121150
15121468
15121619
15121753
15121918
15122241
15122580
15123069
15123667
15124191
15124535
15124652
15125107
15126314
15126351
15126629
15126673
15126791
15127656
15127793
15127837
15128176
15128207
15128581
15128862
15128890
15129260
15129299
15129313
15130202
15130252
15183845
15201034
15201278
15201663
15202046
15202263
15202617
15203330
15204097
15204126
15204224
15204815
15205467
15206204
15206261
15206387
15206455
15206615
15206827
15206952
15206967
15207177
15207540
15207684
15207869
15208118
15208460
15208794
15209321
15209879
15210237
15210636
15211392
15211684
15212085
15212212
15212598
15212604
15213221
15214239
15214280
15214351
15215084
15215673
15216461
15216554
15235252
15235660
15235994
15237115
15237759
15240107
15240127
15240234
15240771
15241570
15241682
15245371
15246550
15246950
15247756
15247784
15249347
15250687
15312042
15315029
15318916
15319470
15320399
15338582
15342360
15343105
15343990
15344916
15345229
15346337
15346737
15348734
15411811
15419352
15419554
15420960
15421547
15422581
15425896
15426019
15426145
15426914
15426954
15427527
15427973
15428736
15429664
15429975
15431376
15431427
15431665
15432263
15433219
15433452
15433976
15434868
15435169
15435716
15436528
15437067
15437142
15437648
15442809
15448002
15454544
15454596
15454949
15455384
15455956
15456714
15457240
15458015
15458276
15458325
15458526
15459840
15460008
15460644
15460716
15460767
15460863
15460990
15461374
15463051
15463710
15464988
15465030
15465591
15466197
15466942
15467052
15467156
15467346
15467423
15467956
15468191
15513068
15513368
15517253
15517461
15517712
15518445
15520212
15521105
15521311
15525291
15526140
15526517
15580799
15581118
15581457
15581555
15581770
15582123
15582400
15583080
15583136
15583895
15584135
15584197
15584240
15584740
15585382
15585409
15585474
15585716
15585721
15586036
15586038
15586106
15587015
15587317
15587637
15587649
15587850
15587992
15588244
15588325
15589629
15590084
15590505
15590658
15590923
15591070
15591180
15591482
15592817
15593601
15593813
15594801
15595596
15595749
15596613
15597333
15599351
15599802
15603288
15655443
15655560
15655862
15656093
15657093
15657261
15657292
15657652
15658058
15658421
15658429
15658463
15658885
15658914
15658980
15659166
15660731
15661056
15661065
15661448
15661875
15661924
15663451
15664167
15665338
15665685
15666737
15666962
15667411
15667515
15667592
15667644
15668403
15668415
15668600
15668700
15668754
15669248
15669728
15670799
15670986
15671277
15671669
15671680
15671807
15671985
15672037
15672192
15672443
15672465
15672472
15672882
15672898
15672908
15673081
15673111
15673507
15673917
15673986
15674320
15674462
15674620
15674963
15675026
15675137
15675822
15676953
15677224
15678222
15678492
15678920
15679035
15679733
15679822
15679880
15679976
15680620
15700245
15702044
15702118
15703229
15703978
15708078
15708817
15709734
15709753
15712040
15748632
15749477
15749478
15750140
15750886
15751037
15752181
15752795
15753293
15754632
15755066
15755180
15755537
15757011
15761519
15763392
15765654
15766012
15766362
15854626
15854788
15855275
15855468
15856320
15856851
15857344
15857928
15858334
15858488
15858549
15858632
15859066
15859539
15860093
15860109
15860260
15860271
15861728
15862113
15862577
15862852
15862877
15863557
15863860
15908525
15909636
15911386
15933513
15945943
15946135
15946194
15946372
15946672
15946769
15946807
15947068
15947077
15947900
15947954
15948370
15948986
15949238
15949530
15949729
15949916
15950263
15951081
15952331
15952667
15953000
15953880
15954166
15954785
15955158
15955504
15955753
15955894
15956097
15956189
15957545
15957694
15958581
15958598
15958876
15959352
15959495
15959547
15960274
15960766
15960972
15961340
15962273
15962382
15962441
16014374
16041593
16042029
16042100
16042877
16044349
16046766
16047011
16047033
16047723
16048135
16048822
16050922
16051243
16052246
16052478
16052989
16053804
16054016
16054405
16054469
16055139
16055221
16055538
16055796
16055954
16056025
16056503
16056646
16057320
16057717
16057775
16058004
16058271
16058290
16059275
16059426
16059465
16059627
16060180
16060207
16060209
16060297
16060364
16061077
16061294
16061552
16061984
16062000
16062218
16062296
16062338
16062688
16062798
16062895
16062951
16063454
16063609
16064098
16064266
16064370
16064525
16064619
16064883
16065145
16065146
16065262
16065793
16066123
16066395
16066556
16066730
16066750
16152352
16220415
16220575
16220606
16221364
16221412
16221514
16221549
16221952
16221968
16222148
16222168
16222565
16222779
16223105
16223133
16223315
16223490
16223893
16223916
16224045
16224317
16224533
16225520
16225690
16225691
16225864
16225900
16226082
16226267
16226426
16226486
16226505
16226654
16227503
16227571
16227718
16227725
16227898
16228223
16228285
16228352
16228671
16228757
16229091
16229237
16229902
16231967
16233461
16233633
16233809
16234136
16234204
16234403
16234488
16234556
16234589
16243102
16303734
16304787
16305073
16305126
16305400
16305617
16305791
16306071
16306300
16306587
16306795
16306839
16307044
16307300
16307453
16307714
16307807
16307906
16308163
16308187
16308609
16308717
16308838
16309094
16309983
16310627
16310680
16310703
16310799
16311121
16311311
16311533
16311743
16312072
16312150
16312307
16312572
16313093
16313576
16313888
16314077
16314222
16314367
16314443
16314967
16315704
16332252
16337597
16338539
16338604
16339003
16339158
16339585
16340133
16341731
16342000
16342002
16342545
16343191
16389944
16389962
16391721
16397401
16397916
16400430
16401051
16401437
16401876
16402324
16402597
16403430
16404209
16404278
16404724
16404730
16405789
16406011
16406024
16406263
16406522
16407082
16407144
16407343
16407415
16407725
16407752
16408155
16408283
16408398
16409215
16410651
16411194
16411476
16412001
16412316
16412389
16412446
16412550
16412730
16413013
16413319
16413417
16448719
16449404
16451960
16454756
16456772
16458444
16458629
16459444
16460816
16462046
16462995
16466385
16467430
16467919
16468301
16468548
16472528
16472628
16473475
16473480
16473587
16475000
16475258
16476289
16476710
16477121
16477243
16477392
16478322
16478439
16478884
16478910
16479251
16480107
16480995
16482621
16576987
16578378
16579246
16580712
16581390
16583434
16583523
16584661
16584940
16585712
16586034
16587258
16587999
16588133
16588882
16591091
16594048
16595770
16598149
16607734
16610716
16614236
16645863
16646160
16646370
16646663
16647684
16647737
16647882
16647946
16648578
16648731
16648883
16649098
16649559
16649654
16649842
16650437
16650563
16650603
16651018
16651094
16651162
16651673
16652241
16653188
16653358
16653377
16653419
16653532
16653762
16653873
16653919
16655041
16655764
16656550
16656684
16656715
16656735
16656828
16656917
16657198
16657250
16657318
16657538
16658226
16658282
16658371
16658626
16658746
16659064
16659080
16659346
16659391
16659525
16659667
16659680
16660184
16660294
16660410
16660611
16660806
16661002
16661017
16661040
16661279
16661548
16662060
16662103
16662123
16662232
16662322
16662355
16663080
16663127
16663433
16663773
16664619
16664691
16664730
16664743
16665093
16665383
16665926
16665996
16666138
16666339
16666485
16666966
16667373
16668581
16669137
16669186
16669499
16669968
16670306
16670638
16670840
16670874
16671040
16671263
16672602
16672982
16673016
16673087
16690043
16782218
16913433
16914076
16914899
16914926
16914933
16915181
16915314
16915373
16915736
16915841
16915948
16916699
16916889
16917552
16917819
16918369
16918399
16918449
16918485
16918671
16919195
16919492
16919511
16919570
16919726
16919777
16919798
16920098
16920357
16920653
16920690
16920724
16920871
16921067
16921108
16921120
16921309
16921353
16921796
16922267
16922605
16923362
16923370
16923535
16923845
16924069
16924407
16925030
16925058
16925371
16925754
16925815
16988822
16989526
16989558
16989646
16989678
16990423
16991119
16991171
16991630
16991766
16991991
16993420
16993777
16993844
16993982
16994143
16994391
16994551
16994788
16994820
16994916
16994965
16995486
16995509
16995727
16996010
16996216
16996232
16996846
16997693
16997717
16997963
16999147
16999246
16999270
16999431
16999750
17000357
17000589
17000760
17001311
17001350
17001476
17001746
17002009
17002059
17002163
17002641
17002743
17003599
17004040
17016473
17023780
17170281
17171293
17176643
17182863
17183789
17206990
17211877
17214022
17215546
17274641
17277757
17284861
17341426
17341869
17342261
17342764
17342943
17343099
17343845
17343892
17344293
17345057
17345171
17346115
17346160
17346395
17346572
17346850
17347056
17349199
17349809
17351005
17351438
17352514
17352800
17353066
17353236
17381928
17382063
17382365
17382503
17382633
17383248
17384556
17384983
17385108
17385142
17385213
17385416
17385651
17385742
17386720
17387453
17387974
17388366
17388487
17388515
17388634
17388748
17389282
17389695
17389795
17390303
17390340
17390464
17390876
17390961
17390980
17391472
17391604
17392064
17392703
17393040
17393537
17394031
17394868
17395331
17395403
17395849
17396054
17396122
17396188
17396354
17397255
17397784
17397956
17398005
17398916
17399041
17399530
17399700
17400180
17400297
17400587
17401047
17401353
17401800
17403104
17403175
17403193
17403536
17403755
17403999
17404134
17404465
17405212
17405386
17405613
17405769
17405978
17406398
17406399
17406408
17407322
17407651
17407924
17408307
17408318
17408323
17409146
17409195
17410404
17410547
17411548
17412099
17412242
17412450
17413314
17413325
17413884
17414062
17415319
17415519
17415675
17415754
17415796
17417611
17419312
17419516
17419652
17421657
17423091
17423616
17424596
17426349
17427667
17428298
17429351
17434760
17435357
17438617
17439316
17441723
17442558
17442750
17442997
17470402
17471129
17472064
17472455
17472604
17472679
17472699
17472727
17472771
17472777
17472800
17473403
17473497
17473498
17473797
17473900
17473933
17474414
17474450
17474478
17474504
17474515
17474926
17474951
17475171
17475497
17475543
17475593
17475843
17475900
17475954
17476192
17476355
17476390
17476934
17477055
17477154
17477368
17477436
17478124
17478408
17478676
17478921
17479073
17479566
17479886
17480050
17480645
17480666
17480713
17480750
17480826
17480859
17481154
17481311
17481345
17481521
17481641
17482523
17483014
17483151
17483200
17625121
17626568
17632678
17633387
17635588
17635701
17635807
17636459
17636581
17637141
17637208
17637672
17637827
17638258
17638264
17638829
17638981
17640454
17641225
17641317
17641575
17642440
17642818
17643075
17643826
17644085
17644769
17645161
17645842
17645909
17645910
17646114
17646783
17647005
17647104
17647223
17647777
17647794
17649772
17650065
17650208
17651574
17652063
17652395
17652519
17652979
17653180
17653225
17685048
17685532
17685650
17685762
17686239
17686396
17686690
17687003
17687519
17687569
17687720
17688060
17688263
17688264
17689136
17689226
17689528
17689540
17689549
17689667
17689931
17690373
17690414
17690697
17691074
17691255
17691292
17691355
17691703
17692543
17693198
17694264
17694313
17694423
17694621
17694868
17695449
17695665
17695689
17695792
17696135
17696456
17696496
17696721
17696826
17696948
17697037
17697307
17697318
17697330
17697360
17697382
17697439
17697532
17697711
17753551
17753826
17754901
17756724
17757681
17758461
17758797
17759236
17759679
17759721
17759986
17760303
17760471
17762047
17763208
17763385
17763960
17764007
17776567
17776657
17776735
17777580
17777667
17777708
17778009
17778109
17778214
17778392
17778662
17778908
17779101
17779258
17780080
17780106
17780491
17780592
17780595
17780815
17780896
17781025
17781681
17781776
17781793
17782544
17782653
17783450
17783463
17784858
17785101
17786207
17786287
17786826
17786888
17787822
17787873
17788027
17788484
17788636
17789795
17790799
17791242
17791562
17792266
17792556
17792786
17794933
17795027
17795557
17796032
17797194
17797254
17797877
17797939
17798188
17800311
17800364
17800870
17801246
17801776
17801977
17803421
17803579
17804917
17805527
17805838
17806388
17806824
17807698
17807889
17809163
17809368
17810044
17810155
17810702
17810704
17810726
17810803
17811162
17811722
17813101
17813567
17814361
17814417
17814637
17814848
17815366
17815504
17815560
17815708
17816093
17816118
17816550
17817213
17817432
17817684
17817820
17817858
17817957
17818363
17818584
17818654
17818735
17818959
17819189
17819609
17819627
17821221
17821367
17821443
17821444
17821632
17822304
17822411
17822602
17822713
17823518
17823879
17824084
17824452
17824795
17825060
17825221
17825380
17825527
17826875
17827051
17827178
17829028
17829573
17829799
17830058
17830558
17831359
17831382
17832080
17832813
17833223
17833507
17833629
17833994
17834309
17834735
17835267
17835570
17835999
17836112
17836289
17836290
17836589
17836843
17837490
17838085
17840789
17841920
17843412
17844294
17854024
17854101
17859567
17863624
17863740
17869005
17870625
17873865
17874065
17874816
17878684
17881911
17882838
17883561
17884089
17884113
17894173
17903747
17903942
17904782
17905760
17905951
17906117
17906437
17906497
17907064
17907325
17907771
17909549
17910456
17910511
17910712
17910808
17910885
17910991
17911275
17911391
17911834
17912012
17912913
17913124
17913402
17913601
17914427
17914629
17914675
17915816
17916260
17917562
17917945
17918202
17918503
17919881
17921714
17922258
17922506
17923533
17924127
17924483
17924511
17924530
17924642
17924919
17925163
17925288
17925583
17926056
17926644
17927920
17928294
17928394
17928445
17929263
17929713
17929748
17929772
17929845
17930015
17930042
17930122
17930164
17930444
17930612
17931308
17932034
17932346
17932600
17933516
17933706
17933916
17934388
17934411
17934511
17934906
17934936
17934946
17936623
17936683
17936901
17936917
17937610
17937711
17937772
17937996
17938874
17938925
17939085
17939198
17939937
17940391
17940406
17940590
17940648
17941012
17942017
17942217
17942353
17942490
17961636
17962188
17962434
17962797
17963434
17963878
17963910
17964037
17964177
17964414
17964419
17964835
17965587
17965717
17966009
17966240
17966494
17966707
17966842
17966988
17966998
17967618
17967658
17968478
17968680
17968804
17969628
17969843
17970110
17970270
17970306
17971770
17972792
17972980
17973216
17974246
17974255
17974812
17975077
17975939
17975947
17976045
17976195
17976268
17976488
17976834
17976976
17977031
17977910
17978031
17978218
17978324
17978683
17978818
17980014
17981048
17981462
17981498
17981872
17982030
17983280
17983539
17984317
17984750
17985018
17985148
17986460
17988034
17988341
17990057
17990573
17992886
17995566
17995620
17996465
17996761
17996882
17997178
17997472
17997594
17998308
17998583
17998594
17998751
17998817
17999446
17999706
17999805
17999946
18000574
18000598
18000752
18000771
18000796
18000853
18001028
18001595
18002326
18002646
18003312
18003364
18003465
18003531
18003562
18003610
18004499
18004604
18004732
18004825
18004914
18005083
18005474
18005743
18005915
18005933
18006312
18007545
18008307
18008862
18009186
18009497
18009522
18010371
18010784
18011077
18011321
18011640
18011982
18012062
18012087
18012401
18012969
18017793
18018586
18020053
18024024
18024321
18036348
18068944
18073369
18074715
18077514
18078881
18080458
18112364
18121821
18122417
18123315
18124595
18127090
18129542
18131086
18131903
18133555
18137652
18138326
18138648
18138677
18138769
18138821
18139092
18139651
18140220
18140364
18140489
18140665
18140749
18140792
18140905
18141235
18141435
18141438
18142075
18142214
18142669
18142678
18143243
18143670
18143696
18143925
18144032
18144058
18144400
18145604
18145612
18145762
18146452
18147379
18148270
18148359
18148386
18148468
18148698
18148868
18148898
18148906
18149161
18149230
18149455
18149655
18149845
18151156
18151382
18151608
18152383
18152440
18152990
18153652
18154346
18154615
18154627
18154794
18154816
18154965
18155331
18155931
18156180
18156427
18156684
18186722
18186988
18187260
18187509
18187671
18187847
18187920
18188236
18188336
18188661
18188971
18189450
18189746
18189816
18190382
18190525
18191172
18191262
18191553
18191814
18192242
18192380
18192397
18193091
18193173
18194460
18194529
18194792
18196395
18196771
18196818
18197348
18198687
18198922
18199651
18199657
18199827
18200449
18200812
18200869
18200896
18200966
18201146
18201507
18201533
18201559
18203046
18203111
18203336
18203525
18278615
18283852
18294019
18314592
18314674
18315452
18316264
18316687
18317012
18317483
18318146
18318360
18319156
18319723
18319769
18320159
18321330
18321364
18321914
18322036
18322138
18323203
18324132
18325144
18325687
18326446
18326613
18381567
18382502
18385748
18387509
18388761
18390081
18408137
18408710
18408858
18409596
18412179
18413015
18413908
18414319
18415092
18415122
18417003
18418442
18419908
18420250
18549479
18552473
18554117
18555116
18556387
18556825
18558285
18559573
18560812
18565512
18566086
18566217
18567483
18567666
18567777
18568153
18568565
18568567
18568971
18570890
18571305
18571314
18571790
18572935
18573930
18574043
18574067
18574893
18575153
18575176
18575376
18576232
18576676
18577968
18578096
18578847
18579388
18579424
18579878
18580110
18580310
18580464
18581025
18581458
18581591
18581612
18582074
18582178
18582650
18582690
18583360
18583786
18584302
