242
486
871
1254
1471
1825
2538
3305
3334
3432
4023
4675
5412
5469
5595
5663
5823
6035
6160
6175
6385
6748
6892
7077
7326
7668
8002
8529
9087
9445
9844
10600
10892
11293
11420
11806
11812
12429
13447
13488
13559
14292
14881
15669
15762
117105
120104
126540
162213
162583
162973
163360
163790
164652
165146
165280
165656
166058
166117
167028
167070
167479
167805
168769
169671
169859
169945
170132
170593
170594
170785
171204
171588
171611
171691
172276
172396
172700
173300
173310
173369
173637
174169
174894
174917
174931
174983
175043
175351
175493
175519
175810
175963
176283
176671
177346
177490
177687
177776
178282
179521
179662
179974
181004
181095
181246
181325
181866
182036
182207
182588
183092
183180
183533
183771
183834
184126
184780
185040
185482
186025
186175
187391
187503
187771
187986
188023
188110
188571
188884
189330
189494
189827
190162
190564
190633
190980
191743
192066
192158
192487
192821
193271
193627
193864
193985
194213
194517
194625
194656
194934
194981
195051
195987
196084
196157
196183
196669
196904
316243
360282
364939
371983
458632
458898
459170
459419
459581
459757
459830
460146
460246
460571
460881
461360
461656
461726
462292
462435
463082
463172
463463
463724
464152
464290
464307
465001
465083
466370
466439
466702
468305
468681
468728
469258
470597
470832
471561
471567
471737
472359
472722
472779
472806
472876
473056
473417
473443
473469
474956
475021
475246
475435
477008
478078
478185
478508
478751
479100
479518
479611
479717
479733
481096
481900
482485
482749
483046
483270
483532
483555
483624
484394
484978
485129
485259
485459
485588
485838
486220
486319
487097
487153
487231
487241
487833
488785
488845
488900
488996
489887
490053
490333
491091
491410
491566
492397
492878
493367
493420
548768
549162
550111
550180
551144
552994
553427
553820
555485
556133
556418
556575
557890
558060
558159
579835
583664
584712
586186
588197
588608
589277
589474
591452
593570
594637
595095
595996
596055
597165
598501
599411
600255
600513
600540
600561
601066
601170
601200
601297
601998
602117
602948
603100
603339
604385
604403
605952
606607
606717
606775
619359
619449
619527
620372
620459
620500
620801
620901
621006
621184
621454
621700
621893
622050
622872
622898
623283
623384
623387
623607
623688
623817
624473
624568
624585
625336
625445
626242
626255
627650
627893
628999
629079
629618
629680
630614
630665
630819
631276
672953
673529
674721
674955
675220
675703
676602
676612
677901
678378
678742
679416
679670
679693
679998
680473
680957
682483
683089
683331
684046
684090
684359
686118
686397
687185
687510
687556
688527
688775
689187
689234
689633
690088
690171
690348
690688
692562
692677
692859
692886
693100
693473
693808
694918
695217
695333
695841
695953
696208
696914
697097
697581
697722
697765
697918
698120
698480
698737
698832
698927
699840
700060
700157
700175
700225
700281
700294
701021
701187
706019
707207
708102
708511
734185
735214
740709
741552
741812
742042
743146
745996
749706
750299
751170
795017
795145
795176
795309
795520
795557
795698
795762
796159
796298
796322
796345
796564
796628
796743
796944
797132
797167
797255
797349
797428
797584
797719
798038
798147
798204
798493
799747
799814
800047
800191
800503
800614
800841
801611
801654
801935
802361
802420
802631
802683
802715
802764
803585
803706
803822
804839
804898
805170
805302
805432
805473
805861
805996
806373
806807
806955
806998
807350
807351
807438
807539
808117
808145
808170
808469
808532
808558
808628
808651
808652
808695
808927
809038
809331
809367
810070
810109
810583
811157
811331
812150
812227
812638
813079
813165
863345
864280
867526
869287
870539
871859
968961
969058
969073
969386
969675
970109
970343
970688
971175
971219
971296
971778
971993
972050
972078
972609
972940
973205
973569
973570
973868
974151
974461
974685
974692
974817
974850
974974
975560
975812
976321
976352
976380
976435
976624
977348
977357
978065
978070
978457
978890
979024
979104
979393
979697
980366
980440
980663
980935
980971
981086
981419
981468
981838
982222
982429
983380
984330
984685
984985
985167
985173
985181
985303
985333
985383
986031
986842
987496
987582
987605
987626
987789
987858
988165
988580
988621
989155
989281
989331
989445
989525
990330
991432
991665
991795
991804
991953
991967
992188
992263
992438
992682
992866
993222
993252
993520
993620
994500
994594
994677
994963
995546
995902
995928
996055
996426
996496
996717
996914
996925
997057
997661
997893
998149
998232
998304
1051793
1058953
1073637
1073759
1073770
1073841
1074209
1074228
1074435
1074488
1074790
1075071
1075954
1076297
1076458
1076672
1077160
1077266
1077906
1077993
1078114
1078233
1078620
1078718
1078832
1079882
1080296
1080875
1080918
1082156
1082448
1082603
1082796
1082883
1083151
1083369
1083805
1083995
1128504
1128523
1128677
1129246
1129356
1129659
1130272
1130395
1130460
1130492
1130803
1130877
1130965
1131511
1131621
1131853
1131906
1131915
1132032
1132175
1132234
1132291
1132602
1133004
1133977
1134170
1135638
1135783
1136055
1136176
1136253
1136534
1136601
1137435
1137523
1137771
1137908
1138170
1138199
1138471
1138696
1139211
1139287
1139752
1139831
1139944
1140003
1295861
1297020
1298024
1298467
1298787
1299491
1299781
1300011
1302158
1302252
1302782
1303257
1304419
1304479
1305102
1305164
1305413
1307536
1307589
1308095
1308471
1309001
1309202
1310646
1310804
1312142
1312752
1313063
1313613
1314049
1370336
1402547
1512844
1530018
1530240
1530252
1530265
1530925
1531621
1532373
1532450
1532585
1532627
1532765
1532820
1533882
1534676
1535840
1536149
1536173
1536575
1536774
1537149
1537168
1537336
1537693
1537978
1538230
1538936
1539555
1539720
1539722
1539857
1540066
1540147
1540425
1540510
1541297
1541784
1542129
1542481
1542572
1542970
1542993
1543653
1543759
1543851
1544097
1544147
1544178
1544322
1544355
1544669
1547947
1547965
1549724
1555404
1555919
1558433
1559637
1559677
1560377
1562299
1563858
1564116
1564575
1564963
1565954
1566213
1566219
1566583
1568648
1582083
1582243
1582274
1583032
1583080
1583182
1583217
1583620
1583636
1583816
1583836
1584233
1584447
1584773
1584801
1584983
1585158
1585561
1585584
1585713
1585985
1586201
1587188
1587358
1587359
1587532
1587568
1587750
1587935
1588094
1588154
1588173
1588322
1589171
1589239
1589386
1589393
1589566
1589891
1589953
1590020
1590339
1590425
1590759
1590905
1591570
1593635
1595129
1595301
1595477
1595804
1595872
1596071
1596156
1596224
1596257
1637639
1644958
1646622
1656206
1656661
1675344
1675846
1678393
1682460
1684880
1693809
1696918
1699705
1700075
1761582
1762048
1762159
1762290
1762908
1762979
1763451
1763654
1763769
1764392
1764880
1765663
1766008
1766859
1768117
1768450
1768655
1769075
1769331
1769593
1769861
1770550
1771806
1771816
1771997
1772094
1772615
1772804
1773386
1773724
1773800
1774310
1774443
1774679
1775048
1775336
1878257
1878608
1879105
1879445
1879894
1880074
1880079
1880545
1880827
1881585
1881636
1882161
1882539
1882683
1882927
1883441
1883711
1883772
1884024
1884052
1884170
1884359
1884813
1885040
1885325
1885465
1885467
1885498
1885888
1886096
1886186
1887731
1887784
1887949
1888018
1888110
1888652
1888673
1889069
1889432
1889662
1890147
1890165
1890401
1890690
1891021
1891070
1891180
1891351
1891600
1891850
1891984
1892278
1892699
1892771
1894201
1894503
1894836
1894850
1907897
1908028
1908278
1908400
1908657
1908666
1910011
1910198
1910574
1910896
1911760
1912097
1912338
1912348
1912395
1912403
1912746
1912819
1912833
1913047
1913313
1913941
1914077
1914920
1914985
1915029
1915103
1915692
1915902
1916651
1917724
1917846
1918502
1918806
1919954
1919960
1919982
1920309
1920773
1921096
1921622
1922112
1922739
1922852
1923655
1924310
1924567
1925405
1925636
1925816
1925904
1926042
1926362
1926575
1926768
1926849
1926940
1993495
1995231
1995610
1995873
1995965
1995967
1996446
1996521
1996715
1997526
1997804
1997946
1998284
1998648
1999620
2000324
2000417
2000504
2000518
2000650
2000687
2001035
2001164
2001355
2002155
2002395
2002510
2002854
2002996
2003187
2003316
2003322
2003462
2003504
2003719
2004031
2004252
2004442
2004682
2005141
2005300
2005519
2005615
2005975
2006102
2006687
2006753
2007282
2007488
2007541
2007588
2007626
2008175
2008201
2008440
2008625
2008864
2008875
2008983
2009157
2009375
2009676
2009696
2009845
2009922
2009937
2011015
2011249
2011374
2012136
2012314
2012516
2012683
2013026
2057658
2057827
2058603
2058690
2058984
2059563
2059884
2059916
2059934
2060216
2061902
2062335
2062401
2062457
2062524
2062990
2063099
2063458
2063846
2063890
2064267
2064678
2064837
2065940
2066625
2066727
2066766
2066950
2067360
2067394
2067564
2067599
2068195
2068708
2069008
2069081
2069197
2069758
2069770
2069852
2069882
2070124
2070274
2070824
2070871
2071014
2071488
2071613
2071909
2072123
2072792
2073253
2073696
2073950
2074242
2074477
2104586
2104634
2105216
2105240
2106158
2107016
2107109
2107705
2107782
2107993
2108025
2108098
2108153
2108788
2108992
2109038
2109179
2109309
2109359
2110147
2110357
2110388
2110482
2110817
2110838
2111341
2111874
2112659
2112892
2113271
2113637
2114037
2114304
2114669
2114685
2115103
2131850
2132665
2133107
2133739
2136269
2136970
2138783
2139688
2140323
2141379
2141391
2141695
2141739
2142691
2143821
2144108
2144142
2144155
2144163
2144216
2144531
2145052
2145392
2145427
2145652
2146834
2147140
2147257
2147347
2147497
2147616
2147639
2148506
2148787
2148815
2148834
2149603
2149692
2149763
2149929
2150013
2150021
2150210
2150706
2151074
2151187
2151395
2151679
2151800
2151954
2152297
2153095
2153258
2153272
2153296
2154082
2260101
2260544
2260936
2261439
2261618
2261774
2262520
2262567
2262968
2263732
2263846
2264790
2264835
2265070
2265247
2265525
2265731
2267874
2268484
2269680
2270113
2271189
2271475
2271741
2271911
2272240
2272544
2272750
2272998
2273198
2274357
2274692
2274736
2274878
2275229
2275480
2275689
2276504
2276731
2277034
2277314
2277661
2277978
2278112
2278135
2278228
2278541
2278736
2279512
2279710
2279979
2280714
2280845
2280964
2281098
2281243
2281261
2281402
2281568
2282280
2282445
2282565
2282662
2282797
2282877
2283434
2284341
2284437
2284446
2284538
2285010
2285053
2285116
2285541
2286241
2286358
2286648
2286919
2287163
2287177
2289265
2294402
2294457
2327553
2327850
2328060
2328353
2329374
2329427
2329572
2329636
2330268
2330421
2330573
2330788
2331249
2331344
2331532
2332127
2332253
2332293
2332708
2332784
2332852
2333363
2333931
2334878
2335048
2335067
2335109
2335222
2335452
2335563
2335609
2336731
2337454
2338240
2338374
2338405
2338425
2338518
2338607
2338888
2338940
2339008
2339228
2339916
2339972
2340061
2340316
2340436
2340754
2340770
2341036
2341081
2341215
2341357
2341370
2342296
2342577
2342795
2344098
2344358
2346651
2348413
2348615
2350923
2356822
2357391
2475196
2477710
2485663
2486453
2488701
2491789
2492799
2493675
2513717
2526511
2526843
2529468
2545082
2549025
2587592
2588658
2589071
2589507
2589708
2591727
2592521
2594037
2594821
2595242
2596768
2597220
2597246
2598020
2600018
2642874
2643006
2643120
2643518
2643803
2643937
2644514
2646076
2646182
2646203
2646827
2647132
2647180
2648007
2648910
2649064
2649418
2650247
2650290
2650782
2650879
2651507
2651736
2652056
2652090
2652368
2652484
2652567
2652908
2652967
2653326
2653604
2653792
2653903
2653907
2654023
2654502
2654748
2654926
2655788
2656482
2656584
2656973
2657096
2657262
2670648
2680879
2770370
2770631
2770876
2771188
2771471
2771515
2771612
2771625
2771731
2771762
2772242
2772332
2772531
2772710
2773018
2773141
2773620
2773748
2773873
2773932
2774139
2774249
2774724
2774975
2775034
2775111
2775747
2775893
2776087
2776140
2777640
2777873
2777900
2777959
2778033
2778302
2778482
2778583
2778998
2779045
2779112
2779498
2779544
2780259
2780370
2780663
2781332
2782569
2784118
2784309
2784514
2786058
2786261
2786323
2786330
2786446
2786696
2786758
2786887
2814468
2815893
2817012
2817429
2817438
2817782
2817956
2818847
2820219
2820287
2820588
2821761
2821884
2821977
2822323
2822484
2822839
2823441
2824067
2824218
2824234
2824729
2825307
2826369
2826652
2826791
2826913
2828258
2828307
2828585
2828704
2828752
2829246
2829394
2829404
2829914
2830561
2830640
2830652
2831015
2831886
2832207
2866117
2866484
2866626
2867577
2867699
2867838
2868564
2868779
2869511
2869541
2869639
2869694
2870221
2870886
2871485
2872150
2872547
2873304
2874110
2874730
2874753
2874929
2875385
2876162
2879299
2881120
2893948
2943210
2943265
2946131
3021675
3022558
3024226
3024883
3024904
3025424
3026368
3027254
3028188
3028354
3030060
3030337
3030767
3080743
3080857
3080985
3081031
3081131
3081769
3081921
3082006
3082123
3082472
3082492
3082642
3083003
3083253
3083901
3085027
3085220
3085942
3086480
3086707
3087368
3087380
3087727
3087738
3087838
3088160
3088403
3088670
3089056
3089746
3089899
3090089
3090385
3090595
3090731
3090748
3091796
3091827
3092222
3092571
3092925
3092935
3092941
3092971
3093590
3093919
3094241
3094415
3094451
3094465
3094564
3094934
3095554
3095749
3095783
3096537
3096543
3096556
3096807
3097036
3097201
3097714
3098250
3098324
3130956
3135723
3175322
3176894
3214372
3217225
3217588
3218861
3222296
3224664
3225570
3226102
3226971
3227387
3289314
3289537
3289592
3290104
3290373
3291059
3291885
3292077
3293168
3293805
3294395
3294743
3294793
3294871
3295086
3295371
3295748
3295859
3296182
3297646
3299068
3299729
3300614
3300746
3300903
3301098
3301122
3301772
3302709
3303169
3303406
3303565
3304796
3305507
3305696
3305784
3305939
3307401
3307432
3308092
3474638
3477513
3483155
3485868
3523473
3523489
3523583
3525805
3525983
3527454
3527923
3528420
3528775
3529070
3529857
3531133
3531473
3532302
3532392
3532407
3533742
3534366
3535142
3535267
3536646
3538562
3539819
3614931
3615052
3615187
3615474
3616114
3616785
3616871
3616956
3617052
3617152
3617388
3617527
3617893
3618036
3618738
3619014
3619554
3619606
3619617
3620720
3621185
3621650
3621663
3622259
3622349
3622413
3622797
3622803
3622913
3623562
3623706
3624440
3624654
3625040
3625516
3625613
3625815
3625914
3625943
3625995
3626274
3626307
3626394
3626446
3626667
3628260
3629139
3629234
3629245
3629521
3629582
3629732
3630013
3630404
3630477
3630722
3630767
3631653
3633044
3633912
3635378
3636056
3638100
3638189
3639327
3639606
3640378
3640700
3641924
3642665
3642799
3643548
3645757
3648714
3650436
3668810
3669507
3669547
3669576
3671463
3673169
3673514
3673887
3674789
3674964
3675158
3675741
3675880
3676004
3676734
3677756
3678948
3679718
3681403
3682057
3682135
3682703
3683143
3683529
3684785
3685224
3687036
3687441
3687577
3688536
3689186
3689461
3689900
3690165
3690471
3692748
3692890
3693532
3693821
3694680
3695879
3741853
3741935
3742713
3743525
3743948
3744273
3744744
3745407
3745621
3746417
3746984
3747030
3747420
3748591
3748625
3749175
3749297
3749399
3750464
3751393
3752405
3752948
3753707
3753874
3773448
3773821
3774285
3774677
3774762
3774882
3775117
3775180
3775398
3775408
3776471
3776660
3776822
3776826
3776879
3776937
3777163
3777445
3777541
3778113
3779262
3779370
3779413
3779540
3779664
3779676
3779732
3779740
3780138
3780306
3780489
3780679
3780809
3781087
3781231
3781390
3781538
3781970
3782682
3783240
3783243
3783903
3784365
3784458
3784899
3785255
3785339
3785487
3785791
3786529
3786679
3786698
3854434
3856395
3857687
3916822
3922964
3923058
3923200
3923438
3923501
3923516
3923651
3923768
3924296
3924424
3924801
3925132
3925269
3925491
3925619
3925833
3925948
3926000
3926005
3926412
3926535
3926657
3927065
3927094
3927546
3928370
3929404
3929801
3929908
3930059
3930074
3930120
3930941
3931063
3931079
3931643
3931796
3931911
3932140
3932160
3932307
3932753
3932906
3933148
3979864
3980164
3984049
3984257
3984508
3985241
3987008
3987901
3988107
3992087
3992936
3993313
3995261
3996650
3998391
3999044
4000576
4000624
4001180
4001929
4002085
4002262
4002337
4002343
4003027
4003036
4003982
4004123
4005275
4006584
4007358
4008486
4008510
4009414
4009831
4009911
4010338
4010524
4011311
4012318
4012659
4025665
4026051
4026490
4026938
4027211
4028044
4028823
4028892
4029338
4029344
4030403
4030625
4030638
4030877
4031136
4031696
4031758
4031957
4032029
4032339
4032366
4032769
4032897
4033012
4033829
4035265
4035808
4036090
4036615
4036930
4037003
4037060
4037164
4037344
4037627
4037933
4038031
4087029
4087164
4087466
4087604
4087734
4088349
4089657
4090084
4090209
4090243
4090314
4090517
4090752
4090843
4091821
4092554
4093075
4093467
4093588
4093616
4093735
4093849
4094383
4094796
4094896
4095404
4095441
4095565
4095977
4096062
4096081
4096573
4096705
4097165
4097804
4098141
4098638
4099132
4099969
4100432
4100504
4100950
4101155
4101223
4101289
4101455
4102489
4103334
4103335
4103997
4104743
4104894
4106038
4106652
4107150
4108489
4108923
4109037
4109394
4110868
4115376
4117249
4119511
4119869
4120219
4210360
4211471
4213221
4233334
4241214
4310475
4310508
4310713
4310831
4310837
4311767
4311865
4312690
4313110
4313248
4313791
4313895
4313909
4313918
4314219
4314267
4314444
4315216
4315499
4315767
4316421
4316499
4316638
4316885
4316993
4317218
4317729
4318031
4318118
4318149
4318172
4318215
4318695
4318739
4318997
4319558
4319833
4320188
4320498
4320744
4320761
4320924
4321594
4321752
4321790
4322502
4322503
4322579
4322684
4322992
4323128
4323340
4323421
4341365
4343123
4344517
4344930
4349843
4352681
4400981
4400989
4401308
4402793
4403234
4403422
4403701
4404803
4405026
4405086
4405320
4405438
4405609
4405679
4406071
4406218
4407064
4407282
4407423
4407985
4408061
4408145
4408184
4408233
4408361
4408619
4408787
4409081
4409799
4409816
4410469
4410912
4410923
4411338
4412417
4412721
4413887
4413909
4414499
4415346
4415351
4415458
4416871
4417129
4418160
4418581
4418992
4419114
4419263
4420193
4420310
4420755
4420781
4421122
4421978
4422866
4424492
4456164
4457176
4462526
4468746
4469672
4586279
4586455
4586582
4588432
4588977
4589203
4589462
4589962
4590763
4590786
4591484
4592217
4592627
4592911
4593033
4593398
4593713
4594139
4594671
4594974
4595403
4595516
4595693
4595694
4595993
4596247
4596894
4714469
4714538
4715168
4715210
4716013
4716642
4716666
4717399
4717484
4718478
4718533
4718605
4718634
4719298
4719309
4719583
4719603
4720053
4720275
4720327
4720342
4721005
4721084
4721310
4721643
4722867
4723600
4723745
4724557
4724834
4724879
4725231
4725239
4736468
4773026
4775340
4775722
4775848
4776524
4776920
4778058
4778247
4778973
4779169
4779394
4780974
4781058
4781612
4782664
4782943
4819177
4849416
4849748
4850435
4850441
4850611
4850982
4851156
4851398
4851613
4851849
4853369
4853770
4854399
4854546
4855458
4855470
4855902
4856252
4856317
4856672
4856822
4857088
4857824
4858430
4859091
4859452
4859515
4859525
4860377
4860846
4861457
4862144
4862453
4862598
4862657
4863126
4863401
4863538
4864383
4865618
4865830
4866153
4867125
4958129
4958250
4958392
4958591
4959215
4959298
4959711
4959845
4960093
4960298
4960770
4960880
4961456
4961486
4961699
4961730
4961789
4962092
4962170
4962475
4963033
4963120
4963160
4963237
4963392
4963598
4963624
4963645
4963891
4964029
4964231
4964796
4965589
4965953
4966115
4966201
4966279
4966714
4966910
4967539
4968071
4968074
4985097
4986075
4986266
4986432
4986752
4986812
4987379
4987640
4988086
4989864
4990771
4990826
4991027
4991123
4991200
4991306
4991590
4991706
4992149
4992327
4993228
4993439
4993717
4993916
4994742
4994944
4994990
4996131
4996575
4997877
4998260
4998517
4998818
5000196
5002029
5002573
5002821
5003848
5090640
5091344
5091376
5091464
5091496
5092241
5092937
5092989
5093448
5093584
5093809
5095238
5095595
5095662
5095800
5095961
5096209
5096369
5096606
5096638
5096734
5096783
5097304
5097327
5097545
5097828
5098034
5098050
5098664
5099511
5099535
5099781
5100965
5101064
5101088
5101249
5101568
5102175
5102407
5102578
5103129
5103168
5103294
5103564
5103827
5103877
5103981
5104459
5104561
5105417
5105858
5119927
5119981
5120826
5121122
5121243
5121539
5121833
5121955
5122669
5122944
5122955
5123112
5123178
5123807
5124067
5124166
5124307
5124935
5124959
5125113
5125132
5125157
5125214
5125389
5125956
5126687
5127007
5127673
5127725
5127826
5127892
5127923
5127971
5128860
5128965
5129093
5129186
5129275
5129444
5129835
5130104
5130276
5130294
5130673
5131906
5132668
5133223
5133547
5133858
5133883
5134732
5135145
5135438
5135682
5136001
5136343
5136423
5136448
5136762
5137330
5137992
5138348
5138376
5138395
5138507
5138784
5139028
5139153
5139448
5139921
5140509
5141785
5142159
5142259
5142310
5143128
5143578
5143613
5143637
5143710
5143880
5143907
5143987
5144029
5144309
5144477
5145173
5145899
5146211
5146465
5147381
5147571
5147781
5148253
5148276
5148376
5148771
5148801
5148811
5150488
5150548
5150766
5150782
5151475
5151576
5151637
5151861
5152739
5152790
5152950
5153063
5153802
5154256
5154271
5154455
5154513
5154877
5155882
5156082
5156218
5156355
5362800
5363428
5363851
5364358
5364848
5364912
5364931
5365012
5365556
5365659
5365858
5367129
5367415
5367549
5367609
5367715
5367876
5367933
5368573
5368620
5370059
5370612
5371450
5371982
5372494
5372509
5373088
5373155
5373177
5373608
5373768
5374279
5374342
5374506
5374514
5376673
5377078
5377219
5377341
5377714
5377954
5377971
5378162
5378647
5379364
5379515
5379800
5379839
5379981
5380360
5380563
5380870
5381133
5381163
5381694
5381784
5381836
5382060
5382210
5383073
5383192
5383971
5384014
5384057
5384909
5385154
5385577
5385662
5386281
5386536
5386578
5386604
5387121
5387688
5387798
5387910
5387952
5388006
5388270
5388416
5388942
5389218
5389481
5389601
5389853
5390039
5390098
5391203
5391214
5434854
5438759
5444393
5571671
5673709
5674669
5674717
5674939
5674956
5675015
5675161
5675900
5676389
5677027
5677087
5677522
5677566
5677926
5678915
5679230
5679338
5679348
5679647
5679915
5680272
5680497
5680946
5681019
5681076
5681301
5682044
5682399
5682633
5682694
5682972
5682995
5683287
5683526
5684534
5685307
5685341
5723366
5723542
5723756
5724056
5724239
5724305
5725036
5725141
5725256
5725434
5725627
5725670
5726165
5726625
5726725
5726778
5726825
5727016
5727187
5727666
5727882
5728221
5729505
5730669
5730680
5730703
5731431
5731598
5732366
5732808
5732931
5733005
5733557
5734004
5734004
5734118
5735297
5735473
5735528
5735840
5735925
5736049
5736197
5736279
5736488
5736993
5737346
5737591
5738113
5738400
5738479
5739242
5740049
5740094
5740290
5740525
5740617
5740737
5741355
5805501
5805964
5807477
5807977
5808611
5808939
5810108
5811605
5812532
5814378
5814468
5815809
5816809
5817118
5817161
5819006
5820628
5821285
5823084
5823680
5824578
5825858
5828353
5830805
5832349
5833166
5834818
5838915
5845900
5939256
5953167
5958404
5968571
5985262
5985836
5985967
5987233
5987416
5987527
5987903
5988315
5988317
5988721
5990640
5991055
5991064
5991540
5992685
5993680
5993793
5993817
5994643
5994903
5994926
5995126
5995982
5996426
5997718
5997846
5998597
5999138
5999174
5999628
5999860
6000060
6000214
6000775
6001208
6001341
6001362
6001824
6001928
6002400
6002440
6003110
6003536
6004052
6009134
6009811
6010305
6016192
6017205
6021571
6021910
6024280
6026265
6026660
6027931
6029349
6029569
6030512
6030556
6031551
6032749
6035743
6036389
6036505
6037777
6038208
6038436
6039053
6039063
6039622
6039749
6039791
6039807
6039857
6040258
6040377
6040690
6040850
6041261
6041269
6041803
6042222
6042311
6042948
6042990
6043110
6043685
6044680
6044726
6045026
6045668
6045946
6046124
6046969
6047614
6048243
6048294
6048471
6048540
6048698
6048706
6048826
6048835
6049506
6053301
6053301
6053678
6056033
6056540
6056912
6057274
6059205
6059957
6060912
6061304
6147538
6150532
6152176
6153175
6154446
6154884
6156344
6157632
6158871
6231293
6231781
6232611
6232616
6232630
6232779
6232925
6233109
6233125
6233163
6233904
6234362
6234482
6234872
6234882
6234953
6235114
6235232
6235737
6236198
6236470
6236682
6236830
6237074
6237121
6237129
6238073
6239321
6239634
6240152
6240781
6240819
6240945
6241108
6241134
6242151
6242512
6242668
6243278
6243383
6244345
6245524
6245635
6245741
6247443
6247954
6248184
6248641
6248771
6249054
6249091
6249512
6250460
6255081
6301842
6304414
6307514
6310709
6312430
6312825
6320172
6322775
6324956
6328388
6331224
6335168
6365507
6365734
6367772
6369807
6370399
6372818
6375645
6376954
6379481
6379696
6380271
6380575
6380588
6380984
6387393
6423014
6424208
6425796
6426814
6427391
6427460
6427725
6427762
6428476
6428585
6429887
6431991
6435304
6479721
6479844
6480062
6480498
6480541
6480824
6481137
6481588
6481620
6481775
6481923
6482003
6482207
6482447
6482553
6482565
6482592
6482948
6483749
6484157
6484528
6484679
6485263
6485456
6485661
6485675
6485764
6486163
6486453
6486507
6486956
6487209
6487547
6488194
6488429
6488562
6489064
6489686
6489878
6489937
6490115
6490415
6490512
6490550
6490811
6490820
6491643
6491697
6492113
6492729
6492981
6493273
6493472
6493659
6494006
6494824
6496074
6496410
6496743
6497623
6497909
6498528
6498901
6499247
6499496
6499637
6499840
6499932
6501288
6501437
6502324
6502341
6502619
6503095
6503238
6503290
6504017
6504509
6504715
6505083
6506016
6506125
6506184
6567037
6570153
6577257
6580196
6580249
6581051
6581118
6581349
6581357
6581581
6582325
6582359
6582607
6583043
6583943
6584191
6584200
6584381
6584621
6585383
6586338
6586588
6587472
6587525
6587825
6587860
6587925
6588395
6588520
6588751
6588892
6588927
6588973
6588976
6589570
6589762
6590208
6590285
6590372
6591285
6591470
6591804
6632754
6632810
6633422
6633549
6633677
6634182
6634534
6635504
6635529
6635567
6635609
6635628
6637005
6637366
6637393
6637667
6638047
6638285
6638588
6638982
6639673
6640623
6641376
6641504
6642040
6643599
6643655
6644204
6644387
6644792
6645057
6645066
6645075
6645085
6645162
6645631
6645638
6645709
6646315
6646586
6647482
6651539
6651552
6653093
6654206
6655001
6656515
6659741
6660723
6661280
6661369
6661586
6661592
6661688
6662546
6662714
6663088
6663218
6663524
6663600
6664047
6664168
6664276
6664717
6664718
6664843
6665024
6665616
6665814
6665969
6666039
6666522
6667266
6667388
6667530
6667737
6667847
6668598
6669124
6669709
6669879
6669917
6670459
6671046
6671064
6671203
6671244
6671289
6671334
6671455
6672350
6688953
6690910
6694962
6699049
6699413
6760038
6761091
6761377
6761430
6761704
6761921
6762095
6762375
6762604
6762891
6763099
6763143
6763348
6763604
6763757
6764018
6764111
6764210
6764467
6764491
6764913
6765021
6765142
6765398
6766287
6766931
6766984
6767007
6767103
6767425
6767615
6767837
6768047
6768376
6768454
6768611
6768876
6769397
6769880
6770192
6770381
6770526
6770671
6770747
6771271
6772008
6772924
6774684
6776716
6776937
6777100
6777523
6777620
6780730
6782673
6783650
6866202
6866354
6866456
6866458
6866531
6866697
6866807
6867185
6868185
6868363
6868583
6868630
6868670
6868675
6868759
6868984
6869750
6870094
6870893
6870932
6871205
6871573
6871979
6872173
6872253
6872808
6872874
6873502
6873573
6873734
6873972
6874080
6874513
6874521
6874840
6875008
6875323
6875636
6875841
6875962
6876095
6876114
6876228
6876366
6876570
6876861
6877254
6877361
6877425
6877866
6878160
6878638
6878857
6878866
6878989
6879606
6879772
6879943
6880773
6881046
6885038
6889463
6890809
6893608
6894975
6896552
6903857
6917547
6924748
6930525
6930548
6931664
6931942
6932067
6932114
6932592
6933108
6933380
6933788
6933857
6934538
6935271
6935586
6937333
6937682
6938161
6939068
6939209
6939847
6939863
6939969
6940911
6941369
6941487
6968525
6997990
6999514
7003994
7004110
7004557
7004674
7005305
7006318
7006474
7006529
7006787
7006843
7007354
7007612
7007927
7008450
7008916
7009313
7009363
7009807
7009925
7010168
7010200
7010385
7010459
7011634
7011772
7011811
7012048
7012172
7012404
7012722
7014004
7014077
7014168
7014199
7014859
7015168
7015525
7015587
7016825
7016891
7017134
7017215
7017286
7017385
7017595
7017878
7018216
7018800
7018933
7019533
7019560
7019796
7020363
7020626
7020737
7020864
7020929
7021165
7021498
7021602
7021672
7022454
7022587
7022731
7022946
7022991
7022999
7068833
7069010
7069241
7069584
7069609
7069805
7069974
7071197
7071313
7071315
7071375
7071548
7071680
7071693
7072473
7072788
7072925
7072969
7073272
7073850
7073909
7073954
7074069
7074294
7074356
7074364
7074510
7074809
7074991
7075054
7075253
7075322
7075440
7075518
7075574
7076049
7076219
7076272
7077105
7077224
7077600
7077936
7078334
7078669
7078881
7079190
7079706
7080304
7080840
7080977
7081161
7081592
7081705
7081948
7082055
7082089
7083082
7083447
7083630
7083676
7084041
7084455
7084596
7084674
7085102
7085256
7085383
7085711
7085878
7086036
7086212
7086400
7086834
7087892
7132925
7135832
7138078
7139103
7140005
7142206
7144646
7146759
7190101
7191274
7194175
7202495
7210036
7210238
7211644
7212231
7213265
7348735
7350191
7351478
7351625
7353079
7353942
7354129
7354201
7356637
7357302
7358305
7358595
7358628
7358733
7359701
7359858
7360036
7360131
7360757
7360786
7361942
7362777
7362915
7363923
7469790
7472632
7486848
7487261
7488214
7488324
7488561
7489193
7489677
7489790
7490882
7491244
7491551
7492389
7492728
7492750
7493432
7493549
7493633
7494400
7494411
7494568
7495008
7496785
7499199
7499204
7499800
7501033
7501330
7502377
7502525
7513717
7513962
7514020
7514089
7514247
7514636
7515119
7515198
7515309
7515631
7516255
7516288
7516539
7516599
7516630
7517186
7517427
7517544
7517826
7517982
7517992
7518701
7518791
7519356
7519429
7519902
7519952
7520031
7520165
7520342
7520828
7521399
7521694
7521725
7521862
7522510
7522514
7522996
7523052
7523692
7524276
7524636
7524710
7525478
7525943
7525948
7526469
7527276
7527568
7527785
7527923
7527972
7528093
7528106
7528823
7529600
7529677
7561444
7561652
7561935
7562296
7562561
7562793
7563180
7563848
7564129
7564366
7565184
7565410
7565717
7565766
7566286
7566969
7567572
7567942
7568475
7568642
7568822
7569399
7569922
7571489
7571700
7572091
7572950
7573235
7573243
7573357
7574563
7574575
7574737
7574742
7576926
7577385
7595972
7596547
7596979
7597304
7597784
7599087
7599415
7600200
7600936
7602891
7602909
7603204
7603295
7603312
7603753
7603849
7604376
7606310
7607717
7609828
7611327
7611410
7612999
7614933
7616725
7616847
7617793
7659556
7665086
7775395
7777209
7777259
7779138
7780184
7781583
7782275
7784812
7786253
7787640
7788790
7790342
7792443
7792683
7794155
7794175
7796303
7799206
7801879
7878388
7878451
7881911
7882857
7883854
7884950
7886396
7888600
7890772
7891574
7893045
7893076
7894438
7902542
7905688
7979313
7980395
7980604
7980975
7981582
7981707
7981890
7982196
7982306
7982792
7982869
7983230
7983493
7984078
7984310
7984687
7984939
7985018
7985188
7985309
7985364
7985565
7986483
7986554
7986632
7986757
7987018
7987397
7987593
7987749
7987848
7988158
7988638
7989180
7989517
7989961
7989961
7990732
7992165
7992442
7992585
7992607
7992869
7993725
7993859
7994172
7994398
7994601
7994631
7994660
7994779
7995682
7995769
7995791
7995876
7996011
7996611
7997612
7997783
7998392
7998799
7998941
7999067
7999195
7999373
7999488
8000105
8000298
8000588
8001099
8001962
8003119
8003954
8004383
8004954
8004959
8005279
8005309
8005676
8058319
8059450
8060507
8065162
8065169
8065490
8068696
8068952
8072130
8075643
8075644
8128992
8131055
8131214
8134371
8134664
8136487
8140151
8140686
8141291
8142156
8142265
8143299
8143882
8144058
8144851
8144959
8145128
8145819
8146284
8146845
8148986
8149658
8150458
8151674
8151713
8151964
8152740
8153901
8153933
8154104
8154486
8156405
8156820
8156872
8156918
8157087
8157144
8157411
8157548
8157897
8157977
8158072
8159805
8159857
8160254
8160612
8160700
8160820
8160967
8218061
8219456
8220064
8220422
8220566
8220730
8220945
8221425
8222211
8222559
8222785
8223314
8223406
8223523
8224947
8225517
8225825
8226899
8227375
8227503
8228671
8339117
8345172
8348613
8353995
8355184
8355341
8356252
8358159
8359144
8361706
8363238
8364151
8364376
8365780
8366605
8366992
8367281
8369669
8401261
8401784
8402530
8403060
8403686
8404160
8404252
8404350
8406574
8407429
8407924
8408192
8408236
8408626
8409310
8410235
8410964
8412598
8413348
8414242
8414493
8414509
8415164
8415375
8416025
8418577
8419184
8419525
8420945
8421062
8421364
8421595
8422595
8422763
8422794
8423154
8423560
8423923
8423931
8423965
8424387
8424416
8424482
8424668
8426233
8426558
8426567
8426950
8427377
8427426
8428953
8429669
8430840
8431187
8432239
8432464
8432913
8433017
8433094
8433146
8474353
8521470
8521789
8522003
8522420
8522584
8522589
8523793
8524118
8524694
8526022
8526513
8526662
8527401
8527641
8528304
8528677
8529042
8529729
8530365
8530508
8531100
8531666
8532305
8532437
8533191
8533243
8533387
8533425
8534536
8535251
8535592
8535873
8537330
8537470
8537506
8537666
8539530
8539830
8540472
8541233
8541930
8542111
8542312
8543209
8544254
8544692
8545300
8545764
8546600
8546940
8549910
8550938
8551379
8551457
8662305
8662525
8663705
8663708
8664688
8664840
8664853
8665101
8665259
8665493
8665535
8666028
8666095
8666500
8666750
8666905
8667697
8667891
8668791
8669369
8669491
8669671
8670781
8670884
8671011
8671142
8671603
8671767
8672137
8672313
8672578
8687560
8688036
8690122
8691246
8693838
8695005
8696093
8759041
8765768
8766150
8766211
8766711
8766793
8766818
8767019
8767133
8767797
8768809
8769050
8769215
8769821
8770104
8770306
8770346
8771228
8771763
8771889
8771906
8771957
8772271
8772686
8773259
8773418
8773583
8773664
8774290
8774366
8774704
8774756
8774878
8775636
8775682
8776095
8776885
8776906
8776999
8777218
8777386
8777398
8779814
8779893
8779954
8780179
8780257
8780385
8780406
8780544
8780551
8780751
8780914
8781325
8781441
8781716
8782144
8782265
8782558
8782730
8782767
8782845
8783191
8783915
8783930
8784132
8784205
8784274
8784521
8805872
8806665
8808132
8812103
8812400
8814726
8814826
8814889
8814921
8815113
8815571
8815943
8816105
8816161
8816202
8817339
8817397
8817675
8818120
8818155
8818404
8818537
8818767
8818960
8819106
8819417
8819446
8819551
8819601
8819737
8819846
8820236
8820658
8820682
8821406
8821678
8822240
8822652
8822964
8822972
8823068
8823396
8823499
8823560
8823615
8824258
8825573
8825736
8899432
8900879
8906989
8907698
8909893
8909913
8910330
8910626
8910947
8911108
8911217
8911478
8911918
8912043
8912152
8912564
8912657
8912699
8913011
8913082
8914127
8914164
8914609
8915128
8915580
8915706
8915716
8915771
8915899
8916645
8917019
8917258
8917750
8918161
8918267
8918551
8919029
8919212
8919245
8919319
8919565
8920039
8920412
8920497
8920576
8921497
8921525
8921550
8921913
8922056
8923184
8923324
8923382
8924110
8924555
8925260
8926831
8927023
8928050
8928939
8944516
8946090
8946157
8946505
8946682
8946745
8946761
8948174
8948425
8948950
8949209
8949318
8949587
8950119
8951035
8951349
8951522
8951695
8952281
8952412
8952459
8952722
8953134
8953428
8953944
8954000
8954577
8955187
8955262
8955874
8956194
8956386
8956398
8956887
8957141
8957418
8957563
8957943
8958331
8958357
8958890
8958989
8959113
8959185
8959931
8960162
8960545
8960626
8960818
8960860
8960866
8961090
8961100
8961236
8961285
8961289
8961440
8961636
8961726
8961800
8962140
8962479
8962631
8962704
8963136
8963233
8963579
8964052
8964070
8964099
8964880
8964935
8965243
8965457
8965569
8965630
8965844
8965876
8966086
8966373
8966548
8967269
8967467
8967878
8968141
8968685
8968770
8968978
8969449
8969672
8969871
8969965
8970674
8970726
8971026
8971526
8972516
8972835
8973174
8973272
8973487
8973840
8974117
8974797
8974853
8975612
8975852
8975914
8975957
8976457
8977099
8977126
8977191
8977433
8977438
8977753
8977755
8977823
8978732
8979034
8979354
8979366
8979567
8979709
8979961
8980042
8981346
8981801
8982222
8982375
8982919
8985748
8987666
8988935
8993838
8995028
8996220
8998020
8998237
9031561
9031615
9031666
9031747
9032873
9033173
9033241
9033300
9033436
9033537
9033829
9034185
9034596
9034661
9034824
9035934
9036505
9036593
9036944
9037218
9037287
9037700
9037883
9037994
9038414
9038682
9039043
9039700
9040028
9040030
9040361
9040434
9040906
9041155
9041569
9041631
9041731
9042272
9042526
9042634
9042835
9043179
9043264
9043416
9043417
9043462
9044466
9044814
9045504
9045508
9046555
9046649
9046698
9046873
9047230
9047460
9047583
9047906
9072341
9072892
9073035
9073243
9074107
9074118
9074677
9074855
9076112
9076312
9076468
9076547
9076589
9078404
9080105
9080309
9080445
9082450
9083884
9084409
9085389
9087142
9088460
9089091
9090144
9144375
9144845
9145421
9145557
9145739
9146281
9146308
9146602
9146604
9146781
9147404
9147602
9148059
9148614
9148678
9149694
9150583
9150709
9150882
9150936
9151298
9151433
9151635
9151927
9151929
9151999
9152128
9152787
9153402
9153509
9153552
9154159
9154371
9154439
9154590
9155482
9155646
9156442
9156508
9156544
9156601
9156996
9157497
9157754
9157794
9158136
9158171
9158453
9158465
9158469
9158476
9158879
9159364
9159506
9173217
9173273
9173293
9173760
9174087
9174151
9174328
9174867
9175738
9175829
9176028
9176741
9177044
9177337
9177423
9177569
9177802
9178060
9178104
9178356
9178611
9179534
9179672
9180013
9180511
9180603
9180625
9181020
9181541
9182248
9182737
9182861
9183019
9183225
9183381
9183477
9183877
9183966
9185678
9186380
9186889
9187056
9187261
9188106
9188590
9188708
9188820
9189297
9189454
9189748
9190061
9190577
9190627
9190778
9191118
9191321
9191322
9192194
9192284
9192586
9192598
9192607
9192725
9192989
9193431
9193472
9193755
9194132
9194313
9194350
9194413
9194761
9195601
9196256
9197322
9197371
9197481
9197679
9197926
9198507
9198723
9198747
9198850
9199193
9199514
9199554
9199779
9199884
9200006
9200095
9200365
9200376
9200388
9200418
9200440
9200497
9200590
9200769
9201427
9201510
9201805
9202279
9202427
9202452
9203557
9204545
9204808
9205011
9205847
9206129
9206550
9206892
9206903
9206972
9207004
9207128
9207498
9207840
9207921
9208488
9209118
9209439
9209816
9210404
9210903
9210995
9211223
9211525
9212033
9212135
9212206
9212229
9212428
9213586
9214007
9214156
9216375
9216588
9217360
9296865
9297031
9297379
9297824
9297855
9297965
9297997
9298318
9298524
9298565
9299006
9299203
9299269
9299897
9299975
9300022
9300140
9300732
9300753
9301624
9301858
9302093
9302568
9303081
9303149
9303980
9304491
9304582
9304602
9304815
9305082
9305124
9305262
9305265
9305720
9306911
9334267
9337309
9342279
9343295
9343312
9343581
9343855
9344223
9344727
9344954
9345771
9346651
9347633
9347887
9348306
9348609
9349396
9349629
9349996
9350043
9350268
9351006
9351697
9351746
9351854
9352040
9352307
9352577
9352665
9353427
9353475
9353804
9354439
9354741
9354898
9355788
9357242
9357256
9357297
9357490
9358134
9358162
9358233
9358350
9358460
9358935
9359087
9359726
9375853
9376557
9379884
9382251
9382877
9382920
9383000
9383618
9383715
9383922
9383966
9384124
9384250
9384337
9385074
9386279
9386462
9386612
9387243
9397442
9397791
9397888
9414954
9415866
9415941
9416031
9416381
9416597
9416817
9417488
9418405
9418892
9419170
9420438
9420683
9421358
9421772
9422353
9422727
9422978
9423594
9423863
9424366
9425519
9426483
9504873
9505188
9505248
9505634
9506122
9506735
9506845
9507055
9507215
9507237
9507587
9507633
9508510
9508762
9508882
9509024
9509462
9509565
9509756
9509847
9509961
9510481
9510714
9510722
9511123
9511572
9512036
9512095
9512226
9512572
9512743
9513213
9513398
9513628
9513662
9513870
9513939
9514027
9514343
9514390
9514397
9514530
9514541
9514625
9514779
9515361
9515761
9515767
9516476
9516497
9517080
9517562
9517841
9517967
9518079
9518091
9518124
9518637
9518743
9518771
9519021
9519162
9519249
9519274
9519568
9519617
9519802
9519944
9520079
9524121
9549061
9549769
9550557
9550764
9550894
9551034
9551074
9551571
9552260
9552507
9552712
9553107
9553173
9553196
9553783
9554397
9554440
9555043
9556046
9556081
9556476
9557354
9557480
9557545
9557821
9558009
9558317
9559148
9560286
9560404
9560426
9560557
9560970
9561276
9561334
9561341
9561342
9561602
9561643
9561691
9562331
9562550
9562554
9562857
9562926
9563010
9563179
9564303
9564662
9564690
9564699
9564830
9565358
9565762
9565880
9566110
9566113
9566509
9566546
9567173
9567271
9567664
9567835
9568994
9569141
9569262
9569272
9569370
9570172
9570480
9571066
9571934
9572624
9573035
9574271
9574599
9574788
9575151
9575605
9575934
9577062
9577373
9577385
9577533
9577626
9577841
9578141
9578733
9579030
9579183
9579767
9580029
9580472
9581035
9581220
9581364
9581446
9581479
9581675
9582078
9582558
9582952
9583403
9683550
9683864
9684200
9684529
9685825
9686102
9686187
9686441
9686730
9686937
9687304
9687594
9687652
9687815
9688023
9688449
9688690
9688784
9688829
9688915
9689043
9689333
9689918
9690392
9690824
9691002
9691198
9691291
9691343
9691381
9691443
9691679
9692126
9692464
9692859
9692896
9693654
9693865
9694016
9694916
9695266
9695382
9695610
9696424
9696627
9696800
9697080
9697348
9697664
9697873
9698240
9698311
9698352
9698358
9698553
9698772
9698855
9698907
9698967
9699029
9699194
9699398
9699463
9699583
9779947
9780446
9780878
9781276
9781512
9781615
9781632
9783370
9783454
9783546
9785601
9786643
9788301
9788421
9789177
9790157
9790432
9791507
9793330
9794287
9795067
9795403
9795842
9796285
9796327
9796592
9796909
9797077
9798653
9799814
9799991
9800566
9800613
9801861
9802656
9803089
9803367
9804399
9805832
9806821
9808137
9809241
9809494
9811225
9812356
9813044
9814338
9816627
9818293
9818948
9826774
9849075
9849627
9849873
9850236
9850873
9851317
9851349
9851476
9851616
9851853
9851858
9852274
9853026
9853156
9853448
9853679
9853933
9854146
9854281
9854427
9854437
9855057
9855097
9855917
9856119
9856243
9857067
9857282
9857549
9857709
9857745
9859209
9860231
9860419
9860655
9861685
9861694
9862251
9862516
9863378
9863386
9863484
9863634
9863707
9863927
9864273
9864415
9864470
9865349
9865470
9865657
9865763
9866122
9866257
9908882
9908952
9908974
9909052
9909714
9909756
9909829
9910949
9911811
9912497
9913027
9913775
9914691
9915208
9915864
9915962
9915987
9916334
9916392
9916583
9916879
9917104
9917123
9917246
9917299
9917414
9917447
9918021
9918574
9918577
9918701
9919070
9919829
9920088
9920100
9921003
9921143
9921405
9921818
9923456
9924065
9924105
9924150
9924658
9924751
9925704
9926165
9926990
9928129
9928308
9931515
9932015
9932062
9938266
9938758
9938837
9941765
9945062
10007647
10010986
10011551
10012672
10054907
10055634
10056569
10056960
10057109
10057184
10057204
10057232
10057276
10057282
10057305
10057908
10058002
10058003
10058302
10058405
10058438
10058919
10058955
10058983
10059009
10059020
10059431
10059456
10059676
10060002
10060048
10060098
10060348
10060405
10060459
10060697
10060860
10060895
10061439
10061560
10061659
10061873
10061941
10062629
10062913
10063181
10063426
10063578
10064071
10064391
10064555
10065150
10065171
10065218
10065255
10065331
10065364
10065659
10065816
10065850
10066026
10066146
10067028
10067519
10067656
10067705
10130603
10131167
10131755
10131925
10132152
10132384
10133591
10134391
10134427
10134497
10135480
10135563
10135934
10136206
10136970
10137759
10138595
10141170
10181815
10183614
10183688
10184799
10185548
10189648
10190387
10191304
10191323
10193610
10243627
10243637
10244070
10244171
10244352
10244893
10244965
10245209
10246100
10246233
10246670
10246733
10247317
10247349
10247680
10248335
10248398
10248515
10249021
10249506
10249640
10249888
10250311
10250399
10250488
10250579
10250664
10250784
10250914
10251088
10251422
10251819
10251864
10252184
10252808
10253196
10253209
10253286
10253454
10254073
10254291
10254439
10256040
10256360
10256407
10256431
10256675
10256754
10256813
10256967
10257083
10257297
10257350
10258573
10258664
10275502
10288452
10289714
10314891
10315082
10316356
10316561
10317237
10317348
10317895
10317897
10317919
10317996
10318355
10318915
10320294
10320760
10321554
10321610
10321830
10322041
10322559
10322697
10322753
10322901
10323286
10323311
10323743
10324406
10324625
10324877
10325013
10325051
10325150
10325556
10325777
10325847
10325928
10326152
10326382
10326802
10326820
10328414
10328560
10328636
10328637
10328825
10329497
10329604
10329795
10329906
10330711
10331072
10331277
10331645
10331988
10332253
10332414
10332573
10332720
10360398
10360998
10363043
10363743
10364213
10365140
10366898
10367005
10368124
10371077
10372899
10373983
10380918
10384180
10458609
10460366
10461076
10463037
10464523
10465775
10466069
10467259
10467523
10467729
10468975
10469686
10470553
10471131
10471512
10472836
10481727
10485396
10492998
10493067
10493093
10494014
10497034
10497311
10499649
10500678
10500714
10502852
10503473
10507749
10509277
10569848
10570080
10570591
10571406
10571618
10572007
10572071
10572741
10572823
10573140
10573398
10573556
10573627
10574105
10574248
10574922
10575319
10575377
10575606
10575873
10575892
10576877
10577028
10577067
10577229
10577782
10577809
10577811
10577899
10577966
10578679
10578896
10579154
10579586
10579602
10579820
10579898
10579940
10580290
10580400
10580497
10580553
10581056
10581211
10581700
10581868
10581972
10582127
10582221
10582485
10582747
10582748
10582864
10583395
10583725
10583997
10584158
10584332
10584352
10639091
10639306
10639873
10639885
10640208
10641172
10641359
10641811
10642044
10642419
10643605
10644052
10644137
10644365
10644921
10645211
10645648
10645943
10646503
10646561
10646670
10647841
10648829
10648880
10648978
10649154
10649418
10649926
10649989
10650971
10651540
10651945
10652218
10652530
10652864
10653042
10653076
10653376
10654011
10654027
10654541
10654685
10655062
10655114
10655160
10655326
10655617
10655870
10655950
10656288
10664357
10665042
10667598
10670394
10672410
10673392
10675809
10675853
10677063
10679155
10679270
10679384
10679629
10680677
10681829
10681882
10682916
10683344
10683574
10684105
10686474
10687374
10687648
10687720
10687877
10692724
10692801
10698267
10702324
10702440
10711613
10712950
10714602
10715905
10716555
10716726
10718380
10719028
10722702
10724221
10724841
10725779
10725978
10726702
10726907
10727250
10728068
10728336
10728703
10728798
10729670
10729729
10729840
10729878
10730398
10730401
10730429
10730830
10731209
10731285
10731681
10732225
10732466
10732487
10733391
10734484
10734718
10735083
10735166
10735239
10742437
10828856
10830497
10830768
10831207
10831230
10831315
10831371
10832522
10832565
10833406
10834891
10835365
10835421
10836197
10837448
10838521
10838673
10840575
10875764
10875869
10876744
10877303
10878227
10880135
10880662
10882241
10882249
10882565
10882572
10882929
10883038
10884638
10885173
10885923
10886217
10886790
10887455
10887576
10888251
10889314
10890078
10890134
10890720
10891579
11021474
11022282
11023439
11023694
11023846
11024316
11024897
11025046
11025178
11025622
11025703
11026581
11027486
11027977
11029370
11030447
11030490
11030562
11030568
11030704
11030999
11031152
11032027
11067798
11068480
11068512
11068708
11068840
11070676
11071172
11073011
11077188
11077896
11078116
11078121
11078496
11078508
11078572
11078892
11079131
11079341
11079871
11079943
11080078
11080378
11080474
11080486
11080528
11080872
11081174
11081237
11081665
11081697
11081985
11082415
11082455
11082539
11083001
11083569
11083668
11083903
11083907
11084607
11084783
11084819
11084860
11085010
11085226
11085669
11085995
11086002
11086700
11088251
11088790
11088880
11088897
11088978
11089033
11089275
11089884
11090074
11090366
11090901
11091243
11091317
11091318
11091615
11091687
11092081
11092098
11092139
11092180
11092435
11092461
11092674
11092953
11093542
11093836
11093873
11093895
11140346
11140540
11143191
11144442
11145662
11147381
11148145
11148921
11149635
11150421
11150614
11150942
11151768
11151782
11151797
11152330
11154359
11154494
11156378
11156379
11156667
11172413
11175572
11177293
11177426
11178562
11178664
11179130
11179211
11179529
11179796
11180181
11180535
11227066
11227251
11228066
11229438
11230668
11231617
11235007
11236052
11236541
11236923
11237170
11241150
11272455
11285637
11285724
11285859
11286318
11286425
11286526
11287637
11287706
11287748
11287939
11288603
11288635
11289207
11289270
11289487
11289862
11289909
11289958
11289989
11290381
11290569
11290899
11291030
11291054
11291273
11291307
11291805
11291887
11291948
11292333
11292358
11292389
11292715
11293005
11293049
11293392
11293437
11293690
11293858
11294551
11294663
11294759
11294838
11294911
11295131
11295319
11296079
11296558
11296913
11296969
11297177
11297491
11297729
11297841
11297870
11298034
11298424
11298472
11298733
11298784
11298790
11299343
11299479
11299878
11299919
11300108
11300141
11300740
11301272
11301681
11301844
11301887
11302196
11302601
11302894
11303693
11303920
11304772
11305241
11305408
11305432
11305505
11306360
11306550
11306637
11306831
11307408
11307829
11308692
11308892
11309383
11309407
11310234
11310572
11310951
11312017
11312657
11312862
11313388
11313481
11313791
11315162
11316477
11316549
11317108
11317963
11318605
11319224
11319422
11319819
11320162
11320746
11322384
11322457
11322560
11322981
11323373
11323602
11323732
11323801
11324201
11324519
11324539
11325016
11325310
11325343
11325407
11325495
11325553
11325670
11325738
11325754
11325911
11326492
11326655
11327021
11327056
11327320
11328115
11328282
11328546
11329043
11329197
11329411
11329759
11329894
11329927
11329979
11330117
11330198
11330264
11330328
11330363
11330646
11330820
11331038
11331068
11331723
11332298
11332681
11332788
11332883
11332943
11333858
11333883
11334159
11334243
11334603
11334640
11335088
11335244
11335515
11335788
11335892
11335915
11336097
11336208
11336399
11336601
11336667
11336965
11337128
11337447
11337533
11337585
11338292
11338411
11338670
11338754
11338788
11338821
11338931
11339312
11339409
11339588
11339784
11359078
11359113
11359176
11359524
11359645
11359807
11360284
11360359
11360847
11361351
11361385
11362235
11362259
11362534
11362800
11362889
11362957
11363449
11363899
11363972
11364014
11364252
11364415
11364817
11364871
11364945
11365749
11366148
11366163
11366220
11366326
11366428
11366730
11367096
11367624
11367999
11368083
11368259
11368334
11368912
11368935
11368956
11369062
11369074
11369321
11369398
11369888
11370245
11370256
11370696
11371160
11371357
11371416
11371648
11371867
11371918
11372056
11398867
11398942
11399593
11400494
11402680
11402771
11403092
11403179
11403696
11404559
11405157
11405798
11406743
11406803
11407158
11407811
11408487
11408950
11409183
11409792
11409816
11410373
11410674
11411325
11411408
11411927
11413099
11483959
11489152
11510080
11510230
11510728
11510812
11511048
11511304
11511530
11511698
11511803
11511959
11512081
11512770
11513172
11513542
11513620
11513727
11514010
11514584
11514946
11515067
11515635
11515772
11516140
11516446
11516769
11517269
11517532
11517642
11517711
11517840
11517865
11518966
11519521
11519958
11520008
11520287
11520367
11520503
11520616
11552211
11552678
11552980
11553571
11553863
11555579
11557707
11559092
11559351
11559579
11630459
11637699
11720377
11725124
11742965
11743099
11743128
11743348
11749122
11750350
11750368
11750623
11750697
11750863
11753062
11753211
11753299
11754234
11754439
11754814
11754851
11755045
11755342
11755426
11755528
11755726
11755784
11755874
11756004
11756130
11756207
11756713
11756849
11756974
11757506
11757738
11758102
11758308
11758332
11758510
11759069
11759542
11760310
11760500
11761361
11761772
11761794
11762002
11762974
11763230
11763522
11763612
11764478
11764699
11764810
11765214
11765720
11766760
11767090
11767121
11768025
11768179
11768344
11768402
11768990
11769042
11769275
11769688
11789465
11789783
11789950
11790032
11790044
11790132
11790159
11790233
11790388
11790559
11790609
11791006
11791341
11791428
11791549
11792072
11792149
11792424
11793642
11793719
11793923
11794655
11794827
11795003
11795287
11795488
11795596
11795830
11796292
11796344
11796378
11796458
11797211
11797305
11797363
11797375
11797457
11797528
11797578
11797674
11797924
11798225
11798702
11798912
11799552
11799695
11799922
11800231
11800464
11800488
11801229
11801311
11801398
11801446
11801566
11801709
11801798
11801957
11802337
11803142
11803206
11803303
11803631
11803956
11804275
11804302
11804579
11804593
11804745
11804928
11805143
11805325
11806063
11806592
11806764
11806813
11807724
11807849
11808338
11808508
11808988
11809105
11809395
11809855
11810161
11810608
11811912
11811983
11812001
11812344
11812563
11812807
11812942
11813273
11814020
11814194
11814421
11814577
11814786
11815206
11815207
11815216
11816130
11816459
11816732
11817115
11817126
11817131
11817954
11818003
11819212
11819355
11819471
11819696
11820224
11820309
11820547
11820591
11820613
11822259
11822660
11823126
11823607
11823637
11823818
11824032
11824194
11824465
11826617
11826658
11826935
11828006
11828083
11828830
11828835
11829898
11830076
11830452
11831675
11833125
11833600
11833693
11834204
11834757
11835225
11835263
11836738
11882289
11882389
11882907
11883088
11884294
11884313
11884510
11884786
11884914
11885285
11885303
11885435
11886567
11886777
11886926
11887592
11887616
11887988
11888627
11889298
11890695
11890806
11890959
11891022
11891160
11892204
11892294
11893345
11893381
11893616
11894238
11894708
11895022
11895493
11895867
11896186
11896552
11933287
11979644
11981824
11982542
11984112
11985811
11986148
11987574
11988404
11989562
12033483
12033799
12034235
12034493
12034585
12034707
12036458
12037339
12037406
12037991
12038115
12038227
12038311
12039194
12039576
12039609
12039855
12039948
12039959
12040186
12040576
12040655
12041261
12041603
12041633
12042003
12042033
12042079
12042547
12042675
12043189
12043619
12043748
12043917
12043995
12044146
12044452
12044724
12044993
12045300
12045528
12045709
12047542
12048154
12048393
12049298
12049818
12049820
12049861
12050012
12050106
12050559
12050796
12050848
12050957
12072210
12072586
12074022
12074460
12075664
12076017
12076079
12076401
12076457
12077353
12077624
12077791
12077827
12077976
12077981
12078279
12078544
12078570
12078688
12078864
12078883
12078951
12079158
12079567
12080007
12080459
12080620
12080685
12081019
12081044
12081344
12081382
12081760
12082023
12082083
12082259
12083010
12124015
12143891
12145538
12145868
12146973
12149156
12150752
12151180
12151396
12153288
12153958
12154908
12155523
12156114
12156521
12157055
12158934
12162267
12163301
12163715
12163751
12164125
12164283
12165533
12165792
12166570
12167003
12167271
12167401
12168713
12170287
12170594
12172310
12172826
12175139
12196299
12196665
12197298
12197420
12198094
12199985
12200484
12200938
12201214
12201691
12202065
12202851
12203528
12203624
12203828
12204936
12271969
12272021
12272374
12272809
12273381
12274139
12274665
12275440
12275701
12275750
12275951
12277265
12277433
12278069
12278141
12278192
12278288
12278415
12278799
12280476
12281135
12282413
12282455
12283016
12283622
12284367
12284477
12284581
12284771
12284848
12285381
12285616
12397513
12397820
12397823
12397833
12398022
12398116
12398479
12398557
12398997
12399261
12399753
12399920
12400239
12400326
12401037
12401114
12401289
12401383
12401609
12401683
12401704
12401777
12402835
12403077
12404232
12404367
12404657
12405225
12405302
12405985
12406333
12406365
12407133
12407357
12407397
12407451
12407913
12407957
12408018
12408059
12408458
12408481
12408679
12408780
12408816
12409283
12409358
12409732
12409877
12410014
12410052
12410156
12411040
12411068
12411163
12411362
12411401
12411519
12411812
12412242
12412460
12412700
12412825
12412877
12412995
12413345
12414156
12449603
12449774
12450022
12450352
12450575
12451200
12451216
12451548
12452262
12452658
12453095
12453549
12453623
12454624
12455117
12455911
12456129
12457688
12459279
12461637
12461784
12462147
12462159
12463254
12463542
12464421
12465144
12465250
12465580
12465962
12466466
12467086
12467427
12467485
12468068
12468176
12468313
12468813
12469167
12469270
12470490
12471127
12471453
12472295
12472699
12473189
12474129
12474297
12474476
12474767
12474984
12475362
12475800
12475941
12476479
12477213
12477520
12477560
12477955
12521564
12523172
12524378
12526586
12529267
12532287
12535770
12537662
12539505
12570750
12570850
12570920
12571040
12571094
12571120
12571611
12571718
12571722
12573076
12573437
12573475
12573513
12573660
12574400
12574950
12575367
12575746
12575785
12576017
12576682
12576951
12577131
12577298
12577307
12577566
12578434
12578437
12578475
12578680
12579142
12579327
12579433
12579799
12580259
12580293
12581140
12611560
12611568
12611939
12612284
12612368
12612519
12612592
12612920
12612940
12612970
12613034
12613847
12613957
12614423
12614431
12614574
12614647
12614783
12614989
12615265
12615467
12615985
12616121
12616655
12617123
12617242
12617856
12618642
12619040
12619515
12619876
12619949
12620239
12620262
12620337
12620659
12620825
12621061
12621475
12622279
12622671
12622756
12622852
12623191
12623234
12623283
12623306
12623518
12623871
12665571
12671898
12749925
12822310
12822353
12822725
12822997
12823111
12824350
12824481
12824886
12825092
12825750
12825949
12826063
12826483
12826829
12827052
12827061
12827511
12827751
12827783
12828845
12829056
12829075
12829129
12829385
12829480
12829617
12829947
12830246
12830349
12830541
12831053
12831064
12831140
12831159
12831161
12831696
12832085
12832113
12832353
12832441
12832706
12832779
12832877
12832902
12833532
12833565
12833673
12853417
12853550
12853607
12853706
12854053
12854402
12854422
12854898
12855268
12855734
12855976
12856219
12856734
12856876
12857216
12857402
12857578
12857642
12857728
12857771
12857805
12858286
12858493
12858714
12858924
12858926
12859348
12859530
12859555
12859864
12860102
12860177
12860225
12860342
12861164
12862031
12862144
12862164
12863352
12863545
12945387
12945439
12945761
12945817
12945845
12946024
12946289
12946303
12946360
12946369
12946505
12946564
12946623
12947605
12947652
12948056
12948275
12948328
12948406
12948701
12948714
12948864
12949223
12949579
12950364
12950497
12950698
12951450
12953007
12953041
12953089
12953107
12953674
12953916
12954013
12954323
12954391
12954466
12955144
12955254
12955453
12955475
12955578
12955854
12955955
12956114
12956128
12956425
12956611
12956641
12956827
12956828
12957384
12958629
12958848
12958903
12985532
12995117
12998099
13023647
13024364
13025178
13027049
13033781
13035025
13035173
13036312
13037236
13037773
13038140
13039553
13043188
13043464
13045526
13050354
13100427
13101070
13101893
13101920
13101927
13102175
13102308
13102367
13102730
13102835
13102942
13103693
13103883
13104546
13104813
13105363
13105393
13105443
13105479
13105665
13106189
13106486
13106505
13106564
13106720
13106771
13106792
13107092
13107351
13107647
13107684
13107718
13107865
13108061
13108102
13108114
13108303
13108347
13108790
13109261
13109599
13110356
13110364
13110529
13110839
13111063
13111401
13112024
13112052
13112365
13112748
13112809
13198688
13199048
13202156
13203161
13203206
13203329
13205894
13206847
13282113
13282223
13282621
13282696
13282942
13283120
13283161
13283290
13283319
13283566
13283786
13283953
13284113
13284239
13284359
13284673
13284962
13285037
13285203
13285357
13286067
13286234
13286655
13287034
13287118
13287136
13287459
13287602
13287629
13287877
13288288
13288341
13288869
13288939
13289287
13289357
13289407
13289697
13289784
13289933
13289952
13290096
13290134
13290263
13290272
13290337
13290338
13290491
13290545
13290557
13291490
13291620
13291772
13292203
13292390
13292498
13292627
13292912
13293029
13293156
13313831
13339249
13339657
13339991
13341112
13341756
13344104
13344124
13344231
13344768
13345567
13345679
13349368
13350547
13350947
13351753
13351781
13353344
13354684
13440550
13440971
13441678
13445781
13449677
13450606
13450762
13451470
13452417
13454853
13455551
13455754
13456554
13457568
13457906
13458201
13458691
13458927
13459130
13459154
13459266
13460186
13461111
13461126
13461585
13462018
13462377
13463312
13463835
13464033
13464270
13464277
13464599
13464757
13464849
13465268
13465632
13468076
13469676
13470820
13471095
13471147
13471525
13471980
13472308
13472550
13472631
13473559
13473595
13473640
13473982
13474282
13474628
13474893
13475030
13475151
13475558
13475700
13475908
13476090
13476456
13476587
13477427
13477560
13477878
13478029
13478163
13478328
13478651
13478990
13479479
13480077
13480601
13480945
13481062
13481517
13482724
13482761
13483039
13483083
13483201
13484066
13484203
13484247
13484586
13484617
13484991
13485272
13485300
13485670
13485709
13485723
13486612
13486662
13488647
13492015
13492392
13495340
13496133
13497579
13499619
13500991
13535329
13536710
13537230
13537267
13538702
13539106
13539265
13540193
13540294
13540564
13540709
13540929
13541239
13541404
13542637
13543291
13543782
13544015
13544190
13544578
13544914
13545167
13545306
13546600
13546726
13547328
13547645
13547776
13547948
13547990
13563047
13563178
13563271
13563693
13563940
13563947
13563950
13564445
13564572
13564661
13564707
13565229
13565344
13565393
13565833
13566302
13566632
13567093
13567313
13567354
13567434
13567709
13567975
13567980
13568209
13568332
13568606
13568782
13569011
13569173
13569188
13569409
13569420
13569463
13569544
13569790
13570005
13570158
13570316
13571022
13571343
13571389
13571734
13571830
13571894
13572075
13572126
13572805
13573801
13574040
13574392
13574523
13574770
13575520
13575551
13575918
13576012
13576826
13576968
13577143
13577212
13577409
13577453
13577740
13627449
13627559
13627675
13627876
13628071
13628267
13628282
13628305
13628544
13628813
13629325
13629368
13629388
13629497
13629587
13629620
13630345
13630392
13630698
13631038
13631884
13631956
13631995
13632008
13632358
13632648
13633191
13633261
13633403
13633604
13633750
13634231
13634638
13635846
13636402
13636451
13636764
13637233
13637571
13637903
13638105
13638139
13638305
13638528
13639867
13640247
13640281
13640352
13699588
13708997
13727810
13727889
13727962
13728069
13728174
13728917
13729330
13729368
13729495
13730028
13730170
13730558
13730627
13730734
13731376
13731394
13731486
13731751
13732168
13732627
13732677
13733477
13733653
13733830
13733905
13733980
13734534
13734716
13734991
13735113
13735254
13735805
13736575
13736961
13737531
13737621
13738141
13738183
13738214
13738264
13738393
13738991
13739619
13740090
13740347
13807919
13808769
13809088
13809218
13809493
13811442
13811529
13812728
13812808
13815518
13817240
13817375
13817447
13817854
13818685
13819473
13820499
13821173
14011676
14015454
14016199
14017084
14018010
14018323
14019431
14019831
14021828
14022889
14022901
14023086
14023186
14023240
14023734
14024214
14025285
14025472
14025763
14026155
14026166
14026293
14026471
14026523
14026678
14026929
14026951
14026958
14027368
14027384
14027394
14027567
14027597
14027993
14028403
14028472
14028806
14028948
14029106
14029449
14029512
14029623
14030308
14031439
14031710
14032708
14032978
14033406
14033521
14034219
14034308
14034366
14034462
14035106
14048188
14115502
14118489
14122376
14122930
14123859
14165751
14170669
14173790
14176197
14176989
14177208
14177367
14180289
14181090
14181985
14182854
14182998
14183094
14183963
14184552
14184866
14185181
14185329
14185554
14187361
14187893
14188455
14189363
14189666
14189715
14191114
14191741
14191833
14191887
14192869
14196998
14197710
14198237
14198405
14198739
14199025
14201445
14201448
14202795
14202902
14203130
14203774
14204685
14204809
14205127
14205534
14205722
14238951
14239713
14240112
14242795
14244151
14245568
14247298
14248115
14249177
14250492
14251220
14252001
14252056
14253374
14254725
14258636
14260273
14260451
14261368
14261562
14263414
14263827
14264698
14264821
14264947
14265716
14265756
14266329
14266775
14267538
14268466
14268777
14270178
14270229
14270467
14271065
14272021
14272254
14272778
14273670
14273971
14274518
14275330
14275869
14275944
14276450
14293341
14293694
14293708
14297649
14298052
14299429
14299454
14301259
14301654
14302806
14303499
14307775
14308369
14343549
14343872
14344234
14344599
14345026
14345475
14345625
14345744
14345760
14346162
14346476
14346570
14347104
14347133
14347637
14347708
14348003
14348195
14348626
14348706
14349942
14350915
14351106
14351706
14352765
14352986
14353277
14353280
14353849
14354569
14354671
14354969
14355022
14355367
14356195
14356726
14357782
14357821
14358058
14358176
14358305
14358463
14359251
14359675
14360019
14360219
14360342
14360573
14360752
14360831
14361113
14361197
14361271
14361673
14361863
14361884
14412898
14413026
14413285
14413432
14413997
14414002
14414502
14414824
14414854
14415498
14415761
14416015
14416748
14417267
14417426
14417598
14417617
14417982
14418461
14420219
14420519
14421239
14421861
14422103
14422522
14423063
14423152
14423203
14424501
14424967
14425131
14425268
14426626
14426964
14427597
14428019
14428140
14428278
14428891
14429779
14430276
14430431
14430541
14431387
14431457
14431516
14431788
14432313
14432395
14433533
14433753
14433974
14434125
14434371
14434654
14434730
14435616
14435719
14435815
14435881
14436229
14436535
14436902
14436955
14437294
14437545
14438951
14457193
14466288
14484088
14534508
14534759
14535738
14536062
14538575
14538710
14538957
14539343
14539694
14540289
14540729
14540890
14540904
14541291
14542621
14543072
14543262
14543873
14544016
14544425
14544604
14544640
14545103
14545183
14545236
14545294
14545304
14546175
14546535
14547539
14547746
14547981
14548371
14548561
14548727
14548885
14549185
14549581
14551211
14551495
14551845
14551981
14552014
14552053
14552290
14552850
14553294
14553302
14553709
14554811
14555514
14555530
14556129
14556192
14556297
14557834
14558055
14558216
14558438
14558652
14559357
14560381
14560487
14560744
14560931
14561288
14561360
14563478
14563508
14563672
14564026
14564053
14564193
14564805
14565035
14565093
14565217
14565548
14565715
14566209
14566996
14567504
14567632
14568519
14568903
14568946
14568985
14569022
14569153
14570122
14570425
14570875
14571261
14571780
14571792
14572133
14572761
14573152
14573262
14573984
14575745
14576181
14576415
14576854
14577170
14577500
14577599
14578006
14579309
14602058
14603862
14604909
14616890
14617914
14618355
14618739
14618760
14618996
14620025
14620532
14620979
14621244
14622182
14622753
14623019
14624121
14624648
14625740
14627214
14627303
14627838
14629862
14630425
14630703
14630955
14634183
14635505
14637441
14737158
14737271
14737377
14738029
14738151
14738711
14738778
14739242
14739397
14739828
14739834
14740399
14740551
14742024
14742795
14742887
14743145
14744010
14744388
14744645
14745396
14745655
14746339
14746731
14747412
14747479
14747480
14747684
14748353
14748575
14748674
14748793
14749347
14749364
14751342
14751635
14751778
14753144
14753633
14753965
14754089
14754549
14754750
14754795
14788024
14793036
14794369
14813293
14815400
14815814
14816242
14820650
14822437
14822800
14823256
14825098
14828169
14829246
14844755
14845101
14845175
14845288
14845434
14845456
14845539
14846345
14846856
14846923
14847770
14848009
14849741
14850015
14850390
14850414
14850714
14852101
14852518
14852702
14852971
14853043
14853236
14853343
14853867
14854403
14854463
14855334
14855576
14855603
14856315
14856423
14856459
14856804
14857462
14857767
14857815
14857831
14857869
14858136
14858579
14858611
14858700
14858707
14858973
14859837
14859992
14860069
14860623
14860650
14860953
14860997
14861003
14861060
14861327
14861788
14861792
14861834
14955633
14956056
14956595
14956833
14956909
14958240
14958899
14959780
14961344
14961394
14962092
14962533
14962545
14963042
14963586
14964778
14964822
14964922
14965010
14965970
14966506
14966708
14967799
14968019
14968273
14968448
14968607
14969557
14997931
14998023
14998125
14998270
14998326
14999524
15000002
15000594
15000746
15000765
15000795
15001143
15001352
15001589
15001834
15001900
15002109
15002449
15002450
15002454
15002459
15002553
15002610
15002805
15003213
15003341
15003420
15003440
15003705
15004587
15004683
15005238
15005576
15005812
15005826
15005901
15005942
15006020
15006075
15006161
15006198
15006216
15006284
15006401
15006505
15006685
15006876
15006999
15007003
15007110
15007629
15007696
15008069
15023988
15024335
15025147
15025673
15026213
15026488
15027949
15027976
15028361
15028574
15028749
15028787
15028865
15029068
15029831
15029870
15030077
15030615
15031440
15031624
15032297
15033293
15095584
15096834
15097582
15098064
15099254
15100749
15101865
15146489
15150547
15156342
15156975
15172798
15172835
15173293
15173372
15173739
15174115
15174397
15175194
15175388
15175503
15175644
15175779
15175919
15175921
15176415
15177543
15178236
15178370
15178694
15179023
15179289
15179822
15180047
15180738
15180916
15181988
15182848
15184816
15227997
15235005
15235348
15236845
15244172
15244217
15313301
15313379
15313381
15313426
15313989
15314568
15315000
15315008
15315076
15315155
15316368
15316626
15316688
15316761
15316868
15317431
15317806
15318015
15318157
15318378
15318780
15318921
15319409
15319418
15319467
15319765
15320665
15320669
15320764
15320924
15320951
15321410
15322291
15322390
15322560
15322579
15322935
15323254
15323718
15323854
15323912
15323921
15323962
15324365
15324583
15325023
15325303
15325393
15326167
15326421
15326728
15326755
15327195
15327227
15327233
15327457
15327548
15327671
15422225
15422593
15422729
15423396
15423548
15423683
15424313
15424476
15424505
15424583
15424627
15425453
15425516
15425671
15425746
15425788
15425822
15426072
15426549
15426952
15427017
15427467
15427608
15427781
15427868
15428075
15429642
15430375
15430383
15431314
15431976
15432132
15432158
15432212
15432389
15432398
15433237
15433897
15434487
15435881
15441196
15444245
15444344
15446313
15464768
15467472
15468603
15470095
15470977
15544614
15544825
15547287
15550091
15550292
15550667
15551739
15554835
15555021
15555028
15559709
15586783
15586835
15587187
15588652
15590137
15591621
15593968
15594068
15595287
15595315
15596506
15598078
15598321
15599275
15599278
15599566
15599844
15600007
15601100
15601651
15602191
15603322
15604092
15604176
15604950
15605462
15606125
15606173
15606225
15606294
15606786
15607249
15607314
15607529
15607830
15607985
15608942
15609133
15610131
15610719
15610817
15610968
15612056
15645253
15671768
15673432
15675793
15675887
15676304
15677446
15677800
15678397
15678563
15680466
15680883
15681897
15701647
15702671
15703101
15704189
15706487
15706660
15709835
15848649
15851610
15851877
15878880
15918428
15918456
15918749
15918951
15919305
15919701
15919707
15919826
15920032
15920764
15920824
15920897
15920952
15921167
15921517
15921590
15921791
15921983
15922167
15922578
15923030
15923192
15923267
15923482
15923760
15924233
15924367
15924420
15924483
15924538
15924906
15925762
15925844
15925867
15926101
15926568
15927533
15927656
15927880
15927900
15928092
15928913
15928939
15929145
15929524
15929915
15930023
15930033
15930093
15930606
15930806
15931154
15931505
15931565
15931650
15932061
15932145
15932209
15932218
15932407
15932489
15932666
15932921
15933314
15933720
15934106
15934170
15934254
15934541
15934644
15934919
15936241
15936253
15936605
15936821
15936852
15937070
15937091
15937740
15937965
15938218
15938473
15938811
15939239
15940433
15940778
15940794
15941142
15941172
15941278
15941447
15941455
15942075
15942163
15943179
15943225
15943240
15943810
15943963
15944010
15944038
15944268
15944336
15944494
15944553
15944580
15944711
15944910
15945200
15945510
15945639
15945722
15946039
15946519
15946583
15946855
15946966
15947152
15947712
15948123
15982885
15983047
15983534
15983727
15984579
15985110
15985603
15986187
15986593
15986747
15986808
15986891
15987325
15987798
15988352
15988368
15988519
15988530
15989987
15990372
15990836
15991111
15991136
15991816
15992119
16053701
16054298
16057558
16058257
16060664
16061499
16061691
16061938
16142260
16142418
16142774
16143039
16144123
16144981
16145261
16145783
16147534
16150115
16151643
16152581
16153468
16154442
16155233
16156512
16156923
16162828
16164434
16165310
16167343
16168791
16188495
16188558
16188785
16188992
16189252
16189483
16189865
16190554
16190903
16191320
16191334
16191511
16191537
16191836
16191884
16192223
16192489
16192892
16193130
16193219
16193321
16193553
16193564
16193674
16193788
16193849
16194138
16194297
16194413
16194424
16194448
16194895
16195041
16195242
16195727
16195995
16196431
16196476
16196596
16196688
16196742
16196800
16196847
16197397
16197851
16198175
16198201
16198492
16198802
16199298
16199475
16246208
16249360
16253269
16276678
16277233
16277289
16277546
16277637
16277897
16278125
16278662
16278761
16279609
16279645
16279792
16279825
16280243
16280472
16281109
16282513
16282694
16282757
16282879
16283124
16283148
16283316
16283348
16283409
16283466
16283519
16284067
16284284
16284289
16284298
16284587
16284772
16284800
16284930
16285085
16285167
16285534
16286248
16286427
16286522
16286537
16286721
16286907
16287306
16287716
16287834
16288020
16288114
16288866
16288958
16289542
16289893
16290207
16290383
16290581
16291966
16292212
16292572
16292619
16292947
16293651
16294381
16294654
16295092
16295567
16295764
16295944
16297059
16298177
16299821
16299903
16300533
16301444
16302258
16302320
16302936
16308996
16392062
16392164
16399954
16400109
16406978
16408393
16408514
16410014
16414316
16416816
16421743
16425730
16426979
16479440
16480663
16481051
16481122
16481772
16482176
16483184
16484467
16485893
16486406
16486473
16487142
16488403
16488988
16488988
16489267
16490211
16492029
16492741
16493379
16494386
16495214
16495345
16495883
16496915
16496941
16622919
16622977
16623460
16623574
16624684
16624912
16625397
16625587
16626334
16626341
16626532
16626782
16628000
16628358
16628541
16628742
16629568
16630527
16630742
16631737
16631785
16631908
16632632
16632959
16633138
16633204
16633698
16633983
16634039
16634092
16634376
16634622
16634705
16634811
16635002
16635285
16635928
16636528
16636687
16683473
16684046
16684194
16684932
16687515
16688351
16689244
16689655
16690428
16690458
16692339
16693778
16695244
16695586
16736946
16738740
16770043
16770561
16770695
16773276
16773469
16774263
16783192
16783556
16793836
16795679
16795892
16800149
16817316
16817392
16817622
16818365
16818784
16818831
16818834
16819092
16819941
16820056
16820519
16821529
16822228
16822334
16822505
16822982
16823128
16823511
16824506
16824539
16825014
16825141
16825223
16825556
16825883
16826486
16826623
16826806
16826978
16827037
16827055
16828278
16828478
16828881
16828949
16829821
16830143
16830902
16831102
16831175
16832002
16832272
16832507
16832855
16833155
16833157
16880876
16882496
16885736
16885936
16886687
16890555
16893782
16894709
16895432
16895960
16895984
16944261
16944484
16944618
16944874
16944993
16945508
16945833
16945875
16946575
16946623
16946709
16946931
16947576
16947799
16947955
16948545
16948556
16948768
16948989
16949297
16949737
16949839
16950254
16950469
16950532
16950583
16950607
16950721
16950927
16951270
16952032
16952193
16952710
16952779
16952893
16953102
16953645
16953681
16953743
16953821
16954032
16954797
16954919
16955028
16955060
16955293
16955488
16955683
16955782
16955812
16955818
16956080
16956540
16958144
16958216
16958375
16958921
16958930
16958951
16959682
16960287
16960461
16960811
16963602
16964038
16964109
16964886
16966358
16968775
16969020
16969042
16969732
16970144
16970831
16972931
16973252
17057883
17057916
17057921
17059013
17059202
17059267
17059760
17059874
17060299
17060628
17060844
17060846
17062381
17062744
17063078
17064692
17064997
17065399
17065788
17066051
17066757
17067026
17067143
17067768
17067917
17068021
17068610
17068749
17068932
17069118
17069961
17070563
17070777
17071371
17071509
17071857
17072099
17072166
17072332
17073395
17073852
17170308
17170741
17171103
17171211
17171224
17171936
17172439
17172519
17173054
17173086
17173412
17173786
17174039
17174679
17174836
17174912
17174946
17175224
17175658
17175724
17175735
17176086
17176458
17176771
17176949
17177570
17177880
17177923
17178049
17178389
17178485
17178681
17179324
17180015
17180030
17180393
17180603
17181079
17181150
17181256
17181592
17181605
17181880
17182060
17182288
17182655
17182687
17182868
17183040
17183343
17183444
17183663
17183818
17183831
17184254
17184576
17184747
17184826
17184911
17185133
17185960
17186008
17186211
17186280
17186399
17186852
17187247
17187269
17187446
17187941
17188061
17188352
17188438
17188764
17188911
17189068
17189361
17189636
17190256
17190544
17190635
17190900
17191101
17191197
17191873
17192049
17192690
17192693
17192903
17193288
17193385
17193603
17193623
17194117
17194242
17194552
17194764
17194877
17194990
17195151
17195250
17247122
17247279
17247919
17248129
17248275
17249167
17249263
17249275
17249426
17249479
17249594
17250087
17250358
17250381
17250637
17250729
17250759
17251078
17251511
17251562
17251676
17251841
17251882
17252497
17252874
17253007
17253216
17254207
17254390
17254586
17255270
17255334
17255670
17255988
17256086
17256169
17256498
17256545
17256653
17257085
17257133
17257514
17257562
17257690
17257760
17258098
17258221
17258367
17288740
17288785
17288815
17289124
17289266
17289676
17290406
17290577
17290864
17290897
17291814
17291880
17292350
17292587
17292641
17292845
17292966
17293247
17293745
17294105
17295041
17295523
17295657
17295921
17296115
17296115
17296236
17296406
17296862
17297044
17297711
17297741
17297874
17298043
17298089
17298787
17298841
17299016
17299099
17299290
17299553
17299573
17299722
17300366
17301778
17302870
17303330
17304081
17304687
17305311
17305712
17307066
17307965
17308862
17310647
17310943
17311020
17311072
17311974
17312371
17312899
17313765
17313923
17314221
17314286
17314296
17314462
17315558
17315941
17315951
17316098
17316256
17316263
17316715
17317103
17317356
17317767
17317953
17318100
17318955
17319020
17319499
17319897
17320105
17320523
17320783
17362555
17367442
17369587
17371111
17433454
17433549
17433570
17433847
17434664
17435660
17435736
17436102
17436227
17436969
17436977
17437205
17437684
17438107
17438530
17439814
17440159
17440380
17441653
17442348
17442474
17443850
17445153
17450354
17450948
17451232
17456504
17456581
17457163
17458122
17458535
17459135
17549027
17549174
17549284
17549586
17550921
17551705
17551917
17552905
17553700
17553853
17554717
17555437
17557455
17557906
17561392
17596859
17597150
17597398
17597458
17597838
17597938
17598618
17599202
17599653
17600633
17600763
17600802
17600814
17600877
17601338
17601561
17601638
17601947
17602274
17602832
17602905
17603224
17603958
17604793
17605072
17605239
17605267
17605317
17605813
17605969
17606017
17606179
17606516
17606909
17607354
17607424
17607472
17607601
17614789
17617777
17618517
17619572
17621561
17622262
17622718
17643670
17643671
17644482
17644566
17644664
17644862
17645860
17647073
17649143
17649542
17649642
17649798
17650542
17651019
17651918
17652192
17652225
17652240
17652852
17653283
17653360
17653594
17653688
17654124
17654513
17654835
17654864
17654956
17655008
17655279
17655838
17656407
17656551
17656676
17656852
17656936
17656979
17657092
17657422
17657622
17657625
17658262
17658401
17658856
17658865
17659430
17659857
17659883
17660112
17660219
17660245
17660587
17661791
17661799
17661949
17662639
17663566
17664457
17664546
17664573
17664655
17664885
17665055
17665085
17665093
17665348
17665417
17665642
17665842
17666032
17667343
17667569
17667795
17668570
17668627
17669177
17669839
17670533
17670802
17670814
17670981
17671003
17671152
17671518
17672118
17672367
17672614
17672871
17674257
17681564
17708488
17718062
17718257
17748610
17749633
17749800
17749856
17750308
17750731
17750855
17750884
17751034
17751245
17751401
17751604
17751610
17752567
17752681
17753232
17753348
17753467
17753790
17753880
17754272
17754426
17754674
17754690
17754865
17754892
17754942
17754980
17756275
17756407
17756628
17757098
17757331
17757415
17757626
17757717
17758072
17758097
17758304
17758558
17758566
17758649
17758714
17759659
17760309
17760442
17760692
17761216
17761319
17761712
17761962
17762066
17762095
17763472
17764198
17765335
17766474
17766733
17766925
17768249
17768410
17768446
17769216
17769852
17769978
17770084
17773792
17773879
17947638
17952983
17953925
17953990
17954389
17954544
17954971
17955519
17957117
17957386
17957388
17957931
17958577
17959821
17959934
17959990
17960054
17960163
17961328
17961493
17961626
17961714
17962799
17963439
17963890
17963901
17964534
17964563
17965048
17965987
17967101
17967218
17967999
17968074
17968086
17968362
17968428
17968483
17968649
17969112
17969745
17970488
17970991
17971208
17971358
17971503
17971738
17971749
17972178
17972205
17972333
17972553
17972864
17973814
17973956
17974056
17974220
17974462
17974864
17974871
17974948
17975210
17975860
17975890
17976215
17976596
17976628
17976808
17976901
17976910
17976988
17976993
17977084
17977521
17977578
17978051
17978054
17978395
17978811
17978915
17979127
17980143
17980334
17980513
17981174
17981833
17981998
17982495
17982581
17982835
17982924
17982929
17982971
17983106
17983188
17983836
17984283
17984351
17984882
17985138
17985202
17985221
17985506
17985935
17986035
17986073
17986215
17986381
17986475
17986706
17986832
17986946
17987092
17987287
17987344
17987494
17987755
17987941
17987977
17987981
17987994
17988139
17988239
17988336
17988392
17988489
17988816
17988835
17988897
17989564
17989821
17990172
17990177
17990216
17990385
17990840
17990903
17992090
17992227
17993016
17993394
17993483
17993484
17993726
17993904
17995135
17995191
17995277
17996063
17996408
17996558
17997088
17997101
17997594
17997689
17997754
17999102
17999535
17999677
18000879
18002001
18002249
18002256
18002358
18003273
18003434
18003556
18003697
18003723
18003876
18004648
18005155
18005210
18005340
18006095
18006659
18007479
18007740
18007832
18008145
18008278
18008417
18008432
18008441
18008817
18009102
18009204
18009325
18009392
18009507
18009554
18009816
18009953
18010160
18010439
18013380
18022054
18089724
18089945
18090456
18090516
18090686
18091114
18092135
18092267
18092548
18092943
18094296
18095172
18095700
18096809
18097300
18097406
18097785
18098201
18098238
18098690
18099028
18100038
18100171
18100190
18101162
18101192
18101266
18101752
18102105
18102314
18102343
18103369
18103370
18103447
18103785
18103835
18104246
18104579
18104605
18104649
18104943
18105056
18105305
18109209
18109833
18110351
18111011
18111030
18112039
18112850
18112975
18113277
18114044
18114752
18114865
18115076
18115252
18119336
18119341
18119360
18119398
18120516
18121519
18121741
18123587
18124342
18129431
18130128
18130348
18135527
18135608
18137940
18144504
18159520
18163056
18171587
18175947
18180639
18183352
18202063
18202938
18202949
18202964
18203057
18203153
18203763
18204120
18204313
18204539
18204692
18204707
18204772
18204886
18205443
18205750
18205789
18205892
18205897
18206240
18206466
18206533
18206871
18206888
18206920
18208194
18208246
18208249
18208288
18208766
18209016
18209111
18209147
18209558
18210817
18210908
18211092
18211279
18211638
18211812
18211884
18212310
18212495
18212515
18212560
18264196
18268064
18279722
18282141
18284874
18285528
18357447
18358905
18359051
18359319
18359367
18360795
18360981
18361059
18361529
18361654
18361975
18362257
18363052
18364043
18365806
18366147
18366213
18367261
18367928
18368220
18368549
18368601
18368927
18370624
18371803
18372021
18372341
18403238
18403959
18407623
18408422
18410020
18410108
18413585
18413927
18415116
18417313
18461635
18462746
18463475
18463499
18465823
18466851
18467162
18467781
18468411
18468518
18468991
18469023
18469094
18470042
18470152
18474512
18475287
18475289
18475388
18477321
18477771
18477972
18478082
18478128
18479178
18479505
18479519
18479641
18479753
18480226
18480605
18480944
18481260
18481557
18481637
18482145
18482230
18482617
18482692
18482855
18483199
18483473
18483806
18484084
18484365
18484409
18484974
18484984
18485488
18485685
18486990
18487038
18487201
18487429
18487452
18487526
18488203
18488365
18488505
18488608
18489010
18489066
18489114
18489180
18489198
18489319
18489744
18489803
18489912
18489916
18503557
18503717
18504034
18504890
18504998
18505201
18505517
18506779
18507237
18507594
18507650
18507707
18507746
18508341
18508344
18508388
18509326
18509624
18509917
18510144
18510229
18510591
18510927
18511371
18511607
18511642
18512128
18512305
18513293
18513395
18513574
18513745
18513746
18515152
18515238
18515683
18515746
18530846
18530915
18531601
18533800
18533940
18534599
18534807
18535682
18535821
18536062
18537558
18538226
18538749
18539161
18540119
18541355
18544531
18545434
18546230
18546852
18547337
18547766
18548981
18549188
18583181
