47
3966
11142
12185
16655
19170
19459
23057
23117
25603
26575
30894
31063
33433
34655
35431
41426
41668
41921
45005
46944
47472
47990
48339
52681
54053
54302
58317
60571
63558
64917
66157
66179
66688
66748
68171
68769
69974
70383
73105
74982
75508
76323
77423
78627
78908
79709
80833
86425
90902
90973
93298
95560
99826
103847
107291
108638
109663
112463
115727
118374
122882
123583
124762
127079
135272
135629
143344
146283
146575
150021
151745
152046
153753
155325
155927
160114
161686
167208
167734
168514
171557
172631
177618
181272
181879
183522
187788
188763
189172
190588
194007
198868
200349
200823
204966
208649
208997
210958
214315
220115
220162
220737
225989
226213
226864
227635
228065
229101
229802
230640
231031
232639
233118
234377
236757
236881
237765
245125
245251
246175
247520
247523
249106
249593
251553
256028
259813
266174
266757
270295
271153
273493
273632
274492
275028
275661
277065
278649
280751
281239
283621
284058
285640
297439
297726
299077
300786
300951
302689
302787
303416
305941
308092
308206
310770
315271
316304
319209
320313
320639
321528
325876
328171
328353
328440
330054
332886
333375
334728
335107
337669
339364
344683
345592
345871
347420
350360
351370
355888
356256
356706
361058
363271
365598
371297
371718
375638
376610
377013
378823
380793
382093
383086
385969
386163
386167
387287
387918
389289
389697
398100
399440
402678
405732
407661
409648
411087
411650
413631
416155
416329
416752
417850
419167
421335
424914
426136
426221
427965
429061
429423
430526
430880
431969
436847
438162
439558
444258
448112
450793
451552
454343
455181
455359
457325
459650
460332
461217
465693
467607
467662
468829
473135
473835
475450
476252
476932
479431
481242
484813
484990
487698
488117
489797
492316
496123
496222
499183
500140
502325
505201
509152
509910
511507
512345
519229
521433
523137
525387
534478
534528
536031
540851
545888
551201
552880
553010
553800
553990
555160
555232
556760
556771
558873
559101
560593
561441
563426
564495
566042
568083
571169
571995
577328
578678
581052
590118
590787
591655
593231
600236
600740
600808
601874
602011
602743
602904
606210
610319
610905
612797
612824
613825
614051
616025
616191
620686
621867
622562
625195
626023
626111
626847
631639
635637
636280
636765
637461
641177
641559
642536
645789
647446
649317
650485
650763
652007
653095
653876
658903
659586
660045
661330
664294
664729
665152
667011
669837
670340
670776
672598
672854
673259
675796
676480
676813
678680
680068
680941
685390
685990
686096
687240
687261
690450
690794
693690
695131
699776
701988
702862
703597
706229
707570
707683
710290
710818
711249
712542
713052
716686
718533
726149
729021
731540
732308
732324
733631
733928
735357
737074
738567
739380
739917
741208
741831
745834
753281
754448
756730
756973
762835
764681
766943
770131
770515
771941
772723
773485
774280
774724
775242
775635
776667
783945
788007
801724
802276
804580
804584
806887
822309
823752
823831
831384
831586
833844
835982
836007
837427
839219
842438
842756
843108
845785
845976
849249
851519
853382
856343
856363
864683
872031
875484
876007
877213
878502
879215
880542
880769
884106
885022
885501
889053
891014
891924
894056
895408
896029
896096
896533
899967
901222
901269
905262
906045
908688
908962
909758
910706
910925
914221
916086
916142
918026
919574
920409
921321
921879
922171
922322
924272
924915
927289
928450
928901
930590
930915
934921
935388
936463
937635
937700
938204
942420
944762
944884
945164
945400
946460
947100
951574
953000
954423
954445
954987
955493
959347
961432
965246
967765
970603
971827
972366
972407
972860
973477
974169
975089
986613
989704
991172
993841
995179
995883
996604
997094
998546
1000088
1001487
1002359
1002621
1006327
1007362
1012557
1015293
1020287
1021011
1023982
1024135
1024688
1027217
1029904
1030391
1030684
1030787
1031489
1033224
1036716
1037029
1038121
1039170
1040381
1041266
1041787
1044590
1044830
1045772
1047448
1048359
1050747
1050963
1053300
1054610
1057928
1058312
1058948
1062455
1064374
1064516
1064661
1066129
1070553
1072819
1073454
1079295
1081898
1082963
1084661
1085542
1088662
1089189
1090426
1093706
1094002
1094326
1095934
1097053
1102544
1104967
1106066
1106356
1106357
1107772
1109319
1111222
1113659
1113867
1116345
1116492
1121468
1121746
1122358
1124949
1125155
1128598
1134431
1134868
1134947
1136746
1137754
1139777
1145281
1146954
1149948
1151091
1158241
1159594
1164474
1165001
1167802
1170178
1174135
1175347
1179730
1180188
1180550
1180945
1181304
1183614
1186463
1186757
1188551
1189642
1189897
1190709
1191137
1195956
1196782
1197960
1202209
1203076
1205880
1207795
1208792
1209634
1211047
1211677
1213841
1215884
1216518
1217117
1218785
1221055
1225622
1226068
1226529
1228223
1228935
1232165
1233602
1233843
1235484
1237037
1237288
1237983
1238795
1243559
1243568
1244579
1245668
1249561
1256051
1259287
1259375
1260792
1264466
1265777
1272961
1276753
1280396
1282811
1286483
1287155
1287726
1290330
1290760
1295454
1295759
1297903
1304142
1312398
1313098
1315121
1322292
1323649
1326144
1326560
1326761
1326878
1328924
1330310
1331890
1334403
1336233
1337583
1338240
1338384
1349573
1350987
1352717
1356401
1362689
1363119
1366012
1367019
1370536
1370538
1371579
1372426
1380272
1381191
1384192
1386781
1387018
1392147
1393563
1393586
1393671
1395309
1397151
1398837
1400726
1401604
1402400
1402724
1404651
1405461
1411394
1412543
1413441
1414079
1414205
1415316
1418395
1419141
1420912
1421354
1423847
1423960
1426869
1427484
1428138
1429118
1429400
1430012
1430791
1431168
1431446
1435399
1435736
1441422
1443927
1444911
1446836
1449188
1452447
1454532
1454941
1460012
1461050
1461133
1461701
1462945
1465032
1466032
1466146
1470116
1471140
1479107
1481173
1482776
1484677
1487270
1490037
1493420
1495136
1497159
1499417
1500203
1500396
1501097
1501309
1501725
1504170
1505384
1505911
1507281
1508686
1511093
1511171
1512159
1514184
1514416
1515909
1518088
1520861
1521607
1525751
1525937
1527188
1528754
1529074
1529186
1530002
1533639
1537969
1538208
1540467
1541545
1543275
1545219
1545394
1545734
1549056
1549517
1549631
1551060
1552445
1553234
1556771
1557168
1557355
1557606
1557977
1558384
1558737
1560314
1565870
1567034
1569056
1572016
1572730
1577195
1577293
1580131
1580613
1589968
1590346
1594317
1596685
1602176
1603074
1605675
1607701
1607954
1608808
1612975
1613083
1618289
1621899
1622374
1623018
1623611
1625348
1626441
1627016
1627812
1627953
1628180
1628800
1629191
1631109
1631943
1633667
1642010
1648038
1648439
1651157
1652087
1654875
1655002
1659007
1661481
1668052
1671590
1673132
1676912
1676970
1677655
1678342
1680309
1680657
1680851
1681393
1681621
1681643
1681791
1681863
1683376
1689090
1695035
1696632
1697433
1697680
1707760
1708390
1711521
1711992
1715799
1721033
1721253
1725222
1725836
1726049
1728273
1728448
1728772
1729526
1730301
1731402
1734364
1734443
1735129
1735647
1736247
1738576
1739139
1744949
1748606
1751890
1755215
1755747
1756479
1757111
1757292
1758336
1758484
1758923
1761521
1761925
1762570
1766541
1767195
1769797
1776209
1782966
1783868
1785598
1790717
1792634
1792985
1793452
1793915
1794456
1797553
1798570
1801623
1803461
1803602
1806020
1808646
1809143
1810145
1813442
1815040
1816095
1816362
1818573
1818801
1821190
1821972
1822494
1822930
1829753
1829885
1830026
1833672
1834597
1834919
1834953
1836085
1840416
1844359
1846882
1846970
1847152
1850562
1851179
1851260
1853849
1855122
1855441
1856362
1859277
1859510
1861993
1864414
1864769
1866779
1867875
1868790
1869243
1870274
1873508
1874256
1874513
1876123
1876959
1877413
1879644
1880379
1882882
1883767
1885262
1887330
1889642
1890778
1891045
1891198
1891844
1892177
1893423
1894078
1894777
1898549
1898887
1901617
1901936
1902162
1904113
1907144
1907334
1909067
1914504
1916190
1918695
1919092
1924305
1924422
1927010
1927831
1928998
1930867
1931912
1931991
1932362
1937011
1939371
1939464
1940835
1941067
1941185
1941533
1949291
1952223
1952530
1955676
1956411
1958501
1961144
1962577
1963911
1963987
1964860
1970870
1972521
1974331
1974858
1977960
1978239
1980426
1981067
1981237
1983855
1984118
1984541
1985208
1988420
1989381
1989683
1989776
1992999
1998611
1999286
2001054
2002425
2003396
2003431
2007690
2007938
2008384
2008932
2009171
2011532
2015055
2019022
2019357
2020085
2023976
2027182
2032462
2033872
2034123
2040980
2040997
2042929
2043017
2045095
2049408
2049444
2049952
2052581
2054184
2054767
2059045
2060887
2065538
2065770
2065980
2067052
2067323
2067365
2068742
2069459
2071765
2074346
2075420
2076468
2077420
2081093
2083309
2084607
2087939
2089576
2090682
2092711
2096183
2096233
2100255
2103520
2103963
2104317
2106422
2107679
2108217
2108534
2108856
2110708
2110723
2118139
2120889
2120913
2120943
2123422
2124748
2126247
2127728
2128146
2128315
2129712
2136385
2136782
2137239
2138164
2139958
2140599
2141242
2142952
2143459
2145573
2149361
2151951
2153090
2156220
2157597
2160285
2163441
2164513
2164873
2165585
2167585
2168344
2169620
2169710
2170539
2171006
2172914
2173102
2176191
2177119
2178797
2179761
2182566
2183335
2186558
2188934
2192139
2192679
2197428
2198710
2199082
2200885
2201338
2202469
2203842
2204258
2204704
2206816
2211487
2212143
2214351
2215672
2215960
2217730
2219222
2220415
2223157
2227245
2227843
2229697
2232598
2237891
2238010
2238179
2242467
2247106
2247337
2249649
2251927
2252679
2253509
2255574
2258472
2265374
2267103
2273267
2274626
2274901
2276835
2278335
2279326
2279817
2282732
2283520
2285089
2289550
2289658
2289832
2290904
2296271
2297636
2299538
2303360
2304948
2306867
2307466
2308730
2310163
2314006
2319347
2325667
2325954
2326152
2328568
2329134
2334316
2337302
2337480
2338577
2340878
2342866
2345085
2347420
2350253
2351074
2351120
2351429
2351544
2351689
2353103
2355923
2356834
2357680
2357764
2358184
2363129
2364193
2364701
2365293
2365378
2367371
2369425
2371466
2375685
2377289
2380389
2380850
2381921
2384328
2384962
2385458
2388053
2389280
2389445
2389923
2392303
2392704
2393802
2395562
2395603
2398718
2403702
2405459
2405463
2408150
2408649
2408857
2411226
2411792
2414059
2414066
2415639
2416830
2417277
2421290
2422427
2423496
2424171
2424597
2428585
2429015
2429667
2429847
2432953
2434102
2436737
2437953
2444324
2445458
2449201
2449552
2450399
2452757
2458205
2458780
2459033
2459848
2459896
2460390
2460645
2463252
2468214
2469950
2472714
2473829
2478220
2479370
2480594
2488487
2490035
2491979
2498365
2500090
2501252
2502088
2504355
2507098
2507387
2508636
2509758
2511223
2512308
2513830
2517492
2517946
2518487
2518540
2522534
2523760
2525947
2526028
2527168
2527760
2527774
2531605
2531974
2533637
2535283
2539666
2541553
2545542
2557374
2557829
2558801
2561348
2565039
2565654
2568735
2569973
2572211
2572467
2572818
2574653
2577696
2578609
2579151
2579380
2580694
2581292
2582192
2583890
2584292
2585015
2587503
2592149
2592863
2594770
2595638
2595988
2597627
2598727
2600254
2605273
2605336
2606004
2609517
2618699
2620464
2627260
2627309
2631406
2631678
2631763
2633730
2635592
2637032
2637060
2641133
2643025
2643064
2645771
2646772
2646804
2656746
2660698
2660867
2661863
2662790
2664524
2667660
2669236
2669265
2671535
2671601
2673969
2675139
2678196
2679950
2680598
2681282
2682443
2683127
2683929
2685341
2686566
2690534
2691748
2692519
2693796
2696937
2697173
2703052
2707700
2709410
2709499
2710355
2711188
2711741
2712312
2712769
2714693
2714804
2716404
2716912
2719029
2722508
2724395
2724963
2725346
2726402
2728830
2730651
2731289
2733567
2736044
2739098
2742244
2744983
2745965
2746064
2746200
2749986
2754804
2755413
2764434
2767080
2769590
2772139
2775135
2775654
2776906
2778001
2780955
2784477
2785359
2788268
2791176
2792368
2799944
2804212
2804600
2805924
2808834
2809298
2817162
2819044
2822142
2828292
2831787
2834753
2834868
2835317
2837474
2838077
2839998
2842537
2842655
2845461
2846427
2846850
2847363
2851377
2853933
2854892
2855302
2857530
2859357
2860165
2860344
2860625
2863750
2864748
2865324
2869035
2870950
2875101
2875145
2876714
2880552
2880980
2881752
2881976
2882020
2882498
2882761
2884496
2884713
2885302
2892896
2895443
2895962
2901583
2902228
2909083
2910936
2911591
2915154
2915367
2917950
2920118
2920319
2921384
2921666
2921994
2924876
2925245
2926316
2931041
2932684
2937180
2941678
2944733
2946371
2946762
2946909
2948715
2952931
2956420
2957206
2960364
2964015
2965474
2965789
2967014
2967828
2969023
2969525
2970522
2972640
2974027
2976673
2977392
2981449
2982426
2983334
2985244
2987597
2987959
2989800
2991385
2994969
2997150
3000472
3000972
3001481
3004032
3006776
3007868
3008068
3012847
3013450
3014370
3016778
3018112
3022188
3025587
3026244
3026783
3027062
3027554
3028070
3029207
3036713
3037249
3040928
3041671
3041793
3051772
3052403
3053589
3054982
3055494
3056139
3059404
3060393
3060680
3065184
3067364
3070429
3071000
3073379
3080421
3083795
3084028
3085036
3086557
3086601
3092860
3093251
3094293
3095732
3097304
3101823
3101980
3106156
3107510
3108629
3109008
3109027
3109424
3109880
3110070
3110184
3110540
3111283
3112248
3119219
3122913
3126563
3126689
3127095
3128198
3132048
3133158
3134204
3135126
3135748
3137221
3139993
3140405
3146058
3150420
3154954
3158261
3160440
3160998
3164507
3168314
3169304
3169824
3171169
3173705
3178722
3179041
3179258
3180690
3181061
3181868
3190566
3191166
3193902
3194459
3197018
3197971
3198500
3198820
3199664
3200546
3201882
3202776
3202897
3204330
3204463
3207364
3211980
3212302
3217012
3220073
3223086
3223323
3224178
3224296
3229137
3230323
3231530
3231650
3234428
3234789
3234980
3235190
3236209
3239305
3239724
3240957
3245475
3245651
3246605
3247569
3250871
3252678
3252879
3260425
3260747
3268942
3268977
3270357
3272003
3272387
3275403
3277470
3277712
3279644
3281685
3282634
3282658
3282665
3286998
3287887
3289155
3294497
3297536
3299164
3300964
3302130
3302905
3303247
3303891
3308807
3311022
3313592
3315920
3316150
3316303
3316468
3316488
3317822
3319699
3323238
3326515
3327994
3330247
3331321
3331451
3333320
3335136
3335244
3335337
3337021
3338897
3340189
3342459
3342833
3343160
3343803
3346308
3351361
3353435
3354333
3354813
3355322
3362465
3364522
3366838
3367006
3369634
3370478
3371632
3372336
3372874
3374254
3374382
3374503
3374950
3377073
3377716
3377873
3378168
3378264
3379662
3379795
3384924
3385600
3385873
3386983
3388000
3391355
3392311
3395364
3395789
3399113
3401061
3403626
3405384
3409590
3412826
3414366
3414746
3416061
3418018
3419703
3420530
3421037
3421480
3421541
3423233
3424593
3424739
3426321
3427259
3430056
3430722
3432412
3434465
3434744
3436726
3438465
3439875
3444041
3447069
3448112
3451709
3453900
3455180
3456534
3456709
3457513
3461419
3464385
3466724
3467723
3468637
3473220
3475793
3476268
3476699
3479102
3481832
3483699
3485110
3486614
3487362
3491352
3491931
3492021
3492470
3492960
3494200
3494561
3497706
3498148
3498846
3500490
3505243
3505508
3505608
3508010
3509796
3514991
3520439
3523805
3525279
3527575
3531404
3531573
3532754
3534309
3534944
3535276
3536142
3538863
3542221
3546761
3549066
3553502
3554007
3554730
3555318
3557362
3557727
3558048
3565305
3567327
3568374
3569264
3569768
3571842
3574180
3574368
3574944
3579706
3581567
3583415
3583654
3584786
3589383
3590205
3591914
3595157
3596163
3596890
3597807
3600357
3600600
3602911
3606177
3611661
3613088
3613857
3616011
3616517
3618143
3618532
3621888
3622940
3626541
3627581
3629056
3631638
3633299
3633935
3637356
3637729
3640126
3641315
3643024
3645348
3647139
3648034
3649069
3655109
3655752
3656051
3656563
3659183
3660015
3663529
3668780
3670005
3679782
3680469
3685878
3687204
3687416
3689917
3692754
3695455
3696381
3698961
3705066
3705592
3706100
3706226
3708463
3708521
3709999
3711106
3712532
3714420
3715476
3717415
3719292
3719557
3721251
3722132
3722702
3722884
3728225
3729924
3734181
3734700
3735790
3736528
3738272
3740014
3740654
3742120
3742890
3749867
3754955
3755343
3755999
3756503
3757679
3758081
3760230
3760802
3764718
3767150
3768773
3769843
3770757
3773193
3774966
3776031
3776266
3776782
3778059
3779092
3780308
3782401
3784683
3787348
3787531
3788789
3789166
3789178
3792057
3792326
3795422
3796543
3798311
3798824
3801535
3809188
3811365
3813798
3816009
3816089
3818677
3819891
3820422
3820737
3821398
3821598
3823729
3823912
3827276
3827318
3827754
3829023
3833195
3836411
3838528
3843865
3847290
3848070
3850731
3858796
3859011
3860373
3862188
3870991
3872769
3874606
3875529
3876264
3876572
3877271
3880784
3880980
3881250
3883195
3884835
3886326
3887147
3887920
3890126
3892059
3892799
3893187
3893890
3896531
3896848
3900492
3901358
3903047
3905940
3907667
3910646
3910949
3913052
3913058
3913284
3914198
3915842
3922547
3922736
3923906
3928478
3932565
3933969
3939001
3940268
3940572
3943439
3948434
3949288
3949860
3951368
3955614
3957459
3960300
3960315
3962922
3966698
3968805
3969501
3971296
3972963
3975447
3976988
3977493
3980197
3980699
3982380
3983233
3989585
3990890
3991400
3991981
3992958
3993247
3996295
3997067
3998895
4002006
4003435
4005046
4005822
4007519
4008021
4008374
4010648
4012414
4015477
4024945
4026195
4028245
4029908
4033516
4034242
4036830
4038008
4039888
4040283
4045046
4045436
4045544
4045675
4046344
4049387
4053831
4054385
4062620
4063245
4063267
4063378
4066449
4066612
4067556
4067809
4071563
4080698
4083303
4085401
4086831
4088830
4091234
4091300
4093416
4094820
4096771
4099587
4102494
4108538
4109603
4113667
4118958
4120519
4120738
4122145
4122516
4125013
4125889
4128672
4129254
4133489
4135262
4135902
4136522
4137018
4137100
4138942
4140961
4143382
4145325
4149833
4151600
4153725
4156103
4159792
4160453
4164449
4164945
4165060
4169974
4173317
4175532
4177528
4178360
4178477
4178499
4179045
4180432
4182876
4183545
4184239
4184476
4187260
4187281
4187640
4190086
4191937
4203978
4207808
4209380
4214209
4214253
4214647
4214680
4215159
4216076
4216671
4218964
4222532
4223965
4224495
4225744
4228033
4229287
4231297
4235208
4236546
4242811
4244043
4246675
4248063
4251304
4251936
4256436
4256651
4258914
4261448
4261678
4262677
4263569
4263600
4264332
4264651
4265240
4266485
4269038
4269165
4272200
4272396
4273448
4274923
4275824
4277518
4279348
4280559
4281723
4281894
4283935
4289829
4296133
4298424
4301041
4303286
4304211
4304298
4304587
4308547
4311232
4311417
4315781
4318370
4319117
4320383
4322437
4325216
4326547
4332335
4332543
4332851
4333155
4333486
4334053
4335052
4337842
4339575
4341107
4343180
4343214
4345139
4348346
4349820
4350920
4351823
4353694
4360318
4361253
4362040
4362838
4363795
4365457
4368662
4369692
4371194
4371435
4374283
4381983
4382228
4385536
4389037
4389082
4389685
4390239
4390375
4392350
4393368
4395298
4401320
4401539
4401923
4402494
4406254
4412801
4414322
4414854
4418709
4421578
4421660
4422891
4423724
4424528
4427251
4427266
4427624
4428817
4430324
4433834
4434142
4434644
4436735
4437379
4438123
4444334
4444418
4445289
4445663
4447360
4448981
4449376
4451231
4453483
4453923
4454651
4458240
4458933
4459366
4463881
4469252
4470747
4474457
4476561
4476952
4477882
4478201
4478754
4480116
4480450
4481899
4484592
4485770
4488142
4491537
4497573
4498767
4500459
4501946
4506553
4507379
4508726
4509081
4509172
4512479
4512502
4513707
4515776
4517116
4523243
4525523
4529054
4531615
4535235
4535964
4537393
4539535
4539538
4539754
4540028
4542037
4546059
4546397
4549946
4551249
4556576
4557826
4561158
4563624
4567491
4569765
4572770
4573486
4577738
4578248
4580259
4580626
4589478
4591154
4593516
4593628
4596527
4596737
4597813
4598225
4599389
4601659
4606601
4606702
4608887
4609072
4609107
4610512
4613236
4617358
4619039
4619298
4620846
4622628
4625123
4625586
4626830
4628933
4633985
4634889
4636733
4640929
4642493
4643069
4644249
4644421
4644473
4645152
4648376
4649827
4652314
4654116
4661514
4665935
4667038
4668893
4670104
4670271
4672462
4679754
4682125
4682266
4684646
4684916
4686556
4687473
4688425
4690405
4691464
4693941
4701783
4703332
4703936
4704751
4704786
4708294
4713290
4715606
4718019
4719246
4719485
4719946
4723228
4723292
4726116
4727912
4728292
4728500
4729585
4732448
4733130
4736916
4738437
4738478
4741893
4742025
4742759
4742828
4742889
4754412
4756005
4757682
4761583
4761725
4762200
4762911
4765173
4766722
4768626
4768828
4770040
4777816
4779621
4783859
4784059
4787829
4791433
4791496
4793063
4793432
4793784
4794051
4794625
4794671
4797722
4798961
4799151
4800071
4801957
4802070
4805189
4806551
4807815
4810474
4813361
4815327
4815593
4819024
4822101
4826728
4827591
4830617
4832150
4832885
4835456
4836411
4837626
4838398
4838959
4839861
4843897
4844261
4845659
4846290
4849758
4850048
4857282
4860531
4861967
4863979
4864649
4864784
4864883
4866035
4866865
4867331
4867642
4871785
4873066
4873986
4874881
4877780
4880726
4881037
4883048
4887339
4887733
4888461
4893077
4893565
4893656
4897095
4899227
4899752
4901099
4901736
4901843
4902629
4903819
4906310
4911151
4911804
4912512
4913353
4915273
4915742
4915825
4916012
4917592
4920133
4920829
4921627
4922259
4922742
4922911
4923174
4923781
4925932
4926425
4926805
4928001
4937491
4938167
4940653
4943796
4945042
4945596
4946307
4949193
4955646
4960611
4960634
4960966
4961884
4962569
4965793
4966530
4970727
4971737
4972080
4974832
4975808
4976658
4978045
4981208
4986351
4986615
4987829
4988810
4990660
4995389
4996658
4996674
4996720
4999444
4999585
5000921
5002514
5005031
5005040
5005345
5012640
5013210
5015552
5019109
5021223
5028487
5033415
5037388
5038074
5038837
5040435
5041229
5041490
5041963
5045200
5046568
5046779
5047339
5047939
5048709
5053350
5054132
5057662
5060361
5067343
5068252
5071080
5071478
5073911
5075348
5076261
5077740
5079332
5079384
5079408
5079769
5081935
5082397
5084261
5085521
5085629
5085679
5086064
5087471
5092972
5099388
5102131
5103555
5103576
5104347
5104798
5105857
5108660
5109700
5115494
5115526
5120385
5122647
5123907
5124138
5125413
5125981
5130581
5131806
5132983
5137079
5139708
5141243
5141629
5144907
5147337
5150475
5151111
5155488
5156726
5157731
5164432
5170384
5172077
5174100
5176922
5179676
5185253
5185315
5189289
5194111
5194115
5198715
5199501
5200609
5203572
5204739
5206596
5212025
5215429
5225843
5225958
5226728
5230230
5231719
5232998
5233144
5238395
5243664
5246283
5247967
5250267
5255216
5255730
5256759
5259834
5260727
5263220
5265286
5265614
5267797
5269669
5270486
5278345
5280163
5282094
5290288
5292488
5303130
5304056
5304723
5306089
5308111
5308354
5310383
5312120
5316107
5321505
5330501
5331405
5331549
5332670
5332777
5333071
5333651
5333963
5335287
5338853
5339737
5342334
5347289
5348439
5349721
5350834
5351955
5354267
5355554
5357126
5358473
5366100
5367327
5371444
5372873
5374633
5376281
5378637
5379159
5382804
5384440
5386998
5387939
5392490
5392493
5393488
5394365
5403520
5404626
5405230
5406640
5407162
5407323
5411239
5411683
5412378
5412600
5415037
5415264
5417085
5417675
5419003
5419394
5421970
5422801
5423722
5427546
5428435
5429237
5431171
5433613
5434465
5435373
5436361
5437316
5437687
5445065
5445114
5446960
5447569
5447904
5449112
5455498
5456083
5456817
5457340
5459834
5460335
5461151
5466707
5467673
5470106
5471244
5473925
5474624
5476800
5476858
5478398
5478507
5479284
5481797
5485822
5486708
5487462
5487631
5487949
5489828
5490819
5491737
5493482
5494440
5496219
5498313
5499271
5501235
5502857
5509852
5509940
5512775
5512840
5519432
5519850
5521984
5523272
5523682
5524394
5524621
5525147
5529412
5530293
5532910
5536968
5539967
5542594
5543712
5543952
5547767
5548547
5548777
5550641
5552108
5552645
5554170
5555579
5555819
5557004
5557592
5557806
5557816
5558939
5560206
5561167
5563473
5563508
5565618
5568550
5572965
5575237
5577833
5579547
5583380
5584397
5584604
5587834
5591081
5592130
5594470
5594947
5594948
5595996
5596484
5597905
5598602
5598741
5604494
5610920
5610924
5611692
5613944
5614702
5619086
5620048
5628990
5631932
5633783
5638990
5643038
5643239
5643989
5644307
5646061
5646973
5652096
5656442
5658063
5659267
5660141
5660831
5664323
5665230
5666010
5666874
5671165
5676945
5680600
5685532
5687139
5692943
5694142
5694304
5695229
5695802
5699216
5700829
5701615
5702380
5705404
5708415
5708489
5714473
5715920
5716743
5719952
5720142
5720483
5722754
5723443
5724425
5726628
5728405
5729849
5733369
5739064
5739150
5739373
5740548
5741903
5744309
5749359
5750591
5751533
5751887
5752937
5753333
5755692
5758022
5758117
5759328
5760775
5760996
5762898
5764382
5765323
5765539
5767256
5769769
5774704
5775021
5775266
5775699
5780409
5780804
5781119
5781804
5782715
5785507
5786411
5786749
5787464
5787697
5788447
5788972
5790467
5792371
5792639
5793854
5795015
5797636
5798040
5798406
5799302
5799813
5800746
5805349
5810093
5811040
5811445
5815263
5818360
5820964
5824581
5826251
5835112
5836376
5838268
5843111
5843345
5844466
5845058
5846109
5846485
5848768
5854423
5858706
5858929
5859221
5862078
5863675
5865381
5866446
5867019
5867548
5870309
5870379
5871601
5873695
5873880
5875450
5875637
5876949
5877956
5880661
5880955
5884516
5885380
5886112
5888110
5893865
5898335
5899698
5900530
5902135
5902398
5904595
5904870
5905608
5906794
5909084
5911550
5915658
5917156
5918171
5919445
5921165
5921621
5922773
5923508
5923957
5928330
5928401
5929620
5932105
5933020
5933520
5934485
5935925
5937621
5939498
5940344
5941005
5941478
5941822
5943164
5946197
5948081
5948709
5951095
5951789
5962302
5963212
5969847
5971736
5973722
5974806
5976369
5977843
5981607
5983164
5984222
5985240
5985739
5987979
5989678
5989883
5991873
5992535
5997183
5998319
5999516
6002427
6002509
6002945
6003128
6003509
6004330
6005520
6008380
6011253
6013272
6016237
6016505
6017920
6021682
6022279
6023439
6023888
6026336
6027237
6027992
6028199
6028658
6030322
6031269
6031589
6040567
6040855
6041003
6042731
6044893
6050088
6051287
6054455
6055613
6058806
6059666
6060003
6060267
6062689
6064407
6065668
6065800
6065852
6065925
6066512
6067332
6069696
6072355
6073239
6077856
6077903
6079749
6080842
6082621
6082756
6082774
6084078
6085429
6086078
6087655
6091564
6096921
6097689
6103080
6104718
6104946
6110308
6111727
6112638
6113009
6113175
6113960
6120300
6120546
6121785
6122471
6122781
6123007
6123009
6124083
6128087
6128315
6128447
6131186
6131749
6132432
6134265
6134754
6136596
6137681
6147152
6148964
6149373
6149693
6150997
6151812
6152742
6153098
6153828
6153959
6156514
6156570
6158637
6159432
6159595
6163423
6165044
6165540
6166154
6166386
6167713
6171704
6172777
6175866
6180532
6182508
6186319
6187609
6187863
6191041
6196378
6199722
6200965
6203404
6206602
6211863
6212554
6213817
6218187
6222224
6222452
6224684
6226129
6226185
6226229
6226232
6227645
6229187
6230463
6231566
6233060
6237851
6238266
6239348
6239377
6240919
6246068
6251427
6252503
6253085
6253119
6254276
6260168
6262507
6263924
6266854
6267769
6270368
6271934
6273710
6277307
6277587
6277589
6281482
6281727
6286719
6287126
6288948
6289093
6294778
6298476
6301858
6303336
6309718
6315559
6316881
6317871
6319544
6319622
6320836
6322320
6324979
6325357
6328210
6329104
6330176
6331672
6333002
6335098
6336258
6337824
6339124
6339869
6340467
6340776
6341726
6342498
6346671
6347073
6349544
6350290
6350956
6352159
6352471
6358089
6362843
6367989
6373408
6380505
6381931
6383492
6385205
6386529
6391894
6392469
6394959
6396004
6396635
6398139
6399036
6399590
6402195
6403244
6407633
6409794
6411415
6412956
6418351
6420409
6422089
6423649
6424987
6425345
6427420
6429595
6435448
6438547
6440269
6441195
6443389
6443409
6444742
6447836
6447886
6450032
6450794
6451140
6452249
6457370
6462420
6463026
6469141
6469303
6469383
6475439
6475572
6476967
6477068
6477344
6477592
6477757
6491034
6491956
6492289
6494009
6494524
6494648
6495331
6495836
6497695
6499442
6500269
6501953
6503224
6503621
6503681
6505100
6507702
6508573
6510341
6514454
6522988
6524505
6524633
6524932
6528437
6531280
6533497
6535336
6537102
6539736
6540830
6546846
6547346
6548902
6550482
6550732
6551160
6551391
6552284
6552700
6554171
6555237
6556814
6557077
6558556
6560829
6562413
6562589
6566448
6568434
6570542
6571624
6576546
6579617
6579703
6581535
6581668
6582234
6583538
6584066
6585339
6586245
6587772
6588898
6590535
6591377
6597917
6602346
6603836
6605005
6610437
6613699
6614580
6615911
6617545
6621236
6621604
6622447
6626065
6627027
6630990
6635877
6641060
6643018
6643400
6645896
6648772
6650272
6650386
6653521
6655269
6656479
6659834
6663439
6670289
6670656
6671112
6671830
6672569
6675980
6678172
6681379
6682731
6684169
6686188
6687147
6687191
6687552
6694527
6694710
6694836
6696987
6697760
6701809
6702231
6707536
6707665
6707891
6708106
6709576
6710983
6713764
6714010
6717938
6718719
6720893
6723223
6724457
6725657
6726974
6727004
6728357
6730499
6734395
6735195
6735703
6741042
6741052
6744869
6747338
6749509
6753342
6754175
6756277
6761681
6761906
6764012
6767201
6767467
6768075
6768485
6769888
6771299
6773518
6774061
6775399
6775582
6779781
6785360
6785751
6789309
6795755
6797226
6797897
6798199
6798213
6799671
6804323
6805803
6809852
6814558
6814776
6815400
6816404
6820031
6820362
6822481
6823158
6823527
6823616
6824506
6825023
6825904
6828963
6830636
6832279
6835817
6838448
6838757
6839513
6840796
6843151
6844349
6847956
6848401
6853683
6855458
6856431
6860273
6860782
6861378
6862410
6862765
6864122
6865908
6867533
6870866
6883960
6884986
6888001
6888069
6891860
6896012
6896321
6896521
6896559
6900239
6903023
6904820
6910135
6917114
6918251
6919248
6920045
6920416
6921455
6926872
6927720
6929747
6931124
6932057
6932791
6934522
6934717
6937438
6938334
6938958
6941338
6945845
6953061
6954468
6955536
6957480
6959173
6962262
6965392
6965476
6965692
6966735
6967688
6968252
6968484
6968812
6969411
6970096
6973689
6979104
6979383
6980904
6981976
6986183
6991295
6992197
6995861
6995937
6996527
6996986
6997766
6999061
7001701
7006463
7007272
7008721
7009460
7009838
7010537
7013953
7015942
7021083
7022692
7024917
7025022
7025764
7026180
7030504
7031632
7032180
7032508
7033933
7035926
7036430
7037781
7038648
7040940
7044617
7044980
7048771
7050916
7051265
7056392
7056643
7057118
7057497
7058028
7066054
7070141
7072604
7072634
7074040
7076196
7076925
7080002
7081477
7081980
7082971
7084723
7086735
7086980
7087147
7088032
7090040
7092268
7092590
7092878
7096147
7098140
7100358
7100603
7102521
7105111
7106315
7108998
7109295
7115665
7116213
7117280
7118632
7120225
7123516
7125679
7126230
7126365
7126589
7130151
7130670
7130718
7133109
7135780
7137769
7138487
7140462
7140701
7141704
7142109
7143780
7144291
7144413
7146604
7146773
7148456
7148892
7152665
7153619
7154038
7154449
7154804
7155613
7159731
7160636
7163498
7164741
7165444
7167552
7167576
7170208
7172162
7176533
7179330
7181115
7186722
7192297
7192356
7192603
7193094
7195465
7196911
7197008
7198060
7200016
7200180
7201346
7210240
7211232
7215842
7215933
7216250
7220334
7222105
7222498
7225161
7226671
7226901
7228667
7230571
7231624
7232915
7234024
7238880
7239323
7242000
7242758
7245388
7245600
7251880
7252423
7253325
7254506
7258826
7261539
7264471
7265770
7267164
7268611
7268988
7269154
7271109
7276170
7279586
7285786
7286454
7288786
7289837
7291557
7292496
7295826
7302956
7303502
7306651
7307604
7308562
7310189
7315461
7316485
7318241
7325704
7326370
7329065
7329461
7330545
7331951
7332984
7333272
7334078
7334373
7335514
7336651
7339360
7344123
7344212
7345586
7353663
7354024
7356724
7358836
7359660
7365113
7365933
7365980
7366616
7367486
7367674
7371502
7372047
7375761
7378033
7388575
7389402
7389878
7390388
7391650
7394074
7394943
7395996
7396355
7396970
7397615
7397805
7398187
7402601
7404059
7404342
7405157
7407321
7407757
7409746
7411304
7411748
7411763
7412030
7412998
7422641
7423262
7425049
7425892
7428524
7434890
7435319
7437549
7438107
7444658
7446379
7446411
7446906
7451420
7455886
7458084
7460405
7460564
7463361
7466504
7467076
7467472
7468575
7469314
7473829
7474980
7476831
7477317
7477569
7479615
7481132
7482554
7485896
7486134
7486417
7489199
7490267
7490426
7497683
7497865
7498550
7498667
7500211
7504336
7507095
7508823
7510327
7510451
7511362
7512235
7516792
7517257
7517377
7520539
7520878
7523860
7524302
7530573
7533596
7535687
7536625
7537807
7537834
7538375
7540571
7543046
7548382
7548836
7549940
7551190
7561404
7562950
7573107
7574618
7579804
7581995
7584389
7584834
7585263
7588667
7591822
7595288
7595527
7598488
7600266
7601041
7601688
7603266
7603676
7606665
7610744
7611016
7612293
7613102
7614885
7616083
7621808
7622374
7623268
7628835
7632140
7636257
7638522
7639333
7639511
7639552
7645034
7645791
7647538
7648596
7652400
7653361
7655496
7655872
7659787
7660341
7663956
7665599
7666965
7668167
7670566
7672583
7676994
7679036
7679175
7680745
7682097
7684111
7686620
7686628
7687937
7693851
7698056
7698309
7698978
7702340
7705786
7705825
7706285
7712397
7713930
7714882
7715082
7720036
7720225
7726199
7728941
7729619
7730476
7742679
7744198
7744461
7746087
7749870
7751012
7752832
7753865
7755013
7756991
7757001
7758277
7759470
7760649
7761367
7761395
7764081
7766238
7767193
7770324
7773022
7773424
7774039
7774728
7778981
7779597
7785850
7786066
7786142
7786173
7789309
7790557
7790674
7792762
7801501
7804109
7805022
7807313
7810431
7810966
7816658
7818395
7819110
7819343
7819640
7822760
7826093
7828588
7833948
7834803
7835065
7835611
7840307
7843981
7844670
7844901
7845753
7847275
7848415
7849296
7851513
7851849
7851997
7853100
7855604
7856204
7856256
7858969
7859247
7862753
7864799
7865311
7865651
7867448
7869244
7870453
7870464
7872602
7875646
7879402
7880113
7882834
7886523
7889175
7893139
7893178
7893973
7896983
7897148
7899541
7904329
7905671
7909453
7915463
7918290
7921177
7921238
7922564
7922803
7922874
7923141
7923246
7923631
7923952
7925101
7925622
7928584
7934783
7940517
7943206
7945401
7948780
7950726
7951688
7953405
7954360
7955549
7955567
7956678
7956895
7961705
7963385
7964698
7967386
7967851
7975954
7975999
7976150
7976651
7977231
7979824
7980580
7982424
7982480
7983636
7984660
7984935
7987466
7995741
7996332
7997888
8006321
8011034
8011055
8013909
8024320
8025715
8027532
8029827
8034732
8035604
8036087
8036644
8037841
8041968
8044964
8045058
8045146
8047134
8047805
8047888
8048329
8051023
8052185
8053691
8054624
8056009
8056202
8059261
8061711
8063571
8065484
8065937
8067272
8072100
8076168
8080579
8080891
8083007
8083127
8084496
8085221
8090638
8092062
8094348
8100280
8102661
8102834
8103549
8108285
8109258
8112598
8115857
8116290
8118679
8119938
8120900
8126099
8127429
8128018
8131121
8131974
8132732
8133143
8133663
8134559
8136826
8138459
8139594
8141091
8142985
8145163
8147284
8148033
8153424
8155514
8157134
8158083
8162271
8163350
8164941
8165318
8166818
8169144
8170174
8172516
8173896
8175377
8176962
8177864
8181044
8184610
8186328
8189539
8190489
8191202
8191570
8196842
8197413
8197738
8199296
8199472
8199709
8201698
8211128
8213176
8213212
8213667
8214425
8218443
8220194
8221328
8222203
8224759
8226997
8230875
8231957
8234176
8235579
8238905
8240511
8241585
8242528
8242781
8243597
8244787
8245151
8247226
8250114
8253958
8255464
8258559
8260235
8260606
8260814
8262834
8266338
8267524
8268330
8270028
8271385
8272609
8274941
8275118
8279289
8280949
8282632
8282817
8283010
8283926
8283984
8285648
8287942
8289780
8290046
8291418
8291524
8291709
8293865
8296345
8296871
8297813
8298293
8299857
8302942
8306425
8307398
8308548
8308828
8310401
8310908
8314505
8316787
8317286
8321640
8323588
8324678
8326930
8328978
8329999
8333407
8335022
8337562
8338797
8339439
8340053
8342530
8348010
8351613
8353592
8354658
8357439
8361895
8362212
8363617
8364660
8367919
8368311
8368881
8369164
8369242
8371489
8373852
8374975
8375319
8377774
8377802
8380771
8380905
8382301
8383590
8384573
8386480
8389557
8390773
8390972
8392101
8393297
8396352
8400039
8401701
8409752
8410650
8414890
8417516
8418625
8420189
8420356
8421465
8423656
8424066
8436544
8437888
8438093
8440548
8441119
8441561
8443908
8444609
8445240
8445295
8447549
8450540
8451903
8452303
8454323
8454864
8457283
8457390
8458341
8459764
8460135
8466105
8467447
8468445
8470846
8471213
8473868
8479041
8486109
8488307
8488798
8490427
8491150
8496735
8497317
8497459
8498973
8499524
8499744
8506826
8507157
8510735
8516368
8516969
8519654
8521274
8523377
8524738
8525189
8525841
8526705
8527819
8527940
8528335
8529000
8529052
8532753
8541220
8541935
8542731
8543907
8544729
8545407
8545743
8545812
8553114
8556929
8563220
8564597
8566313
8566362
8566828
8568470
8568966
8571448
8574319
8575693
8576468
8581903
8584184
8584636
8586313
8589962
8590516
8590841
8591114
8592591
8594330
8594679
8596125
8597622
8598177
8599793
8600885
8601977
8603638
8608786
8609644
8611402
8613571
8613935
8614194
8614822
8615736
8627131
8630057
8630224
8630334
8631034
8637168
8638629
8639142
8643068
8643749
8644276
8644507
8644766
8645657
8648571
8649097
8649179
8653960
8654396
8656558
8657732
8657898
8659902
8661357
8661945
8661991
8663544
8669617
8674534
8676137
8676256
8676977
8677653
8682713
8684200
8685673
8688688
8688939
8689860
8689916
8692056
8695346
8700171
8701070
8703265
8704853
8705711
8708816
8711173
8713340
8714857
8717341
8719319
8723433
8723655
8730559
8730614
8731715
8736605
8737021
8739934
8740417
8740881
8741469
8741690
8742392
8742426
8743027
8743772
8744982
8747757
8749896
8751159
8754132
8755587
8757938
8759606
8759851
8761349
8761798
8762216
8763541
8766346
8766634
8769654
8773640
8775640
8777155
8780511
8782025
8782561
8783123
8785384
8785575
8786007
8786960
8790991
8791880
8799848
8801732
8804305
8805058
8805907
8806278
8809601
8810848
8811447
8818306
8819498
8821838
8823205
8826145
8826426
8827168
8833851
8835952
8838609
8840787
8843974
8850862
8853845
8853912
8853935
8854405
8855265
8857466
8860275
8860991
8861977
8862015
8866136
8869401
8871364
8872037
8872817
8873984
8875433
8877041
8877345
8878202
8878487
8879210
8881193
8881730
8884303
8888650
8892303
8892973
8893493
8893780
8895069
8895129
8895392
8897436
8897977
8898469
8900162
8901779
8902045
8906266
8912578
8917531
8918625
8918974
8922357
8922850
8926827
8927993
8929106
8935925
8937166
8938385
8938555
8940900
8943515
8944026
8944787
8946455
8946756
8947397
8950671
8951060
8951168
8954500
8956607
8959060
8959485
8962813
8967297
8968701
8970666
8974480
8978861
8983944
8989820
8991769
8993728
8995383
8996272
8996447
8996536
8999855
9000374
9002106
9003202
9003565
9004123
9004274
9004452
9005545
9005744
9006847
9012301
9013865
9016284
9016680
9016817
9018570
9021092
9021700
9025841
9027951
9032795
9033311
9034427
9035342
9036274
9043336
9043950
9047226
9047255
9048248
9054953
9055631
9059827
9060413
9060810
9063730
9065692
9067253
9067488
9068077
9072824
9073696
9074874
9081047
9082657
9082775
9087569
9087955
9088932
9090186
9092642
9099689
9104406
9104816
9112083
9115990
9116607
9122293
9123189
9128907
9129908
9131694
9132074
9138728
9139853
9141357
9142559
9143441
9144543
9144617
9145512
9145988
9146195
9148015
9149002
9149655
9152083
9152758
9155731
9158463
9161914
9162382
9164645
9165405
9168453
9169785
9175076
9176290
9177183
9180556
9181062
9183032
9184813
9187603
9187825
9188507
9191082
9192358
9197372
9198569
9200229
9200898
9201576
9203781
9204905
9205195
9206711
9208258
9209054
9210956
9212642
9224819
9229701
9230306
9231020
9233535
9234352
9234627
9236861
9238864
9244082
9244930
9245525
9248688
9250420
9252136
9256051
9260695
9262996
9265316
9266072
9269261
9270730
9270913
9271581
9275128
9275684
9275877
9276390
9278177
9280599
9281943
9282034
9282419
9285189
9286991
9289422
9290768
9290781
9293044
9294354
9295748
9297140
9297937
9298855
9299245
9299405
9302896
9304000
9306987
9308843
9311467
9314897
9316261
9316615
9319546
9319936
9322476
9322489
9324175
9324266
9327165
9330788
9331923
9332461
9334538
9335196
9337822
9337831
9338310
9341256
9341863
9344385
9345926
9352159
9352732
9352970
9353822
9355412
9357827
9360140
9360669
9361885
9362860
9363671
9363966
9364177
9366000
9366130
9366658
9367674
9369462
9370433
9374227
9376732
9380494
9381258
9382562
9384157
9384996
9385807
9392782
9393805
9394150
9394434
9394518
9395290
9396421
9403699
9405502
9405853
9407098
9407608
9408205
9412750
9415225
9417541
9419782
9427565
9428707
9429177
9431291
9431401
9431745
9432788
9433088
9433798
9436865
9442611
9443342
9444984
9446837
9448002
9449045
9452286
9452928
9457487
9458821
9459713
9462517
9463189
9464467
9469924
9473659
9475353
9476054
9476553
9477938
9478306
9480232
9485440
9485833
9487598
9488824
9490083
9494314
9494636
9496238
9498638
9501019
9501198
9503502
9509759
9510097
9513036
9513132
9518963
9523794
9525329
9526564
9529271
9530024
9531156
9531458
9532479
9532694
9533266
9533441
9534369
9536242
9539007
9539546
9541850
9547224
9547518
9549776
9554472
9556377
9558210
9558242
9559862
9560080
9562910
9563036
9563268
9565392
9566859
9568992
9569270
9571258
9571549
9571566
9572074
9572285
9572850
9573000
9574242
9574591
9580030
9586236
9586567
9589050
9590827
9592113
9592204
9593250
9596658
9599924
9600098
9601498
9602827
9603332
9603773
9605507
9606895
9607074
9607465
9609788
9613731
9616224
9616357
9617037
9619962
9620413
9620821
9622655
9623029
9624566
9625732
9626074
9629770
9629970
9632542
9635166
9639901
9646815
9650766
9652684
9653601
9660845
9661944
9670654
9670745
9672647
9676509
9679316
9679771
9680857
9683748
9684328
9685282
9685445
9685767
9685769
9692734
9695001
9697638
9701012
9701445
9702509
9703362
9704433
9705138
9706706
9708167
9708278
9709488
9711762
9714252
9721613
9722989
9723512
9724143
9730215
9731956
9740435
9741007
9744221
9747248
9749017
9750973
9753091
9755314
9762324
9762839
9762957
9763841
9763961
9764508
9764751
9765518
9765818
9768964
9775744
9775897
9781769
9782037
9784354
9787430
9790651
9791809
9794223
9794785
9797441
9798491
9799724
9799826
9803333
9803443
9803576
9803722
9804557
9809447
9810429
9812171
9813166
9813612
9815866
9816156
9817804
9817813
9818263
9819062
9825296
9827322
9828132
9830386
9831875
9832291
9832995
9835037
9835195
9835662
9844905
9845341
9847743
9847782
9849976
9850933
9851133
9851507
9853282
9854727
9859690
9860468
9869103
9869973
9871140
9872997
9876137
9876377
9877532
9880378
9880456
9881019
9881137
9882715
9883325
9884605
9887704
9889351
9891838
9892193
9893204
9894394
9894694
9896881
9897471
9898943
9904904
9907772
9910497
9910548
9911606
9915953
9916375
9920950
9921256
9921560
9921959
9921987
9927546
9927690
9930519
9932606
9932879
9934012
9940667
9940919
9944911
9950274
9950672
9954352
9960473
9960760
9964881
9966866
9967533
9978044
9978697
9987749
9989532
9991821
9992609
9992960
9995272
9995900
9996716
9998907
10000741
10001173
10001297
10002299
10005342
10006258
10006826
10006852
10010907
10013824
10014331
10014761
10015581
10020841
10021109
10021518
10022210
10024054
10024258
10024797
10025080
10027456
10029458
10031034
10033836
10035717
10037406
10037514
10044765
10045127
10050363
10055519
10055878
10057664
10058967
10060600
10067061
10067554
10067857
10068991
10069802
10069963
10075117
10076595
10079481
10080956
10084140
10084688
10088653
10089363
10090085
10092494
10093565
10093702
10095823
10097754
10099146
10100479
10103070
10104811
10105366
10109509
10109855
10111481
10111926
10113189
10116133
10119389
10119898
10123407
10124120
10125090
10126628
10129538
10130171
10131463
10133899
10135418
10136023
10139461
10144802
10145696
10146471
10148346
10149087
10149388
10150997
10151940
10152815
10154202
10154507
10154842
10155584
10161468
10163132
10163917
10164876
10165560
10166026
10171026
10171116
10171277
10171340
10172649
10173223
10173323
10175472
10175751
10175975
10176045
10180350
10180573
10181989
10184360
10187370
10188204
10194733
10196196
10197183
10197826
10199879
10200220
10200258
10200602
10200656
10202221
10207422
10208118
10210113
10210129
10211218
10212838
10214123
10216717
10216926
10219752
10222109
10222415
10227257
10229773
10232646
10233561
10236618
10237877
10238709
10239215
10240365
10240820
10242355
10245942
10246059
10246549
10247228
10251522
10253102
10254546
10254792
10256243
10256450
10260606
10262022
10264028
10265156
10265738
10265926
10267540
10271130
10271710
10271740
10280599
10281023
10281238
10286084
10286352
10287034
10288433
10288688
10289082
10289563
10289922
10290210
10291449
10292167
10292580
10294569
10294805
10295162
10295884
10296931
10301181
10301375
10301398
10304388
10307421
10308422
10308650
10308904
10310701
10311391
10317253
10317970
10318377
10318874
10320337
10320579
10322330
10322541
10323766
10326899
10327804
10330781
10337935
10340928
10346897
10346995
10348248
10348977
10349093
10350294
10350375
10353718
10354089
10357620
10358013
10358387
10359004
10365127
10367648
10368855
10368860
10374074
10374785
10375231
10377502
10377531
10378480
10379268
10379647
10380528
10381574
10382438
10384670
10387912
10389293
10392776
10397260
10397412
10398948
10401371
10401859
10402839
10404718
10406103
10407911
10410310
10411114
10412893
10413221
10414970
10418695
10420177
10425121
10425215
10425340
10428930
10430588
10430760
10433227
10435869
10437951
10438757
10439482
10439883
10444657
10444831
10445279
10445727
10445864
10447915
10449561
10449597
10450609
10452905
10454080
10454092
10456438
10459711
10460380
10461550
10461683
10467823
10468055
10471446
10474020
10477087
10477902
10478091
10481157
10489574
10492493
10493078
10494036
10498746
10505612
10506155
10506213
10507581
10507602
10508824
10509892
10514774
10519106
10520027
10520454
10520932
10522164
10525706
10527293
10531365
10531371
10531511
10531876
10534711
10536900
10540503
10545392
10550723
10555320
10555753
10558729
10565258
10566655
10568176
10569580
10570651
10570924
10577256
10577858
10579646
10583387
10583697
10584419
10592818
10593104
10600233
10602281
10604415
10606854
10607479
10607756
10607773
10608241
10610106
10612080
10614084
10615237
10616290
10617912
10619294
10624271
10624386
10629861
10630141
10630331
10630617
10635198
10636612
10644242
10644448
10650358
10651834
10656403
10656538
10662014
10664891
10668366
10669049
10670248
10671985
10677155
10678988
10681403
10682152
10683075
10683698
10683880
10689239
10690683
10696774
10699646
10700216
10700900
10701651
10704088
10704288
10704522
10706695
10706742
10707188
10712707
10713094
10713976
10714675
10714686
10714879
10715341
10719676
10720631
10720938
10720974
10723263
10728478
10729558
10732671
10733529
10733928
10735875
10736469
10737507
10738859
10743227
10743766
10744791
10747625
10751198
10751683
10753079
10755293
10757829
10760232
10761347
10764854
10765757
10767865
10773822
10773901
10774764
10777502
10781241
10781279
10785793
10786970
10787434
10788135
10788158
10793208
10794073
10795193
10795525
10795546
10796833
10797141
10798836
10799015
10800900
10804198
10805474
10805595
10809261
10811714
10813006
10816795
10817150
10819558
10821597
10825082
10825800
10826588
10827483
10828972
10829913
10831223
10831307
10832439
10834322
10834415
10834871
10835814
10838778
10839691
10839867
10844390
10846794
10847905
10848336
10848730
10852134
10853711
10854190
10855011
10855671
10856550
10860957
10861764
10861961
10863121
10864617
10866532
10867177
10867351
10867550
10868637
10870866
10872810
10872952
10873908
10874681
10874816
10877525
10879328
10881094
10884044
10885505
10886322
10886571
10886781
10888207
10889439
10892153
10893482
10900545
10902015
10903958
10904847
10905267
10906456
10910762
10915732
10918548
10918687
10922857
10927746
10934266
10934774
10935751
10935900
10936728
10940332
10941831
10951369
10952308
10955165
10955526
10955549
10955702
10955847
10958683
10959824
10960195
10963486
10964645
10965462
10966570
10966641
10968373
10969773
10973202
10974475
10980405
10983337
10983876
10993307
10993616
10994596
11000793
11003221
11004538
11004585
11006178
11006346
11009882
11017104
11017401
11018088
11022927
11028776
11033085
11034275
11036425
11040741
11040941
11042507
11047404
11048430
11054183
11059000
11059747
11064287
11064626
11064952
11070044
11070661
11071127
11071590
11073944
11076579
11077479
11081294
11082006
11088542
11088995
11092567
11093691
11093793
11094642
11095069
11095304
11096886
11097074
11097188
11097823
11099566
11105487
11107835
11108087
11108182
11109645
11109874
11110383
11114319
11116475
11120910
11121213
11123387
11125526
11125696
11128857
11130233
11132036
11135515
11137710
11139875
11141064
11141586
11143867
11144348
11145457
11145899
11147873
11148552
11148632
11152516
11153050
11158558
11159309
11162047
11167028
11167140
11167927
11168282
11171206
11174349
11180039
11180554
11181200
11188361
11190381
11191826
11200947
11201815
11202781
11208642
11213544
11215856
11217584
11218509
11225322
11226376
11228777
11229557
11230408
11231995
11232483
11236251
11237318
11237619
11239395
11241456
11242271
11242549
11242561
11249906
11251509
11255840
11260234
11261377
11271580
11272250
11276879
11279816
11283201
11284551
11290277
11291926
11292469
11292689
11296790
11299059
11299226
11300573
11301109
11303777
11306548
11308738
11308857
11309462
11311480
11314113
11315353
11319109
11319220
11321764
11322528
11322733
11323135
11324584
11325895
11326430
11327326
11328629
11336616
11336895
11339404
11339648
11339868
11343176
11346454
11346876
11347849
11348641
11349324
11357287
11358873
11360276
11363863
11368036
11370688
11376847
11377958
11379293
11380790
11381084
11392850
11392915
11393888
11395436
11395506
11395850
11398240
11401901
11405082
11405819
11406237
11406466
11408558
11412237
11412625
11414056
11417563
11418758
11419669
11420831
11425575
11428165
11428722
11434647
11434859
11435849
11437469
11441062
11441194
11443210
11446304
11446667
11453126
11453939
11454833
11455592
11458432
11462692
11462947
11463627
11467798
11468594
11471701
11473189
11474007
11480747
11483915
11484219
11490280
11492075
11501077
11501214
11502899
11503928
11505918
11506451
11507991
11513091
11513320
11516232
11518415
11519706
11519850
11520654
11521741
11521768
11523303
11524715
11524726
11527164
11530002
11532451
11532979
11533434
11537830
11542930
11544629
11548009
11551426
11551697
11554499
11556168
11556458
11558135
11563767
11565062
11568809
11571154
11572056
11573178
11575467
11576644
11578080
11580146
11581417
11583883
11588259
11589168
11590035
11591111
11592731
11592941
11599071
11602831
11604265
11607185
11607381
11607976
11609523
11616502
11616804
11617786
11622376
11622993
11622995
11625613
11625717
11626849
11633507
11635474
11637708
11643760
11643878
11647165
11647397
11649261
11652802
11654832
11665929
11670457
11671255
11672668
11675809
11676411
11677089
11684043
11688126
11689202
11690539
11698079
11698339
11705103
11705207
11706649
11708972
11710486
11711659
11714604
11723497
11723813
11724209
11725226
11725619
11726720
11728185
11730808
11733154
11733901
11738143
11741617
11741833
11742036
11744555
11744705
11745328
11745904
11746590
11747939
11748061
11749458
11754056
11754571
11757935
11758186
11758309
11761591
11761649
11764272
11764610
11766604
11769826
11773918
11774294
11775025
11775111
11778390
11783627
11783848
11786649
11787320
11789178
11789959
11790179
11793005
11794844
11800456
11803302
11805490
11805619
11811135
11811793
11811960
11813382
11816340
11817973
11819307
11819902
11822582
11824319
11824986
11826390
11826762
11827240
11830133
11830255
11831227
11831929
11842818
11844783
11848213
11848607
11850765
11851550
11855146
11856247
11856711
11857255
11857420
11857567
11857965
11860638
11865126
11867791
11870105
11870579
11873297
11879150
11880704
11886550
11887559
11888034
11889831
11890057
11890305
11891185
11891654
11892981
11896911
11897035
11897719
11908339
11908556
11912739
11912884
11914549
11915624
11919243
11921471
11921557
11921571
11923350
11927109
11933002
11933705
11938096
11941326
11942475
11943618
11943922
11947595
11949103
11951436
11951811
11953492
11954564
11956270
11957951
11965080
11970960
11971155
11974150
11974180
11974365
11976247
11977072
11982713
11985893
11986764
11990129
11992297
11993120
11995426
11995841
11996655
11998485
11998952
12001012
12001290
12002930
12003748
12003990
12004787
12005066
12006654
12007732
12008133
12009944
12010854
12011908
12013300
12013732
12015403
12015610
12017460
12017613
12018907
12021159
12023747
12024197
12030463
12032900
12033571
12042022
12042059
12042647
12042992
12043854
12046662
12048044
12049681
12050165
12053552
12054596
12054841
12056371
12058216
12060565
12064939
12065536
12066615
12070167
12072827
12074673
12077297
12079486
12081668
12086015
12089180
12089197
12092789
12094877
12097760
12097872
12099174
12099378
12102339
12103425
12104295
12109527
12110299
12110540
12112558
12114518
12115432
12117179
12118105
12119081
12120355
12124460
12127234
12127705
12134067
12134782
12135048
12136459
12137006
12137018
12137166
12138314
12141858
12146014
12146711
12149785
12150482
12152283
12152961
12153899
12154292
12158345
12161064
12161313
12162027
12163229
12165682
12170351
12170534
12171296
12171410
12175918
12177121
12177637
12178909
12181003
12183997
12186724
12191739
12192243
12192647
12193405
12196364
12197182
12198502
12199797
12201221
12202223
12202805
12205743
12206852
12218881
12219676
12221963
12222271
12228746
12229667
12238224
12239457
12244493
12244716
12245120
12245299
12245654
12249814
12251240
12252290
12252607
12253081
12253154
12254529
12254916
12256858
12257026
12257276
12257406
12257623
12260622
12261415
12261828
12265350
12267834
12270374
12271837
12274809
12275118
12276818
12278694
12283178
12284291
12286693
12287139
12287243
12288784
12289178
12289202
12292824
12294162
12294264
12298760
12300246
12301082
12301434
12303710
12309278
12310812
12311064
12312176
12314078
12316412
12316650
12317849
12317917
12320956
12322614
12323581
12323886
12324971
12328526
12334364
12338315
12338716
12345453
12349176
12349566
12353873
12355586
12357033
12357737
12362359
12362797
12363511
12363698
12364377
12365149
12365771
12366557
12367776
12385940
12396039
12399080
12399928
12408575
12409779
12410334
12411745
12413650
12414014
12415011
12418296
12419009
12419415
12420961
12423893
12424474
12428746
12435466
12436360
12437571
12438767
12441387
12443909
12444070
12447351
12448067
12448686
12449817
12452452
12452668
12454077
12454430
12454556
12457887
12458282
12462003
12462797
12466189
12471441
12472366
12476604
12478560
12481579
12481905
12483049
12484584
12489408
12490800
12490885
12491514
12495138
12496909
12498226
12503646
12505088
12506758
12508879
12509064
12510925
12511926
12512990
12513955
12514277
12516024
12516025
12517068
12520292
12522012
12522662
12528951
12531775
12532422
12537895
12540011
12542399
12542415
12543692
12548765
12549796
12550110
12550136
12550226
12556008
12556307
12556490
12562623
12564277
12564645
12565782
12566000
12566604
12566894
12568107
12570290
12573063
12573756
12576409
12581507
12582452
12582677
12588327
12590332
12593717
12595033
12596513
12597739
12602059
12604337
12604828
12612040
12615839
12615931
12615970
12619702
12620580
12621033
12622295
12622371
12623862
12624237
12625508
12628410
12628830
12632241
12633417
12635139
12637194
12640562
12644491
12648437
12648585
12650699
12651161
12653729
12656266
12657174
12657845
12659148
12662176
12662507
12665200
12665359
12667953
12670525
12671078
12672668
12673881
12675148
12677377
12679489
12680700
12681290
12681383
12685137
12686044
12686378
12686529
12686535
12689101
12690217
12690547
12691470
12692150
12694263
12696495
12697335
12698045
12698587
12698730
12702993
12704394
12705281
12707436
12708041
12714036
12715158
12719575
12719714
12720067
12720379
12721547
12725401
12725786
12727691
12729461
12731397
12732815
12734846
12738520
12741086
12743651
12745170
12745174
12745722
12748779
12749029
12749383
12750350
12758688
12761754
12762216
12764668
12769845
12770848
12772626
12773227
12774348
12774875
12776025
12779428
12785884
12786293
12787964
12791468
12792220
12793803
12796952
12798627
12799511
12806465
12808108
12808442
12810839
12812843
12815869
12817668
12819233
12819630
12820232
12820828
12825049
12825791
12826806
12827828
12828153
12830494
12831251
12837781
12840155
12840668
12843681
12844999
12850486
12850857
12856404
12859708
12860240
12869238
12869472
12869745
12872745
12873576
12875003
12877708
12879022
12881080
12881999
12882317
12882335
12882890
12884258
12885047
12885067
12887095
12889140
12889568
12893190
12893337
12895550
12897088
12897727
12902342
12906974
12907329
12909388
12911431
12914256
12914860
12918196
12919613
12925044
12925626
12926970
12929357
12930406
12932548
12939803
12941268
12942057
12942191
12943291
12943343
12946575
12948119
12948278
12950281
12950648
12950726
12950804
12951197
12953588
12956156
12959086
12962465
12969077
12974632
12974937
12975072
12977571
12980814
12984787
12985398
12986101
12986268
12987159
12987612
12992723
12992944
12994555
12995824
12997911
12998481
12999526
13000995
13003693
13006744
13009087
13009528
13009573
13010098
13010952
13013420
13015414
13016835
13017183
13021293
13021959
13024485
13027917
13028079
13029536
13032855
13035428
13036436
13037002
13039677
13041548
13045565
13047724
13047952
13050085
13052645
13055476
13059893
13060629
13060959
13066428
13067985
13068671
13070755
13073129
13078225
13079168
13079585
13081115
13082264
13082365
13082574
13082815
13084261
13092795
13092892
13093110
13093251
13093657
13095279
13096846
13099924
13099984
13101114
13101878
13102105
13103716
13107447
13108066
13115742
13118810
13119258
13122385
13124870
13127160
13129901
13130575
13131651
13133127
13133240
13136187
13136281
13137537
13137757
13140985
13141539
13143005
13143659
13145145
13145859
13146135
13149153
13150417
13150590
13166436
13168620
13173746
13175360
13175521
13177364
13178581
13184202
13185248
13185635
13187130
13188596
13188599
13189492
13189755
13191062
13193345
13193912
13194053
13194894
13196657
13197655
13197914
13199879
13200082
13201986
13204890
13207757
13208722
13212791
13213872
13214574
13214663
13216171
13219682
13220276
13220399
13223028
13225440
13225947
13228290
13237556
13240394
13241198
13242323
13243022
13243178
13248936
13251554
13256187
13259595
13259845
13260934
13262551
13263685
13264542
13264744
13266725
13267579
13271111
13271614
13273540
13274535
13278053
13278070
13278957
13279483
13279817
13279867
13282466
13284123
13285772
13286078
13288190
13290918
13292102
13295845
13296384
13299504
13301526
13305869
13306324
13311800
13313705
13316461
13316550
13317119
13317427
13318001
13318292
13325311
13325793
13327253
13327547
13328656
13330287
13330476
13331098
13333040
13334944
13336246
13336364
13343757
13344500
13348942
13352555
13354205
13354438
13355827
13356106
13356752
13357270
13357720
13359495
13359576
13359944
13360443
13368350
13368478
13369543
13374826
13375315
13382102
13385576
13385577
13386981
13391151
13392584
13392813
13394250
13395011
13395406
13397263
13399708
13400911
13402511
13407781
13410728
13414363
13415190
13415666
13416451
13417135
13420497
13420813
13424245
13428261
13428515
13430542
13434744
13436427
13436575
13438545
13439039
13440778
13442832
13443551
13444029
13444053
13451075
13451462
13453912
13454125
13455451
13457677
13460004
13464381
13464411
13466900
13474465
13475530
13475587
13476075
13476757
13479800
13481125
13483026
13484594
13487146
13488772
13489154
13489683
13489812
13490409
13495851
13496568
13498120
13499032
13499213
13499910
13500785
13501405
13503395
13506009
13508671
13510665
13512437
13513911
13514023
13514251
13515160
13515733
13516014
13517066
13517106
13519788
13521665
13523110
13524598
13527249
13527727
13529703
13535253
13536621
13537262
13539815
13541096
13541254
13542668
13543203
13548313
13548377
13549366
13550489
13550570
13552368
13554212
13556462
13557829
13559675
13560324
13561165
13561612
13563652
13566127
13568353
13572101
13573598
13575382
13575396
13577523
13586195
13588625
13589510
13590336
13592725
13600938
13603704
13611841
13613356
13617210
13622182
13624628
13627885
13628060
13628402
13630746
13631087
13631673
13631929
13633497
13635212
13636712
13641243
13641734
13641855
13642349
13642665
13642674
13643684
13647848
13651923
13657477
13658055
13660717
13661134
13665068
13668758
13669853
13670597
13674007
13681942
13685748
13686183
13688468
13694569
13694901
13695369
13696423
13696880
13701230
13707589
13708114
13711788
13711812
13712105
13716565
13716953
13718930
13719074
13719722
13721472
13721703
13721715
13723128
13724667
13724914
13725068
13727984
13729637
13730004
13730246
13730616
13733371
13736142
13739034
13739590
13739835
13740099
13740391
13746504
13752118
13753557
13754866
13755101
13756733
13757442
13759859
13760376
13761272
13770144
13770997
13771685
13772646
13774284
13780632
13780698
13781453
13784226
13784888
13785828
13786703
13787998
13788040
13788346
13788781
13792657
13794187
13800582
13801027
13803056
13803296
13803771
13804516
13808018
13810723
13811931
13814280
13815232
13817320
13818453
13819216
13819588
13821314
13832191
13838360
13841015
13846159
13848243
13850282
13853541
13854294
13855631
13856508
13856799
13858435
13859316
13861694
13865481
13868009
13869025
13871423
13872930
13874100
13877286
13877833
13881367
13883719
13884408
13886039
13886842
13887596
13893733
13894618
13901498
13901616
13902082
13902365
13902481
13903183
13903859
13905675
13906939
13907405
13907916
13908917
13911417
13912294
13914923
13915485
13919669
13921313
13921947
13923018
13923495
13924440
13928633
13928815
13929111
13929200
13933871
13934434
13940349
13943123
13943310
13944238
13944753
13948044
13949456
13951254
13951523
13951819
13952460
13956216
13959821
13961409
13967121
13967407
13968791
13972021
13972428
13974852
13975111
13977971
13981958
13982536
13989754
13991447
13991642
13992656
13992933
13993746
13995490
13996537
13996872
14001640
14004265
14004708
14005740
14006159
14006837
14008197
14012573
14013225
14015104
14015809
14016015
14018648
14018701
14022411
14028114
14030219
14032753
14033535
14036078
14042914
14044042
14045102
14046462
14046714
14047606
14051817
14054200
14064084
14065010
14065985
14066186
14068209
14069567
14074612
14076702
14076777
14081988
14085762
14086083
14090381
14091939
14096613
14106143
14109794
14111956
14114458
14123063
14123212
14127005
14129665
14134511
14136611
14137822
14137918
14138122
14138251
14140643
14141532
14146169
14148734
14148845
14149157
14151895
14155589
14156318
14156338
14157636
14161474
14162502
14163887
14166714
14167602
14168122
14171408
14171462
14172611
14173282
14176937
14177732
14178468
14179781
14183232
14185830
14189054
14190516
14192369
14193055
14197973
14202425
14202943
14203421
14204266
14204498
14206721
14210324
14217714
14220770
14221611
14225719
14226684
14226813
14228837
14234195
14234377
14234977
14236839
14237189
14238820
14241259
14242416
14242619
14245304
14248369
14251617
14257946
14260367
14266643
14267696
14267870
14273687
14274926
14275274
14278486
14280006
14281898
14284965
14285787
14286220
14287056
14288226
14290763
14293534
14299138
14301421
14301717
14302072
14302132
14302330
14303472
14303664
14305224
14308050
14308479
14309938
14310200
14310859
14311565
14311974
14314392
14314980
14315018
14315655
14318734
14320139
14321230
14325802
14328348
14328944
14330153
14330999
14331999
14332139
14333089
14335219
14335532
14337278
14341815
14345583
14348733
14348859
14355772
14356293
14356553
14357937
14357993
14359552
14362321
14364527
14366728
14367678
14368353
14368433
14372634
14373593
14376786
14376814
14377610
14377916
14379718
14386926
14387701
14393891
14394660
14395521
14397943
14399446
14402590
14403219
14403225
14406291
14410266
14412604
14413093
14415336
14419304
14419816
14420441
14423888
14424855
14424942
14425946
14426654
14430989
14431683
14433512
14433664
14442271
14444263
14445092
14448381
14448830
14450587
14450593
14451067
14451924
14452022
14454374
14455819
14456584
14458241
14460869
14463511
14463908
14464114
14465474
14465838
14466150
14466279
14469553
14469781
14474205
14477120
14478040
14478153
14479744
14479902
14482393
14483851
14483922
14484384
14484565
14486865
14488656
14489600
14490370
14491485
14492048
14492354
14492480
14493823
14493903
14496058
14498395
14502699
14503401
14504686
14510153
14510529
14512286
14513897
14514498
14519548
14520796
14522586
14527495
14528073
14529186
14529395
14531458
14532984
14534424
14534829
14535361
14536434
14539462
14541329
14544803
14547266
14547474
14550789
14550811
14551522
14552438
14554042
14554805
14555550
14556417
14559313
14560374
14563697
14568024
14570204
14571680
14574440
14578888
14584978
14586161
14586433
14587078
14587094
14587872
14590718
14591917
14592647
14594403
14594818
14596386
14596448
14598630
14598847
14602330
14603732
14604041
14604071
14604385
14605462
14608562
14608823
14609756
14610366
14612067
14612246
14613307
14614447
14617099
14618462
14621320
14622410
14622637
14624674
14628890
14628992
14630246
14642513
14642666
14649331
14650662
14652589
14655890
14656068
14659668
14660089
14660289
14663134
14663575
14666312
14667524
14667799
14668451
14669256
14670512
14673480
14673928
14677851
14678960
14681482
14687586
14688086
14688734
14689041
14693687
14695376
14697281
14697435
14699770
14699780
14699813
14704421
14705440
14710202
14712932
14712965
14715792
14716131
14716404
14716570
14716841
14717297
14720334
14723201
14725148
14725153
14727141
14728583
14729957
14731248
14731856
14731985
14734629
14736894
14739808
14741336
14741753
14746729
14747767
14748662
14749255
14754940
14755660
14756363
14756517
14760383
14761057
14763988
14765138
14765342
14767545
14767856
14772201
14778953
14780579
14783556
14789120
14791707
14792777
14792813
14792991
14793392
14795531
14797988
14798150
14801820
14802650
14806319
14807297
14813558
14813893
14814427
14815758
14816632
14823970
14826514
14827087
14829007
14830322
14833837
14833945
14834626
14835219
14835602
14835628
14839340
14844474
14844608
14844775
14845746
14845888
14848660
14849278
14850534
14850870
14852682
14853663
14853866
14854372
14855840
14856947
14858679
14861439
14863002
14863669
14868298
14871714
14874027
14874147
14876466
14877404
14878911
14880127
14880767
14881233
14884459
14884920
14889445
14891792
14892048
14900654
14902014
14902451
14905481
14906625
14907145
14907808
14908086
14908645
14914694
14915023
14915878
14917506
14921733
14923106
14924763
14927095
14927393
14930063
14931406
14932273
14932809
14933085
14935849
14936869
14937208
14937248
14937910
14938396
14939649
14941459
14942262
14942435
14943123
14945417
14945456
14952639
14955012
14955071
14955913
14957213
14959036
14959217
14963869
14964633
14968052
14968231
14969182
14972111
14974200
14974409
14976343
14977160
14986931
14987078
14987750
14988473
14990453
14990744
14993660
14995268
14997619
14999085
15000936
15001964
15003202
15006264
15008358
15009633
15010198
15013214
15017283
15022748
15022953
15027339
15031483
15031856
15031936
15033624
15034749
15037103
15039551
15039907
15042255
15043486
15046628
15046755
15046827
15047215
15047460
15048464
15054220
15054892
15055060
15055556
15055694
15055783
15057376
15058335
15059010
15061916
15067528
15070718
15075733
15077343
15081552
15085075
15088546
15091187
15091956
15097237
15097299
15097608
15098561
15098772
15101069
15101829
15106871
15108046
15113509
15117229
15118626
15118783
15120094
15123647
15124226
15124675
15125421
15129853
15132020
15133009
15134684
15135087
15136196
15143652
15144704
15145548
15147256
15147732
15149939
15150875
15151923
15158307
15160570
15162471
15163845
15164872
15167508
15168695
15169146
15170444
15172838
15176069
15176161
15181674
15184725
15190756
15195520
15195712
15197201
15198624
15200646
15200861
15201326
15204732
15205184
15205843
15206208
15218940
15221191
15221243
15222024
15222459
15223728
15224432
15227155
15229868
15232051
15233535
15234310
15236344
15238556
15243489
15245195
15245927
15246360
15249194
15250279
15256314
15263071
15269882
15270503
15274667
15275500
15276014
15276437
15278499
15279495
15279561
15279569
15280304
15284384
15289014
15290043
15291432
15291921
15295012
15297554
15297643
15297902
15298698
15303155
15305673
15306508
15310211
15310986
15312373
15312770
15313783
15313982
15315901
15318053
15318200
15319468
15323012
15323640
15323886
15324161
15325167
15325397
15327773
15328898
15334609
15335039
15335656
15337168
15338294
15340119
15342853
15344556
15345315
15346648
15346692
15348658
15351140
15352709
15355773
15355970
15356192
15360893
15362939
15363732
15367665
15368374
15371061
15374627
15376314
15381232
15381913
15382763
15383128
15386010
15389431
15389956
15390818
15399949
15402755
15405880
15408161
15408734
15409524
15410968
15412124
15412392
15412463
15413720
15415080
15416006
15419535
15427360
15432795
15433402
15434570
15435823
15436002
15436980
15437843
15439711
15442790
15445126
15448101
15449305
15450604
15451230
15452077
15452111
15452354
15456835
15456977
15458936
15459526
15460117
15460625
15462170
15463591
15467499
15469629
15470779
15475380
15479807
15480330
15480495
15481718
15484497
15484662
15485696
15485982
15489111
15489699
15490466
15495349
15495649
15496066
15496661
15497639
15498851
15499985
15500725
15501568
15506336
15508162
15509168
15511247
15514337
15517443
15518337
15522955
15524594
15525772
15527461
15528695
15529409
15530167
15530471
15531515
15535565
15540949
15541312
15541732
15543939
15551527
15552406
15555574
15555722
15556484
15557051
15558970
15559450
15560996
15562434
15564281
15564542
15564910
15568167
15568574
15568604
15569192
15572842
15574915
15580438
15583866
15584015
15584221
15585976
15586721
15586952
15589317
15592903
15593274
15596294
15596497
15598541
15599757
15600906
15602496
15604188
15606357
15608243
15611962
15615096
15616137
15618953
15619340
15620740
15620817
15621112
15625070
15625981
15626413
15627131
15628098
15629738
15631362
15632698
15639467
15640438
15643101
15648276
15648357
15652252
15663481
15663785
15668221
15669628
15674046
15675530
15676177
15676181
15676958
15683391
15684115
15684832
15689461
15689574
15689844
15690280
15691793
15694529
15694607
15695889
15698031
15698148
15698622
15699126
15700186
15701190
15704979
15708632
15711814
15713457
15716371
15716682
15718457
15719239
15728375
15732432
15734829
15737170
15737744
15744352
15746603
15749317
15756374
15757468
15758106
15758310
15759062
15760570
15760771
15762397
15762817
15764479
15764984
15772074
15776987
15779780
15784511
15788069
15788707
15791404
15792768
15794464
15798545
15798833
15801391
15803255
15805013
15805782
15806278
15810764
15811311
15813077
15814219
15815113
15815452
15816589
15820682
15820909
15826472
15827949
15829115
15832148
15836857
15836893
15837254
15838494
15838702
15840346
15840878
15841009
15844933
15844949
15846795
15850656
15851386
15851941
15852130
15852168
15852795
15853577
15854805
15859103
15859973
15860099
15861023
15861486
15862313
15864058
15864348
15868781
15869013
15869890
15877220
15878096
15878459
15882079
15885870
15887157
15888548
15891077
15892727
15899429
15900135
15901412
15901908
15902384
15907096
15907471
15909347
15909643
15909663
15914672
15915380
15916987
15919487
15920252
15920315
15923083
15923475
15924895
15925946
15926108
15929252
15931085
15931432
15932724
15937639
15939287
15940140
15944502
15946969
15952159
15957834
15958490
15959335
15963846
15963915
15963998
15965139
15966203
15968961
15970075
15977470
15979000
15979481
15982154
15982942
15983370
15985334
15987974
15989213
15992136
15993162
15993765
15995457
15996209
15997300
15997732
15998237
16000455
16000475
16001431
16001681
16003171
16003635
16006299
16008349
16009483
16014723
16018096
16021613
16025188
16025193
16026460
16027052
16027691
16027835
16029183
16029286
16030680
16030723
16032316
16033655
16036147
16036274
16038628
16040944
16041287
16041723
16042349
16042479
16043691
16047423
16054954
16060210
16062858
16064371
16065026
16071038
16072982
16078288
16080633
16080802
16080859
16081508
16081750
16082426
16082456
16083709
16083903
16085167
16087272
16090757
16093559
16095606
16095833
16095841
16096265
16097457
16102026
16106000
16110424
16112252
16112591
16114785
16115734
16116201
16117845
16118362
16122775
16124994
16127581
16128194
16128456
16129797
16130997
16132000
16132860
16134359
16138848
16138910
16139066
16142903
16145040
16146559
16146860
16148147
16148498
16149792
16151078
16151118
16153399
16154889
16158935
16159006
16163495
16164575
16164661
16167048
16168319
16169753
16171760
16176606
16179712
16183451
16184798
16185023
16185696
16187217
16188291
16191350
16195089
16196136
16200782
16201443
16201983
16203698
16204364
16206920
16206955
16207328
16209795
16210131
16210376
16217467
16218067
16219758
16220021
16223158
16224400
16226890
16227315
16228849
16228882
16230755
16231861
16232681
16233634
16235043
16235418
16235904
16237809
16238101
16240612
16245126
16245271
16246286
16248254
16251286
16252512
16257855
16261134
16266454
16267117
16267385
16267708
16269043
16276753
16278461
16280316
16282978
16284118
16284607
16285790
16285841
16288843
16289957
16290209
16291344
16292478
16293634
16293987
16294405
16296010
16299929
16302126
16302517
16302635
16302771
16304225
16304733
16305627
16309118
16312324
16312568
16314653
16316765
16317186
16321816
16322963
16325481
16325646
16325741
16326262
16328169
16332123
16333861
16333931
16335190
16337034
16338373
16338576
16338672
16341157
16342821
16342856
16343519
16344065
16346925
16348482
16352756
16354730
16354903
16360978
16361201
16361369
16365048
16365231
16366258
16367184
16367596
16369013
16371833
16374321
16376213
16378402
16378941
16381579
16386113
16386514
16390580
16392226
16392949
16398552
16399315
16401553
16404532
16406589
16407258
16407352
16407756
16408561
16409640
16410333
16410865
16412495
16413110
16414313
16417119
16417137
16418036
16419877
16420686
16421511
16422420
16423673
16426540
16426621
16428336
16431424
16431443
16433102
16433935
16435052
16436433
16438603
16438792
16439001
16439809
16440516
16443774
16444039
16444359
16445878
16447508
16456339
16459581
16459785
16463868
16467209
16467504
16469708
16472573
16472657
16475052
16476960
16482516
16484767
16484896
16488823
16489367
16489370
16490383
16490765
16490961
16491533
16492242
16492779
16499409
16500897
16504030
16504649
16505241
16506346
16508812
16510862
16518903
16520578
16521710
16525866
16527967
16528408
16529401
16529949
16530207
16530991
16531012
16533704
16537058
16538640
16540352
16540392
16540402
16540499
16541186
16541998
16545818
16547500
16548819
16549425
16551251
16552478
16553027
16553790
16555487
16556973
16557266
16559438
16560302
16561515
16562319
16565286
16565945
16567061
16570447
16570764
16573064
16575787
16580174
16582656
16587426
16590447
16591367
16593729
16594693
16596522
16596608
16596698
16601226
16602012
16602415
16603000
16603041
16603407
16604652
16604803
16605424
16606272
16607564
16610408
16611542
16613630
16613860
16616343
16616919
16619937
16622645
16622989
16623974
16624611
16625624
16628053
16631442
16637334
16638990
16648554
16650379
16651391
16652591
16654151
16655432
16656268
16657496
16657587
16657823
16657904
16661829
16661961
16662673
16665397
16665660
16665806
16666801
16667594
16669697
16674029
16674285
16674933
16675248
16680192
16680501
16680857
16683385
16687875
16688212
16693410
16694840
16695473
16695530
16697948
16698691
16700940
16702737
16712390
16716725
16718384
16718439
16720630
16721968
16722172
16722932
16724346
16727278
16727698
16728935
16731516
16731704
16736210
16736576
16737328
16737545
16738626
16742891
16743359
16744033
16744311
16744691
16753702
16753773
16755135
16756178
16757137
16758500
16763524
16767921
16769421
16770106
16770221
16770232
16771045
16775224
16779871
16780027
16780289
16785281
16792791
16794633
16801597
16802556
16803812
16805467
16807300
16808336
16813761
16816589
16817596
16819552
16820366
16820467
16820955
16820992
16823380
16823403
16826457
16830827
16832711
16834875
16839212
16841274
16841544
16842208
16842978
16843621
16843950
16845134
16846118
16848705
16849076
16854273
16857901
16859238
16861229
16865183
16865668
16867177
16874368
16882964
16884709
16884716
16884882
16887490
16889664
16890756
16893787
16894772
16895381
16896318
16899792
16901274
16901533
16901889
16903307
16909090
16910386
16913037
16913699
16915725
16916245
16918852
16923480
16924939
16925352
16927881
16928928
16929709
16937395
16937913
16938811
16939429
16939776
16941351
16942989
16945962
16948566
16950474
16951737
16954513
16954949
16954974
16965664
16967703
16967921
16970317
16971814
16972187
16972211
16972486
16973756
16973803
16974442
16979028
16983595
16984104
16984651
16987324
16987919
16987957
16988904
16989364
16989612
16989977
17000116
17001976
17004373
17005245
17009694
17011913
17013395
17014482
17020144
17024619
17028945
17031366
17032623
17033584
17033705
17037045
17038909
17043078
17045710
17049621
17050124
17050166
17051155
17052755
17053867
17055742
17056116
17056422
17057438
17057627
17059570
17062799
17066837
17071345
17071596
17071737
17076291
17076570
17081626
17081714
17083396
17086249
17086419
17087934
17090593
17091292
17099455
17100318
17104452
17106266
17106389
17108365
17111533
17113832
17115992
17117606
17118980
17119041
17119413
17120146
17121586
17125846
17127304
17127709
17127741
17128574
17129896
17133342
17135287
17137810
17138071
17141591
17143213
17143441
17144334
17144581
17147789
17148497
17151431
17151904
17154736
17154847
17155564
17157351
17162137
17163932
17164236
17166138
17168844
17170481
17171560
17174290
17174872
17176559
17177346
17178673
17180495
17186779
17189007
17190538
17191500
17191733
17194214
17194637
17196334
17197003
17197961
17200385
17200397
17204719
17206521
17206818
17209677
17216476
17216672
17216829
17217898
17218209
17220074
17221040
17222714
17223128
17225070
17225691
17227322
17228712
17228952
17229567
17230448
17232253
17232463
17232480
17232911
17235730
17237689
17237796
17243899
17244184
17245239
17245247
17246700
17250005
17252007
17254275
17255331
17259460
17263176
17265339
17268770
17273227
17274732
17275952
17276207
17278071
17279662
17280820
17283285
17283576
17284395
17286636
17290735
17293839
17294026
17295278
17296267
17298102
17304216
17304770
17308385
17309517
17311068
17311503
17312043
17312448
17314556
17318698
17320166
17320951
17322358
17327666
17328598
17329429
17331823
17333038
17333964
17338798
17339467
17340070
17340298
17344167
17344259
17349069
17354099
17356130
17356743
17359272
17360011
17362913
17364323
17368335
17371302
17375768
17378241
17378649
17378809
17381850
17382486
17382814
17382976
17384747
17385090
17387324
17387477
17387565
17392423
17397412
17398464
17399449
17400536
17401884
17407544
17412029
17414007
17415764
17417458
17417973
17418239
17419737
17420274
17421751
17421847
17426719
17427204
17429333
17429782
17430080
17430413
17430870
17432980
17432992
17434266
17434731
17435907
17444705
17446105
17446173
17449905
17454094
17454461
17456204
17458100
17458137
17458649
17459453
17459876
17460328
17461206
17462245
17463778
17467888
17469581
17470097
17470864
17473703
17474462
17475786
17477181
17478856
17479418
17480203
17482380
17482782
17484193
17484662
17492574
17495267
17495663
17499330
17499572
17501813
17501835
17502152
17502858
17503881
17505005
17509794
17510035
17511463
17513117
17513888
17517235
17517978
17522881
17524035
17528124
17528675
17530075
17531754
17532125
17536092
17536641
17540387
17542858
17543681
17544683
17545155
17545367
17546263
17546530
17554342
17554496
17555925
17557636
17557709
17557807
17558645
17559168
17561722
17564633
17565531
17567434
17567491
17579224
17583262
17587376
17589940
17596149
17596230
17597053
17599176
17600237
17603472
17604535
17604588
17605231
17605484
17609298
17615216
17616485
17617872
17618183
17619873
17619998
17620720
17621585
17622001
17628195
17628996
17632244
17633745
17635167
17637361
17638121
17643419
17643510
17647936
17647985
17649862
17650905
17653962
17656294
17656874
17658198
17665468
17666410
17667914
17670595
17670608
17671657
17672513
17674511
17675621
17676858
17677543
17678472
17680252
17681404
17681559
17681976
17682169
17683590
17685326
17685428
17686103
17687036
17687383
17689986
17693017
17695198
17695473
17698505
17701069
17703145
17703873
17705261
17705932
17706163
17707111
17709272
17709815
17713839
17716946
17719450
17720533
17721197
17724466
17725014
17725061
17725252
17725333
17725545
17727967
17728171
17729384
17729574
17730017
17731468
17732183
17732881
17734230
17735990
17740412
17741757
17742877
17745126
17745638
17747983
17748167
17750374
17752963
17753033
17754221
17756437
17758507
17758560
17758677
17758930
17759160
17763046
17765915
17767343
17767766
17770711
17770805
17770956
17772069
17779658
17784484
17787768
17794055
17797133
17800614
17800827
17804470
17805571
17806772
17811405
17815716
17816205
17819627
17820948
17822258
17822817
17823731
17829925
17832142
17833152
17835326
17838049
17840821
17841534
17842940
17843711
17844553
17846836
17848252
17854006
17854548
17857016
17857479
17857495
17857719
17858574
17859326
17859735
17861127
17865565
17866370
17866800
17868256
17869384
17869799
17872813
17872985
17874436
17874479
17875126
17875269
17875416
17875786
17876431
17879642
17881643
17885173
17887730
17888222
17890316
17891608
17892265
17892974
17894609
17894703
17894957
17897524
17897612
17900083
17901949
17904114
17905197
17906318
17907294
17907496
17912034
17913377
17916000
17916930
17921325
17922281
17923252
17929353
17931775
17939332
17940645
17940915
17941638
17941861
17942342
17943632
17949574
17950143
17950994
17955410
17955482
17955520
17964609
17967654
17971486
17971995
17972803
17974359
17977622
17977949
17978991
17984959
17985078
17991474
17991539
17991875
17992674
17992734
17995079
17995202
17995225
17997488
17999564
18001758
18003541
18004500
18004886
18010153
18011053
18012827
18015530
18016591
18017969
18019738
18020473
18020908
18023023
18024349
18025891
18029076
18031212
18031411
18032267
18036414
18036728
18036790
18037840
18040946
18042473
18047335
18048687
18049415
18049792
18050673
18050972
18051113
18055610
18056281
18056661
18056834
18060767
18064841
18066733
18067710
18068082
18068562
18069064
18071583
18072738
18075304
18077766
18078241
18079913
18087448
18087508
18088512
18089227
18089823
18094812
18099388
18101042
18104375
18106103
18109268
18112352
18114411
18115286
18115783
18118453
18125171
18125853
18126860
18128238
18128876
18131542
18133640
18137763
18139002
18142058
18142133
18142439
18145452
18146919
18147233
18148334
18149603
18150443
18151840
18153030
18153849
18155850
18156240
18157225
18157786
18158642
18162365
18163394
18165850
18167248
18170506
18174771
18176767
18177958
18179665
18179709
18179784
18185556
18186656
18186806
18188632
18189686
18191333
18191998
18194477
18194732
18196199
18196658
18199596
18201186
18202262
18203505
18204902
18206702
18207500
18208881
18209269
18209542
18212640
18214726
18216222
18217380
18218367
18219708
18219928
18222057
18222648
18223615
18224607
18225868
18226014
18228348
18229727
18236182
18237105
18239882
18240017
18241848
18244269
18244574
18244915
18246172
18253009
18255041
18256854
18257435
18257922
18257995
18258306
18258392
18258515
18260513
18260680
18261226
18261533
18262593
18263562
18265794
18268278
18273763
18276759
18277954
18279243
18279849
18280984
18282217
18284591
18284990
18285014
18285090
18288214
18288927
18290741
18291112
18291318
18291364
18293305
18296245
18297106
18299706
18300372
18301445
18301687
18302841
18303563
18303746
18303979
18307025
18309851
18314004
18314795
18328345
18330264
18331093
18337182
18338578
18338694
18338729
18340556
18341914
18343877
18344666
18351998
18353548
18353879
18354288
18354812
18354882
18356694
18357661
18358206
18358627
18367082
18369649
18372297
18372901
18376941
18378565
18380060
18386541
18387826
18389058
18390856
18391184
18394251
18397272
18398859
18401027
18406626
18408037
18411909
18419788
18421171
18424244
18426136
18426369
18426687
18427238
18433464
18437824
18439803
18442916
18443727
18445943
18446572
18447856
18451832
18458889
18460646
18460982
18465708
18465949
18467390
18470374
18471101
18472458
18474291
18475127
18475980
18476096
18476254
18477603
18479131
18479785
18482593
18483258
18483948
18487713
18491466
18493209
18494131
18495139
18496469
18497002
18497201
18500851
18500992
18502769
18504226
18506337
18506740
18513364
18515042
18516956
18518773
18519879
18520803
18520909
18522167
18522937
18523626
18525543
18530110
18531751
18533181
18538091
18541655
18544571
18545130
18547855
18548271
18553803
18554914
18555678
18558396
18558871
18563175
18564166
18564461
18572342
18576366
18579522
18581649
18582997
