1133
3930
5715
11322
13098
14427
21490
22960
24903
25792
26212
27401
29639
29956
30430
30503
31878
32265
34207
34375
34625
34755
34972
37971
38764
39177
42699
45183
47723
48509
48756
51964
52672
55606
56079
58911
59022
59739
61526
65048
67514
71381
73655
76980
77302
85497
85532
86912
92771
94496
95658
96494
98761
101504
101793
103042
104164
105629
106714
109245
110040
110776
112089
115540
118138
121362
122824
124677
125363
128342
131338
131857
133109
134204
137158
140680
141562
143849
145529
147089
148427
148785
150860
153035
158888
160733
162650
163001
163468
163931
164472
167569
168586
171639
173540
174275
174583
175282
178795
178991
179261
181206
182846
184337
185158
185931
188137
190070
190810
191198
192864
195830
198169
199168
200082
204925
206005
209118
209976
210375
213234
215453
217788
220621
221442
221488
221797
221912
222057
223471
226291
227202
228312
229044
229477
232311
233396
239431
246188
248657
249480
251786
252201
253015
254845
255312
257372
257650
259290
260108
260350
261147
261426
262760
266133
269650
273225
273230
274497
275089
275728
275872
282827
291786
294359
294834
295265
297668
300398
302265
303676
305180
305887
307843
308657
308758
309246
309283
311671
311694
314748
319118
321002
322245
322329
322749
327694
328758
329266
329858
329943
331936
333990
336031
340825
346257
349519
350400
351731
353365
356812
359614
361495
363184
363292
367364
369181
370287
371211
371317
372575
373345
374034
375951
380518
382698
384420
385346
387540
387560
388893
391987
392037
394183
394945
395291
396400
397302
397443
399861
402487
402984
403986
407283
408881
409936
410203
412414
412642
418090
418891
422139
423640
425062
427256
428016
437883
438270
439152
439851
439862
440055
440517
444852
445807
446114
446150
448439
451590
453946
454468
458113
459749
462307
463248
469124
469243
469848
471866
474499
475739
479495
479606
482150
482914
484994
485060
487428
488598
491655
493409
494057
494741
495902
496586
497388
498701
500195
504986
505401
506483
506512
508054
513203
517811
519697
519810
522929
524291
525555
528214
531101
533067
533333
536953
542885
545266
545439
546154
550890
551863
554087
555615
556269
559077
559742
560432
564197
567767
568436
569606
569739
575879
576111
579502
583375
584041
586736
587132
588216
589622
590655
590943
591749
592044
593185
594602
600950
601016
601771
604544
605206
606146
607021
608316
608358
609275
609422
611635
613173
613812
618427
623059
623414
623876
626171
626353
626440
628054
630886
631375
632728
633107
637876
638917
641733
642120
643520
643597
643892
649904
650597
653250
658409
662215
662650
664935
671036
671368
671836
672890
673347
677762
679188
680611
680633
681175
681681
685535
687620
691434
693953
695557
696212
702224
704168
710823
712071
713861
718770
719348
720461
720670
722733
724259
728233
729428
730339
731501
736245
738835
739392
742152
745584
749600
749854
751881
756083
757766
757914
759884
760378
762267
765286
765612
766756
768291
773115
774507
774592
775221
779266
780304
780387
780955
782199
784286
785286
785400
789370
790394
793739
794788
799177
801338
802959
804500
809895
812288
814787
816598
820169
820346
823054
823473
825153
827672
831273
832920
835407
835762
836773
837963
838263
840719
841514
843801
844109
850584
851505
855741
858376
858592
860001
860354
860480
863811
864206
868272
869625
874505
875032
877833
880209
881664
885353
886014
890010
890506
890621
894167
894569
896018
897329
897864
898760
900063
908050
908329
910838
911082
911302
915386
917157
917550
920213
921723
921953
923719
925623
926676
927967
928567
930896
931459
937269
940926
943120
943804
954424
954641
958824
958969
960634
963486
967769
967992
968284
971141
972738
974444
975509
976082
976611
980544
980615
982940
985202
989468
993489
996454
997034
997064
1005923
1006347
1006562
1011408
1011676
1012358
1013757
1014012
1016331
1017848
1020332
1022310
1026424
1028235
1029716
1030190
1034333
1038016
1038364
1040325
1043682
1044387
1045385
1045644
1047609
1047812
1049716
1052620
1055487
1056871
1063707
1064835
1065895
1067255
1067507
1068399
1071712
1073401
1074635
1075349
1076107
1076411
1077455
1081505
1086889
1087252
1087672
1090976
1097342
1097771
1099884
1102307
1103406
1103696
1103697
1105112
1106659
1108562
1110564
1111130
1113397
1113404
1114977
1116168
1116615
1120628
1121765
1122834
1123509
1127857
1132683
1135967
1142155
1142464
1143444
1149641
1152069
1153386
1153433
1158046
1161492
1161531
1161991
1168103
1169636
1170588
1170788
1176073
1176314
1177742
1179396
1180167
1183514
1184257
1185847
1187913
1189184
1191650
1196026
1196935
1197802
1198878
1200498
1200708
1205550
1205966
1206412
1208524
1213195
1213851
1216059
1217380
1217668
1219438
1220930
1222180
1225002
1227756
1234757
1237861
1238048
1239300
1240289
1242124
1247208
1247653
1252935
1254710
1255683
1259525
1260034
1260630
1261662
1262017
1263374
1267128
1277227
1278923
1279327
1279972
1283943
1284597
1287199
1293321
1293665
1294650
1295287
1296300
1298729
1302118
1307825
1309155
1309744
1312847
1313700
1314458
1314869
1315389
1316285
1318552
1320185
1321320
1322817
1324711
1325709
1326378
1327336
1329760
1329772
1334094
1335896
1336193
1339607
1341471
1343229
1343998
1344494
1348980
1349527
1351293
1352435
1353424
1354699
1355264
1358280
1362349
1367814
1368019
1369840
1371270
1376180
1379744
1382660
1383219
1385944
1386360
1388379
1388978
1390646
1392916
1397483
1397929
1398390
1400084
1400796
1403867
1405940
1405974
1407899
1411106
1412580
1413680
1414583
1416454
1418372
1420223
1421251
1422489
1425551
1429773
1431008
1431650
1432264
1434741
1440221
1443824
1445803
1448511
1449501
1450021
1451366
1453902
1458919
1459238
1459455
1460887
1461258
1463069
1464872
1466638
1469588
1471049
1471866
1472115
1472325
1473751
1474983
1477965
1478454
1480697
1484665
1485177
1485802
1489249
1492992
1495487
1500847
1501702
1501964
1502510
1507206
1508401
1509579
1511951
1515346
1521382
1522576
1524268
1533631
1540158
1542409
1545123
1548697
1551730
1552731
1552959
1553213
1555010
1555700
1561593
1561904
1563915
1568206
1568600
1569328
1573944
1574432
1574523
1582515
1587428
1590221
1594923
1595284
1595307
1595460
1595605
1598441
1599582
1599953
1603244
1608926
1610159
1615195
1615418
1615822
1616001
1616356
1620516
1621942
1622261
1622385
1623387
1626430
1627346
1627914
1627940
1631995
1634110
1635183
1635425
1636579
1637301
1637484
1637717
1640763
1643589
1647742
1648533
1653943
1654389
1654493
1656034
1656428
1656452
1660074
1661412
1661514
1666037
1668391
1670839
1671195
1673543
1674774
1683820
1684411
1685967
1694400
1698474
1700366
1701343
1701715
1702195
1702697
1705216
1706371
1708937
1711399
1712032
1712260
1713752
1714600
1716585
1717654
1719201
1721242
1724328
1725154
1730487
1730987
1731145
1733636
1735094
1735165
1735627
1735808
1738108
1739899
1740843
1741613
1742728
1743291
1743597
1743723
1745066
1745146
1747301
1749638
1752858
1758277
1765374
1766800
1769521
1773149
1774486
1776477
1780431
1780916
1782425
1784009
1784112
1785506
1785549
1787142
1788481
1790973
1791100
1793454
1795770
1796113
1796549
1797175
1797305
1798517
1802249
1806159
1807643
1808290
1808294
1809071
1815504
1816228
1818491
1819501
1819844
1822596
1823572
1824422
1825809
1828972
1833361
1835652
1838770
1839305
1844997
1846734
1847449
1847682
1847979
1851099
1854797
1856995
1859316
1859475
1862272
1865415
1865987
1866383
1867486
1868495
1871204
1875967
1876056
1877430
1882655
1883370
1884166
1885342
1886164
1886842
1887178
1887247
1895419
1897903
1903388
1906384
1907004
1908118
1908370
1909505
1910639
1911795
1912148
1912566
1914171
1918090
1920287
1920678
1920796
1920932
1921698
1924117
1924513
1924650
1926403
1928925
1929533
1933674
1935784
1939537
1939749
1942250
1945087
1947788
1948714
1952239
1957929
1958444
1959090
1960170
1961712
1963111
1963983
1964245
1967951
1968986
1974181
1976917
1980594
1981291
1984365
1985062
1986863
1987541
1988479
1988872
1992925
1995644
1995893
1997185
1997936
2000674
2005655
2005767
2006554
2006909
2009833
2012503
2013320
2013595
2015829
2017832
2023050
2024225
2028040
2034331
2035708
2037424
2037473
2037939
2039581
2040077
2044985
2045226
2046667
2049651
2050378
2051735
2053568
2054404
2055257
2055373
2055531
2060579
2060687
2065893
2069503
2069978
2070622
2071215
2072952
2074045
2074620
2075416
2075557
2075615
2076395
2079056
2087121
2087336
2088698
2090381
2091057
2092873
2094137
2094603
2095114
2096115
2098615
2099492
2105372
2108450
2111931
2112144
2115787
2119347
2122131
2123928
2129243
2137373
2138873
2138987
2142122
2143870
2145080
2148435
2152785
2153250
2153370
2156532
2156871
2159853
2160295
2168814
2170729
2174880
2174924
2176493
2180331
2180759
2183661
2183992
2186475
2188252
2189538
2189629
2190675
2194083
2197349
2197523
2198923
2199819
2200050
2202415
2206001
2206372
2209392
2209595
2214070
2215728
2215900
2218367
2221009
2223091
2223897
2224622
2225023
2228592
2229002
2231991
2236070
2236342
2237619
2238428
2240211
2241409
2244092
2244219
2244291
2244679
2244924
2245928
2251684
2252356
2252524
2253020
2253158
2253247
2254840
2255799
2256474
2259380
2261939
2262190
2263111
2263167
2265307
2268597
2273422
2277179
2277702
2277867
2279090
2281869
2282034
2283068
2283354
2286483
2287071
2287838
2296890
2297565
2299333
2300704
2301675
2301710
2305969
2306217
2306663
2307211
2307450
2309811
2314847
2321208
2321791
2325329
2326187
2328782
2329630
2338277
2339481
2340036
2341447
2343352
2343716
2345421
2348795
2349028
2350036
2351557
2351601
2357860
2358251
2359293
2360732
2362304
2366791
2368133
2369131
2371532
2371899
2374554
2379900
2381378
2387760
2393601
2395313
2395974
2396514
2398229
2398895
2401451
2401486
2401859
2404326
2404662
2404907
2411998
2416052
2416286
2417407
2417999
2419050
2419426
2421709
2425552
2426911
2427186
2429120
2430620
2431611
2432102
2435017
2435805
2437374
2440912
2442452
2442832
2444147
2446104
2447789
2448616
2449123
2449566
2449627
2451319
2452679
2452825
2454581
2455470
2456272
2458206
2460648
2461500
2462408
2463396
2464351
2464722
2472100
2472149
2473277
2475716
2476341
2476618
2476635
2477103
2478968
2480942
2482946
2484099
2485152
2487837
2487952
2488401
2490558
2491161
2493082
2495621
2495739
2497997
2498987
2500660
2500738
2501952
2503436
2506095
2506473
2509326
2510220
2511292
2512788
2514118
2516214
2517499
2519935
2521454
2522059
2525497
2530918
2531848
2536243
2537199
2538170
2544134
2544308
2544756
2545204
2545341
2547392
2549038
2549074
2550086
2552382
2553557
2553569
2555915
2558407
2559253
2559914
2560387
2560731
2562073
2565106
2566990
2567618
2570004
2570698
2571769
2577882
2583496
2584935
2586015
2592772
2593674
2595404
2600825
2600869
2601263
2601296
2601775
2602692
2603287
2605580
2609148
2610581
2611111
2612360
2614649
2615903
2617913
2619746
2620189
2620543
2622648
2623905
2624443
2624760
2625082
2626934
2626949
2632487
2636525
2640639
2643203
2649412
2649493
2650951
2655558
2656384
2657731
2658086
2658177
2661484
2661507
2662712
2664781
2666121
2668495
2670203
2672058
2674720
2675860
2676349
2677532
2677583
2682544
2682559
2682917
2684110
2685617
2689127
2689435
2689937
2692028
2692672
2693416
2693686
2694306
2694697
2696615
2697449
2699173
2707516
2712858
2713623
2713686
2716454
2716846
2718266
2719317
2719479
2722623
2724456
2724803
2726095
2729293
2729363
2730585
2732679
2732864
2734434
2734621
2735933
2736940
2739370
2741377
2746223
2749329
2753068
2754415
2754640
2755313
2756834
2757908
2761101
2762313
2766696
2767154
2767516
2767911
2768270
2770580
2773429
2773723
2775517
2776608
2776863
2777675
2778103
2782922
2783748
2784926
2790455
2795775
2796438
2796706
2797029
2798364
2806460
2807506
2807893
2809388
2810854
2810857
2811750
2812013
2813320
2815603
2816170
2816311
2817152
2818764
2818992
2819124
2821863
2822426
2823109
2824942
2825431
2827273
2828358
2838777
2841926
2843601
2844485
2853183
2854698
2858552
2863524
2865970
2876855
2879285
2880170
2880996
2887887
2888024
2889709
2890738
2892728
2893261
2894801
2897421
2898768
2899793
2902593
2905857
2909746
2910895
2911793
2912431
2912557
2913668
2916747
2917493
2919264
2919706
2922199
2923033
2923177
2926006
2928093
2928366
2929499
2936154
2936406
2940398
2944853
2944875
2945586
2946502
2948106
2948869
2949614
2950481
2953377
2954438
2957761
2963525
2965066
2971299
2971872
2972110
2972962
2974552
2976967
2979280
2980703
2984502
2984594
2984633
2988365
2989243
2989696
2990958
2991034
2992525
2992761
2994961
3007148
3008164
3010562
3012069
3013239
3016425
3016972
3020506
3022858
3023660
3023916
3024321
3026858
3027542
3027875
3029742
3031130
3032003
3036452
3037052
3037158
3038302
3038323
3041647
3043143
3044301
3045288
3046629
3046849
3048978
3049569
3052856
3057826
3060642
3060781
3063094
3065309
3067879
3070207
3070437
3070590
3070755
3070775
3072109
3073986
3074172
3074766
3075804
3077156
3081524
3082063
3083088
3085922
3090407
3092685
3093176
3099944
3100594
3106883
3109707
3110354
3115827
3117943
3118960
3120616
3130120
3135264
3137348
3139387
3142646
3143418
3145656
3148635
3150692
3151361
3151455
3151859
3152664
3153743
3154436
3154968
3156598
3157213
3158416
3161222
3161240
3161808
3162625
3163733
3163804
3165536
3166936
3170365
3171638
3173400
3175301
3176675
3177702
3180338
3181525
3181976
3183274
3185665
3192464
3192660
3192817
3193886
3194197
3196062
3200663
3203724
3206737
3206974
3207829
3207947
3211749
3214420
3216409
3217127
3219102
3219341
3220344
3220749
3222420
3222931
3223053
3225244
3225413
3227096
3227532
3228305
3231716
3233908
3237115
3238467
3239905
3241924
3242883
3242927
3243288
3244452
3245797
3245800
3247383
3247870
3249830
3254305
3255199
3256685
3257521
3257873
3260149
3266737
3269651
3269962
3271737
3272519
3285974
3286410
3288812
3288851
3296585
3296946
3299646
3301758
3302582
3308035
3314572
3315440
3316406
3322267
3327990
3328284
3331845
3332709
3333441
3335439
3341693
3341894
3342644
3342962
3344716
3345628
3350751
3355097
3360038
3361625
3365697
3365703
3365843
3366208
3370370
3371594
3372133
3372174
3372627
3373244
3373936
3374856
3382467
3387804
3391148
3392391
3395100
3397605
3398589
3400514
3402866
3406125
3408210
3408619
3415386
3416003
3416469
3416932
3419286
3421921
3422518
3426925
3427732
3427929
3429089
3430585
3432500
3433145
3433319
3433518
3434605
3436834
3438778
3438920
3439876
3440649
3440784
3442746
3444397
3446207
3446734
3449836
3450115
3452302
3452943
3453113
3458856
3460083
3464200
3465629
3467389
3469448
3470134
3472218
3474592
3479688
3480631
3481048
3482578
3483727
3483828
3484037
3484278
3485724
3487587
3492216
3492329
3492599
3493035
3494548
3497284
3497362
3498644
3500786
3500903
3501377
3501881
3502941
3503577
3504290
3505696
3506467
3507309
3509592
3511008
3516762
3517304
3519772
3520235
3520251
3520475
3521330
3522082
3522491
3525065
3527013
3528103
3530355
3532403
3533424
3536832
3538447
3539447
3543050
3550440
3553496
3554337
3556191
3558139
3560704
3562462
3566668
3568581
3569301
3570004
3570158
3574024
3574698
3577629
3578779
3578983
3581186
3581497
3585236
3589273
3589501
3591733
3593178
3593234
3593278
3593281
3594694
3596236
3597512
3598589
3600122
3604232
3605925
3606441
3607208
3610047
3610806
3612130
3613525
3613864
3614192
3615941
3619666
3621148
3626092
3626186
3626311
3627735
3627997
3628656
3629362
3629771
3632189
3632777
3632815
3633452
3636531
3637936
3639027
3643599
3646145
3647716
3649274
3649718
3649733
3650000
3650968
3660611
3661232
3663019
3663862
3666588
3666989
3669707
3670637
3673425
3673552
3680265
3681419
3685508
3686059
3687459
3689138
3689509
3690743
3697961
3699654
3699849
3700863
3701140
3701953
3703697
3704744
3705079
3711017
3712674
3714545
3715713
3715991
3717235
3718323
3719104
3722283
3722515
3724379
3727920
3729950
3740541
3741093
3743397
3743401
3745704
3752168
3753575
3758883
3759815
3760646
3763040
3764255
3765181
3770015
3771608
3772711
3774566
3775777
3775944
3778135
3785427
3788708
3788816
3789497
3790090
3790473
3790499
3794211
3799345
3800281
3800789
3801683
3805174
3808380
3808624
3810709
3812821
3813242
3817872
3820758
3822053
3825800
3828145
3829047
3830169
3832458
3833635
3834909
3837089
3838565
3841325
3845773
3847456
3850654
3855915
3856606
3857869
3860570
3865266
3867171
3869004
3869036
3870656
3870874
3873704
3873830
3874062
3876186
3877653
3879411
3882637
3883098
3887623
3889970
3890226
3897186
3898811
3902144
3912866
3918146
3919556
3919807
3926664
3926681
3928613
3928701
3930779
3935508
3940691
3942649
3943031
3945527
3947823
3949223
3949291
3953023
3957212
3957579
3959322
3961218
3961255
3961767
3962571
3962994
3963446
3964324
3965486
3966569
3967233
3970502
3971050
3971097
3971288
3971369
3971581
3974003
3974207
3975420
3975610
3976053
3977504
3982643
3982981
3985920
3986016
3991847
3994393
3996052
3996107
3998298
3999636
3999840
4000600
4002014
4004946
4005366
4006195
4022462
4022778
4023174
4024191
4024584
4025685
4027150
4029773
4032265
4032981
4037233
4037743
4039754
4040121
4049759
4052798
4054426
4056226
4057392
4058167
4058509
4059153
4065059
4066625
4067925
4068670
4069268
4069577
4070527
4071299
4075913
4077290
4078223
4078957
4080688
4080883
4083604
4084500
4085124
4087504
4093510
4096503
4098882
4098929
4099568
4104154
4108721
4109230
4109777
4112060
4113531
4114597
4116174
4116437
4117916
4120189
4121773
4121949
4126280
4127953
4129596
4133134
4135765
4136074
4136830
4138113
4140468
4141666
4145491
4149251
4150685
4153605
4153801
4154396
4155943
4160965
4163874
4164489
4165143
4166123
4166405
4167017
4167796
4168173
4168451
4172404
4172741
4178494
4183526
4184793
4185097
4187964
4190706
4191921
4192693
4193254
4194156
4198192
4198556
4199954
4200585
4204731
4205237
4206863
4207252
4210608
4211660
4215261
4216301
4217776
4219845
4223082
4224450
4224661
4225221
4225821
4226591
4231232
4232014
4235544
4238243
4239530
4240000
4242114
4242224
4242568
4243611
4243911
4244621
4247688
4254122
4260067
4261664
4262465
4262712
4267834
4269760
4270755
4274273
4274290
4275177
4275703
4276037
4276087
4278715
4279005
4286239
4289488
4290924
4292936
4293606
4293741
4293840
4294992
4295822
4296288
4299630
4302099
4304270
4308103
4308936
4311038
4317811
4319813
4322081
4323137
4331352
4335409
4337806
4340147
4340721
4342346
4350797
4350834
4351422
4351767
4352629
4355437
4356819
4358456
4358940
4362205
4362372
4363719
4364255
4366923
4369694
4370370
4372690
4373446
4376635
4378104
4378287
4378955
4382502
4383058
4383251
4383764
4385551
4387973
4391558
4393857
4396017
4397631
4399005
4399066
4399438
4400171
4401611
4405871
4407329
4407734
4407766
4409962
4409991
4410940
4411728
4412107
4412988
4414034
4414898
4417130
4420372
4421753
4425236
4426059
4427680
4428176
4428790
4429022
4430349
4434340
4435413
4438502
4441927
4443747
4444780
4445928
4447906
4447916
4449192
4450385
4451564
4452282
4452310
4455120
4456966
4459590
4461779
4463961
4468152
4468920
4468936
4470243
4470540
4471969
4473686
4475179
4475992
4478179
4480629
4482489
4484402
4484855
4486190
4491018
4495086
4499556
4500060
4500128
4501194
4501331
4502063
4502224
4505530
4514376
4517022
4519532
4524810
4528238
4528387
4528593
4530348
4532426
4532706
4532896
4533182
4537763
4539177
4541957
4543684
4546663
4546966
4549069
4549075
4549301
4550215
4551859
4558564
4558753
4563267
4564014
4568554
4568893
4569219
4572711
4573795
4575358
4576832
4580596
4582153
4583211
4585218
4589555
4591617
4591887
4592551
4593321
4593964
4594293
4595477
4596461
4599048
4599419
4604653
4605228
4605481
4606296
4606344
4606838
4607093
4609700
4614662
4616398
4619162
4620277
4621850
4622404
4630639
4631264
4631286
4631397
4634468
4634631
4635575
4635828
4640258
4642290
4644103
4644684
4645171
4645244
4645555
4645641
4645764
4647762
4647929
4648475
4648782
4649842
4650811
4653536
4653991
4654963
4657510
4661201
4661816
4664897
4666135
4668373
4668629
4668980
4669964
4670126
4673796
4674626
4678295
4679273
4685358
4685722
4685981
4686609
4687523
4698918
4701844
4702009
4702326
4702571
4703004
4707714
4708109
4708424
4709109
4710020
4712812
4713716
4714341
4717182
4717197
4719804
4723580
4725687
4726383
4728178
4729845
4732329
4734644
4734663
4736322
4737155
4738272
4739653
4741823
4742012
4742221
4743029
4743736
4746994
4747259
4747579
4749098
4750728
4752035
4752126
4752511
4755281
4757083
4759514
4760860
4760873
4763136
4764446
4765840
4767693
4776391
4776991
4779727
4780284
4782843
4784486
4786675
4790278
4795167
4800498
4803053
4804706
4805073
4805315
4805685
4808440
4811211
4814103
4814659
4814904
4815168
4815719
4820259
4822564
4827000
4827505
4828228
4828816
4830860
4831225
4831546
4835182
4835986
4837111
4837810
4837966
4843724
4846342
4849662
4852101
4853258
4853461
4856146
4859211
4868148
4868213
4869186
4870734
4870804
4871148
4873538
4875804
4877164
4877601
4880631
4881775
4882295
4882958
4883236
4883795
4889844
4890173
4891028
4898254
4900302
4900338
4900793
4901551
4902829
4903213
4906229
4908296
4908538
4910470
4912511
4913460
4913484
4913491
4917824
4918713
4919981
4924580
4925062
4926522
4926816
4927925
4929556
4929745
4930367
4932309
4934213
4935515
4935633
4938311
4939903
4939955
4939979
4940340
4942506
4942968
4944832
4946092
4946200
4946250
4946635
4948042
4951051
4954873
4956461
4958380
4958979
4960243
4961676
4965662
4966866
4969549
4969846
4976216
4976764
4977831
4979727
4980861
4984604
4984955
4985802
4988160
4990871
4992162
4992785
4996788
5006244
5011197
5012291
5012640
5016023
5016516
5020493
5021659
5022772
5025291
5028471
5029342
5032707
5035242
5036985
5037907
5038915
5040245
5040778
5040977
5044627
5044768
5046545
5047394
5049620
5051947
5056324
5056354
5058843
5067410
5071554
5071927
5072007
5073695
5074462
5076182
5077121
5080451
5087581
5088127
5091276
5092229
5093187
5098844
5099497
5100205
5101046
5102966
5103435
5103518
5103705
5105285
5107826
5108522
5109320
5109952
5110435
5110604
5110867
5111474
5113625
5115154
5122694
5122954
5129718
5129822
5131264
5133859
5134558
5136734
5136792
5138332
5138441
5139218
5141731
5145756
5146642
5147396
5147448
5148701
5148880
5149858
5150721
5152589
5155668
5158004
5160979
5162051
5164920
5166348
5166771
5169716
5169810
5169961
5171074
5176703
5177976
5178295
5179216
5182131
5182364
5184847
5187268
5187623
5191325
5192040
5192306
5193717
5194264
5194276
5194424
5195572
5199116
5200223
5200603
5201799
5211289
5211965
5214451
5215131
5216430
5217056
5217903
5217937
5218180
5222661
5222803
5224762
5225352
5225943
5226451
5227996
5229417
5235324
5236222
5238823
5240849
5241102
5241956
5243448
5245565
5250902
5255830
5256046
5258383
5259693
5263011
5263395
5264031
5266387
5272225
5276176
5276577
5280305
5280367
5284341
5289163
5289167
5293767
5294553
5295661
5302784
5304850
5306453
5308354
5309646
5312022
5315227
5315767
5320516
5321798
5322170
5323973
5324426
5325557
5328437
5328508
5332997
5334077
5334163
5336550
5337821
5339283
5341943
5346789
5348889
5350100
5350196
5350400
5350529
5352921
5353810
5359554
5365913
5366438
5370112
5370136
5370429
5371539
5371932
5372306
5372923
5379046
5381567
5382774
5382779
5387993
5388704
5389150
5392611
5392656
5393259
5393813
5393949
5395924
5396942
5398872
5405142
5405737
5408900
5410632
5412348
5416263
5420907
5425381
5426425
5426670
5428200
5430045
5432394
5436768
5437365
5438444
5441996
5443227
5448083
5448526
5451203
5451961
5454591
5454803
5461083
5463232
5464997
5471648
5473591
5476820
5480858
5485366
5485617
5485758
5492534
5493236
5494521
5499988
5500364
5502121
5503732
5504333
5513313
5514336
5514681
5514965
5515049
5515821
5516952
5521115
5523543
5525364
5526002
5528280
5530757
5535192
5536680
5539813
5540432
5541024
5542129
5544595
5546645
5549484
5550773
5551379
5552514
5553747
5556121
5556520
5556544
5556620
5559744
5561332
5566965
5567566
5570251
5572338
5573505
5575374
5576419
5576498
5576869
5581518
5583878
5583971
5584677
5588675
5589318
5589803
5590499
5594215
5594597
5595574
5599092
5603731
5603962
5606274
5608552
5609304
5610134
5612199
5615097
5617597
5619200
5619319
5620040
5620716
5625776
5627263
5628736
5632711
5633152
5635889
5637101
5637376
5638028
5638833
5640089
5643057
5643505
5646630
5647153
5648359
5649648
5650361
5651688
5651915
5655252
5656736
5656745
5657050
5664345
5664915
5667257
5670814
5672928
5676325
5676352
5677887
5679299
5679310
5681748
5684586
5688446
5688773
5689815
5695783
5695902
5702298
5702363
5702699
5703498
5703558
5707063
5709476
5710703
5710942
5711403
5714685
5714749
5719820
5721158
5727423
5728655
5734831
5734915
5735786
5736160
5737857
5739478
5739873
5741728
5743980
5744420
5745148
5747081
5748040
5749296
5750951
5752784
5753820
5759245
5762073
5765436
5769130
5772780
5772906
5773312
5774415
5779476
5780430
5780849
5781260
5781615
5782424
5786542
5787447
5789504
5794902
5801164
5804063
5807686
5808821
5809359
5811436
5812094
5814720
5814729
5815208
5818154
5818761
5820958
5822934
5826745
5828035
5828289
5829424
5835265
5837868
5838933
5842994
5846062
5846510
5849637
5852122
5855343
5858508
5861592
5863651
5864526
5865023
5867693
5876875
5877213
5879943
5880262
5880488
5882439
5885470
5885660
5886524
5887033
5889584
5892328
5893420
5893620
5898399
5899002
5899922
5902330
5903664
5906393
5908061
5908362
5909003
5912277
5912666
5912774
5916106
5919258
5923020
5923784
5925088
5926683
5927522
5928333
5930268
5931654
5933234
5935747
5937577
5938927
5939584
5939728
5949915
5953861
5954009
5956123
5956585
5959153
5961690
5962598
5963269
5964572
5968132
5972633
5973666
5976571
5977675
5978001
5978890
5987442
5988085
5988384
5988896
5991516
5992348
5995862
6001050
6003691
6004008
6007652
6008518
6010207
6014340
6016523
6018007
6018782
6020816
6023028
6027961
6029209
6030628
6031539
6031910
6032076
6032861
6039201
6039447
6040686
6041372
6041682
6041908
6041910
6042984
6051506
6053723
6054733
6056907
6059630
6062875
6064091
6065240
6066830
6068522
6070691
6072577
6076296
6076944
6079067
6080128
6083363
6084426
6084479
6085122
6085375
6087819
6087868
6091965
6092237
6092322
6094289
6096151
6097591
6097619
6101692
6103475
6103755
6105328
6105835
6109432
6111714
6112213
6115500
6115665
6118058
6122846
6124188
6127970
6133157
6134370
6135637
6137866
6139978
6141189
6141779
6141872
6145626
6146533
6146867
6147018
6147024
6149590
6150706
6151036
6151288
6151885
6153045
6153494
6155942
6156843
6157598
6157805
6158264
6159928
6160875
6161195
6168937
6171797
6174670
6176689
6179654
6179922
6181337
6189348
6190072
6193043
6193196
6193749
6199611
6202801
6208445
6208813
6209656
6213274
6214236
6218199
6220346
6220381
6221044
6221590
6224450
6226007
6230281
6232255
6232428
6237529
6240133
6242041
6243304
6246080
6246516
6246541
6255458
6256267
6257716
6258455
6258833
6259532
6262948
6264937
6270078
6271687
6272394
6273637
6275034
6276834
6277632
6279013
6279401
6279674
6282772
6283696
6284683
6285326
6287379
6287720
6287758
6288102
6288156
6289721
6297971
6299766
6300070
6301972
6304678
6312592
6312689
6312907
6313048
6313454
6315076
6316643
6319721
6319781
6320822
6322673
6327880
6331554
6331687
6336816
6337492
6337765
6338875
6339892
6343247
6344203
6347256
6347681
6350906
6352605
6356862
6357381
6358471
6359209
6360953
6362695
6363335
6367416
6371440
6374596
6376723
6378071
6386518
6388193
6389325
6393481
6395582
6396023
6397016
6397564
6397822
6398606
6398627
6401580
6404353
6405099
6409243
6409429
6410680
6412246
6412566
6412678
6414485
6417110
6417553
6418585
6419004
6419682
6421042
6425943
6426497
6426822
6427095
6428572
6430311
6430660
6432106
6433603
6434158
6435129
6436663
6436915
6438027
6439929
6442263
6442501
6443700
6443768
6446807
6448465
6449432
6449737
6450822
6456291
6457179
6457699
6460985
6461039
6462188
6462859
6466094
6466996
6470176
6473742
6475460
6480805
6486654
6490346
6492203
6494648
6495851
6497451
6502721
6503785
6506191
6511241
6512473
6513415
6513769
6514819
6515215
6517574
6519904
6519999
6521210
6522605
6523531
6524198
6525564
6527586
6527829
6529858
6531595
6539360
6539748
6541725
6541869
6542517
6544267
6544498
6544510
6545923
6547462
6547709
6547863
6552808
6554804
6555995
6557702
6557746
6557821
6567117
6568950
6571365
6572114
6573037
6573660
6573842
6580088
6580220
6580954
6581023
6581084
6592607
6593576
6595347
6596664
6602084
6603526
6605196
6607317
6607502
6610394
6614879
6616857
6618614
6620921
6623395
6629966
6633504
6633934
6634530
6639519
6644095
6645749
6649082
6650407
6653072
6655386
6655860
6658578
6664431
6665985
6667087
6669281
6670230
6670697
6672341
6672858
6677271
6679787
6682368
6682556
6687062
6687428
6688180
6688397
6689478
6693350
6694459
6696981
6703085
6703585
6704233
6704540
6709186
6710834
6710873
6713580
6714581
6714613
6724555
6728939
6732594
6737526
6740910
6741950
6747744
6747776
6753518
6757298
6757356
6758041
6758728
6760695
6761043
6761237
6761779
6762007
6762029
6762177
6762249
6763762
6768788
6769519
6771161
6773014
6774179
6775222
6782201
6782904
6787295
6789858
6790850
6792111
6792257
6794591
6795970
6801581
6802186
6808181
6809303
6813720
6813859
6814212
6814524
6815692
6819546
6819931
6821836
6823606
6825542
6826960
6828991
6832665
6835231
6839006
6839926
6842288
6843252
6845081
6845167
6845257
6849785
6850571
6850974
6851559
6851600
6851966
6854726
6864194
6866979
6867873
6868648
6870523
6871264
6871565
6873174
6874117
6874992
6876379
6876684
6877019
6877761
6883645
6884291
6885492
6890125
6894436
6894925
6898347
6899668
6900978
6901537
6902451
6904979
6905522
6906860
6907043
6911242
6918252
6919156
6919300
6920421
6920528
6920822
6921402
6921714
6923038
6926604
6927488
6930085
6935170
6936818
6937671
6942033
6944500
6948691
6948888
6949110
6953811
6955857
6956650
6960583
6961292
6963979
6969110
6971075
6974505
6974899
6977057
6977842
6980621
6981223
6981901
6988855
6992938
6994014
6994652
7001836
7005628
7009271
7012009
7012363
7013452
7018330
7019645
7021041
7025741
7033627
7034310
7034769
7036054
7039018
7039453
7039876
7041735
7044561
7045064
7045500
7052112
7055044
7055583
7063236
7065640
7066751
7067182
7067576
7070980
7072557
7073036
7073857
7074517
7077424
7078913
7080192
7080338
7085589
7092985
7095976
7097339
7097739
7099759
7100300
7102719
7102826
7103777
7105200
7105571
7108727
7109425
7110774
7112534
7116956
7118301
7119421
7121670
7122182
7124527
7125886
7131227
7137547
7137834
7138032
7139551
7142055
7142655
7142707
7145420
7145698
7149204
7152456
7154000
7154159
7156162
7156529
7156607
7156685
7157078
7159469
7162037
7164967
7166854
7170113
7170546
7172935
7174194
7175156
7180358
7180763
7181295
7182368
7185396
7187263
7190737
7193200
7193408
7195390
7197613
7204623
7205138
7205256
7206140
7206260
7206807
7207050
7207817
7208117
7209623
7210975
7211703
7212080
7212961
7213260
7213401
7217898
7218569
7218949
7219122
7224047
7224347
7224764
7225359
7226337
7227549
7228683
7229423
7230266
7234834
7235549
7235782
7236532
7237057
7238552
7240456
7240724
7241939
7243100
7245721
7246125
7246491
7247387
7247898
7248831
7252860
7253680
7254633
7256042
7256417
7256903
7258808
7259100
7261611
7265309
7265971
7267997
7268517
7271124
7275752
7277211
7277624
7280153
7281978
7281994
7283840
7287701
7288431
7288986
7289175
7289213
7289840
7290622
7293739
7300351
7302755
7303696
7305006
7305090
7306222
7308105
7308198
7308654
7309597
7312561
7313474
7313650
7318757
7319272
7322636
7322887
7323010
7326292
7326350
7328973
7329311
7331305
7334527
7335300
7337114
7337485
7337691
7337737
7339678
7342618
7343479
7346079
7347459
7350240
7354696
7355013
7356418
7357461
7360720
7361112
7361682
7361965
7362043
7363041
7364672
7365475
7366229
7372366
7373251
7380131
7380249
7380715
7380998
7381114
7381705
7389293
7390172
7393340
7393488
7394250
7394817
7396736
7397216
7398762
7401132
7401400
7403717
7406793
7410914
7415274
7417253
7420366
7421177
7421703
7422215
7422555
7424352
7426148
7427357
7427368
7429506
7432550
7433559
7434423
7435636
7436440
7439407
7440066
7441182
7444600
7450122
7450648
7451428
7454471
7455545
7460532
7462756
7467661
7468533
7469016
7469573
7470770
7473720
7479324
7481607
7481903
7482258
7482318
7482516
7483658
7483850
7485410
7488236
7488665
7490723
7490938
7491403
7494809
7495261
7495920
7496285
7502431
7503587
7503855
7503926
7505183
7506543
7507469
7510998
7513824
7515598
7518301
7519362
7520740
7522509
7523244
7523679
7525794
7528345
7528767
7534072
7534201
7534427
7534642
7536112
7537519
7540300
7540546
7542953
7542958
7544946
7546388
7547762
7549053
7549661
7549790
7552434
7554699
7555864
7556578
7556854
7559872
7561136
7561309
7578050
7579567
7579695
7579994
7583499
7586342
7594496
7595174
7599370
7599956
7602528
7602961
7605937
7612466
7613863
7615384
7617105
7619375
7619749
7620076
7620719
7623224
7627393
7628190
7629108
7629498
7629658
7633149
7634253
7637240
7638933
7645262
7647683
7653287
7659205
7660474
7661861
7662172
7663862
7663987
7664709
7665574
7665990
7671282
7671749
7672824
7673996
7674061
7674565
7678781
7681123
7681245
7681525
7681761
7682821
7683461
7686729
7686891
7686971
7693027
7693160
7694555
7694656
7694932
7695180
7695345
7700582
7702385
7702736
7703981
7704491
7705088
7709633
7711195
7711674
7715226
7717187
7718097
7720229
7721581
7722202
7722269
7722706
7724839
7731619
7731772
7737715
7737804
7738063
7738859
7743316
7745834
7746669
7750372
7751147
7752534
7752931
7753919
7756599
7758336
7759003
7760407
7760779
7761257
7764150
7764272
7765244
7765946
7774424
7776581
7777536
7780667
7783365
7783767
7784382
7785216
7785384
7788920
7796142
7796439
7797126
7800107
7807723
7810595
7811156
7813033
7814478
7815966
7818617
7819095
7821071
7826412
7828619
7831208
7831278
7832466
7834682
7836752
7836805
7836922
7837175
7837405
7843662
7845050
7848291
7848923
7855883
7857297
7859027
7862711
7864809
7865676
7868480
7870395
7871392
7872234
7873647
7874277
7876441
7878484
7881483
7882729
7883283
7883994
7886880
7893333
7895812
7902011
7907745
7910434
7912629
7916160
7919948
7922538
7923677
7925783
7925911
7926976
7932259
7932748
7943810
7943869
7944116
7944607
7946978
7948424
7948521
7949573
7950999
7951411
7952575
7954845
7959787
7959888
7962073
7962258
7962293
7963698
7966452
7975255
7977033
7978870
7979777
7980234
7982158
7982269
7983869
7984377
7986494
7989973
7991860
7992428
7992811
7995884
7996252
7996702
8001054
8003267
8005594
8011293
8011714
8016531
8018557
8019367
8021621
8023110
8023526
8024230
8026272
8026430
8026897
8027649
8028838
8029360
8031641
8032122
8033231
8033673
8035647
8036326
8036406
8040290
8040824
8045399
8046002
8046230
8050099
8050191
8055001
8060031
8062062
8063031
8067258
8068631
8070288
8072620
8073323
8078595
8079619
8081375
8091408
8093057
8093600
8093820
8097921
8098686
8098733
8099369
8100239
8100427
8104255
8104800
8108514
8113567
8118495
8122468
8123154
8123917
8125515
8126309
8126570
8127100
8129445
8129614
8129671
8130320
8130562
8131238
8131268
8132521
8132715
8133979
8136084
8139569
8142371
8144776
8145448
8146726
8152183
8157750
8158653
8160761
8166718
8166797
8167660
8169013
8171070
8173386
8173554
8176182
8177026
8178180
8178884
8179422
8180802
8180930
8181051
8181498
8183621
8184264
8184421
8184716
8184812
8192395
8194213
8196144
8210204
8211139
8211926
8212724
8213681
8216411
8217056
8223911
8225764
8226419
8229982
8230195
8234950
8234973
8235305
8236223
8236908
8240132
8240869
8245234
8246448
8247341
8250714
8251220
8253190
8254971
8259457
8261317
8263714
8264586
8269035
8272324
8273038
8277503
8277601
8280439
8280921
8282745
8283944
8287112
8288270
8291463
8292323
8292660
8292924
8295559
8299953
8301096
8311299
8311969
8312843
8316965
8318646
8318905
8320453
8322235
8324730
8325193
8326300
8328239
8330116
8330381
8332075
8332956
8333526
8333708
8338014
8338241
8338249
8338673
8339865
8344434
8348408
8352832
8354660
8355403
8356725
8360171
8362116
8364639
8364900
8368420
8370042
8370270
8370862
8371585
8377170
8377752
8377894
8379408
8379959
8380179
8387261
8387592
8389767
8390059
8393505
8395229
8395530
8397237
8398809
8399411
8403598
8405085
8409338
8409954
8416207
8416423
8417060
8418965
8419119
8421454
8421464
8421497
8426105
8427124
8431540
8431761
8433663
8435147
8436088
8436304
8438021
8440534
8446098
8449814
8451977
8455408
8460490
8462912
8470469
8471782
8472052
8472775
8472998
8473479
8474769
8479991
8480845
8481417
8482925
8487171
8489307
8489595
8492615
8496601
8498601
8500116
8503472
8504986
8505522
8506084
8508013
8511828
8512540
8519076
8519529
8523101
8524225
8524327
8525098
8525379
8526121
8532804
8534905
8537562
8541722
8542077
8544485
8546524
8550009
8550727
8551515
8552410
8553922
8556440
8556605
8556700
8557221
8559128
8563082
8564820
8564890
8566149
8567993
8569332
8569535
8569631
8572116
8574078
8579515
8581201
8583706
8584103
8589316
8589433
8592021
8592371
8593642
8596544
8596964
8600375
8601551
8603273
8605328
8608696
8611742
8611858
8611893
8613720
8615078
8617041
8617830
8625162
8626712
8627043
8627452
8627976
8628046
8629858
8631495
8636239
8637186
8637591
8641409
8644506
8647110
8650580
8651315
8653818
8654703
8656198
8658266
8660578
8661714
8661981
8662134
8662780
8663113
8664359
8665014
8665713
8667569
8669051
8669310
8669666
8671084
8676867
8678163
8683027
8684429
8684738
8684768
8685082
8686159
8689259
8689520
8690453
8691063
8692764
8692943
8694004
8695144
8697692
8697695
8698690
8699567
8708722
8709828
8710432
8711842
8712364
8712525
8716441
8716885
8718469
8718677
8721155
8721302
8726278
8726556
8727168
8729759
8729965
8734060
8734305
8739297
8739704
8741526
8741671
8747356
8751054
8756857
8759231
8759744
8762757
8764075
8769562
8769933
8772103
8773645
8776830
8778966
8779165
8780021
8787265
8787422
8791598
8792952
8794071
8794450
8794469
8794866
8795322
8795512
8795626
8795982
8796725
8797690
8802323
8802335
8803609
8804074
8805250
8812929
8814133
8815007
8815697
8819189
8820096
8820876
8821740
8826031
8829057
8830316
8834547
8834869
8836471
8838871
8841252
8841431
8843735
8846099
8848415
8850656
8858439
8859109
8859889
8861056
8862505
8864113
8864417
8865274
8865559
8866282
8868265
8868802
8871375
8875722
8880303
8880444
8882824
8883094
8884734
8885651
8886603
8888583
8889642
8892527
8897042
8898193
8900044
8900530
8900782
8902828
8904345
8905767
8909109
8909347
8909630
8911774
8913288
8914461
8917406
8921574
8922837
8925781
8929037
8929546
8933055
8933768
8934738
8936276
8939186
8939819
8940035
8940145
8940845
8946979
8948440
8948953
8952879
8953560
8954087
8954318
8956648
8958769
8959518
8964909
8966999
8968619
8969568
8975695
8975871
8976825
8977789
8981091
8982898
8983099
8989616
8990296
8992409
8994641
8995481
8996191
8996733
8996876
9001139
9002540
9003427
9010803
9012198
9014015
9017312
9019194
9022292
9028442
9031937
9036062
9036291
9039203
9041386
9042677
9042821
9043625
9044041
9044404
9050863
9051676
9052570
9053329
9056169
9060429
9060684
9061364
9063672
9066655
9066722
9066745
9067215
9068075
9070276
9073085
9074854
9076301
9077005
9081627
9082065
9082779
9082966
9083645
9084417
9085039
9085825
9087044
9090165
9091091
9092066
9092267
9094290
9095648
9100693
9102783
9102858
9109020
9109108
9111943
9112008
9118600
9119018
9121152
9123589
9125375
9130570
9136018
9143341
9146645
9147177
9153988
9155399
9159271
9167150
9168533
9171606
9173498
9173731
9174049
9174600
9182275
9182841
9183735
9189302
9192607
9195687
9200013
9202434
9203691
9204652
9204773
9208113
9208691
9210681
9213295
9215957
9217951
9219723
9221197
9221309
9221537
9222446
9223019
9223300
9224352
9224392
9231190
9231587
9232044
9232969
9234763
9235404
9236047
9237757
9238264
9239932
9241314
9246291
9246406
9250617
9250660
9251307
9251450
9251597
9251967
9252612
9255823
9257824
9261354
9264421
9266675
9269662
9271021
9272261
9272283
9272792
9272852
9274275
9274873
9276078
9276487
9279229
9279787
9286338
9288059
9288091
9288586
9293100
9294392
9295262
9300494
9301266
9301507
9303525
9305485
9306399
9308146
9309072
9310048
9311322
9313570
9316775
9317805
9319307
9319548
9322396
9324601
9325328
9326245
9328795
9329038
9331349
9334615
9340099
9341526
9342295
9348502
9353937
9354544
9356087
9359318
9359410
9364923
9367974
9370215
9374630
9376902
9379498
9381212
9385045
9388170
9390944
9391415
9396537
9397613
9398195
9398229
9399386
9405278
9408147
9411055
9412247
9419823
9424602
9424837
9426469
9427178
9429595
9430112
9431008
9439880
9440733
9441421
9442382
9443556
9443972
9446885
9447368
9447832
9448420
9448641
9449343
9449377
9449978
9450723
9451933
9454026
9454693
9459322
9462738
9465051
9465171
9467490
9468428
9469935
9471151
9471791
9473389
9474174
9475133
9475817
9476283
9481283
9481373
9481534
9481597
9482906
9483480
9483580
9485729
9486008
9486232
9486302
9488203
9488591
9489247
9489751
9490927
9491329
9493478
9494050
9497966
9500398
9502021
9503091
9504005
9510142
9513079
9516464
9517814
9525349
9527553
9529257
9531507
9538247
9542316
9543397
9544099
9544188
9545696
9549207
9549801
9549924
9553873
9555065
9557405
9558772
9565013
9565111
9566364
9567093
9567209
9568410
9568491
9571834
9572205
9576770
9578413
9578747
9581144
9583148
9586174
9587973
9589538
9589935
9590537
9591133
9593995
9598503
9599204
9600383
9602700
9606402
9613122
9614016
9615227
9616904
9617996
9619088
9620749
9625897
9626755
9628513
9630364
9631111
9635353
9638827
9639043
9639246
9641765
9641915
9642538
9643114
9643800
9645149
9645271
9646668
9653048
9653095
9653670
9658922
9659146
9659797
9660568
9660998
9664163
9665850
9670768
9671449
9672299
9672664
9675546
9678967
9679492
9683090
9683140
9684643
9689463
9694111
9696201
9698844
9700277
9701611
9701687
9702560
9708537
9711053
9713926
9714841
9717898
9719157
9719989
9720495
9721645
9722100
9723635
9725302
9727179
9727705
9728520
9729620
9730824
9731105
9731906
9733030
9738622
9747843
9748130
9749481
9751190
9751355
9753093
9753191
9753820
9756345
9758496
9758610
9760213
9760803
9762275
9768236
9771104
9774530
9778473
9780996
9781084
9781266
9784676
9785293
9785374
9787802
9789958
9794393
9794696
9796870
9799431
9799970
9803090
9805112
9809455
9809910
9814018
9815096
9815497
9817308
9818218
9819272
9820664
9821096
9822767
9822974
9824824
9824977
9826271
9828523
9829953
9830222
9830518
9831159
9834915
9838520
9840108
9841647
9847480
9847917
9847996
9849795
9850803
9852826
9853326
9860497
9861854
9864349
9864765
9864966
9865083
9867861
9869271
9873437
9876465
9877508
9880698
9882882
9888008
9889622
9889783
9891626
9892843
9902070
9902382
9904498
9904618
9905987
9906712
9912129
9913553
9916958
9919954
9920048
9920136
9922124
9922795
9922878
9923319
9926013
9927175
9928681
9929614
9930999
9931192
9933857
9937444
9941617
9944269
9947121
9948270
9949413
9949717
9953390
9954898
9957231
9957606
9959287
9960359
9961996
9962291
9964495
9967360
9967444
9969839
9971747
9974496
9978639
9979920
9980840
9981735
9984634
9985214
9985743
9986063
9986907
9987789
9989125
9990019
9990140
9991573
9991706
9994607
9999223
9999545
10003273
10009699
10009703
10010471
10012723
10013481
10017576
10019248
10026783
10026843
10027847
10029000
10030317
10032485
10036064
10037286
10037371
10039115
10040211
10040573
10042555
10043023
10045286
10046046
10049094
10050426
10053861
10057523
10057977
10058518
10058571
10062565
10063791
10065978
10066059
10067199
10067791
10067805
10070828
10074136
10077414
10077836
10078809
10079601
10080284
10088247
10089833
10093063
10099815
10101441
10104418
10110324
10117540
10118947
10120015
10121959
10123652
10131901
10132146
10135454
10137525
10138041
10139157
10140072
10141004
10148066
10148680
10151956
10151985
10152978
10153334
10154702
10155343
10157896
10159177
10159335
10160749
10161284
10166394
10168569
10171057
10172949
10175138
10175677
10183644
10188292
10190002
10190091
10190947
10191780
10192333
10198383
10198566
10198692
10200843
10201616
10203330
10203740
10204452
10204679
10205205
10209470
10210351
10212968
10215349
10216398
10217609
10218494
10219015
10221818
10222058
10223000
10224676
10225587
10226608
10230596
10231026
10231678
10231858
10234964
10236113
10238748
10239964
10245505
10246032
10247402
10248807
10251214
10251292
10252280
10254305
10254537
10256030
10267498
10267651
10273731
10275739
10277967
10278289
10278577
10281846
10283839
10286057
10286302
10288220
10289992
10294981
10296033
10297018
10298105
10299453
10303841
10304597
10306441
10306497
10307653
10308677
10308952
10311483
10315838
10326380
10327207
10327683
10328193
10329455
10333617
10334916
10336310
10337757
10338134
10338300
10340255
10343485
10345690
10346814
10347104
10348620
10350167
10350963
10352865
10354551
10362349
10365156
10365611
10366697
10370715
10373098
10384307
10384651
10387547
10388988
10393633
10396418
10398983
10399094
10399406
10402144
10405838
10406567
10406587
10407885
10411723
10412751
10414136
10418935
10420046
10420810
10423528
10424003
10428307
10429298
10429593
10436299
10437466
10439323
10444752
10448439
10448658
10449042
10449613
10453373
10459920
10461441
10465495
10465871
10466602
10466688
10469967
10475204
10475425
10478226
10478897
10480755
10481121
10483791
10485134
10486001
10486537
10486813
10489577
10490597
10490936
10490976
10491638
10492124
10493377
10494400
10498934
10499335
10503401
10505047
10505770
10511373
10514709
10514921
10515911
10517531
10521124
10521256
10523272
10527838
10529254
10531260
10532388
10532970
10533158
10534772
10542972
10543981
10544456
10546253
10546479
10546727
10547607
10548076
10549403
10553333
10555193
10556303
10557349
10558271
10558893
10560366
10563138
10563550
10569203
10570565
10572325
10572366
10575481
10580465
10582222
10582226
10584913
10585412
10585620
10596062
10597981
10598810
10604899
10605701
10606215
10607244
10610319
10611212
10613705
10615771
10616099
10618282
10620154
10620971
10622661
10625359
10628410
10630753
10631194
10631239
10631764
10632618
10635086
10637080
10638501
10638849
10642731
10643139
10643299
10646340
10646976
10647304
10647466
10649237
10649580
10651814
10651967
10652055
10658001
10661355
10662937
10664649
10664689
10664699
10664796
10665483
10666295
10670115
10671797
10673387
10674258
10676026
10680139
10685878
10689667
10693320
10696502
10698804
10703539
10709262
10710593
10712520
10715821
10715999
10719599
10720020
10720220
10728945
10729517
10732731
10735758
10737527
10739483
10741275
10741606
10744299
10744458
10747052
10749624
10750177
10756507
10758290
10760579
10761367
10761718
10764030
10764658
10765474
10767665
10769499
10770418
10772840
10774343
10777487
10778116
10778122
10781188
10785163
10790349
10791038
10791269
10792121
10793643
10794783
10795664
10797881
10798217
10798365
10800965
10801300
10801834
10803165
10804039
10811377
10813921
10814494
10816414
10817729
10819475
10822518
10823431
10823973
10824202
10825516
10826114
10827014
10828712
10829114
10829837
10832774
10833281
10833711
10834531
10839791
10840059
10840468
10841160
10843004
10843208
10843747
10844030
10846406
10848408
10850713
10853443
10853476
10856303
10856642
10856915
10857081
10857352
10857808
10860845
10863712
10867713
10868249
10871928
10872671
10872793
10882772
10883337
10886012
10887883
10891900
10894059
10894287
10896420
10898980
10900694
10907762
10909960
10910451
10914173
10918671
10921726
10923364
10923755
10923902
10925708
10927217
10927417
10931187
10934791
10934854
10936421
10936790
10937142
10937409
10937983
10938029
10941080
10942319
10942509
10944248
10944443
10947438
10947468
10947653
10949535
10950360
10954356
10956493
10958012
10958313
10959600
10959951
10961245
10962531
10962571
10964852
10966342
10971686
10972048
10977284
10983620
10991273
10993450
10995883
10996572
10998501
11000488
11001927
11002490
11004471
11006995
11007169
11007592
11008077
11017208
11020014
11023139
11025420
11025993
11026783
11031839
11034884
11038716
11039225
11040033
11041589
11047738
11052788
11053394
11058500
11060174
11060588
11062530
11063151
11064782
11066172
11066412
11067027
11067908
11071362
11075779
11076515
11076845
11082314
11083163
11084065
11085246
11089566
11092279
11093446
11093927
11094286
11094574
11095813
11096531
11096944
11098933
11099169
11099526
11100248
11101295
11105545
11105739
11105762
11112251
11117926
11118582
11119427
11123938
11124007
11124090
11125504
11127330
11128336
11130415
11133505
11136611
11137505
11142123
11143762
11144497
11147178
11147937
11150728
11151566
11151744
11153710
11157349
11157766
11161700
11165390
11170212
11172234
11173281
11174171
11174675
11176749
11179087
11179275
11179851
11184940
11185342
11187813
11188559
11189225
11190428
11190740
11196358
11201112
11203863
11204391
11204846
11209242
11214342
11216041
11219421
11222940
11224631
11224894
11228031
11229273
11231763
11232188
11233722
11233755
11235628
11236949
11238814
11238870
11240754
11242302
11243137
11244049
11244607
11244899
11245050
11247000
11247643
11250017
11251178
11251629
11253318
11253643
11256869
11258919
11260053
11264988
11265376
11266700
11269610
11270074
11275764
11275855
11280281
11280330
11282207
11283250
11286307
11288240
11288345
11289087
11289503
11293827
11294955
11295503
11295831
11297256
11300155
11300300
11301315
11303283
11306315
11307541
11312884
11313690
11314601
11315033
11315751
11316718
11318358
11319982
11321318
11328552
11329324
11331152
11334263
11335692
11337303
11338079
11339776
11340278
11340631
11342905
11344671
11345723
11346326
11348018
11348770
11349861
11350293
11350798
11353016
11353036
11353992
11354242
11355732
11356196
11357261
11357752
11357873
11358367
11358683
11358692
11359702
11363866
11367941
11373495
11374073
11379876
11380110
11380383
11383383
11384214
11385641
11388656
11388707
11389765
11394112
11394534
11399109
11399415
11399719
11400118
11400146
11405013
11405044
11408180
11409428
11409545
11411633
11420372
11422980
11424355
11425037
11426044
11427422
11428060
11430726
11432824
11436947
11438186
11441242
11441317
11441623
11443283
11444249
11444672
11445185
11449199
11451755
11452714
11453409
11457399
11457978
11458068
11458517
11459007
11460247
11460608
11463753
11464195
11464893
11466537
11471290
11471555
11471655
11473302
11473389
11474393
11475101
11479436
11480130
11481959
11482111
11488214
11488397
11489655
11490032
11490044
11492923
11493192
11496288
11497409
11499177
11499690
11501680
11504054
11513120
11513789
11514657
11516233
11519089
11519168
11526721
11526923
11529181
11531319
11531344
11532764
11534556
11537775
11538093
11538445
11541711
11543462
11544596
11545471
11548027
11550265
11562053
11568222
11571430
11571645
11573908
11576442
11576672
11577671
11578563
11578594
11579326
11579645
11580234
11581479
11584032
11584159
11587194
11587390
11588442
11589917
11592548
11594680
11595205
11596552
11597189
11597296
11598082
11599272
11601763
11603036
11603818
11604340
11604776
11611599
11611731
11611872
11615518
11616443
11616765
11616799
11617931
11619857
11629387
11633038
11635200
11636410
11636688
11638676
11638967
11638984
11639492
11639703
11640268
11640418
11641660
11642009
11647448
11665826
11667157
11672945
11673153
11673461
11673765
11674096
11674663
11675662
11678452
11680185
11683560
11683622
11683931
11684884
11685095
11687392
11688152
11700540
11702791
11702843
11703624
11704059
11705328
11706032
11708755
11714605
11716278
11719272
11720415
11728139
11731138
11733765
11734883
11735123
11738938
11739718
11739948
11740593
11741462
11742515
11742874
11743489
11744134
11744324
11744706
11749120
11750578
11750861
11751676
11753840
11754276
11755623
11755808
11760172
11762761
11763508
11764774
11766828
11770146
11772437
11775054
11777299
11778224
11778311
11778600
11782560
11785878
11786328
11792594
11795031
11796165
11797389
11799721
11799898
11804069
11805729
11807412
11807597
11807790
11808706
11808764
11810428
11811296
11816609
11818288
11818418
11819208
11819398
11820568
11820640
11822168
11822179
11825696
11825767
11827129
11828172
11829131
11830494
11835518
11839915
11842154
11843849
11849168
11850077
11850356
11851905
11854845
11855855
11857643
11858736
11860515
11860650
11860668
11861972
11863323
11863972
11865549
11869458
11874815
11875583
11877472
11878353
11881473
11882000
11883237
11886517
11886813
11887137
11888745
11889864
11895062
11898699
11903029
11903268
11905527
11906605
11908335
11912916
11916655
11917702
11922050
11923150
11923300
11925126
11926180
11927827
11928492
11930971
11931226
11932693
11933152
11936090
11937680
11942257
11943218
11945353
11945729
11949644
11950198
11953813
11955456
11956912
11960465
11961044
11961493
11962239
11966719
11968136
11971066
11971981
11974580
11976146
11977922
11981519
11981799
11981801
11985275
11986183
11988093
11990446
11990808
11992649
11994234
11997818
11999999
12003321
12009159
12013066
12013683
12019369
12020265
12025766
12026916
12028198
12029311
12030432
12032744
12034031
12035603
12036950
12041350
12043123
12044188
12044423
12044939
12046216
12047249
12048465
12050558
12052840
12055648
12057194
12067351
12068862
12071726
12073954
12075781
12076589
12076768
12077049
12080174
12081172
12081748
12083527
12084477
12085190
12085558
12090830
12091401
12091726
12093284
12093460
12093697
12095686
12100366
12103765
12104422
12104961
12105240
12105732
12106248
12107385
12112268
12115301
12120010
12120046
12120407
12121647
12121855
12123499
12124031
12124162
12126846
12127804
12132514
12139380
12139923
12139981
12141349
12141370
12142592
12143660
12145175
12149613
12150418
12150848
12152304
12153432
12153847
12156861
12157033
12159295
12160628
12163219
12164960
12165515
12169658
12170004
12171630
12171745
12173820
12176708
12180552
12182058
12185153
12188215
12188332
12188822
12189501
12193795
12195375
12196819
12197065
12198516
12198723
12201860
12202067
12205297
12208544
12209593
12211933
12212410
12212411
12213459
12213947
12215368
12216065
12216204
12219263
12221716
12222141
12225469
12229953
12231357
12233322
12236008
12237528
12239420
12242487
12243309
12243742
12244578
12245748
12248285
12252259
12254622
12255745
12256089
12258544
12258572
12261541
12261675
12263071
12263505
12264588
12265709
12266685
12266887
12271425
12272768
12276426
12277222
12280329
12281817
12282635
12288374
12289073
12297236
12298099
12302233
12304047
12304170
12306146
12318932
12322398
12322637
12325598
12327376
12328151
12328798
12335131
12335761
12338892
12339363
12343170
12348404
12348624
12350640
12357342
12358048
12359325
12359821
12360297
12364031
12368603
12372690
12373999
12375473
12377769
12381598
12381767
12382948
12384503
12385138
12385470
12386336
12389057
12393002
12393153
12393774
12394622
12395914
12398758
12399892
12401980
12402210
12404693
12405269
12408287
12414263
12415901
12416129
12421660
12429502
12431051
12431655
12432470
12432505
12436013
12441009
12445517
12446546
12447935
12448424
12451515
12452809
12454503
12455204
12455703
12457088
12457456
12459382
12464590
12464983
12466748
12467935
12468577
12473136
12474470
12475362
12479332
12479334
12480375
12481222
12490200
12493027
12495914
12495975
12497301
12497540
12497611
12497878
12497983
12498368
12498689
12499838
12500359
12503113
12504247
12505058
12505219
12510373
12511851
12514737
12516212
12518915
12520131
12521106
12521917
12522212
12522423
12524246
12524376
12524904
12525920
12527708
12528679
12532473
12535154
12536996
12541647
12541879
12542089
12543161
12543432
12543474
12544851
12545568
12547874
12550455
12558237
12563119
12563724
12564438
12565112
12566973
12568821
12569060
12570192
12574789
12575611
12577320
12580563
12583472
12583695
12583863
12587542
12587725
12588752
12589678
12590090
12591507
12592481
12595101
12597623
12597784
12601065
12601781
12602400
12606038
12609527
12610313
12613471
12617122
12618821
12619100
12624156
12624244
12625926
12628779
12628949
12630464
12633423
12638069
12638783
12640690
12641558
12641908
12643547
12644647
12646174
12648333
12650172
12651938
12654572
12655666
12661682
12662182
12663738
12665318
12665568
12665996
12666227
12667120
12668064
12670175
12670578
12677202
12678880
12681797
12684025
12685556
12686518
12686751
12689232
12689655
12693733
12695231
12696246
12697520
12699240
12699696
12700848
12701583
12702032
12706405
12706476
12707358
12708340
12710543
12712320
12713764
12717284
12722979
12723065
12723288
12724463
12725527
12729567
12731191
12732686
12740225
12743550
12744082
12744814
12745446
12745627
12746671
12746819
12747258
12750140
12750331
12750763
12751716
12755747
12756636
12764604
12772939
12773848
12776676
12777074
12779507
12780944
12781857
12783289
12785994
12787202
12789551
12790503
12792591
12793724
12794487
12794859
12796585
12800694
12802193
12811731
12812670
12813408
12814845
12815086
12816727
12818280
12818531
12819226
12820038
12824802
12824811
12825822
12826911
12830804
12832600
12834080
12838129
12842241
12842821
12843775
12843938
12844260
12844262
12851227
12853494
12856131
12858511
12861657
12864396
12865378
12865477
12865613
12869399
12874217
12874826
12881932
12883952
12885397
12890914
12894064
12894190
12901103
12901624
12901884
12903268
12903324
12904883
12908405
12909484
12911075
12911452
12912952
12915278
12916308
12918650
12920030
12921511
12923880
12923960
12926548
12927762
12928293
12928608
12929269
12929469
12931600
12931783
12935068
12935938
12937105
12938962
12942102
12942342
12943497
12946343
12946421
12946984
12947102
12948680
12949290
12950570
12954656
12957406
12957430
12957460
12959939
12961265
12962764
12964245
12964663
12964832
12966229
12968869
12970094
12974062
12975276
12976047
12977324
12980465
12980701
12981851
12982645
12986037
12991289
12992214
12996452
12998164
13001449
13002162
13002568
13004114
13007046
13007627
13012610
13016349
13016387
13020901
13022078
13022542
13023243
13023266
13028316
13029181
13031567
13032095
13032613
13032962
13037304
13038676
13038925
13042357
13043670
13046358
13046823
13054926
13054971
13055122
13055623
13056203
13059210
13059816
13061642
13062869
13063418
13064181
13065878
13067364
13067657
13071815
13075373
13076011
13078708
13080072
13081768
13085849
13086137
13089506
13093457
13095375
13096292
13104913
13105021
13105195
13106267
13111634
13112999
13116038
13122111
13126615
13129745
13129829
13130045
13131088
13132041
13132605
13132837
13133165
13133764
13134449
13138042
13138909
13140076
13142358
13142601
13148463
13150309
13152571
13156388
13163898
13165740
13172380
13174865
13175780
13176280
13177245
13178685
13180381
13182151
13184254
13185615
13186066
13186718
13187582
13188696
13188817
13189212
13189877
13189929
13193630
13198595
13203308
13203329
13206183
13210664
13211149
13212545
13214759
13217295
13219698
13220813
13223297
13223407
13223540
13223686
13224521
13229411
13230393
13232135
13233130
13233576
13235830
13236120
13237768
13237777
13238227
13239026
13242343
13250394
13251292
13255532
13258158
13259267
13266260
13266466
13272376
13273852
13278421
13278840
13280796
13286672
13288621
13290580
13292235
13293124
13293299
13293388
13296954
13297349
13302112
13302502
13302610
13302741
13303410
13306453
13310324
13310523
13312442
13314594
13314741
13316009
13319553
13320181
13320427
13320702
13321708
13321938
13324314
13326955
13329044
13329253
13331187
13332004
13343704
13345895
13347175
13348529
13348704
13349508
13352747
13353685
13356482
13357148
13358838
13360891
13361170
13363152
13363771
13365375
13368475
13368936
13370007
13372414
13373048
13373544
13376139
13377366
13377531
13378009
13380389
13380790
13381790
13382869
13385599
13386181
13387868
13388655
13389982
13391804
13400287
13404739
13405257
13405735
13406580
13406812
13408775
13410294
13410298
13410846
13413903
13414153
13414507
13415474
13423812
13428373
13432705
13433626
13434053
13434531
13435763
13438323
13439391
13439550
13446807
13446989
13447674
13447791
13449335
13451870
13453702
13453835
13454401
13455705
13456233
13457506
13458412
13459939
13461065
13462702
13463544
13467592
13467761
13468757
13469684
13471418
13474554
13476130
13476159
13476812
13478866
13479585
13480063
13480087
13487109
13487496
13489946
13490159
13493955
13494621
13497147
13500579
13500741
13502198
13505517
13508090
13509098
13509272
13511097
13512109
13513309
13514869
13516150
13516986
13518214
13518305
13518541
13518622
13522547
13522679
13523391
13528803
13531054
13531183
13535110
13535654
13535657
13536670
13537052
13537248
13537820
13538529
13539066
13547891
13548080
13554054
13556796
13557474
13558331
13563097
13563692
13563730
13564677
13565137
13565385
13565750
13576085
13583132
13587849
13588259
13590850
13590973
13590996
13593259
13595335
13597529
13599312
13600271
13600657
13605924
13610321
13610473
13612009
13614432
13614920
13615900
13617779
13619164
13620972
13623371
13624175
13629345
13629650
13629785
13632284
13635527
13638287
13641761
13641762
13643166
13647336
13648769
13648998
13650435
13651196
13655394
13657361
13659595
13665647
13665765
13668326
13671669
13673884
13675880
13676712
13676829
13676851
13677996
13680620
13684050
13685414
13685768
13688699
13689089
13691629
13691642
13693328
13696185
13701478
13701597
13701766
13704222
13704437
13705009
13705184
13706112
13707985
13710750
13711289
13713593
13718967
13719261
13725927
13726702
13732892
13733661
13735475
13737676
13738626
13739301
13739381
13743582
13744541
13747734
13747762
13748558
13748864
13750666
13753405
13759116
13759546
13760163
13761675
13762801
13764626
13771796
13772417
13776581
13777414
13777928
13778351
13780413
13781409
13781475
13781483
13782218
13786298
13788401
13788963
13793147
13794791
13795425
13796496
13796973
13797918
13802111
13802293
13802589
13802678
13805681
13806981
13808804
13808985
13813637
13814401
13817820
13817999
13818950
13820459
13822162
13822921
13824254
13824298
13826264
13828746
13830315
13831384
13832165
13839851
13840369
13841267
13841885
13842232
13843807
13845445
13848645
13850022
13852710
13855866
13856938
13857298
13858010
13860261
13861624
13864482
13865572
13865799
13867836
13872052
13872154
13873408
13876499
13879370
13880744
13881519
13886954
13889235
13889687
13891364
13892897
13894523
13894905
13895434
13895563
13896160
13901602
13902319
13903871
13904783
13904964
13905661
13906536
13907761
13908809
13909761
13913434
13915650
13916948
13919267
13919499
13919617
13919965
13927723
13930655
13930962
13934108
13940322
13942127
13946195
13946534
13947671
13951764
13951991
13957554
13959031
13961482
13964669
13971664
13977769
13978295
13978803
13978929
13981166
13981224
13982702
13983809
13985235
13987123
13988271
13989496
13999273
13999960
14005369
14009512
14012099
14013169
14013205
14013383
14013784
14015923
14018474
14018694
14021520
14023359
14028971
14031817
14034005
14034639
14036480
14037289
14038114
14039023
14040276
14043143
14043224
14044939
14047922
14048398
14050605
14051541
14052589
14058973
14062104
14062392
14062540
14064268
14066430
14073027
14073656
14074940
14078916
14085973
14087730
14088066
14096650
14096936
14104065
14106113
14111298
14114575
14116054
14118307
14119381
14119511
14121380
14123196
14123304
14123397
14125081
14126957
14128841
14129644
14129817
14130505
14132799
14132838
14140021
14142394
14142453
14146137
14146744
14148387
14152653
14153628
14154037
14155453
14158872
14164685
14171535
14171902
14172358
14173076
14173947
14176958
14177032
14183016
14184463
14185286
14188495
14188685
14189026
14191297
14196049
14196503
14197607
14198857
14209959
14212002
14214827
14215431
14218767
14220184
14225615
14229137
14229848
14232569
14236258
14238910
14242874
14242913
14243708
14246285
14246432
14247104
14247827
14249807
14250098
14253014
14254622
14256973
14258649
14260131
14261218
14266880
14269545
14269712
14270683
14270825
14273597
14274215
14275471
14275807
14277619
14278600
14278803
14279309
14280777
14281884
14283616
14286376
14287036
14293940
14293995
14295096
14303939
14305593
14305961
14307098
14307316
14307920
14308210
14309423
14311606
14312298
14313955
14315604
14315910
14318022
14320750
14321934
14326143
14329308
14329325
14332917
14335005
14337888
14338000
14339302
14339506
14342467
14343265
14343950
14344065
14344076
14344889
14349068
14353715
14353871
14354133
14357653
14359792
14361055
14364028
14365483
14367834
14369502
14369747
14371245
14371694
14372112
14373437
14378507
14378969
14381421
14386598
14387601
14389379
14389980
14391101
14391628
14392778
14400469
14403705
14403793
14405210
14408884
14409897
14410215
14412094
14413085
14414003
14415748
14416706
14418485
14420579
14421537
14423501
14425123
14429959
14430183
14430227
14430705
14430968
14432703
14432920
14433509
14441103
14443650
14444169
14449108
14458649
14460445
14460825
14461033
14462118
14464981
14465663
14469449
14470970
14471011
14472711
14475330
14477014
14479314
14489174
14493603
14495093
14496257
14497394
14498391
14499188
14499559
14500598
14506015
14506863
14508780
14509654
14510389
14513021
14514362
14514475
14517082
14517610
14518041
14519334
14519844
14523478
14526085
14534298
14537064
14542577
14543914
14544791
14545082
14546718
14547599
14549977
14553764
14555250
14556843
14560134
14562297
14562848
14562983
14563207
14566769
14567288
14567336
14570652
14576208
14577372
14579394
14580304
14580731
14580966
14582548
14582736
14582850
14583485
14585228
14591149
14593497
14593749
14593844
14595307
14595536
14596045
14598134
14598569
14602445
14603975
14610370
14610815
14612844
14613084
14613559
14614304
14618600
14621063
14621093
14622499
14624655
14625384
14628461
14629936
14630439
14631430
14633182
14635194
14635439
14635606
14638129
14640888
14642616
14644120
14644244
14645155
14646028
14647502
14648320
14649640
14650935
14652359
14653361
14653943
14656881
14657788
14661460
14662132
14662703
14665307
14665737
14670431
14670736
14672040
14673986
14674948
14676665
14677620
14678809
14678827
14679938
14680155
14684965
14689179
14690144
14690273
14692297
14697655
14697837
14698437
14700299
14700649
14702504
14704979
14707205
14710953
14712450
14714234
14714248
14716375
14718399
14718538
14719398
14719934
14720567
14721971
14723555
14725657
14726145
14728527
14728964
14730546
14739215
14740365
14741589
14749482
14751030
14752974
14755830
14757548
14758809
14758941
14758993
14759066
14759653
14760473
14762837
14765496
14766380
14770997
14771044
14775929
14776483
14780098
14781230
14782781
14783216
14783756
14784161
14786269
14790411
14791879
14792856
14793401
14793822
14802277
14804844
14807492
14808213
14809028
14809306
14809318
14816663
14818266
14821981
14824149
14824350
14825415
14825697
14826025
14828907
14829276
14830347
14835072
14836715
14839968
14840231
14840654
14841321
14844533
14845494
14845796
14845889
14849112
14850733
14851124
14854682
14861128
14862599
14863270
14863572
14863586
14865044
14870534
14871635
14872099
14872643
14872808
14872955
14873353
14876026
14882327
14882711
14884137
14884919
14885681
14886476
14886920
14887438
14887831
14888863
14891740
14893741
14894131
14895116
14895677
14896533
14900256
14901285
14903741
14905139
14908397
14910482
14910556
14911451
14911927
14912134
14913954
14914941
14915594
14918022
14918697
14921670
14924402
14929220
14929962
14930977
14931999
14932324
14934665
14935422
14941184
14944365
14945102
14945520
14945749
14947841
14951520
14951908
14953339
14956198
14959606
14959856
14960945
14962562
14963696
14964553
14964755
14966736
14967590
14971122
14977547
14980638
14982106
14984775
14986113
14986817
14987538
14988028
14991290
14992192
14995856
14995932
14996522
14996981
14997761
14999056
15001696
15012009
15013528
15013791
15015417
15019200
15020574
15023641
15024456
15024645
15027711
15036128
15039047
15041150
15041893
15044142
15045939
15055592
15060529
15062199
15071060
15072324
15074216
15076135
15076650
15076916
15078414
15078951
15080428
15080524
15085396
15085881
15088010
15088459
15088757
15089090
15089547
15092068
15092278
15092295
15092726
15095545
15097504
15097611
15103714
15103999
15105054
15105062
15106515
15106993
15107264
15110066
15111735
15112025
15113702
15119612
15120677
15120734
15121222
15121904
15124947
15126272
15128173
15129741
15132431
15132745
15132807
15133857
15136963
15138490
15145878
15146879
15148665
15149045
15155699
15156824
15158328
15159530
15160412
15161620
15162539
15165540
15168129
15168366
15173495
15174561
15174957
15178624
15178866
15181107
15181129
15181446
15182152
15183175
15184299
15185249
15188326
15192953
15193816
15196842
15198375
15199110
15201681
15202396
15206315
15213491
15214534
15222283
15223538
15223585
15227578
15228361
15231004
15231278
15232074
15233022
15233241
15241317
15242060
15246502
15250115
15251765
15251998
15253401
15253920
15255652
15256748
15257111
15257669
15257820
15257998
15259091
15259290
15260393
15265847
15268344
15268715
15268923
15270943
15274447
15275633
15276439
15278137
15281494
15282392
15284295
15284352
15294975
15295479
15296830
15297697
15299989
15303666
15304029
15307820
15309965
15310314
15312555
15321160
15321309
15325456
15327137
15334266
15341036
15341688
15343567
15344272
15344478
15347111
15347164
15350874
15356752
15357056
15361492
15362899
15367921
15368893
15369296
15371106
15373076
15374376
15375369
15378252
15378446
15378450
15379570
15380201
15381572
15381980
15385641
15386667
15392420
15394728
15403863
15406468
15408566
15410889
15411053
15412219
15421113
15422105
15426715
15426806
15429398
15430451
15430625
15436442
15437681
15438029
15441154
15444322
15444626
15450687
15452482
15455969
15458941
15459250
15460950
15462826
15467310
15468423
15470385
15472580
15474168
15475026
15478131
15480488
15480789
15481734
15481959
15487609
15489614
15492999
15494315
15495795
15497021
15502041
15502232
15505505
15507775
15509638
15511749
15512254
15514958
15515460
15517141
15517994
15524346
15525651
15526161
15526742
15527719
15528008
15535952
15536309
15544024
15547875
15549077
15551476
15553493
15557904
15559946
15560085
15561655
15563007
15565021
15566861
15568083
15568859
15574854
15575096
15575349
15578433
15581433
15585814
15594908
15595062
15596491
15598202
15598275
15598373
15599211
15599734
15602288
15603188
15606211
15608302
15609240
15610422
15610449
15610990
15613186
15615661
15618065
15618732
15629243
15629896
15633554
15635164
15639373
15642896
15646367
15649008
15649777
15653357
15653524
15654633
15656824
15657234
15672298
15674403
15676937
15677719
15680569
15682416
15682677
15683045
15686302
15686709
15686739
15687327
15690977
15693050
15697450
15697673
15699089
15701460
15704470
15705304
15711833
15713617
15716359
15720447
15721045
15722899
15723606
15724781
15730244
15733964
15735361
15735518
15736071
15738991
15740953
15742514
15742749
15743338
15747307
15753351
15754416
15758480
15763771
15765332
15765551
15768113
15771529
15777729
15778397
15780729
15789278
15793806
15794604
15796017
15803099
15803350
15803825
15804204
15804735
15812761
15816261
15822065
15823264
15823426
15824351
15824924
15828338
15829951
15830737
15831502
15835530
15837624
15840618
15843345
15848360
15848864
15849268
15850026
15853353
15853781
15855745
15858385
15859624
15862547
15863255
15863572
15865872
15868595
15872982
15875464
15880234
15883547
15885385
15885651
15887023
15887129
15887314
15889470
15891950
15900813
15904643
15906215
15917062
15918303
15919522
15919692
15922037
15924652
15925163
15926397
15927368
15930031
15935206
15935287
15939182
15945961
15946883
15947216
15948936
15949451
15949575
15950258
15950763
15952622
15954369
15955196
15956880
15958151
15958548
15958608
15960027
15963234
15967201
15967536
15968264
15972155
15975739
15977433
15979263
15980474
15981638
15981809
15983850
15989744
15995140
15995591
15995999
15997833
15998207
15999744
16000910
16001252
16004948
16005148
16007720
16011013
16012918
16015674
16015763
16016332
16016640
16017214
16017505
16020841
16023428
16024041
16024303
16025644
16026844
16027847
16028707
16030206
16034695
16034757
16034913
16042325
16044364
16044582
16046978
16048475
16048848
16048872
16049147
16050648
16051719
16051992
16058324
16058926
16060714
16064455
16064765
16065487
16067514
16067889
16069765
16070061
16070081
16075090
16075798
16077405
16082659
16087193
16090500
16092679
16093237
16096746
16099432
16100899
16101436
16102961
16104370
16104610
16105795
16106383
16106597
16106607
16107730
16108997
16109958
16112264
16112299
16114409
16117380
16117682
16118664
16123254
16123871
16123873
16126491
16126595
16127727
16132731
16133654
16136431
16136566
16138397
16140818
16141123
16141464
16142721
16150695
16152230
16153465
16156172
16156925
16158057
16158359
16159580
16160823
16161526
16163634
16163658
16166290
16168244
16173736
16173835
16176796
16177753
16179938
16182814
16186765
16187523
16189120
16189958
16190850
16191551
16192389
16192780
16194388
16194867
16196126
16198506
16198630
16199514
16206874
16207000
16209835
16210406
16212785
16226970
16227348
16231319
16233687
16235166
16235172
16235646
16236503
16236601
16238953
16240398
16241163
16242820
16245448
16248090
16248487
16248693
16250046
16250790
16254200
16265443
16265506
16266174
16269687
16277581
16281291
16283395
16283786
16284716
16285035
16285588
16286950
16287284
16288733
16293374
16294718
16294923
16297378
16297949
16298391
16300738
16301439
16302070
16302125
16304047
16304272
16306378
16309567
16309833
16310441
16310851
16312254
16313665
16315803
16316174
16318671
16319547
16322330
16322912
16327147
16328920
16329560
16332858
16333427
16334278
16338694
16338766
16338804
16346197
16346233
16346741
16349370
16350973
16351556
16358042
16361765
16362155
16366462
16367133
16367892
16369168
16369258
16370087
16370554
16372462
16372650
16375739
16376667
16378345
16379309
16382114
16382883
16385886
16386061
16386401
16389723
16390184
16390298
16391727
16393112
16393901
16397438
16397835
16398022
16398273
16398644
16399051
16399404
16400251
16402301
16403964
16407572
16408298
16410886
16412064
16412779
16414064
16415296
16417094
16417422
16420489
16423510
16425097
16427265
16432335
16433135
16433643
16438982
16438992
16439570
16445046
16447923
16451398
16452081
16453280
16455017
16456424
16458825
16459605
16460456
16462043
16462531
16466299
16467366
16467667
16469443
16471653
16475508
16478377
16478459
16479690
16480523
16481327
16481713
16483816
16488868
16489772
16491616
16495429
16499203
16499524
16503822
16505380
16510074
16510406
16510427
16511714
16512022
16513717
16513896
16515781
16519079
16520355
16520476
16524142
16526595
16527887
16529621
16536077
16536486
16538157
16541661
16542413
16542824
16543520
16545515
16545531
16546620
16548240
16549525
16552119
16552328
16555154
16557511
16557817
16562435
16562443
16563752
16569666
16573871
16574124
16574793
16575642
16577303
16577939
16581360
16581733
16584130
16585319
16587028
16589352
16591143
16592038
16593073
16596074
16596685
16597388
16597555
16598446
16598899
16604010
16604231
16605842
16607111
16609198
16609768
16610813
16612092
16612456
16612768
16612897
16616171
16616399
16620823
16623738
16624658
16624771
16634370
16637612
16637816
16641899
16645548
16646114
16651296
16654282
16654460
16655557
16657858
16659290
16659465
16659807
16662151
16662492
16663078
16663334
16664902
16666617
16668117
16672177
16673273
16674188
16674641
16675672
16678906
16679654
16679911
16681521
16682357
16682811
16684812
16686525
16687849
16693214
16693789
16696279
16697324
16697955
16699459
16700356
16700910
16706921
16710983
16718547
16722845
16723715
16723841
16724765
16725228
16726055
16727800
16728090
16733239
16735926
16736413
16736706
16736809
16737511
16739246
16742738
16743051
16744371
16745580
16746426
16747426
16747566
16748516
16750646
16750959
16752705
16757242
16759221
16760411
16762561
16766877
16767077
16768643
16770789
16771021
16771898
16779228
16780104
16780467
16784586
16789475
16795995
16796503
16797480
16797629
16798457
16799850
16800072
16802509
16802736
16804557
16805147
16806475
16806866
16809442
16810273
16811194
16815939
16817616
16821517
16821659
16822134
16822845
16825107
16826656
16828560
16828762
16829974
16840130
16841470
16844708
16848027
16849032
16855733
16861685
16863378
16866293
16867857
16868433
16869613
16869785
16869837
16870516
16873740
16875191
16877678
16884001
16888765
16888957
16890446
16891869
16893038
16893534
16893616
16895458
16897477
16899898
16901841
16906349
16908116
16910241
16912790
16913554
16913781
16915392
16919123
16919742
16926176
16927362
16928569
16928689
16931467
16931828
16932019
16932229
16933248
16936344
16936763
16937996
16940615
16942120
16943340
16943595
16945459
16947050
16948208
16950673
16950964
16951783
16954024
16957236
16959310
16960208
16960688
16961197
16972087
16973270
16973542
16974187
16974203
16974981
16977827
16979026
16979756
16981512
16981927
16983495
16983557
16985739
16985956
16989824
16996240
16998983
17000407
17000428
17001199
17001650
17002709
17004340
17004832
17006926
17008218
17008875
17009584
17011219
17011313
17011567
17014134
17014222
17016693
17018559
17021846
17022956
17024193
17024878
17025807
17027587
17028739
17028894
17029311
17029504
17030925
17032661
17032763
17033438
17034371
17034718
17037732
17040499
17043882
17045598
17047621
17049879
17050665
17050858
17051559
17051771
17052187
17054632
17056046
17057965
17058107
17058252
17059720
17064144
17066410
17069698
17071963
17072774
17072952
17072993
17078475
17079232
17080979
17082037
17084413
17086825
17087332
17089675
17098941
17102246
17102525
17103171
17103689
17104139
17105914
17105995
17106363
17106862
17114542
17114760
17115384
17116388
17120015
17120346
17122465
17123142
17123511
17123600
17124490
17125007
17125888
17127399
17131568
17134200
17138111
17138614
17138656
17139645
17141245
17142357
17144232
17144606
17144912
17145928
17147195
17147804
17148139
17149347
17155733
17156318
17157052
17157575
17158888
17159321
17160385
17161238
17162309
17163014
17164582
17166043
17166154
17167364
17169638
17172128
17177476
17178169
17178602
17183117
17188488
17189478
17191645
17192634
17194309
17194712
17195821
17203277
17204329
17205173
17206297
17208826
17209565
17212467
17213877
17217889
17220856
17225322
17229915
17231291
17231814
17232445
17238517
17240258
17242806
17242848
17243284
17244553
17248725
17253742
17255734
17256563
17259852
17260301
17263865
17264414
17268160
17270631
17271454
17272456
17272928
17273140
17274036
17274303
17279171
17281157
17283265
17284347
17289269
17292340
17296765
17297051
17298435
17301665
17302072
17304496
17304755
17307615
17311602
17313061
17316680
17318908
17318994
17319008
17320787
17324546
17326308
17327652
17330039
17331088
17333230
17340485
17341950
17342739
17342873
17343973
17344025
17351818
17353547
17360022
17361325
17366652
17367902
17370955
17370971
17372248
17377321
17378352
17378666
17378692
17378782
17384564
17384863
17385046
17386849
17388848
17391252
17391318
17393434
17394838
17396789
17399605
17401930
17407446
17408104
17408271
17409693
17412651
17414284
17415618
17417150
17418022
17419200
17425373
17426983
17427101
17431895
17432281
17433258
17434512
17441132
17446388
17449036
17453139
17453725
17455617
17455644
17456645
17456871
17458845
17459011
17464552
17465166
17465379
17467603
17467778
17468102
17468856
17469631
17470732
17473694
17473773
17474459
17474977
17476133
17476492
17478278
17479581
17481214
17487675
17488168
17490056
17491138
17493357
17494760
17498086
17499692
17500766
17501709
17501962
17502778
17503968
17506568
17510203
17511030
17511506
17512291
17512975
17516337
17516547
17517438
17520352
17520878
17520960
17525741
17526177
17528339
17529513
17529679
17531683
17533138
17533726
17533772
17535678
17535848
17539009
17540385
17542188
17545667
17547862
17550675
17550990
17552215
17553029
17554224
17554726
17555723
17557841
17559228
17561874
17562593
17566650
17571830
17572941
17574276
17575773
17576067
17581735
17584047
17585775
17586700
17593513
17594063
17595049
17595087
17599208
17602473
17604436
17604749
17605813
17608571
17609685
17617080
17618610
17619091
17621764
17623111
17623781
17624301
17624588
17625877
17625937
17626200
17628244
17628785
17629277
17630970
17632587
17632853
17637074
17643357
17644885
17645302
17650278
17651316
17652211
17652804
17660772
17661273
17662089
17667645
17668611
17671044
17672182
17673250
17673755
17674196
17675930
17677318
17677497
17677888
17680211
17684154
17686647
17686780
17687460
17689664
17689886
17690568
17693143
17694419
17699433
17700630
17702290
17702959
17703410
17706151
17706825
17707901
17709377
17709490
17712437
17712531
17713787
17714007
17717235
17717789
17719255
17719909
17724010
17724408
17728088
17734209
17734496
17738617
17741330
17741893
17747808
17750582
17750769
17751697
17752212
17755503
17756915
17759164
17760322
17762736
17763298
17765954
17767004
17768237
17768339
17771458
17775249
17776536
17777927
17780456
17783013
17784194
17784889
17787522
17788350
17788438
17789174
17795797
17802036
17810292
17810992
17815179
17815896
17816303
17816800
17818263
17818505
17820256
17820467
17821692
17824825
17825730
17828707
17835193
17836869
17839231
17839343
17842242
17842452
17845935
17848065
17849215
17853816
17855658
17857102
17863193
17866065
17866635
17867319
17868070
17870507
17870707
17870941
17873114
17873161
17873607
17876212
17877957
17877964
17878130
17880738
17882912
17884004
17887035
17888020
17888629
17889566
17891873
17893949
17894677
17896065
17896736
17896967
17897915
17900076
17900619
17904643
17907750
17911155
17911419
17912633
17913614
17915464
17920193
17921462
17921478
17921524
17924248
17924389
17925725
17927318
17930962
17932497
17932883
17936161
17938591
17941729
17942365
17946742
17948170
17952640
17954003
17954835
17956440
17956703
17958900
17959175
17959913
17961099
17963389
17965855
17967656
17968613
17968813
17969187
17970962
17972407
17977370
17978148
17984893
17986095
17988548
17993217
17993400
17994162
17994276
17998784
17999987
18000503
18001143
18003405
18004665
18004896
18006171
18006739
18011339
18012564
18013741
18017837
18018772
18021345
18022098
18022947
18023318
18026641
18027888
18028487
18032483
18032506
18032591
18034229
18036071
18037757
18039646
18040524
18041320
18041644
18043571
18044381
18049961
18050429
18051103
18051381
18051761
18064632
18065062
18067955
18068962
18072985
18074011
18077026
18077094
18080885
18085037
18085346
18085546
18085584
18086486
18096900
18097015
18097785
18099773
18100959
18102352
18102864
18103509
18106774
18107763
18108050
18112554
18114734
18118431
18119898
18120212
18121313
18122582
18123422
18124819
18126009
18127373
18128374
18129438
18130403
18130725
18132472
18132473
18133516
18136740
18140107
18140687
18142011
18149281
18150223
18151727
18154408
18154421
18155470
18156326
18157746
18158845
18167555
18167646
18169548
18171809
18173123
18175181
18176100
18176418
18176436
18176991
18178359
18179148
18179168
18181196
18183241
18183669
18187740
18188422
18189307
18193783
18195697
18195752
18196919
18201225
18201925
18203540
18204342
18206695
18207476
18209650
18211980
18213214
18214414
18215731
18215761
18217114
18219256
18221524
18222507
18224414
18227491
18228707
18228906
18230035
18231231
18234286
18237973
18239247
18239976
18241405
18243547
18243550
18243766
18244040
18246049
18250071
18250409
18254991
18257182
18259576
18260021
18260450
18263854
18265755
18266124
18267787
18269433
18273816
18275703
18287750
18288660
18295295
18297184
18297864
18300379
18300668
18304266
18304326
18306812
18307784
18312103
18312272
18314859
18315629
18322606
18326818
18327760
18328240
18329804
18332889
18336372
18337345
18338448
18338711
18338857
18339852
18340645
18342748
18347080
18347336
18347984
18348299
18353243
18353552
18353908
18358099
18359736
18360842
18362871
18366343
18366393
18370415
18374565
18374585
18382905
18390253
18397547
18397826
18399347
18400419
18404626
18408049
18412539
18412876
18418074
18419504
18420137
18420194
18422175
18422737
18423522
18425699
18426101
18427512
18427981
18435893
18439374
18446772
18450112
18451101
18452224
18452305
18454103
18455947
18458197
18459564
18461410
18462059
18462900
18463347
18468416
18470696
18474227
18476788
18479798
18481185
18483629
18484298
18484992
18485229
18488013
18488034
18488393
18490839
18492690
18496959
18497921
18506863
18509743
18510291
18514256
18514966
18515688
18518097
18519168
18519305
18521426
18523357
18525222
18528253
18530434
18530709
18533741
18539738
18540832
18541470
18541674
18542426
18543934
18544135
18545761
18546181
18547843
18548348
18549093
18550905
18551314
18551634
18552938
18553753
18554683
18555039
18555769
18555900
18558455
18558511
18560578
18561373
18561536
18565490
18565989
18568229
18569928
18570133
18572123
18572785
18577433
18578569
18579766
18582677
18582759
18583195
18583378
18583759
18584580
