108505
109297
109516
109675
112597
113398
114293
115162
115306
115402
116271
116860
117174
117489
117637
117862
119669
120201
120763
121671
121974
122023
123422
124049
124141
124195
125177
126573
126834
127079
127391
127674
127718
127815
127828
127934
127965
128445
128535
128734
128913
129221
129344
129823
129951
130076
130135
130342
130452
130927
131178
131237
131314
131950
132096
132290
132343
133843
134076
134103
134162
134236
134505
134685
134786
135201
135248
135315
135701
135747
136462
136573
136866
137535
138772
140321
140512
140717
142261
142464
142526
142533
142649
142899
142961
143090
146454
147648
149236
150254
150831
150900
151165
151202
151916
152025
153327
155431
158744
202226
202425
203149
203354
203697
204515
204783
205150
205245
206117
206176
206287
206325
206845
206848
206876
207277
207656
207732
208128
208672
208913
208934
209838
210931
211165
211530
211613
211686
212664
212945
213163
214466
214726
217019
218781
218983
221291
227190
227759
293204
296079
301721
304434
305607
305683
305913
306656
307075
307122
307125
307383
308232
308347
308810
309820
310519
310625
310796
311273
311419
311802
312797
312830
313305
313432
313514
313847
314174
314777
314914
315097
315269
315328
315346
316569
316769
317172
317240
318112
318434
319193
319393
319466
320293
320563
320798
321146
321446
321448
433024
434361
436013
437316
437966
438137
439791
440439
444113
445632
446252
448217
448622
448763
448885
449258
449498
449515
449706
450191
450908
451059
451344
451383
451525
451904
452107
452414
452677
452707
453238
453328
453380
453604
453754
454617
454736
455515
455558
455601
456453
456698
457121
457206
457825
458080
458122
458148
458665
459232
459342
459454
459496
459550
459814
459960
460486
460762
461025
461145
461397
461583
461642
462747
462758
464029
464450
465313
465513
466004
466028
466855
467193
467572
468638
469278
469483
470009
470102
470412
471783
473098
473170
473729
474584
475226
475845
476043
476440
476783
477367
479005
479078
479181
480342
490573
494663
495151
495981
495986
496000
496149
496295
496479
496495
496533
497274
497732
497852
498242
498252
498323
498484
498602
499107
499568
499840
500052
500200
500444
500491
500499
501443
502691
503004
503522
504151
504189
504315
504478
504504
505521
505882
506038
506648
506753
507715
508894
509005
509111
510813
511324
511554
512011
512141
512424
512461
512882
513830
550040
550490
550691
550801
550847
551897
552224
552238
552360
552472
552945
553324
553663
553979
554276
554356
554864
554949
555336
555411
555574
555918
556192
556525
556803
557084
557128
557693
557703
558207
558404
559709
559757
559920
560148
560171
560245
560922
561084
561224
561327
561729
561785
561833
561899
561917
562038
562463
562522
562631
562635
562900
564657
565367
567328
568814
570066
570360
571550
571814
572020
573266
573977
574844
575422
575803
577127
643826
643926
643996
644116
644170
644196
644687
644794
644798
646152
646513
646551
646589
646736
647476
648026
648443
648822
648861
649093
649758
650027
650207
650374
650383
650642
651510
651513
651551
651756
652218
652403
652509
652875
653335
653369
654216
808599
809669
809776
810099
810342
810691
811109
811202
811308
811324
812687
813491
814076
814340
814637
814861
815123
815146
815215
815985
816569
816720
816850
817050
817179
817429
817811
817910
818688
818744
818822
818832
819424
820376
820436
820491
820587
821478
821644
821924
822682
823001
823157
823988
824469
824958
825011
836248
837637
839378
840031
841563
841611
842167
842916
843072
843249
843324
843330
844014
844023
844969
845110
846262
847571
848345
849473
849497
850401
850818
850898
851325
851511
852298
853305
853646
854338
854509
854757
855087
855310
855935
855951
856283
856997
857393
857830
858284
858358
859359
859852
860646
860864
862423
864014
893226
893618
893847
893977
894046
894446
894764
894784
895261
895555
895588
895652
895740
895798
895915
895983
895999
896156
896737
896900
897266
897301
897565
898360
898527
898791
899288
899442
899656
900004
900139
900172
900224
900362
900443
900509
900573
900608
900891
901065
901283
901313
901968
902543
902926
903033
903128
903188
904103
904128
904404
904488
904848
904885
905333
905489
905760
906033
906137
906160
906342
906453
906644
906846
906912
907210
907373
907692
907778
907830
908537
908656
908915
908999
909033
909066
909176
909557
909654
909833
910029
1001208
1014158
1046800
1047160
1050268
1051273
1051318
1051441
1054006
1054959
1069363
1233144
1233189
1233219
1233528
1233670
1234080
1234810
1234981
1235268
1235301
1236218
1236284
1236754
1236991
1237045
1237249
1237370
1237651
1238149
1238509
1239445
1239927
1240061
1240325
1240519
1240519
1240640
1240810
1241266
1241448
1242115
1242145
1242278
1242447
1242493
1243191
1243245
1243420
1243503
1243694
1243957
1243977
1244126
1244770
1245757
1246073
1246509
1246767
1246859
1246981
1248732
1249613
1249680
1250265
1250389
1250501
1250585
1251468
1251850
1251883
1252129
1252222
1252233
1252460
1252850
1252929
1253535
1253877
1253907
1254277
1254307
1254353
1254821
1254949
1255463
1255893
1256022
1256191
1256269
1256420
1256726
1256998
1257267
1257574
1257802
1257983
1259816
1260428
1260667
1261572
1262092
1262094
1262135
1262286
1262380
1262833
1263070
1263122
1263231
1277492
1277958
1278069
1278200
1278818
1278889
1279361
1279564
1279679
1280302
1280790
1281573
1281918
1282769
1284027
1284360
1284565
1284985
1285241
1285503
1285771
1286460
1287716
1287726
1287907
1288004
1288525
1288714
1289296
1289634
1289710
1290220
1290353
1290589
1290958
1291246
1292103
1292161
1292644
1292758
1293868
1294096
1294581
1294771
1295518
1295525
1295716
1295966
1297184
1297542
1297725
1297926
1298752
1299711
1299926
1300921
1300969
1301092
1301816
1302143
1302322
1302388
1302882
1303167
1303223
1303276
1303560
1303806
1303889
1303995
1304186
1304469
1305112
1305712
1305871
1309226
1311289
1311448
1314605
1314898
1316721
1320385
1320920
1321525
1322390
1322499
1367443
1367512
1368198
1370397
1370537
1371196
1371404
1372279
1372418
1372659
1374155
1374823
1375346
1375758
1376716
1377952
1381128
1382031
1382827
1383449
1383934
1384363
1385578
1385785
1386676
1387457
1387512
1388830
1390181
1394092
1395729
1395907
1396824
1397018
1398870
1399283
1400190
1401948
1403342
1403755
1408668
1411506
1413283
1413375
1413477
1413622
1413678
1414876
1415354
1415946
1416098
1416117
1416147
1416495
1416704
1416941
1417186
1417252
1417461
1417801
1417802
1417806
1417811
1417905
1417962
1418157
1418565
1418693
1418772
1418792
1419057
1419939
1420035
1420590
1420928
1421164
1421178
1421253
1421294
1421372
1421427
1421513
1421550
1421568
1421636
1421753
1421857
1422037
1422228
1422351
1422355
1422462
1422981
1423048
1423421
1427393
1433448
1436889
1451584
1453156
1457373
1457478
1458353
1458912
1459836
1461744
1462271
1463850
1463858
1464174
1464181
1464538
1464647
1466247
1466782
1467532
1467826
1468399
1469064
1469185
1469860
1470923
1471687
1471743
1472329
1473188
1474324
1474452
1474711
1474858
1475423
1475428
1475928
1476250
1476280
1476924
1477187
1477441
1478174
1478693
1478852
1479024
1479043
1479408
1479887
1481645
1481945
1482665
1483287
1483529
1483948
1484489
1484578
1484629
1624800
1628139
1628704
1629825
1674105
1674105
1674876
1676309
1676586
1676729
1676751
1677013
1677869
1678003
1678316
1678542
1678745
1678775
1678804
1678923
1679826
1679913
1679935
1680020
1680155
1680755
1681756
1681927
1682536
1682943
1683085
1683211
1683339
1683517
1683632
1684249
1684442
1684732
1685243
1686106
1687263
1688098
1688527
1689098
1689103
1689423
1689453
1689820
1731396
1746441
1746668
1748706
1750741
1751333
1753752
1756579
1757888
1760415
1760630
1761205
1761509
1761522
1761918
1799946
1801610
1803971
1804065
1804482
1805624
1805978
1806575
1806741
1808644
1809061
1810075
1875166
1877030
1877330
1877972
1878733
1879430
1879611
1879812
1880709
1881754
1882192
1882800
1883264
1884100
1884440
1887410
1888438
1888879
1888957
1889886
1893754
1903092
1903184
1903768
1904119
1904433
1904609
1904807
1906192
1906438
1906798
1906845
1907173
1907877
1908607
1908880
1909318
1909793
1909990
1910170
1911285
1912403
1914047
1914129
1914759
1915670
1916484
1916546
1917162
1935434
1935839
1935975
1936934
1937584
1937859
1938298
1938563
1938869
1941146
1941288
1941930
1942219
1943078
1944277
1946368
1949527
1951248
1951381
1952517
1952619
1953085
1953166
1953484
1953751
1954136
1954490
1974536
1976183
1976513
1977618
1979801
1981397
1981825
1982041
1983933
1984603
1985553
1986168
1986759
1987166
1987700
1989579
2036977
2038088
2038817
2038841
2041165
2042193
2042504
2043123
2043753
2043860
2044333
2044365
2044436
2045384
2045494
2049854
2050629
2050631
2050730
2078824
2080785
2082077
2119030
2132148
2136205
2136218
2137759
2138872
2139667
2141181
2144407
2145389
2145775
2146020
2146078
2146147
2146305
2146694
2147177
2147256
2147367
2147689
2148313
2148346
2148597
2148657
2148688
2149244
2149485
2149602
2149884
2150040
2150050
2150759
2150849
2151414
2151487
2151960
2152010
2152089
2152223
2152400
2152886
2153457
2153752
2153783
2153920
2154568
2154572
2155054
2155110
2155750
2156334
2156694
2156768
2157536
2158001
2158006
2158527
2159334
2159626
2159843
2159981
2160030
2160151
2160164
2160881
2161658
2161735
2161961
2162328
2162470
2163421
2163543
2163682
2164408
2164623
2165355
2165385
2165483
2165538
2166065
2166730
2167329
2167994
2168391
2169148
2169954
2170574
2170597
2170773
2171229
2172006
2175143
2176964
2195946
2195998
2196350
2197815
2199300
2200784
2203131
2203231
2204450
2204478
2205669
2224282
2224300
2224595
2224686
2224703
2225144
2225240
2225767
2227701
2229108
2231219
2232718
2232801
2234390
2236324
2238116
2238238
2239184
2256876
2257352
2259438
2260562
2263154
2264321
2265409
2287839
2289575
2289954
2290217
2290309
2290311
2290790
2290865
2291059
2291870
2292148
2292290
2292628
2292992
2293964
2294668
2294761
2294848
2294862
2294994
2295031
2295379
2295508
2295699
2296499
2296739
2296854
2297198
2297340
2297531
2297660
2297666
2297806
2297848
2298063
2298375
2298596
2298786
2299026
2299485
2299644
2299863
2299959
2300319
2300446
2301031
2301097
2301626
2301832
2301885
2301932
2301970
2302519
2302545
2302784
2302969
2303208
2303219
2303327
2303501
2303719
2304020
2304040
2304189
2304266
2304281
2305359
2305593
2305718
2306480
2306658
2306860
2307027
2307370
2323280
2323587
2323590
2323600
2323789
2323883
2324246
2324324
2324764
2325028
2325520
2325687
2326006
2326093
2326804
2326881
2327056
2327150
2327376
2327450
2327471
2327544
2328602
2328844
2329999
2330134
2330424
2330992
2331069
2331752
2332100
2332132
2332900
2333124
2333164
2333218
2333680
2333724
2333785
2333826
2334225
2334248
2334446
2334547
2334583
2335050
2335125
2335499
2335644
2335781
2335819
2335923
2336807
2336835
2336930
2337129
2337168
2337286
2337579
2338009
2338227
2338467
2338592
2338644
2338762
2339112
2339923
2341808
2341922
2342050
2342096
2342196
2342834
2342986
2343071
2343188
2343537
2343557
2343707
2344068
2344318
2344966
2346092
2346285
2347007
2347545
2347772
2348433
2348445
2348792
2348803
2348903
2349225
2349468
2349735
2350121
2350811
2350964
2351154
2351450
2351660
2351796
2351813
2352861
2352892
2353287
2353636
2353990
2354000
2354006
2354036
2354655
2354984
2355306
2355480
2355516
2355530
2355629
2355999
2356619
2356814
2356848
2357602
2357608
2357621
2357872
2358101
2358266
2358779
2359315
2359389
2371104
2375949
2378521
2381621
2384816
2386537
2386932
2414906
2420590
2420894
2421100
2421348
2421548
2422707
2423042
2423086
2423228
2423579
2423830
2424039
2424854
2425081
2425384
2425664
2426011
2426328
2426462
2426485
2426578
2426891
2427086
2427862
2428060
2428329
2429064
2429195
2429314
2429448
2429593
2429611
2429752
2429918
2430630
2430795
2430915
2431012
2431147
2431227
2431784
2432691
2432787
2432796
2432888
2433360
2433403
2433466
2433891
2434591
2434708
2434998
2435269
2435513
2435527
2457954
2461859
2467493
2497353
2499956
2502137
2505569
2508405
2512349
2512704
2513268
2513856
2514026
2514253
2514485
2515692
2516492
2516528
2516598
2517581
2517664
2518035
2518307
2519071
2519860
2520696
2523271
2554230
2581808
2581897
2582114
2582120
2582216
2583074
2583242
2583616
2583746
2584052
2584128
2584575
2584696
2584804
2585245
2585246
2585371
2585552
2586144
2586342
2586497
2586567
2587050
2587794
2587916
2588058
2588265
2588375
2589126
2589652
2590237
2590407
2590445
2590987
2591574
2591592
2591731
2591772
2591817
2591862
2591983
2592878
2613667
2613715
2614297
2614321
2615239
2616097
2616190
2616786
2616863
2617074
2617106
2617179
2617234
2617869
2618073
2618119
2618260
2618390
2618440
2619228
2619438
2619469
2619563
2619898
2619919
2620422
2620955
2621740
2621973
2622352
2622718
2623118
2623385
2623750
2623766
2624184
2661275
2661830
2661886
2662143
2662234
2662494
2662722
2663259
2663358
2664206
2664242
2664389
2664422
2664840
2665069
2665706
2667110
2667291
2667354
2667476
2667721
2667745
2667913
2667945
2668006
2668063
2668116
2668664
2668881
2668886
2668895
2669184
2669369
2669397
2669527
2669682
2669764
2670131
2670845
2671024
2671119
2671134
2671318
2671504
2671903
2672313
2672431
2672617
2672711
2696000
2703319
2704654
2704682
2704975
2705177
2705531
2705927
2705933
2706052
2706258
2706990
2707050
2707123
2707178
2707393
2707743
2707816
2708017
2708209
2708393
2708804
2709256
2709418
2709493
2709708
2709986
2710459
2710593
2710646
2710709
2710764
2711132
2711988
2712070
2712093
2712327
2712794
2713759
2713882
2714106
2714126
2714318
2715139
2715165
2715371
2715750
2716141
2716249
2716259
2716319
2716832
2717032
2717380
2717731
2717791
2717876
2718287
2718371
2718435
2718444
2718633
2718715
2718892
2719147
2719540
2719946
2720332
2720396
2720480
2720767
2720870
2891760
2892196
2892267
2893044
2894516
2896933
2897178
2897200
2897890
2898302
2898989
2901089
2901410
2917564
2918703
2918882
2922089
2922589
2922636
2928840
2929332
2929411
2932339
2935636
2937522
2937712
2937878
2938036
2938336
2938732
2940362
2940646
2940996
2941132
2941165
2941204
2941441
2942001
2942445
2942453
2942860
2943962
2944665
2944681
2945280
2945343
2945448
2946985
2947206
2947367
2947589
2947803
2948508
2949532
2949638
2949895
2950082
2950439
2950511
2952629
2952659
2952823
2953177
2953204
2953344
2953956
2954186
2954244
2954368
2954699
2954866
2955360
2956147
2956506
2957522
2957539
2957808
2958082
2958450
2958954
2959181
2959998
2960878
2961860
2962114
2962533
2962836
2963623
2963856
2964223
2964270
2964495
2965233
2965924
2965973
2966081
2966267
2966534
2966804
2966892
2967654
2967702
2968031
2968666
2968968
2969125
2970015
2971469
2971483
2971524
2971717
2972361
2972389
2972460
2972577
2972687
2973162
2973314
2973953
2975310
2975318
2975689
2976034
2976118
2976269
2976342
2976670
2976690
2976720
2976784
2977597
2977707
2978173
2978181
2978324
2978397
2978533
2978739
2979015
2979217
2979735
2979871
2980405
2980873
2980992
2981606
2982392
2982790
2983265
2983626
2983699
2983989
2984012
2984087
2984409
2984575
2984811
2985225
2986029
2986421
2986506
2986602
2986941
2986984
2987033
2987056
2987268
2987621
3019102
3019678
3020870
3021104
3021369
3021852
3022751
3022761
3024050
3024527
3024891
3025565
3025819
3025842
3026147
3026622
3027106
3028632
3029238
3029480
3030195
3030239
3030508
3032267
3032546
3033334
3033659
3033705
3034676
3075821
3094583
3096191
3097397
3099605
3102286
3105306
3108789
3110681
3112524
3139144
3139299
3146168
3147583
3147704
3149204
3153506
3156006
3193110
3195963
3196326
3197599
3201034
3203402
3204308
3204840
3205709
3206125
3206652
3209559
3211805
3212830
3213732
3215933
3218373
3220486
3285173
3286629
3287916
3288063
3289517
3290380
3290567
3290639
3293075
3293740
3294743
3295033
3295066
3295171
3296139
3296296
3296474
3296569
3297195
3297224
3298380
3299215
3299353
3300361
3362244
3362341
3362356
3362669
3362958
3363392
3363626
3363971
3364458
3364502
3364579
3365061
3365276
3365333
3365361
3365892
3366223
3366488
3366852
3366853
3367151
3367434
3367744
3367968
3367975
3368100
3368133
3368257
3368843
3369095
3369604
3369635
3369663
3369718
3369907
3370631
3370640
3371348
3371353
3371740
3372173
3372307
3372387
3372676
3372980
3373649
3373723
3406656
3407338
3407370
3407566
3407698
3409534
3410030
3411869
3449072
3449700
3450123
3450630
3451120
3451184
3451203
3451284
3451828
3451931
3452130
3453401
3453687
3453821
3453881
3453987
3454148
3454205
3454845
3454892
3456331
3456884
3457722
3458254
3458766
3458781
3459360
3459427
3459449
3459880
3460040
3460551
3460614
3460778
3460786
3658688
3668272
3668727
3727350
3727478
3727509
3727642
3727853
3727890
3728031
3728095
3728492
3728631
3728655
3728678
3728897
3728961
3729076
3729277
3729465
3729500
3729588
3729682
3729761
3729917
3730052
3730371
3730480
3730537
3730826
3732080
3732147
3732380
3732524
3732836
3732947
3733174
3733944
3733987
3734268
3734694
3734753
3734964
3735016
3735048
3735097
3735918
3736039
3736155
3737172
3737231
3737503
3737635
3737765
3737806
3738194
3738329
3738706
3739140
3739288
3739331
3739683
3739684
3739771
3739872
3740450
3740478
3740503
3740802
3740865
3740891
3740961
3740984
3740985
3741028
3741260
3741371
3741664
3741700
3742403
3742442
3742916
3743490
3743664
3744483
3744560
3744971
3745412
3745498
3798568
3827905
3828033
3828920
3829304
3829347
3829386
3829423
3829554
3830523
3830826
3831276
3831662
3832181
3832193
3832534
3833162
3833553
3833663
3834385
3836146
3836582
3836816
3837255
3837571
3837901
3838000
3838407
3839710
3853371
3854079
3854867
3855074
3855204
3855344
3855384
3855881
3856570
3856817
3857022
3857417
3857483
3857506
3858093
3858707
3858750
3859353
3860356
3860391
3860786
3861664
3861790
3861855
3862131
3862319
3862627
3863458
3864596
3864714
3864736
3864867
3865280
3865586
3865644
3865651
3865652
3865912
3865953
3866001
3866641
3866860
3866864
3867167
3867236
3867320
3867489
3868613
3868972
3869000
3869009
3869140
3869668
3870072
3870190
3870420
3870423
3870819
3870856
3871483
3871581
3871974
3872145
3890996
3891148
3891250
3891252
3891325
3891491
3891601
3891979
3892979
3893157
3893377
3893424
3893464
3893469
3893553
3893778
3894544
3894888
3895687
3895726
3895999
3896367
3896773
3896967
3897047
3897602
3897668
3898296
3898367
3898528
3898766
3898874
3899307
3899315
3899634
3899802
3900117
3900430
3900635
3900756
3900889
3900908
3901022
3901160
3901364
3901655
3902048
3902155
3902219
3902660
3902954
3903432
3903651
3903660
3903783
3904400
3904566
3904737
3905567
3905840
3925901
3925957
3926569
3926696
3926824
3927329
3927681
3928651
3928676
3928714
3928756
3928775
3930152
3930513
3930540
3930814
3931194
3931432
3931735
3932129
3932820
3933770
3934523
3934651
3935187
3936746
3936802
3937351
3937534
3937939
3938204
3938213
3938222
3938232
3938309
3938778
3938785
3938856
3939462
3939733
3940484
3941787
3946988
3947582
3947866
3953138
3953215
3953797
3954756
3955169
3955769
3971273
3971588
3971648
3972034
3972522
3973135
3973245
3973455
3973615
3973637
3973987
3974033
3974910
3975162
3975282
3975424
3975862
3975965
3976156
3976247
3976361
3976881
3977114
3977122
3977523
3977972
3978436
3978495
3978626
3978972
3979143
3979613
3979798
3980028
3980062
3980270
3980339
3980427
3980743
3980790
3980797
3980930
3980941
3981025
3981179
3981761
3982161
3982167
3982876
3982897
3983480
3983962
3984241
3984367
3984479
3984491
3984524
3985037
3985143
3985171
3985421
3985562
3985649
3985674
3985968
3986017
3986202
3986344
3986479
4012858
4017605
4038092
4038315
4038370
4038882
4039151
4039837
4040663
4040855
4041946
4042583
4043173
4043521
4043571
4043649
4043864
4044149
4044526
4044637
4044960
4046424
4047846
4048507
4049392
4049524
4049681
4049876
4049900
4050550
4051487
4051947
4052184
4052343
4053574
4054285
4054474
4054562
4054717
4056179
4056210
4056870
4070207
4070230
4071346
4071624
4071749
4071796
4072274
4072790
4073062
4073470
4073539
4074220
4074953
4075268
4077015
4077364
4077843
4078750
4078891
4079529
4079545
4079651
4080593
4081051
4081169
4197167
4197288
4197423
4197710
4198350
4199021
4199107
4199192
4199288
4199388
4199624
4199763
4200129
4200272
4200974
4201250
4201790
4201842
4201853
4202956
4203421
4203886
4203899
4204495
4204585
4204649
4205033
4205039
4205149
4205798
4205942
4206676
4206890
4207276
4207752
4207849
4208051
4208150
4208179
4208231
4208510
4208543
4208630
4208682
4208903
4210496
4211375
4211470
4211481
4211757
4211818
4211968
4212249
4212640
4212713
4212958
4213003
4252357
4255466
4258253
4258623
4271889
4272221
4272908
4272914
4273084
4273455
4273629
4273871
4274086
4274322
4275842
4276243
4276872
4277019
4277931
4277943
4278375
4278725
4278790
4279145
4279295
4279561
4280297
4280903
4281564
4281925
4281988
4281998
4282850
4283319
4283930
4284617
4284926
4285071
4285130
4285599
4285874
4286011
4286856
4288091
4288303
4288626
4289598
4308444
4308601
4309241
4309451
4309597
4310489
4310585
4310597
4310748
4310801
4310916
4311409
4311680
4311703
4311959
4312051
4312081
4312400
4312833
4312884
4312998
4313163
4313204
4313819
4314196
4314329
4314538
4315529
4315712
4315908
4316592
4316656
4316992
4317310
4317408
4317491
4317820
4317867
4317975
4318407
4318455
4318836
4318884
4319012
4319082
4319420
4319543
4319689
4352826
4353140
4353378
4353490
4353519
4353683
4354073
4354121
4354382
4354433
4354439
4354992
4355128
4355527
4355568
4355757
4355790
4356389
4356921
4357330
4357493
4357536
4357845
4358250
4358543
4359342
4359569
4360421
4360890
4361057
4361081
4361154
4362009
4362199
4362286
4362480
4381245
4381332
4381467
4381926
4382033
4382134
4383245
4383314
4383356
4383547
4384211
4384243
4384815
4384878
4385095
4385470
4385517
4385566
4385597
4385989
4386177
4386507
4386638
4386662
4386881
4386915
4387413
4387495
4387556
4387941
4387966
4387997
4388323
4388613
4388657
4389000
4389045
4389298
4389466
4390159
4390271
4390367
4390446
4390519
4390739
4390927
4391687
4392166
4392521
4392577
4397878
4401140
4439003
4439379
4440815
4441253
4442457
4442810
4442872
4443194
4443250
4444146
4444417
4444584
4444620
4444769
4444774
4445072
4445337
4445363
4445481
4445657
4445676
4445744
4445951
4446360
4446800
4447252
4447413
4447478
4447812
4447837
4448137
4448175
4448553
4448816
4448876
4449052
4449803
4455297
4456326
4461737
4462868
4463925
4468580
4468587
4468908
4472114
4472370
4475548
4479061
4479062
4479816
4479875
4480985
4482321
4483231
4484075
4484333
4484360
4484381
4484886
4484990
4485020
4485117
4485818
4485937
4486768
4486920
4487159
4488205
4488223
4489772
4490427
4490537
4490595
4544857
4703976
4707018
4712065
4719073
4719416
4720913
4728240
4728285
4728867
4729090
4729224
4729480
4729599
4730114
4730439
4730481
4731181
4731229
4731315
4731537
4732182
4732405
4732561
4733151
4733162
4733374
4733595
4733903
4734343
4734445
4734860
4735075
4735138
4735189
4735213
4735327
4735533
4735876
4736638
4736799
4737316
4737385
4737499
4737708
4738251
4738287
4738349
4738427
4738638
4739403
4739525
4739634
4739666
4739899
4740094
4740289
4740388
4740418
4740424
4740686
4741146
4742750
4742822
4742981
4743527
4743536
4743557
4744288
4744893
4745067
4745417
4779346
4787226
4846897
4989318
4990161
4990421
4990651
4991755
4994605
4998315
4998908
4999779
5004061
5006480
5009213
5009867
5040263
5040376
5040625
5044529
5045153
5045671
5046331
5046350
5047359
5048170
5048295
5048597
5049364
5050072
5050185
5050396
5050572
5054656
5054661
5054680
5054718
5055836
5056839
5057061
5058907
5069445
5069794
5069891
5074408
5081568
5084488
5085214
5086351
5087490
5087749
5087941
5089265
5089426
5089462
5090232
5090868
5090994
5091100
5094808
5094895
5160462
5163608
5171939
5172182
5173136
5173139
5173427
5173705
5173868
5174961
5175512
5176052
5177183
5177953
5178037
5178811
5179323
5179986
5180034
5180086
5180155
5180647
5181110
5181175
5181390
5181691
5181846
5182803
5182994
5183992
5184580
5184678
5184829
5185917
5235126
5235507
5235539
5235719
5235812
5235821
5235899
5235904
5235995
5236432
5236489
5236962
5236965
5237306
5237722
5237826
5238038
5239054
5239245
5239424
5240085
5240744
5240909
5241406
5241492
5241746
5241835
5241840
5241882
5242017
5242099
5242747
5243194
5243262
5243793
5244049
5244113
5244132
5244417
5244846
5244946
5244984
5245126
5245292
5245386
5245617
5245743
5245857
5246003
5246198
5246255
5246405
5246666
5246852
5246888
5246892
5246905
5247050
5247150
5247247
5247303
5247400
5247727
5247746
5247808
5248475
5248732
5249083
5249088
5249127
5249296
5249751
5249814
5251001
5251138
5251927
5252305
5252394
5252395
5252637
5252815
5293081
5293681
5295726
5296426
5296896
5297823
5299581
5299688
5300807
5303760
5305582
5306666
5388493
5388615
5388626
5388697
5389065
5389084
5389291
5389344
5389646
5389927
5390810
5391153
5391314
5391528
5392016
5392122
5392762
5392849
5392970
5393089
5393476
5393574
5393688
5394738
5395152
5395731
5395774
5397012
5397304
5397459
5397652
5397739
5398007
5398225
5398661
5398851
5457623
5467032
5499963
5500310
5501122
5501648
5502188
5502463
5503924
5503951
5504336
5504549
5504724
5504762
5504840
5505043
5505806
5505845
5506052
5506590
5507415
5507599
5508272
5509268
5579080
5584395
5587444
5587543
5589512
5592524
5592815
5593063
5593123
5593503
5593603
5594283
5594867
5595318
5596298
5596428
5596467
5596479
5596542
5597003
5597226
5597303
5597612
5597939
5598497
5598570
5598889
5599623
5600458
5600737
5600904
5600932
5600982
5601478
5601634
5601682
5601844
5602181
5602574
5603019
5603089
5603137
5603266
5604777
5605495
5607065
5608764
5609101
5610527
5611357
5612515
5639168
5639872
5643199
5645566
5646192
5646235
5646315
5646933
5647030
5647237
5647281
5647439
5647565
5647652
5648389
5649594
5649777
5649927
5650558
5809719
5809739
5810156
5810452
5810773
5810934
5811043
5811304
5811744
5811869
5811978
5812390
5812483
5812525
5812837
5812908
5813953
5813990
5814435
5814954
5815406
5815532
5815542
5815597
5815725
5816471
5816845
5817084
5817576
5817987
5818093
5818377
5818855
5819038
5819071
5819145
5819391
5819865
5820238
5820323
5820402
5821323
5821351
5821376
5821739
5821882
5823010
5823150
5823208
5823936
5824381
5825086
5826657
5826849
5827876
5828765
5833441
5834118
5834612
5840499
5841512
5929612
5930374
5930773
5933456
5934812
5936229
5937959
5938776
5939838
5941153
5954869
5955280
5961185
5962791
5963667
5965700
5967148
5967648
5967727
5967800
5967907
5968012
5968755
5969168
5969206
5969333
5969866
5970008
5970396
5970465
5970572
5971214
5971232
5971324
5971589
5972006
5972465
5972515
5973315
5973491
5973668
5973743
5973818
5974372
5974554
5974829
5974951
5975092
5975643
5976413
5976799
5977369
5977459
5977979
5978021
5978052
5978102
5978231
5978829
5979457
5979928
5980185
6011318
6011351
6011356
6012448
6012637
6012702
6013195
6013309
6013734
6014063
6014279
6014281
6015816
6016179
6016513
6018127
6018432
6018834
6019223
6019486
6020192
6020461
6020578
6021203
6021352
6021456
6022045
6022184
6022367
6022553
6023396
6023998
6024212
6024806
6024944
6025292
6025534
6025601
6025767
6026830
6027287
6028327
6028666
6031036
6033021
6033416
6034687
6036105
6036325
6037268
6037312
6038307
6039505
6042499
6043145
6043261
6044533
6044964
6045192
6133688
6133757
6134387
6134429
6135232
6135861
6135885
6136618
6136703
6137697
6137752
6137824
6137853
6138517
6138528
6138802
6138822
6139272
6139494
6139546
6139561
6140224
6140303
6140529
6140862
6142086
6142819
6142964
6143776
6144053
6144098
6144450
6144458
6200318
6200533
6201100
6201112
6201435
6202399
6202586
6203038
6203271
6203646
6204832
6205279
6205364
6205592
6206148
6206438
6206875
6207170
6207730
6207788
6207897
6209068
6210056
6210107
6210205
6210381
6210645
6211153
6211216
6212198
6212767
6213172
6213445
6213757
6214091
6214269
6214303
6214603
6215238
6215254
6215768
6215912
6216289
6216341
6216387
6216553
6216844
6217097
6217177
6217515
6217915
6218118
6218918
6219932
6220270
6220565
6221055
6221291
6221494
6221518
6221630
6222550
6223475
6223490
6223949
6224382
6224741
6225676
6226199
6226397
6226634
6226641
6226963
6227121
6227213
6227632
6227996
6230440
6232040
6233184
6233459
6233511
6233889
6251058
6251174
6251621
6251738
6252369
6253382
6253538
6253593
6253851
6253907
6254418
6254676
6254991
6255514
6255980
6256377
6256427
6256871
6256989
6257232
6257264
6257449
6257523
6258698
6258836
6258875
6259112
6259236
6259468
6259786
6261068
6261141
6261232
6261263
6261923
6262232
6262589
6262651
6263889
6263955
6264198
6264279
6264350
6264449
6264659
6264942
6265280
6265864
6265997
6266597
6266624
6266860
6267427
6267690
6267801
6267928
6267993
6268229
6268562
6268666
6268736
6269518
6269651
6269795
6270010
6270055
6270063
6270264
6271139
6271150
6271165
6271258
6271354
6271964
6272321
6272514
6272740
6272893
6272908
6272973
6273087
6273644
6273951
6273990
6274093
6274098
6274441
6274667
6274734
6275072
6275089
6275121
6276395
6276447
6276450
6276489
6276967
6277217
6277312
6277348
6277759
6279018
6279109
6279293
6279480
6279839
6280013
6280085
6280511
6280696
6280716
6280761
6320985
6322380
6322988
6323346
6323490
6323654
6323869
6324349
6325135
6325483
6325709
6326238
6326330
6326447
6327871
6328441
6328749
6329823
6330299
6330427
6331595
6379450
6447334
6452252
6455373
6471358
6472166
6473323
6473578
6473730
6474200
6474781
6474930
6475062
6475506
6475587
6476465
6477370
6477861
6479254
6480331
6480374
6480446
6480452
6480588
6480883
6481036
6481911
6545990
6550682
6553395
6555360
6557777
6557821
6559031
6561123
6561238
6561352
6561597
6562645
6563797
6563850
6564884
6565312
6565542
6566073
6568442
6569342
6569616
6569688
6569845
6626437
6626658
6627169
6627229
6627399
6627827
6628848
6628980
6629261
6629656
6631009
6631885
6632413
6633522
6634013
6634119
6634498
6634914
6634951
6635403
6635741
6636751
6636884
6636903
6637875
6637905
6637979
6638465
6638818
6639027
6639056
6640082
6640083
6640160
6640498
6640548
6640959
6641292
6641318
6641362
6706463
6706595
6706709
6707107
6707392
6707526
6708103
6709665
6709771
6709792
6710416
6710721
6710769
6711596
6712499
6712653
6713007
6713836
6713879
6714371
6714468
6715096
6715325
6715645
6715679
6715957
6716073
6716156
6716497
6716556
6716915
6717193
6717381
6717492
6717496
6717612
6718091
6718337
6718515
6719377
6720071
6720173
6720562
6720685
6720851
6721483
6722443
6722491
6722713
6722730
6722789
6722935
6723674
6724163
6724801
6724861
6725296
6725340
6725700
6726689
6727004
6727112
6727122
6727421
6727689
6728046
6728271
6728720
6728793
6728850
6729075
6729818
6730173
6730407
6730468
6730746
6730769
6731061
6731300
6732308
6733081
6733115
6747898
6747910
6748399
6748653
6748930
6749075
6749455
6749843
6749869
6750402
6750501
6750625
6750697
6751443
6751674
6752057
6752138
6752330
6752372
6752378
6752602
6752612
6752748
6752797
6752801
6752952
6753148
6753238
6753312
6753652
6753991
6754143
6754216
6754648
6754745
6755091
6755564
6755582
6755611
6756392
6756447
6756755
6756969
6757081
6757142
6757356
6757388
6757598
6757885
6758060
6758781
6758979
6759390
6759653
6760197
6760282
6760490
6760961
6761184
6761383
6761477
6762186
6762238
6762538
6763038
6780794
6900825
6902585
6904617
6904838
6905001
6905424
6905521
6908631
6910574
6911551
6928890
6930212
6930224
6930576
6930792
6930823
6931041
6931062
6931711
6931936
6932189
6932444
6932782
6933210
6934404
6934749
6934765
6935113
6935143
6935249
6935418
6935426
6936046
6936134
6937150
6937196
6937211
6937781
6937934
6937981
6938009
6938239
6938307
6938465
6938524
6938551
6938682
6938881
6939171
6939481
6939610
6939693
6940010
6940490
6940554
6940826
6940937
6941123
6941683
6942094
7147708
7147760
7148082
7148138
7148166
7148345
7148610
7148624
7148681
7148690
7148826
7148885
7148944
7149926
7149973
7150377
7150596
7150649
7150727
7151022
7151035
7151185
7151544
7151900
7152685
7152818
7153019
7153771
7155328
7155362
7155410
7155428
7155995
7156237
7156334
7156644
7156712
7156787
7157465
7157575
7157774
7157796
7157899
7158175
7158276
7158435
7158449
7158746
7158932
7158962
7159148
7159149
7159705
7160950
7161169
7161224
7176882
7177133
7178112
7178436
7180949
7181084
7181331
7181717
7182068
7182663
7183103
7183264
7183278
7183665
7184995
7185446
7185636
7186247
7186390
7186799
7186978
7187014
7187477
7187557
7187610
7187668
7187678
7188549
7188909
7189913
7190120
7190355
7279790
7282751
7283018
7296735
7298376
7298647
7299086
7299109
7299194
7299250
7300401
7300444
7301285
7302770
7303244
7303300
7304076
7305327
7306400
7306552
7308454
7309147
7309165
7309420
7309494
7309660
7311859
7312008
7312096
7313031
7313236
7313611
7313648
7313842
7314139
7314223
7314325
7314523
7314581
7314671
7314801
7314927
7315004
7315510
7315646
7315771
7316303
7316535
7316899
7317105
7317129
7317307
7317866
7318339
7319107
7319297
7320158
7320569
7320591
7320799
7321771
7322027
7322319
7322409
7323275
7323496
7323607
7324011
7324517
7325557
7325887
7325918
7326822
7326976
7327141
7327199
7327787
7327839
7328072
7328485
7340892
7342081
7342238
7343149
7345056
7346041
7348603
7350135
7351048
7351273
7352677
7353502
7353889
7354178
7356566
7376476
7376687
7379149
7381953
7382154
7382529
7383601
7386697
7386883
7386890
7391571
7393406
7393905
7394337
7394735
7394971
7395074
7395091
7396829
7396913
7397005
7399060
7400102
7401760
7401880
7402636
7439223
7439593
7439983
7440370
7440800
7441662
7442156
7442290
7442666
7443068
7443127
7444038
7444080
7444489
7444815
7445779
7446681
7446869
7446955
7447142
7447603
7447604
7447795
7448214
7448598
7448621
7448701
7449286
7449406
7449710
7450310
7450320
7450379
7450647
7451179
7451904
7451927
7451941
7451993
7452053
7452361
7452503
7452529
7452820
7452973
7453293
7453681
7454356
7454500
7454697
7454786
7467623
7467976
7467990
7471931
7472334
7473711
7473736
7475541
7475936
7477088
7477781
7482057
7482651
7510247
7518921
7621214
7621380
7621728
7622173
7622204
7622314
7622346
7622667
7622873
7622914
7623355
7623552
7623618
7624246
7624324
7624371
7624489
7625081
7625102
7625973
7626207
7626442
7626917
7627430
7627498
7628329
7628840
7628931
7628951
7629164
7629431
7629473
7629611
7629614
7630069
7631260
7655317
7658305
7659045
7660100
7662089
7662790
7663246
7750027
7750252
7750780
7750865
7751103
7751147
7751169
7752815
7753216
7753682
7754163
7754193
7754374
7754588
7754750
7755021
7757173
7757214
7757491
7758562
7758639
7759386
7759391
7760454
7760632
7761008
7762231
7763681
7764156
7764249
7764760
7765313
7765781
7765819
7767294
7823394
7824417
7824584
7824640
7825092
7825515
7825639
7825668
7825818
7826029
7826185
7826388
7826394
7827351
7827465
7828016
7828132
7828251
7828574
7828664
7829056
7829210
7829458
7829474
7829649
7829676
7829726
7829764
7831059
7831191
7831412
7831882
7832115
7832199
7832410
7832501
7832856
7832881
7833088
7833342
7833350
7833433
7833498
7834443
7835093
7835226
7835476
7836000
7836103
7836496
7836746
7836850
7836879
7911281
7911289
7911342
7911657
7912178
7912518
7912553
7912778
7913960
7914266
7914383
7914473
7914623
7914742
7914765
7915632
7915913
7915941
7915960
7916729
7916818
7916889
7917055
7917139
7917147
7917336
7917832
7918200
7918313
7918521
7918805
7918926
7919080
7919423
7920221
7920384
7920398
7920422
7921208
7938153
7939326
7942227
7996817
8001474
8008518
8014548
8024659
8024853
8027504
8028755
8029975
8031694
8032458
8033234
8033948
8034734
8034927
8035255
8036081
8036095
8036110
8036643
8038672
8038807
8040691
8040692
8040980
8237010
8237131
8237273
8237472
8238096
8238179
8238592
8238726
8238974
8239179
8239651
8239761
8240337
8240367
8240580
8240611
8240670
8240973
8241051
8241356
8241914
8242001
8242041
8242118
8242273
8242479
8242505
8242526
8242772
8242910
8243112
8243677
8244470
8244834
8244996
8245082
8245160
8245595
8245791
8246420
8246952
8246955
8247917
8247973
8247993
8248460
8248787
8248851
8249028
8249567
8250438
8250529
8250728
8251441
8251744
8252037
8252123
8252269
8252502
8252760
8252804
8253056
8253311
8254234
8254372
8254713
8255211
8255303
8255325
8255720
8256241
8256948
8257437
8257561
8257719
8257925
8258081
8258177
8258577
8258666
8260378
8261080
8261589
8261756
8261961
8290500
8290500
8290877
8293232
8293739
8294111
8294473
8296404
8297156
8298111
8298503
8410294
8412108
8412158
8414037
8415083
8416482
8417174
8419711
8493271
8493653
8493714
8494214
8494296
8494321
8494522
8494636
8495300
8496312
8496553
8496718
8497324
8497607
8497809
8497849
8498731
8499266
8499392
8499409
8499460
8499774
8500189
8500762
8500921
8501086
8501167
8501793
8501869
8502207
8502259
8502381
8503139
8503185
8503598
8504388
8504409
8504502
8504721
8504889
8504901
8507317
8507396
8507457
8507682
8507760
8507888
8507909
8508047
8508054
8508254
8508417
8508828
8508944
8509219
8509647
8509768
8510061
8510233
8510270
8510348
8510694
8511418
8511433
8511635
8511708
8511777
8512024
8512264
8512972
8513192
8513197
8513572
8513584
8513648
8513968
8514207
8514417
8514947
8515019
8515154
8515454
8515550
8515562
8515604
8515948
8516250
8516313
8516741
8516773
8517061
8517491
8517531
8517615
8518077
8518645
8518744
8518979
8518983
8519683
8519859
8519895
8519936
8520086
8520302
8520745
8521071
8521078
8521776
8523327
8523866
8523956
8523973
8524054
8524109
8524351
8524960
8525150
8525442
8525977
8526319
8526393
8526394
8526691
8526763
8527157
8527174
8527215
8527256
8527511
8527537
8527750
8528029
8528618
8528912
8528949
8528971
8577450
8577581
8577831
8577953
8578210
8578219
8579564
8579751
8580127
8580449
8581313
8581650
8581891
8581901
8581948
8581956
8582299
8582372
8582386
8582600
8582866
8583494
8583630
8584473
8584538
8584582
8584656
8585245
8585455
8586204
8587277
8587399
8588055
8588359
8589507
8589513
8589535
8589862
8590326
8590649
8591175
8591665
8592292
8592405
8593208
8593863
8594120
8594958
8595189
8595369
8595457
8595595
8595915
8596128
8596321
8596402
8596493
8636189
8636652
8638165
8638665
8639299
8639627
8640796
8642293
8643220
8645066
8645156
8646497
8647497
8647806
8647849
8649694
8651316
8651973
8653735
8654086
8654583
8654923
8655372
8655552
8655557
8656023
8656305
8657063
8657114
8657639
8658017
8658161
8658405
8658919
8659189
8659250
8659502
8659530
8659648
8659837
8660291
8660518
8660803
8660943
8660945
8660976
8661366
8661574
8661664
8663209
8663262
8663427
8663496
8663588
8664130
8664151
8664547
8664910
8665140
8665625
8665643
8665879
8666168
8666499
8666548
8666658
8666829
8667078
8667328
8667462
8667756
8668177
8668249
8669679
8669981
8670314
8670328
8687297
8689101
8690148
8807339
8807434
8807455
8807732
8808549
8809545
8809621
8809987
8810112
8810854
8810862
8811090
8811569
8811992
8812415
8813699
8814044
8814265
8815538
8816233
8816359
8850370
8851282
8851357
8851447
8851797
8852013
8852233
8852904
8853821
8854308
8854586
8855854
8856099
8856774
8857188
8857769
8858143
8858394
8859010
8859279
8859782
8860935
8861899
8897545
8900387
8959326
8959909
8960085
8960878
8960986
8961155
8961846
8962311
8962872
8965013
8965685
8966485
8967701
8967740
8967991
8968767
8969928
8969960
8970131
8970513
8972432
8972847
8972899
8972945
8973114
8973171
8973438
8973575
8973924
8974004
8974099
8975832
8975884
8976281
8976639
8976727
8976847
8976994
9019160
9020585
9021704
9022121
9022130
9022474
9022648
9023539
9024911
9024979
9025280
9026453
9026576
9026669
9027015
9027176
9027531
9028133
9028759
9028910
9028926
9029421
9029999
9031061
9031344
9031483
9031605
9032950
9032999
9033277
9033396
9033444
9033938
9034086
9034096
9034606
9035253
9035332
9035344
9035707
9036578
9036899
9037593
9037743
9038241
9038325
9038561
9038817
9039043
9039211
9039316
9039472
9039594
9040283
9040685
9041055
9041133
9041240
9041523
9042097
9042459
9042580
9043148
9043285
9043653
9043959
9044282
9044782
9045045
9045155
9045224
9045353
9045378
9046479
9047034
9047471
9047521
9047800
9047880
9048016
9048129
9144896
9145029
9145086
9145185
9145532
9145881
9145901
9146377
9146747
9147213
9147455
9147698
9148213
9148355
9148695
9148881
9149057
9149121
9149207
9149250
9149284
9149765
9149972
9150193
9150403
9150405
9150827
9151009
9151034
9151343
9151581
9151656
9151704
9151821
9152643
9153510
9153623
9153643
9154831
9155024
9155142
9155863
9159527
9160326
9161924
9162012
9165489
9165831
9167020
9169217
9231197
9232012
9232454
9233086
9235616
9236317
9238130
9239035
9239670
9240726
9240738
9241042
9241086
9242038
9243168
9243455
9243489
9347909
9348277
9348413
9349080
9349232
9349367
9349997
9350160
9350189
9350267
9350311
9351137
9351200
9351355
9351430
9351472
9351506
9351756
9352233
9352636
9352701
9353151
9353292
9353465
9353552
9353759
9355326
9356059
9356067
9356998
9357660
9357816
9357842
9357896
9358073
9358082
9358921
9359581
9360171
9360589
9360626
9361084
9361163
9361530
9361906
9362188
9362985
9363179
9363294
9363435
9363570
9363710
9363712
9364206
9365334
9366027
9366161
9366485
9366814
9367080
9367613
9367838
9368529
9368707
9369779
9370639
9372607
9377878
9392267
9404733
9510260
9554835
9554935
9554998
9555030
9555222
9555680
9556052
9556214
9556270
9556311
9557448
9557506
9557784
9558229
9558264
9558513
9558646
9558876
9559069
9559215
9559526
9559555
9559660
9559710
9559846
9559955
9560345
9560767
9560791
9561515
9561787
9562349
9562761
9563073
9563081
9563177
9563505
9563608
9563669
9563724
9564367
9565682
9565845
9597268
9600267
9606703
9644717
9644851
9644880
9645100
9650874
9846095
9846114
9846268
9846837
9846947
9847250
9847863
9847986
9848051
9848083
9848394
9848468
9848556
9849102
9849212
9849444
9849497
9849506
9849623
9849766
9849825
9849882
9850193
9850595
9851568
9851761
9853229
9853374
9853646
9853767
9853844
9854125
9854192
9855026
9855114
9855362
9855499
9855761
9855790
9856062
9856287
9856802
9856878
9857343
9857422
9857535
9857594
9937201
9937236
9937299
9937647
9937768
9937930
9938407
9938482
9938970
9939474
9939508
9940358
9940382
9940657
9940923
9941012
9941080
9941572
9942022
9942095
9942137
9942375
9942538
9942940
9942994
9943068
9943872
9944271
9944286
9944343
9944449
9944551
9944853
9945219
9945747
9946122
9946206
9946382
9946457
9947035
9947058
9947079
9947185
9947197
9947444
9947521
9948011
9948368
9948379
9948819
9949283
9949480
9949539
9949771
9949990
9950041
9950179
10058290
10071084
10071416
10074041
10140833
10140887
10140938
10141019
10142145
10142445
10142513
10142572
10142708
10142809
10143101
10143457
10143868
10143933
10144096
10145206
10145777
10145865
10146216
10146490
10146559
10146972
10147155
10147266
10147686
10147954
10148315
10148972
10149300
10149302
10149633
10149706
10150178
10150427
10150841
10150903
10151003
10151544
10151798
10151906
10152107
10152451
10152536
10152688
10152689
10152734
10153738
10154086
10154776
10154780
10155827
10155921
10155970
10156145
10156502
10156732
10156855
10157178
10157952
10159333
10159853
10159890
10161325
10161729
10161888
10162816
10162917
10163187
10163332
10163552
10163862
10164027
10165260
10165914
10166405
10166638
10166813
10167201
10167537
10167790
10167929
10169223
10169349
10169951
10170268
10170399
10170571
10170613
10197351
10199308
10203360
10207447
10207811
10257507
10263710
10265032
10266968
10307872
10308954
10309163
10309534
10310141
10310266
10310449
10310755
10310865
10311351
10311428
10311789
10312052
10312637
10312869
10313246
10313498
10313577
10313747
10313868
10313923
10314124
10315042
10315113
10315191
10315316
10315577
10315956
10316152
10316308
10316407
10316717
10317197
10317739
10318076
10347878
10347961
10348256
10348730
10348878
10348903
10350008
10350996
10351259
10351462
10352298
10352580
10353001
10353343
10353354
10353423
10353455
10353579
10353949
10354291
10354372
10354939
10355569
10355890
10356267
10356855
10357354
10357446
10357674
10357976
10358484
10358586
10358657
10358680
10358879
10360037
10360458
10360607
10362826
10363039
10363811
10387174
10387586
10387633
10388032
10388487
10388570
10388747
10389087
10390961
10391076
10391258
10391285
10391499
10391872
10392207
10393317
10393616
10393732
10394240
10394352
10394607
10395313
10395496
10395980
10396121
10396164
10396317
10396519
10396879
10397136
10397231
10397326
10398239
10398459
10398556
10398574
10398624
10398680
10398693
10399420
10399586
10452642
10452650
10452969
10454454
10454895
10455083
10455362
10456464
10456687
10456747
10456981
10457099
10457270
10457340
10457732
10457879
10458725
10458943
10459084
10459646
10459722
10459806
10459845
10459894
10460022
10460280
10460448
10460742
10461460
10461477
10462130
10462573
10462584
10462999
10464078
10464382
10465548
10465570
10509425
10509527
10543253
10543353
10543871
10544052
10545258
10545277
10545474
10545750
10545878
10546249
10546267
10546399
10547531
10547741
10547890
10548556
10548580
10548952
10549591
10550262
10551659
10551770
10551923
10551986
10552124
10553168
10553258
10554309
10554345
10554580
10555202
10555672
10555986
10556457
10556831
10557150
10557516
10558643
10563410
10690877
10691901
10692331
10693419
10695717
10695890
10699065
10749212
10755539
10805242
10807349
10807763
10808191
10812599
10814386
10814749
10815205
10817047
10820118
10821195
10888113
10888650
10889017
10890430
10894065
10894341
10896403
10901231
10924745
10924800
10927666
10957474
10958255
10958413
10958769
10959034
10960118
10960976
10961256
10961778
10963529
10966110
10967638
10968576
10969463
10970437
10971228
11031593
11031706
11031762
11031826
11031935
11033100
11033265
11033398
11033486
11034571
11035211
11035662
11035673
11036306
11036335
11036820
11037759
11038873
11038990
11039771
11039846
11039858
11040134
11040200
11040255
11040421
11040884
11041517
11042260
11042763
11042980
11043130
11043275
11043510
11043521
11043950
11043977
11044105
11044325
11044636
11045586
11045728
11045828
11045992
11046234
11046636
11046643
11046720
11046982
11047632
11047662
11098620
11280557
11280558
11281369
11281453
11281551
11281749
11282747
11283960
11286030
11286429
11286529
11286685
11287429
11287906
11288805
11289079
11289112
11289127
11289739
11290170
11290247
11290481
11290575
11291011
11305779
11308931
11312840
11389007
11389077
11389099
11389177
11389839
11389881
11389954
11391074
11391936
11392622
11393152
11393900
11394816
11395333
11395989
11396087
11396112
11396459
11396517
11396708
11397004
11397229
11397248
11397371
11397424
11397539
11397572
11398146
11398699
11398702
11398826
11399195
11399954
11400213
11400225
11401128
11401268
11401530
11401943
11403581
11404190
11404230
11404275
11404783
11404876
11405829
11406290
11407090
11408477
11409627
11411179
11413280
11413520
11414992
11415012
11417140
11420043
11422716
11425492
11430581
11431278
11431498
11436677
11436758
11439090
11474914
11475380
11475544
11475681
11477039
11477377
11478010
11478432
11478553
11478691
11479304
11480192
11480689
11480844
11480954
11481800
11481870
11481929
11482201
11482726
11482808
11483946
11484166
11484387
11484538
11484784
11485067
11485143
11486029
11486132
11486228
11486294
11486642
11486948
11487315
11487368
11487707
11487958
11489364
11504803
11508632
11509680
11511154
11513165
11513576
11514245
11514442
11516420
11518538
11519605
11520063
11635252
11635399
11635520
11635530
11635628
11636430
11636738
11637324
11638192
11638882
11639293
11640529
11640857
11641046
11641409
11641863
11642192
11643320
11643631
11643643
11643791
11643884
11644099
11644399
11644991
11645288
11645441
11646025
11646287
11646730
11647293
11647478
11647622
11647704
11647737
11647933
11648336
11648816
11649210
11649661
11680747
11681997
11682745
11683227
11684417
11685912
11687028
11753706
11753739
11753944
11754062
11754068
11754998
11755096
11755921
11756341
11756479
11757022
11757126
11757140
11757149
11757450
11757498
11757675
11758447
11758730
11758998
11759652
11759730
11759869
11760116
11760224
11760449
11760960
11761262
11761349
11761380
11761403
11761446
11761926
11761970
11762228
11762789
11763064
11763419
11763729
11763975
11763992
11764155
11764825
11764983
11765021
11765733
11765734
11765810
11765915
11766223
11766359
11766571
11766652
11813016
11813410
11814359
11814428
11815392
11817242
11817675
11818068
11819733
11820381
11820666
11820823
11822138
11822308
11822407
11893918
11894140
11894152
11894165
11894825
11895521
11896273
11896350
11896485
11896527
11896665
11896720
11897782
11898576
11899740
11900049
11900073
11900475
11900674
11901049
11901068
11901236
11901593
11901878
11902130
11902836
11903455
11903620
11903622
11903757
11903966
11904047
11904325
11904410
11905197
11905684
11906029
11906381
11906472
11906870
11906893
11907553
11907659
11907751
11907997
11908047
11908078
11908222
11908255
11908569
11908901
11908964
11909191
11909398
11909658
11909889
11910271
11910960
11911309
11911726
11911740
11911917
11911943
11912242
11912290
11912629
11912895
11913298
11913536
11913625
11913727
11913959
11913970
11914080
11914194
11914255
11914544
11914703
11914819
11914830
11914854
11915301
11915447
11915648
11916133
11916401
11916837
11916882
11917002
11917094
11917148
11917206
11917253
11917803
11918257
11918581
11918607
11918898
11919208
11919704
11919881
11948253
11953783
12040445
12040818
12041282
12041674
12041759
12041879
12042114
12042177
12042395
12042405
12043468
12043657
12043819
12043823
12043876
12043934
12044160
12044442
12044538
12045110
12046259
12046367
12046410
12046537
12046661
12046673
12046729
12046737
12047135
12047303
12047486
12047676
12047806
12048084
12048228
12048387
12048535
12048967
12049679
12050237
12050240
12050900
12051362
12051455
12051896
12052252
12052336
12052484
12052788
12053526
12053676
12053695
12054528
12054736
12055019
12055380
12055645
12055877
12056264
12056932
12057213
12057450
12058268
12058494
12058801
12058850
12059370
12060053
12060656
12061026
12061559
12061726
12061906
12062483
12063006
12064573
12064784
12065175
12066034
12066319
12066327
12066441
12067647
12067659
12067821
12067826
12070010
12070469
12098693
12099576
12101244
12101901
12101922
12102442
12103386
12104272
12105206
12105372
12107078
12107355
12107785
12125606
12125675
12125701
12126622
12129642
12129919
12132257
12133286
12133322
12135460
12136081
12140357
12141885
12184740
12184750
12185183
12185284
12185465
12186006
12186078
12186322
12187213
12187346
12187783
12187846
12188430
12188462
12188793
12189448
12189511
12189628
12190134
12190619
12190753
12191001
12191424
12191512
12191601
12191692
12191777
12191897
12192027
12192201
12192535
12192932
12192977
12193297
12193921
12194309
12194322
12194399
12194567
12195186
12195404
12195552
12197153
12197473
12197520
12197544
12197788
12197867
12197926
12198080
12198196
12198410
12198463
12199686
12199777
12221494
12221996
12224543
12228610
12231030
12303231
12303354
12303572
12304008
12304051
12304334
12304647
12305098
12305130
12305285
12305433
12305513
12305717
12305957
12306063
12306075
12306102
12306458
12307259
12307667
12308038
12308189
12308773
12308966
12309171
12309185
12309274
12309673
12309963
12310017
12310466
12310719
12311057
12311704
12311939
12312072
12312574
12319394
12319969
12320401
12320726
12321206
12322509
12322837
12323622
12324358
12359401
12359495
12359637
12359875
12359938
12359953
12360088
12360205
12360733
12360861
12361238
12361569
12361706
12361928
12362056
12362270
12362385
12362437
12362442
12362849
12362972
12363094
12363502
12363531
12363983
12364807
12365841
12366238
12366345
12366496
12366511
12366557
12367378
12367500
12367516
12368080
12368233
12368348
12368577
12368597
12368744
12369190
12369343
12369585
12369979
12369995
12370089
12372311
12372489
12373960
12374429
12374926
12375281
12375576
12376363
12377639
12377979
12378808
12378898
12378913
12380248
12380872
12381648
12381773
12383152
12385068
12386325
12475444
12530079
12530248
12531024
12531111
12531405
12531984
12532305
12532337
12532355
12532637
12534323
12534756
12534822
12534878
12534945
12535411
12535520
12535879
12536267
12536311
12536688
12537099
12537258
12538361
12539046
12539148
12539187
12539371
12539781
12539815
12539985
12540020
12540616
12541129
12541429
12541502
12541618
12542179
12542191
12542273
12542303
12542545
12542695
12543245
12543292
12543435
12543909
12544034
12544330
12544544
12545213
12545674
12546117
12546371
12546663
12546898
12629824
12630890
12631303
12631739
12631940
12633959
12634753
12636269
12637053
12637474
12639000
12639452
12639478
12640252
12642250
12663707
12663867
12664184
12665040
12665148
12665351
12665667
12666929
12667387
12667744
12667800
12667857
12667896
12668491
12668494
12668538
12669476
12669774
12670067
12670294
12670379
12670741
12671077
12671521
12671757
12671792
12672278
12672455
12673443
12673545
12673724
12673895
12673896
12675302
12675388
12675833
12675896
12677290
12677338
12677541
12677610
12677729
12678182
12678577
12678599
12678776
12679271
12679391
12679682
12679768
12680094
12680241
12680398
12680691
12680966
12681586
12681874
12681965
12682230
12682431
12682527
12683203
12683379
12684020
12684023
12684233
12684618
12684715
12684933
12684953
12685447
12685572
12685882
12686094
12686207
12686320
12686481
12686580
12703593
12703769
12703983
12704283
12704466
12704532
12705263
12705368
12705483
12705661
12705854
12705897
12706392
12706852
12706952
12707005
12707052
12707243
12707414
12707893
12708109
12708448
12709732
12710896
12710907
12710930
12711658
12711825
12712593
12713035
12713158
12713232
12713784
12714231
12714231
12714345
12715524
12715700
12715755
12716067
12716152
12716276
12716424
12716506
12716715
12717220
12717573
12717818
12718340
12718627
12718706
12719469
12720276
12720321
12720517
12720752
12720844
12720964
12721582
12779502
12780352
12780671
12780801
12781076
12783025
12783112
12784311
12784391
12787101
12788823
12788958
12789030
12789437
12790268
12791056
12792082
12792756
12838355
12838669
12839005
12839334
12840630
12840907
12840992
12841246
12841535
12841742
12842109
12842399
12842457
12842620
12842828
12843254
12843495
12843589
12843634
12843720
12843848
12844138
12844723
12845197
12845629
12845807
12846003
12846096
12846148
12846186
12846248
12846484
12846931
12847269
12847664
12847701
12848459
12848670
12848821
12849721
12850071
12850187
12850415
12851229
12851432
12851605
12851885
12852153
12852469
12852678
12853045
12853116
12853157
12853163
12853358
12853577
12853660
12853712
12853772
12853834
12853999
12854203
12854268
12854388
12885192
12885515
12885877
12886242
12886669
12887118
12887268
12887387
12887403
12887805
12888119
12888213
12888747
12888776
12889280
12889351
12889646
12889838
12890269
12890349
12891585
12892558
12892749
12893349
12894408
12894629
12894920
12894923
12895492
12896212
12896314
12896612
12896665
12897010
12897838
12898369
12899425
12899464
12899701
12899819
12899948
12900106
12900894
12901318
12901662
12901862
12901985
12902216
12902395
12902474
12902756
12902840
12902914
12903316
12903506
12903527
12977797
12977944
12978307
12978319
12979414
12979702
12980581
12981304
12981410
12981740
12982122
12982626
12983246
12983587
12983645
12984228
12984336
12984473
12984973
12985327
12985430
12986650
12987287
12987613
12988455
12988859
12989349
12990289
12990457
12990636
12990927
12991144
12991522
12991960
12992101
12992639
12993373
12993680
12993720
12994115
13100940
13106077
13106132
13111111
13111331
13112511
13112514
13113494
13113646
13113659
13113907
13114065
13114299
13114341
13114834
13114901
13115306
13115556
13115711
13116503
13116697
13117597
13118175
13118297
13118477
13119587
13119690
13119817
13119948
13120409
13120573
13120943
13121119
13121384
13129190
13150611
13150975
13161255
13163098
13163311
13167568
13178659
13178978
13179192
13179609
13179773
13179778
13180982
13181307
13181883
13183211
13183702
13183851
13184590
13184830
13185493
13185866
13186231
13186918
13187554
13187697
13188289
13188855
13189494
13189626
13190380
13190432
13190576
13190614
13191725
13192440
13192781
13193062
13194519
13194659
13194695
13218137
13218932
13219365
13219643
13220675
13222108
13223097
13224413
13225517
13225770
13227501
13228632
13229320
13230614
13232903
13234569
13235224
13238215
13238738
13239484
13240014
13240640
13241114
13241206
13241304
13243528
13244383
13244878
13245146
13245190
13245580
13246264
13247189
13247918
13249552
13250302
13251196
13251447
13251463
13252118
13252329
13252979
13255531
13256138
13256479
13256882
13258456
13258523
13258871
13259048
13259111
13259127
13260540
13260791
13261316
13261575
13261684
13261953
13262485
13263401
13263715
13263888
13264061
13264647
13264778
13264825
13265088
13265500
13265794
13266310
13266366
13266943
13267553
13267628
13268240
13268560
13270032
13272861
13274779
13276048
13280951
13282141
13283333
13285133
13285350
13300103
13300181
13300183
13300228
13300791
13301370
13301802
13301810
13301878
13301957
13303170
13303428
13303490
13303563
13303670
13304233
13304608
13304817
13304959
13305180
13305582
13305723
13306211
13306220
13306269
13306567
13307467
13307471
13307566
13307726
13307753
13308212
13309093
13309192
13309362
13309381
13309737
13310056
13310520
13310656
13310714
13310723
13310764
13311167
13311385
13311825
13312105
13312195
13312969
13313223
13313530
13313557
13313997
13314029
13314035
13314259
13314350
13314473
13324154
13325948
13368104
13368537
13368899
13369007
13369020
13369732
13370235
13370315
13370850
13370882
13371208
13371582
13371835
13372475
13372632
13372708
13372742
13373020
13373454
13373520
13373531
13373882
13374254
13374567
13374745
13375366
13375676
13375719
13375845
13376185
13376281
13376477
13377120
13377811
13377826
13378189
13378399
13378875
13378946
13379052
13379388
13379401
13379676
13379856
13380084
13380451
13380483
13380664
13380836
13381139
13381240
13381459
13381614
13381627
13382050
13382372
13382543
13382622
13382707
13382929
13385799
13386511
13387038
13387206
13387540
13387826
13390246
13390249
13391596
13391703
13391931
13392575
13393486
13393610
13393928
13394335
13394523
13401536
13426224
13426637
13427590
13427700
13427937
13428569
13429053
13429166
13430258
13430620
13430927
13431765
13432104
13432126
13432808
13432925
13433009
13433776
13433787
13433944
13434384
13436161
13438575
13438580
13439176
13440409
13440706
13441753
13441901
13442615
13442668
13443470
13443537
13443768
13443776
13444000
13444744
13444778
13445026
13445462
13446362
13446610
13446619
13446800
13447040
13447802
13448757
13449007
13449891
13449944
13450244
13450279
13450344
13450814
13450939
13451170
13451311
13451346
13451392
13451395
13451989
13452181
13452627
13452704
13452791
13453704
13453889
13454223
13466836
13467257
13467964
13472067
13475963
13476892
13477048
13477756
13478703
13481139
13486561
13487278
13488092
13489963
13496695
13497939
13498087
13499226
13515979
13517202
13517590
13517661
13518311
13518715
13519723
13521006
13522432
13522945
13523012
13523681
13524942
13525527
13525527
13525806
13526750
13528568
13529280
13529918
13530925
13531753
13531884
13532422
13533454
13533480
13573640
13573696
13573782
13574568
13574913
13575063
13575593
13575606
13576099
13576194
13576259
13577607
13578040
13578182
13579384
13580506
13580754
13580761
13580863
13581778
13581939
13582061
13582202
13582228
13582381
13583153
13583660
13583715
13583845
13584600
13585164
13585984
13586245
13586337
13586650
13586783
13586922
13586937
13586946
13587322
13587607
13587709
13587830
13587897
13588012
13588059
13588321
13588458
13588665
13588944
13635080
13642320
13797324
13797747
13798286
13798524
13798600
13799931
13800590
13801471
13803035
13803085
13803783
13804224
13804236
13804733
13805277
13806469
13806513
13806613
13806701
13807661
13808197
13808399
13809490
13809710
13809964
13810139
13810298
13811248
13851975
13852999
13853440
13853824
13853845
13854081
13855110
13855617
13856064
13856329
13857267
13857838
13858104
13859206
13859733
13860825
13862299
13862388
13862923
13864947
13865510
13865788
13866040
13886321
13889689
13890066
13893014
13893807
13895253
13897293
13898665
13927455
13929769
13930151
13930277
13930953
13931349
13932487
13932676
13933402
13933598
13933823
13935403
13935487
13936041
13937093
13937372
13980224
13980921
13980961
13980990
13982877
13984583
13984928
13985301
13986203
13986378
13986572
13987155
13987294
13987418
13988148
13989170
13990362
13991132
13992817
13993471
13993549
13994117
13994557
13994943
13996199
13996638
14000339
14005351
14006684
14009903
14010221
14010388
14010470
14010482
14010570
14010597
14010671
14010826
14010997
14011047
14011444
14011779
14011866
14011987
14012510
14012587
14012862
14014080
14014157
14014361
14015093
14015265
14015441
14015725
14015926
14016034
14016268
14016730
14016782
14016816
14016896
14017649
14017743
14017801
14017813
14017895
14017966
14018016
14018112
14018362
14018663
14019140
14019350
14019990
14020133
14020360
14020669
14020902
14020926
14021667
14021749
14021836
14021884
14022004
14022147
14022236
14022395
14022775
14023580
14023644
14023741
14024069
14024394
14024713
14024740
14025017
14025031
14025183
14025366
14025581
14025763
14030269
14034256
14035505
14039078
14043136
14048931
14049564
14052513
14052523
14053082
14053209
14053251
14053267
14053317
14053718
14053837
14054150
14054310
14054721
14054729
14055263
14055682
14055771
14056408
14056450
14056570
14057145
14058140
14058186
14058486
14059128
14059406
14059584
14060429
14061074
14061703
14061754
14061931
14062000
14062158
14062166
14062286
14062295
14062966
14135070
14136309
14136450
14136762
14137792
14137883
14138034
14138113
14138654
14138824
14138995
14139376
14139880
14139968
14140321
14140559
14140622
14140914
14141568
14141828
14142270
14142813
14142963
14144179
14144291
14144559
14144774
14144811
14144898
14145359
14145672
14146118
14146282
14146615
14146950
14147352
14147421
14147768
14148531
14148854
14148946
14149275
14149609
14150059
14150415
14150652
14150773
14151001
14151305
14151413
14151444
14151722
14151769
14151839
14152775
14152872
14152945
14152971
14153457
14153692
14223256
14223319
14226779
14227725
14228722
14229818
14231264
14233468
14235640
14236442
14237913
14237944
14239306
14264825
14265171
14265245
14265358
14265504
14265526
14265609
14266415
14266926
14266993
14267840
14268079
14269811
14270085
14270460
14270484
14270784
14272171
14272588
14272772
14273041
14273113
14273306
14273413
14273937
14274473
14274533
14275404
14275646
14275673
14276385
14276493
14276529
14276874
14277532
14277837
14277885
14277901
14277939
14278206
14278649
14278681
14278770
14278777
14279043
14279907
14280062
14280139
14280693
14280720
14281023
14281067
14281073
14281130
14281397
14281858
14281862
14281904
14307078
14307188
14307586
14307661
14307907
14308085
14308126
14308255
14308284
14308531
14308751
14308918
14309078
14309204
14309324
14309638
14309927
14310002
14310168
14310322
14311032
14311199
14311620
14311999
14312083
14312101
14312424
14312567
14312594
14312842
14313253
14313306
14313834
14313904
14314252
14314322
14314372
14314662
14314749
14314898
14314917
14315061
14315099
14315228
14315237
14315302
14315303
14315456
14315510
14315522
14316455
14316585
14316737
14317168
14317355
14317463
14317592
14317877
14317994
14318121
14339020
14339538
14339672
14342253
14342446
14343240
14364070
14437288
14443781
14447724
14464134
14498272
14505473
14514393
14515581
14516476
14516885
14571557
14571597
14572297
14574219
14575778
14576036
14576495
14576883
14577874
14578133
14578139
14578503
14580568
14618874
14619051
14619282
14619625
14619650
14619846
14620015
14621238
14621354
14621356
14621416
14621589
14621721
14621734
14622514
14622829
14622966
14623010
14623313
14623891
14623950
14623995
14624110
14624335
14624397
14624405
14624551
14624850
14625032
14625095
14625294
14625363
14625481
14625559
14625615
14626090
14626260
14626313
14627146
14627265
14627641
14627977
14628375
14628710
14628922
14629231
14629747
14630345
14630881
14631018
14631202
14631633
14631746
14631989
14632096
14632130
14633123
14633488
14633671
14633717
14634082
14634496
14634637
14634715
14635143
14635297
14635424
14635752
14635919
14636077
14636253
14636441
14636875
14637933
14649019
14649385
14650018
14650140
14650814
14652705
14653204
14653658
14653934
14654411
14654785
14655571
14656248
14656344
14656548
14657656
14703481
14703612
14703705
14704127
14704374
14704381
14704384
14704879
14705006
14705095
14705141
14705663
14705778
14705827
14706267
14706736
14707066
14707527
14707747
14707788
14707868
14708143
14708409
14708414
14708643
14708766
14709040
14709216
14709445
14709607
14709622
14709843
14709854
14709897
14709978
14710224
14710439
14710592
14710750
14711456
14711777
14711823
14712168
14712264
14712328
14712509
14712560
14713239
14714235
14714474
14714826
14714957
14715204
14715954
14715985
14716352
14716446
14717260
14717402
14717577
14717646
14717843
14717887
14718174
14737773
14740287
14748240
14749030
14751278
14754366
14755376
14756252
14775073
14776165
14776625
14777376
14777982
14778606
14779007
14780361
14781260
14782157
14783942
14784238
14784315
14784367
14785269
14785666
14786194
14787060
14787218
14787516
14787581
14787591
14787757
14788853
14789236
14789246
14789393
14789551
14789558
14790010
14790398
14790651
14791062
14791248
14791395
14792250
14792315
14792794
14793192
14793400
14793818
14794078
14794224
14795682
14795828
14796096
14796144
14797572
14797758
14797836
14798306
14798431
14798752
14799034
14799829
14800820
14802583
14802924
14802990
14804038
14804705
14804997
14805326
14805378
14805704
14807401
14808580
14808798
14809118
14898993
14902529
14911060
14911896
14912366
14912942
14913078
14913260
14913802
14913829
14914123
14914125
14914302
14914925
14915123
14915580
14916135
14916199
14917215
14918104
14918230
14918403
14918457
14918819
14918954
14919156
14919448
14919450
14919520
14919649
14920308
14920923
14921030
14921073
14921680
14921892
14921960
14922111
14923003
14923167
14923963
14924029
14924065
14924122
14924517
14925018
14925275
14925315
14925657
14925692
14925974
14925986
14925990
14925997
14926400
14926885
14927027
14928063
14928106
14928478
14928750
14928864
14930103
14930234
14930639
14930845
14931503
14931702
14931816
14932236
14932582
14932805
14932814
14933264
14933504
14933536
14934598
14934809
14934828
14934882
14935138
14935233
14935370
14935700
14935999
14936102
14936294
14936806
14936817
14936893
14936912
14936914
14937449
14937838
14937866
14938106
14938194
14938459
14938532
14938630
14938655
14939285
14939318
14939426
14939732
14939807
14940458
14941359
14943545
14943636
14943957
14944044
14944561
14945424
14946022
14946663
14947608
14947668
14948023
14948676
14949352
14949815
14950048
14950657
14950681
14951238
14951539
14952190
14952273
14952792
14953964
14973179
14973451
14973487
14973602
14973935
14973984
14974354
14974738
14974945
14975896
14976846
14977201
14977501
14977683
14977689
14977697
14977819
14977849
14977899
14978547
14979358
14980012
14980098
14980121
14980142
14980305
14980374
14980681
14981096
14981137
14981671
14981797
14981847
14981961
14982041
14982846
14983948
14984181
14984311
14984320
14984469
14984483
14984704
14984779
14984954
14985198
14985382
14985738
14985768
14986036
14986136
14987016
14987110
14987193
14987479
14988062
14988418
14988444
14988571
14988942
14989012
14989233
14989430
14989441
14989573
14990177
14990409
14990665
14990748
14990820
14999567
15001091
15029863
15033532
15104241
15104708
15105010
15105601
15105893
15107609
15109737
15111122
15111381
15111609
15113590
15113918
15114160
15114241
15115169
15115205
15115250
15115592
15115892
15116238
15116503
15116640
15116761
15117168
15117310
15117518
15117700
15118066
15118197
15119037
15119170
15119488
15119639
15119773
15119938
15120261
15120600
15121089
15121687
15122211
15122555
15122672
15123127
15124334
15124371
15124649
15124693
15124811
15125676
15125813
15125857
15126196
15126227
15126601
15126882
15126910
15127280
15127319
15127333
15128222
15128272
15181865
15199054
15199298
15199683
15200066
15200283
15200637
15201350
15202117
15202146
15202244
15202835
15203487
15204224
15204281
15204407
15204475
15204635
15204847
15204972
15204987
15205197
15205560
15205704
15205889
15206138
15206480
15206814
15207341
15207899
15208257
15208656
15209412
15209704
15210105
15210232
15210618
15210624
15211241
15212259
15212300
15212371
15213104
15213693
15214481
15214574
15233272
15233680
15234014
15235135
15235779
15238127
15238147
15238254
15238791
15239590
15239702
15243391
15244570
15244970
15245776
15245804
15247367
15248707
15310062
15313049
15316936
15317490
15318419
15336602
15340380
15341125
15342010
15342936
15343249
15344357
15344757
15346754
15409831
15417372
15417574
15418980
15419567
15420601
15423916
15424039
15424165
15424934
15424974
15425547
15425993
15426756
15427684
15427995
15429396
15429447
15429685
15430283
15431239
15431472
15431996
15432888
15433189
15433736
15434548
15435087
15435162
15435668
15440829
15446022
15452564
15452616
15452969
15453404
15453976
15454734
15455260
15456035
15456296
15456345
15456546
15457860
15458028
15458664
15458736
15458787
15458883
15459010
15459394
15461071
15461730
15463008
15463050
15463611
15464217
15464962
15465072
15465176
15465366
15465443
15465976
15466211
15511088
15511388
15515273
15515481
15515732
15516465
15518232
15519125
15519331
15523311
15524160
15524537
15578819
15579138
15579477
15579575
15579790
15580143
15580420
15581100
15581156
15581915
15582155
15582217
15582260
15582760
15583402
15583429
15583494
15583736
15583741
15584056
15584058
15584126
15585035
15585337
15585657
15585669
15585870
15586012
15586264
15586345
15587649
15588104
15588525
15588678
15588943
15589090
15589200
15589502
15590837
15591621
15591833
15592821
15593616
15593769
15594633
15595353
15597371
15597822
15601308
15653463
15653580
15653882
15654113
15655113
15655281
15655312
15655672
15656078
15656441
15656449
15656483
15656905
15656934
15657000
15657186
15658751
15659076
15659085
15659468
15659895
15659944
15661471
15662187
15663358
15663705
15664757
15664982
15665431
15665535
15665612
15665664
15666423
15666435
15666620
15666720
15666774
15667268
15667748
15668819
15669006
15669297
15669689
15669700
15669827
15670005
15670057
15670212
15670463
15670485
15670492
15670902
15670918
15670928
15671101
15671131
15671527
15671937
15672006
15672340
15672482
15672640
15672983
15673046
15673157
15673842
15674973
15675244
15676242
15676512
15676940
15677055
15677753
15677842
15677900
15677996
15678640
15698265
15700064
15700138
15701249
15701998
15706098
15706837
15707754
15707773
15710060
15746652
15747497
15747498
15748160
15748906
15749057
15750201
15750815
15751313
15752652
15753086
15753200
15753557
15755031
15759539
15761412
15763674
15764032
15764382
15852646
15852808
15853295
15853488
15854340
15854871
15855364
15855948
15856354
15856508
15856569
15856652
15857086
15857559
15858113
15858129
15858280
15858291
15859748
15860133
15860597
15860872
15860897
15861577
15861880
15906545
15907656
15909406
15931533
15943963
15944155
15944214
15944392
15944692
15944789
15944827
15945088
15945097
15945920
15945974
15946390
15947006
15947258
15947550
15947749
15947936
15948283
15949101
15950351
15950687
15951020
15951900
15952186
15952805
15953178
15953524
15953773
15953914
15954117
15954209
15955565
15955714
15956601
15956618
15956896
15957372
15957515
15957567
15958294
15958786
15958992
15959360
15960293
15960402
15960461
16012394
16048034
16048266
16048777
16049592
16049804
16050193
16050257
16050927
16051009
16051326
16051584
16051742
16051813
16052291
16052434
16053108
16053505
16053563
16053792
16054059
16054078
16055063
16055214
16055253
16055415
16055968
16055995
16055997
16056085
16056152
16056865
16057082
16057340
16057772
16057788
16058006
16058084
16058126
16058476
16058586
16058683
16058739
16059242
16059397
16059886
16060054
16060158
16060313
16060407
16060671
16060933
16060934
16061050
16061581
16061911
16062183
16062344
16062518
16062538
16148140
16216203
16216363
16216394
16217152
16217200
16217302
16217337
16217740
16217756
16217936
16217956
16218353
16218567
16218893
16218921
16219103
16219278
16219681
16219704
16219833
16220105
16220321
16221308
16221478
16221479
16221652
16221688
16221870
16222055
16222214
16222274
16222293
16222442
16223291
16223359
16223506
16223513
16223686
16224011
16224073
16224140
16224459
16224545
16224879
16225025
16225690
16227755
16229249
16229421
16229597
16229924
16229992
16230191
16230276
16230344
16230377
16238890
16299522
16300575
16300861
16300914
16301188
16301405
16301579
16301859
16302088
16302375
16302583
16302627
16302832
16303088
16303241
16303502
16303595
16303694
16303951
16303975
16304397
16304505
16304626
16304882
16305771
16306415
16306468
16306491
16306587
16306909
16307099
16307321
16307531
16307860
16307938
16308095
16308360
16308881
16309364
16309676
16309865
16310010
16310155
16310231
16310755
16311492
16328040
16333385
16334327
16334392
16334791
16334946
16335373
16335921
16337519
16337788
16337790
16338333
16338979
16385732
16385750
16387509
16393189
16393704
16396218
16396839
16397225
16397664
16398112
16398385
16399218
16399997
16400066
16400512
16400518
16401577
16401799
16401812
16402051
16402310
16402870
16402932
16403131
16403203
16403513
16403540
16403943
16404071
16404186
16405003
16406439
16406982
16407264
16407789
16408104
16408177
16408234
16408338
16408518
16408801
16409107
16409205
16444507
16445192
16447748
16450544
16452560
16454232
16454417
16455232
16456604
16457834
16458783
16462173
16463218
16463707
16464089
16464336
16468316
16468416
16469263
16469268
16469375
16470788
16471046
16472077
16472498
16472909
16473031
16473180
16474110
16474227
16474672
16474698
16475039
16475895
16476783
16478409
16572775
16574166
16575034
16576500
16577178
16579222
16579311
16580449
16580728
16581500
16581822
16583046
16583787
16583921
16584670
16586879
16589836
16591558
16593937
16603522
16606504
16610024
16641651
16641948
16642158
16642451
16643472
16643525
16643670
16643734
16644366
16644519
16644671
16644886
16645347
16645442
16645630
16646225
16646351
16646391
16646806
16646882
16646950
16647461
16648029
16648976
16649146
16649165
16649207
16649320
16649550
16649661
16649707
16650829
16651552
16652338
16652472
16652503
16652523
16652616
16652705
16652986
16653038
16653106
16653326
16654014
16654070
16654159
16654414
16654534
16654852
16654868
16655134
16655179
16655313
16655455
16655468
16655972
16656082
16656198
16656399
16656594
16656790
16656805
16656828
16657067
16657336
16657848
16657891
16657911
16658020
16658110
16658143
16658868
16658915
16659221
16659561
16660407
16660479
16660518
16660531
16660881
16661171
16661714
16661784
16661926
16662127
16662273
16662754
16663161
16664369
16664925
16664974
16665287
16665756
16666094
16666426
16666628
16666662
16666828
16667051
16668390
16668770
16668804
16668875
16685831
16778006
16909221
16909864
16910687
16910714
16910721
16910969
16911102
16911161
16911524
16911629
16911736
16912487
16912677
16913340
16913607
16914157
16914187
16914237
16914273
16914459
16914983
16915280
16915299
16915358
16915514
16915565
16915586
16915886
16916145
16916441
16916478
16916512
16916659
16916855
16916896
16916908
16917097
16917141
16917584
16918055
16918393
16919150
16919158
16919323
16919633
16919857
16920195
16920818
16920846
16921159
16921542
16921603
16986954
16987658
16987690
16987778
16987810
16988555
16989251
16989303
16989762
16989898
16990123
16991552
16991909
16991976
16992114
16992275
16992523
16992683
16992920
16992952
16993048
16993097
16993618
16993641
16993859
16994142
16994348
16994364
16994978
16995825
16995849
16996095
16997279
16997378
16997402
16997563
16997882
16998489
16998721
16998892
16999443
16999482
16999608
16999878
17000141
17000191
17000295
17000773
17000875
17001731
17002172
17014605
17021912
17168413
17169425
17174775
17180995
17181921
17205122
17210009
17212154
17213678
17272773
17275889
17282993
17339558
17340001
17340393
17340896
17341075
17341231
17341977
17342024
17342425
17343189
17343303
17344247
17344292
17344527
17344704
17344982
17345188
17347331
17347941
17349137
17349570
17350646
17350932
17351198
17351368
17380060
17380195
17380497
17380635
17380765
17381380
17382688
17383115
17383240
17383274
17383345
17383548
17383783
17383874
17384852
17385585
17386106
17386498
17386619
17386647
17386766
17386880
17387414
17387827
17387927
17388435
17388472
17388596
17389008
17389093
17389112
17389604
17389736
17390196
17390835
17391172
17391669
17392163
17393000
17393463
17393535
17393981
17394186
17394254
17394320
17394486
17395387
17395916
17396088
17396137
17397048
17397173
17397662
17397832
17398312
17398429
17398719
17399179
17399485
17399932
17401236
17401307
17401325
17401668
17401887
17402131
17402266
17402597
17403344
17403518
17403745
17403901
17404110
17404530
17404531
17404540
17405454
17405783
17406056
17406439
17406450
17406455
17407278
17407327
17408536
17408679
17409680
17410231
17410374
17410582
17411446
17411457
17412016
17412194
17413451
17413651
17413807
17413886
17413928
17415743
17417444
17417648
17417784
17419789
17421223
17421748
17422728
17424481
17425799
17426430
17427483
17432892
17433489
17436749
17437448
17439855
17440690
17440882
17441129
17468534
17469261
17470196
17470587
17470736
17470811
17470831
17470859
17470903
17470909
17470932
17471535
17471629
17471630
17471929
17472032
17472065
17472546
17472582
17472610
17472636
17472647
17473058
17473083
17473303
17473629
17473675
17473725
17473975
17474032
17474086
17474324
17474487
17474522
17475066
17475187
17475286
17475500
17475568
17476256
17476540
17476808
17477053
17477205
17477698
17478018
17478182
17478777
17478798
17478845
17478882
17478958
17478991
17479286
17479443
17479477
17479653
17479773
17480655
17481146
17481283
17481332
17623253
17624700
17630810
17631519
17633720
17633833
17633939
17634591
17634713
17635273
17635340
17635804
17635959
17636390
17636396
17636961
17637113
17638586
17639357
17639449
17639707
17640572
17640950
17641207
17641958
17642217
17642901
17643293
17643974
17644041
17644042
17644246
17644915
17645137
17645236
17645355
17645909
17645926
17647904
17648197
17648340
17649706
17650195
17650527
17650651
17651111
17651312
17651357
17683180
17683664
17683782
17683894
17684371
17684528
17684822
17685135
17685651
17685701
17685852
17686192
17686395
17686396
17687268
17687358
17687660
17687672
17687681
17687799
17688063
17688505
17688546
17688829
17689206
17689387
17689424
17689487
17689835
17690675
17691330
17692396
17692445
17692555
17692753
17693000
17693581
17693797
17693821
17693924
17694267
17694588
17694628
17694853
17694958
17695080
17695169
17695439
17695450
17695462
17695492
17695514
17695571
17695664
17695843
17751683
17751958
17753033
17754856
17755813
17756593
17756929
17757368
17757811
17757853
17758118
17758435
17758603
17760179
17761340
17761517
17762092
17762139
17774699
17774789
17774867
17775712
17775799
17775840
17776141
17776241
17776346
17776524
17776794
17777040
17777233
17777390
17778212
17778238
17778623
17778724
17778727
17778947
17779028
17779157
17779813
17779908
17779925
17780676
17780785
17781582
17781595
17782990
17783233
17784339
17784419
17784958
17785020
17785954
17786005
17786159
17786616
17786768
17787927
17788931
17789374
17789694
17790398
17790688
17790918
17793065
17793159
17793689
17794164
17795326
17795386
17796009
17796071
17796320
17798443
17798496
17799002
17799378
17799908
17800109
17801553
17801711
17803049
17803659
17803970
17804520
17804956
17805830
17806021
17807295
17807500
17808176
17808287
17808834
17808836
17808858
17808935
17809294
17809854
17811233
17811699
17812493
17812549
17812769
17812980
17813498
17813636
17813692
17813840
17814225
17814250
17814682
17815345
17815564
17815816
17815952
17815990
17816089
17816495
17816716
17816786
17816867
17817091
17817321
17817741
17817759
17819353
17819499
17819575
17819576
17819764
17820436
17820543
17820734
17820845
17821650
17822011
17822216
17822584
17822927
17823192
17823353
17823512
17823659
17825007
17825183
17825310
17827160
17827705
17827931
17828190
17828690
17829491
17829514
17830212
17830945
17831355
17831639
17831761
17832126
17832441
17832867
17833399
17833702
17834131
17834244
17834421
17834422
17834721
17834975
17835622
17836217
17838921
17840052
17841544
17842426
17852156
17852233
17857699
17861756
17861872
17867137
17868757
17871997
17872197
17872948
17876816
17880043
17880970
17881693
17882221
17882245
17892305
17901879
17902074
17902914
17903892
17904083
17904249
17904569
17904629
17905196
17905457
17905903
17907681
17908588
17908643
17908844
17908940
17909017
17909123
17909407
17909523
17909966
17910144
17911045
17911256
17911534
17911733
17912559
17912761
17912807
17913948
17914392
17915694
17916077
17916334
17916635
17918013
17919846
17920390
17920638
17921665
17922259
17922615
17922643
17922662
17922774
17923051
17923295
17923420
17923715
17924188
17924776
17926052
17926426
17926526
17926577
17927395
17927845
17927880
17927904
17927977
17928147
17928174
17928254
17928296
17928576
17928744
17929440
17930166
17930478
17930732
17931648
17931838
17932048
17932520
17932543
17932643
17933038
17933068
17933078
17934755
17934815
17935033
17935049
17935742
17935843
17935904
17936128
17937006
17937057
17937217
17937330
17938069
17938523
17938538
17938722
17938780
17939144
17940149
17940349
17940485
17940622
17959768
17960320
17960566
17960929
17961566
17962010
17962042
17962169
17962309
17962546
17962551
17962967
17963719
17963849
17964141
17964372
17964626
17964839
17964974
17965120
17965130
17965750
17965790
17966610
17966812
17966936
17967760
17967975
17968242
17968402
17968438
17969902
17970924
17971112
17971348
17972378
17972387
17972944
17973209
17974071
17974079
17974177
17974327
17974400
17974620
17974966
17975108
17975163
17976042
17976163
17976350
17976456
17976815
17976950
17978146
17979180
17979594
17979630
17980004
17980162
17981412
17981671
17982449
17982882
17983150
17983280
17984592
17986166
17986473
17988189
17988705
17991018
17993698
17993752
17994597
17994893
17995014
17995310
17995604
17995726
17996440
17996715
17996726
17996883
17996949
17997578
17997838
17997937
17998078
17998706
17998730
17998884
17998903
17998928
17998985
17999160
17999727
18000458
18000778
18001444
18001496
18001597
18001663
18001694
18001742
18002631
18002736
18002864
18002957
18003046
18003215
18003606
18003875
18004047
18004065
18004444
18005677
18006439
18006994
18007318
18007629
18007654
18008503
18008916
18009209
18009453
18009772
18010114
18010194
18010219
18010533
18011101
18015925
18016718
18018185
18022156
18022453
18034480
18067076
18071501
18072847
18075646
18077013
18078590
18110496
18119953
18120549
18121447
18122727
18125222
18127674
18129218
18130035
18131687
18135784
18136458
18136780
18136809
18136901
18136953
18137224
18137783
18138352
18138496
18138621
18138797
18138881
18138924
18139037
18139367
18139567
18139570
18140207
18140346
18140801
18140810
18141375
18141802
18141828
18142057
18142164
18142190
18142532
18143736
18143744
18143894
18144584
18145511
18146402
18146491
18146518
18146600
18146830
18147000
18147030
18147038
18147293
18147362
18147587
18147787
18147977
18149288
18149514
18149740
18150515
18150572
18151122
18151784
18152478
18152747
18152759
18152926
18152948
18153097
18153463
18154063
18154312
18154559
18154816
18184854
18185120
18185392
18185641
18185803
18185979
18186052
18186368
18186468
18186793
18187103
18187582
18187878
18187948
18188514
18188657
18189304
18189394
18189685
18189946
18190374
18190512
18190529
18191223
18191305
18192592
18192661
18192924
18194527
18194903
18194950
18195480
18196819
18197054
18197783
18197789
18197959
18198581
18198944
18199001
18199028
18199098
18199278
18199639
18199665
18199691
18201178
18201243
18201468
18201657
18276747
18281984
18292151
18312724
18312806
18313584
18314396
18314819
18315144
18315615
18316278
18316492
18317288
18317855
18317901
18318291
18319462
18319496
18320046
18320168
18320270
18321335
18322264
18323276
18323819
18324578
18324745
18379699
18380634
18383880
18385641
18386893
18388213
18408137
18408710
18408858
18409596
18412179
18413015
18413908
18414319
18415092
18415122
18417003
18418442
18419908
18420250
18549479
18552473
18554117
18555116
18556387
18556825
18558285
18559573
18560812
18565512
18566086
18566217
18567483
18567666
18567777
18568153
18568565
18568567
18568971
18570890
18571305
18571314
18571790
18572935
18573930
18574043
18574067
18574893
18575153
18575176
18575376
18576232
18576676
18577968
18578096
18578847
18579388
18579424
18579878
18580110
18580310
18580464
18581025
18581458
18581591
18581612
18582074
18582178
18582650
18582690
18583360
18583786
18584302
