2570
2585
2943
4136
5643
9153
9461
9963
12054
12698
13442
18869
19148
20669
21741
25948
29285
31630
31799
31856
32505
32747
33423
33453
34706
34900
36164
38269
41754
44556
48496
49213
49620
50117
51580
51822
53573
53784
55009
58142
59047
62024
65786
65802
67648
71509
72239
72794
72983
73021
73648
74430
77563
83989
83993
84761
87013
87771
92008
92240
93117
100447
101323
101686
104055
104658
104886
108755
108847
113657
118687
120718
123277
123685
123845
126886
127522
127850
128012
129783
130126
132360
132513
132601
138245
139548
144875
146125
152931
157360
158850
159435
161364
163351
164790
165353
167334
169858
170032
170455
172983
173251
175568
178644
185095
190770
191426
192271
196782
196851
196934
204767
206162
207979
209319
210395
210977
211011
212168
218060
228192
230838
233348
234990
235307
235781
235854
237229
237616
239558
239726
239976
240106
240323
243322
244115
244528
248050
250534
253074
255369
258142
258888
263032
263218
264469
266035
266355
266467
267607
269260
269627
269869
270239
272994
275765
278657
279213
279458
279722
282698
282720
283431
284347
285951
286714
287459
288326
291222
292283
295606
301937
303436
312974
313913
316107
317588
318062
322205
325888
326236
328197
331554
332860
335774
336085
337860
338642
345733
347924
349204
350558
350733
351537
354970
360283
361962
362092
362882
363072
364242
364314
365842
365853
370341
373125
374922
380237
387004
387942
390739
391405
393095
395148
395427
397409
401438
401793
404201
406240
409725
410443
411231
412126
420477
425359
425964
426678
427876
428091
430354
432888
433118
434117
435009
435040
435772
436091
436680
437925
440478
440605
443640
443836
444888
446363
454416
458944
459742
461155
463610
465241
466044
466798
472935
473820
480700
480818
481284
481567
481683
482273
482320
482956
483826
484014
487842
488387
492101
492931
494120
494642
496923
497404
498513
498955
500929
501608
501688
505572
506106
511280
511303
511388
513026
514868
516554
518443
519321
520117
520441
522368
523178
528125
529772
532259
532614
533625
534815
535115
537169
538080
538512
539230
540197
541837
543461
544797
551226
551628
554099
554845
555511
556714
557026
562644
567398
570345
572002
573651
573957
576069
578797
579981
581646
583551
585321
587257
588675
590706
594380
596946
601287
603699
604206
606549
615815
618710
625039
627460
632122
633942
634975
636123
638101
638111
639387
640580
641759
642477
642505
643581
652032
652069
652657
653002
653864
656672
658054
659691
660175
666358
666696
669635
669731
675562
678565
683470
684342
684825
685382
686579
691082
691404
699599
699634
701014
706765
707006
708447
711431
712158
713515
715348
716184
717037
717153
717311
718898
721252
723700
724056
726404
727635
732027
732418
735976
742422
743893
744564
744866
744880
746338
750107
751932
752944
754144
755704
756985
757821
759049
759140
759376
759457
763382
763514
764226
767734
767754
776074
783422
786764
793466
794172
795449
795945
796421
799692
801186
805977
806392
807474
807503
809045
814194
819869
821047
823419
826814
832850
834044
835736
836777
839068
842186
842721
848413
850150
850865
851098
851395
854515
855387
856734
857759
860559
863823
865588
868496
869688
877264
882755
882771
884048
889121
890152
890466
890492
890582
896364
896663
896846
899471
907522
908420
912660
915286
916395
921098
921255
925431
926785
927904
928283
928302
928699
929155
929345
929459
929815
930558
931523
936189
936694
939398
939900
941581
942434
948786
950091
950601
951182
952159
952448
956043
956695
958574
959279
959485
962118
962171
965881
965931
966920
968043
968124
969922
971766
974016
975383
977229
977878
978719
979166
981275
985090
991381
992758
994474
994523
994989
996631
997127
999215
999931
1004183
1004693
1006704
1007071
1011498
1012720
1013496
1019491
1019733
1019986
1023070
1026186
1026619
1029595
1036124
1037521
1039042
1045095
1048140
1051972
1052481
1053289
1054845
1063036
1063714
1067910
1068496
1069397
1069659
1070318
1071024
1071433
1073851
1074439
1074477
1075114
1078193
1079598
1080689
1085261
1087807
1088339
1090715
1093920
1094460
1099209
1100491
1100863
1102666
1103119
1104250
1105667
1107361
1108062
1108561
1109946
1110314
1112240
1117448
1117841
1119606
1120840
1121031
1121463
1122416
1126447
1127336
1135304
1138151
1142189
1146303
1148867
1155076
1155157
1155857
1162656
1162852
1163009
1164078
1164389
1166254
1169022
1177235
1180001
1188254
1188719
1188839
1192001
1192340
1195322
1195764
1201706
1201793
1202797
1203505
1207840
1208534
1210363
1210515
1216629
1221144
1222295
1224146
1224632
1224884
1226930
1228447
1229869
1233211
1233449
1233732
1235126
1238331
1239361
1240863
1241104
1243952
1245545
1247213
1247514
1248155
1251429
1251818
1251926
1255258
1259608
1260301
1260734
1265249
1270620
1271524
1273450
1274445
1277963
1277980
1278867
1279393
1279727
1279777
1283407
1283857
1290123
1292560
1294378
1297637
1298070
1300459
1301718
1302680
1308566
1310337
1311654
1317074
1318516
1320186
1322307
1322492
1324446
1324678
1324796
1325144
1332902
1335834
1336141
1339287
1343132
1344647
1348501
1353473
1355919
1359122
1361561
1362186
1362463
1362480
1362948
1364813
1366787
1368791
1369944
1370997
1373022
1374178
1374446
1374517
1375774
1377134
1378060
1381589
1386262
1386429
1387776
1388312
1390980
1393751
1397056
1400124
1400572
1403699
1406184
1413195
1413446
1413921
1414300
1414831
1422857
1428555
1429767
1434150
1434608
1434970
1435365
1435724
1438034
1439571
1439655
1440075
1445020
1446084
1446592
1447184
1447269
1449262
1451316
1453357
1457638
1460279
1460596
1464240
1465106
1466795
1470576
1471496
1473858
1474822
1476651
1476737
1476827
1481355
1482141
1482544
1483129
1483170
1483536
1484378
1486583
1487707
1487997
1489513
1491060
1491856
1493758
1495444
1500841
1505873
1507140
1507444
1510311
1513297
1515174
1515700
1516515
1517615
1518819
1519100
1519901
1521025
1526617
1529792
1531151
1531426
1533360
1534860
1535851
1536342
1539257
1540045
1541614
1548244
1549620
1550143
1550774
1556846
1558587
1560426
1562717
1565334
1567579
1568504
1568591
1568880
1572840
1575767
1575773
1576247
1577104
1577202
1579554
1580999
1581764
1583421
1586049
1588691
1589088
1589294
1591684
1592207
1593413
1594702
1595415
1596742
1596969
1600306
1607428
1607673
1610981
1620558
1622477
1623306
1629395
1637640
1639159
1639422
1641048
1644831
1650422
1653500
1656981
1657194
1660837
1661889
1664524
1664740
1666149
1666502
1666628
1669959
1670354
1674704
1679064
1681043
1684156
1684967
1686571
1689614
1690527
1691069
1691298
1692612
1693210
1694110
1695808
1696210
1696933
1700738
1703016
1703507
1710513
1711830
1713998
1717577
1718799
1718884
1720628
1721724
1722086
1728026
1731933
1732550
1738236
1739132
1741916
1742807
1745721
1746247
1746329
1751110
1751546
1753708
1754882
1755048
1757052
1758507
1759095
1759141
1765703
1767751
1767787
1768242
1769000
1771531
1776032
1777065
1779970
1781074
1781400
1782289
1788351
1788819
1791082
1791842
1794890
1796222
1801345
1801907
1806091
1807735
1808369
1809440
1809917
1810862
1815055
1815237
1815533
1815622
1819725
1821207
1822294
1827956
1830665
1831881
1832856
1833667
1833962
1834173
1835996
1836126
1836654
1837670
1839458
1840429
1844223
1848110
1853529
1860626
1862052
1862290
1863761
1864827
1866404
1866667
1868146
1870419
1872003
1872179
1873802
1877608
1878043
1880328
1886429
1886761
1887229
1888283
1888740
1895149
1895873
1898844
1898997
1899550
1901232
1902096
1903309
1904113
1907080
1907739
1908855
1912349
1913891
1915290
1916162
1916424
1920130
1921165
1926360
1929096
1930750
1931432
1932317
1936793
1938707
1938762
1939929
1944235
1944935
1946550
1947352
1947446
1950857
1953049
1956256
1957608
1959046
1961065
1962024
1962068
1962429
1965283
1965388
1966130
1966546
1970870
1971998
1972546
1972874
1974299
1977704
1981047
1983262
1985258
1986090
1986207
1986229
1986690
1987125
1991001
1992531
1998926
1999371
2001400
2001640
2002115
2002860
2006331
2011187
2011630
2014307
2015065
2017695
2017907
2024187
2025008
2026166
2028580
2029142
2031798
2032848
2034081
2034183
2036769
2038102
2040693
2042434
2042989
2047132
2047478
2049104
2051969
2052872
2054980
2060937
2061016
2061879
2063279
2063480
2064230
2064548
2066302
2067214
2072337
2076683
2078334
2078381
2079020
2083606
2088173
2088682
2089229
2092269
2092784
2093050
2094548
2095085
2096562
2096658
2101530
2102015
2104144
2104593
2104891
2105224
2105681
2108659
2112996
2115058
2115328
2115992
2116762
2117405
2117734
2118918
2119902
2122489
2122860
2127007
2127569
2128354
2130531
2130933
2132344
2132813
2140725
2144938
2147094
2151529
2151832
2154006
2162381
2164632
2164684
2165465
2165900
2167169
2167873
2170596
2171260
2171291
2174427
2175675
2175792
2177880
2186619
2189227
2189509
2189636
2189708
2190096
2190341
2191345
2197101
2197773
2197941
2198437
2198575
2198664
2200257
2201216
2201891
2204797
2206577
2206795
2207419
2208423
2212050
2212381
2214500
2215177
2215546
2215635
2216525
2217042
2217923
2218657
2219413
2221257
2221313
2222469
2223493
2223768
2226299
2231588
2231757
2232753
2233680
2235414
2238550
2240126
2240155
2242567
2243461
2244236
2246111
2246852
2247153
2248762
2249705
2250580
2251967
2252272
2252607
2253349
2259233
2260782
2262096
2264154
2265073
2265391
2265409
2265964
2267332
2268121
2268141
2270169
2272214
2272642
2284615
2286398
2290087
2290748
2294744
2295240
2295355
2301780
2304079
2306239
2307853
2309227
2309288
2309660
2310393
2311833
2316093
2317551
2317956
2317988
2320701
2322039
2328304
2329536
2330381
2344807
2344843
2345351
2347980
2349583
2350166
2354392
2356855
2356885
2358291
2360447
2361176
2364253
2365728
2366231
2367222
2368974
2370986
2371231
2371398
2373061
2377183
2378864
2379123
2380671
2382453
2384948
2385411
2389431
2394401
2397217
2397356
2401858
2407195
2410539
2411782
2414204
2416061
2418506
2419709
2421309
2426579
2429149
2431633
2437118
2440114
2443209
2446390
2447127
2447545
2447774
2449866
2453545
2453933
2455364
2456192
2456721
2457041
2457885
2458767
2460103
2460997
2461118
2462551
2462684
2465585
2470201
2470523
2471449
2472111
2474137
2474657
2477264
2481892
2483351
2483764
2486293
2490156
2490671
2494035
2494286
2494409
2497691
2497749
2500372
2500710
2502704
2505926
2508876
2508899
2509231
2510149
2510834
2514058
2514795
2519137
2520654
2523138
2525116
2529230
2529739
2530483
2533893
2544477
2546125
2546978
2551340
2553807
2557050
2558274
2558813
2558854
2559307
2559924
2560616
2561536
2568432
2570131
2574388
2574907
2575997
2576735
2578479
2580221
2580861
2582820
2583328
2584222
2587713
2590919
2591163
2593248
2595360
2595781
2600411
2601569
2602794
2606762
2607976
2608747
2610024
2613165
2613401
2615563
2619509
2619657
2621771
2622233
2624801
2627338
2628246
2628917
2630220
2632853
2634445
2634497
2634521
2634882
2637048
2637510
2639374
2640634
2640742
2640792
2641177
2642584
2646562
2647357
2648093
2649406
2652857
2655455
2658679
2660141
2661994
2662680
2665107
2665777
2666297
2666584
2667873
2667933
2668196
2670240
2670781
2671273
2672966
2674583
2674849
2679070
2683257
2684303
2684690
2686185
2687651
2687654
2688547
2688810
2690117
2692400
2692967
2693108
2693949
2699210
2701490
2705021
2707582
2711642
2712414
2714242
2717353
2718782
2720393
2721169
2722866
2723368
2723721
2725995
2727761
2733747
2736786
2738414
2740214
2741380
2742155
2742497
2743141
2750279
2751388
2753910
2760014
2760514
2761162
2761469
2766115
2769285
2772751
2772990
2775951
2777729
2778504
2779151
2780943
2783213
2783587
2783914
2784557
2787062
2796053
2796369
2796765
2797782
2798175
2799276
2800741
2803364
2806250
2809121
2810495
2811270
2816705
2818986
2819438
2821115
2822777
2824305
2824959
2827767
2828432
2829122
2832887
2835873
2837392
2837396
2837944
2841001
2841251
2841605
2842572
2850910
2851315
2852065
2855211
2857950
2858932
2859031
2859167
2862953
2867771
2868380
2870661
2872139
2878521
2884362
2885218
2885815
2886975
2887424
2889872
2890773
2891528
2891735
2892194
2893858
2894805
2895125
2904688
2905714
2908729
2908797
2912588
2916740
2917049
2917249
2917287
2925052
2925339
2926690
2928399
2928564
2930302
2930400
2931029
2933554
2935705
2935819
2938084
2938246
2938326
2944382
2944515
2945910
2946011
2946287
2946535
2946700
2948158
2948475
2950775
2953498
2957885
2960367
2965137
2966778
2967596
2968916
2970211
2971635
2972637
2973219
2976157
2976641
2976863
2977545
2980120
2981396
2986410
2987607
2989267
2989936
2990501
2991597
2992512
2992965
2993996
2997230
2997978
2998235
2999845
3000681
3001135
3002308
3005168
3008041
3010060
3013025
3013293
3014708
3020845
3024010
3024027
3027619
3029707
3032590
3032702
3034004
3034208
3037169
3038662
3041322
3046168
3048268
3049479
3049575
3049779
3049908
3052300
3053189
3058447
3058735
3058883
3060611
3062773
3067996
3068510
3069539
3072614
3073507
3076000
3078066
3078394
3080577
3082449
3083266
3084396
3085080
3095700
3095917
3100100
3100245
3101910
3104072
3104611
3107731
3109753
3114096
3114551
3118064
3118354
3125588
3128837
3130273
3132285
3132955
3133090
3133189
3134341
3135171
3135637
3142667
3142764
3142982
3143123
3143529
3145151
3146718
3149796
3149856
3150850
3155839
3156891
3157876
3158963
3160311
3168382
3169536
3173625
3174176
3175576
3177255
3177626
3180549
3181848
3183242
3184689
3185066
3185232
3187187
3190450
3191772
3195218
3197163
3199686
3199947
3203467
3205089
3205317
3205944
3208363
3208759
3208896
3210649
3213171
3213779
3217920
3220030
3223569
3223932
3230391
3231204
3232098
3232857
3235697
3239957
3240212
3240892
3244849
3245466
3245932
3246395
3248749
3251384
3252916
3253443
3254813
3256218
3258625
3258703
3259691
3261716
3261948
3263441
3264769
3266335
3267635
3268380
3268978
3269287
3270237
3271009
3275332
3276531
3279699
3280857
3284050
3284910
3285247
3285511
3287287
3289958
3291947
3292665
3294640
3294879
3295882
3296287
3297958
3298469
3298591
3300782
3300951
3302634
3303070
3305182
3306386
3309069
3309366
3315736
3316284
3317351
3318030
3320198
3320399
3321464
3321746
3322074
3324956
3325325
3326396
3331121
3332764
3336343
3341780
3343466
3345971
3346368
3351581
3351698
3354286
3355918
3357476
3357920
3357935
3358202
3359170
3368813
3369434
3371221
3372064
3373982
3378726
3379673
3380078
3383896
3386993
3389597
3392582
3392977
3397740
3398130
3398238
3398369
3399038
3402081
3405604
3405728
3406730
3409773
3410689
3411257
3411283
3415338
3419885
3420578
3423231
3429667
3429883
3432220
3433530
3436848
3437232
3437868
3440950
3442117
3444399
3444642
3450504
3452350
3454612
3457167
3458804
3459910
3461939
3465411
3465461
3469483
3472992
3473796
3474921
3475620
3475776
3481534
3484152
3488182
3493815
3494416
3497101
3498904
3499639
3499947
3500646
3504159
3504355
3504625
3506570
3508210
3509701
3510522
3511295
3513501
3515434
3516174
3516562
3521033
3521998
3522127
3524151
3529509
3529691
3530291
3532153
3532503
3536346
3539835
3540621
3543779
3547430
3549569
3549904
3550438
3551769
3552643
3559981
3562525
3563098
3565018
3566333
3568027
3569065
3569148
3569716
3570960
3573047
3574047
3574161
3578131
3579155
3581381
3583007
3583389
3583918
3584047
3584644
3590086
3590803
3592355
3593267
3593448
3594145
3595020
3597351
3605004
3607181
3609614
3613631
3614886
3614933
3618926
3619709
3622352
3622626
3623422
3624370
3624589
3627351
3629237
3629350
3632469
3633831
3635095
3637754
3640641
3642607
3642873
3648951
3650843
3651076
3651394
3651945
3670903
3671279
3672010
3672096
3675375
3680612
3680833
3683634
3684305
3686163
3687988
3690438
3692298
3694211
3694664
3695999
3700827
3704895
3706085
3707035
3707748
3708116
3713388
3713959
3714284
3715842
3716018
3716255
3718244
3722110
3723805
3729124
3730033
3730312
3731861
3734801
3735811
3737865
3739539
3739953
3741895
3742516
3744147
3745537
3745777
3746392
3747273
3750741
3755122
3759400
3760289
3761091
3763025
3765467
3766319
3767227
3768215
3769170
3769541
3776919
3776968
3779656
3782122
3785989
3788263
3789805
3795085
3796495
3796746
3803603
3803620
3805552
3805640
3807718
3811150
3811511
3811534
3811687
3811832
3814668
3815809
3816180
3819471
3820887
3822581
3824411
3825622
3826786
3826957
3828998
3834892
3839726
3840523
3841441
3841831
3841991
3845482
3846586
3849573
3850949
3852386
3852627
3854268
3855821
3856072
3856767
3857579
3862343
3862352
3863363
3864452
3868345
3870197
3870991
3874383
3879635
3880560
3884798
3886875
3886919
3887313
3887346
3887825
3888742
3889337
3891630
3895198
3896631
3897161
3898410
3900699
3901953
3903963
3907584
3908857
3909176
3910097
3913012
3913245
3915728
3918149
3918504
3920990
3924363
3927880
3931455
3931460
3932727
3933319
3933958
3934102
3935343
3935745
3937194
3938505
3939040
3939936
3941239
3949226
3949505
3952014
3952258
3955774
3958243
3960414
3964247
3965080
3967182
3970992
3971397
3971929
3973002
3976030
3977897
3981371
3983834
3984042
3986288
3987891
3988010
3988731
3989407
3994467
3995954
3997427
3999269
4000532
4003476
4006732
4007241
4010750
4011463
4012433
4013971
4016881
4017514
4019946
4023581
4024408
4024884
4025669
4026353
4029715
4029943
4031196
4031375
4032353
4033216
4035084
4038163
4040499
4043474
4044415
4049559
4051643
4053682
4056941
4058192
4065590
4072751
4077285
4080592
4082771
4083329
4086838
4091365
4092337
4092740
4094550
4096520
4097820
4098813
4101696
4101890
4101894
4103014
4103645
4105016
4105424
4106088
4106357
4106653
4107294
4111050
4114655
4116243
4124145
4124282
4125967
4126996
4128986
4129519
4131059
4133032
4134642
4138851
4142374
4145845
4148486
4149255
4152787
4154561
4157264
4158325
4159703
4161472
4162207
4162642
4164757
4165144
4169857
4169878
4172732
4176994
4177636
4182195
4183529
4184421
4191169
4192402
4197438
4197661
4198065
4198244
4198599
4202759
4204185
4206323
4206768
4212050
4213825
4214798
4218640
4219149
4219745
4220777
4221132
4222489
4228759
4233091
4234012
4234439
4234917
4236149
4237239
4237384
4238399
4240367
4243399
4244625
4249968
4251118
4251265
4251937
4252660
4254640
4254931
4257847
4259455
4261806
4262106
4262826
4263529
4263683
4267549
4268223
4271154
4272304
4272508
4274711
4275022
4282408
4282765
4290480
4295122
4297544
4305101
4306414
4306684
4307407
4307630
4308111
4309401
4313171
4316137
4318476
4319475
4320389
4326301
4327451
4328675
4336568
4338116
4340060
4344709
4350002
4350121
4350290
4352509
4353838
4360901
4362371
4364314
4365203
4365623
4366812
4370139
4370702
4376617
4379391
4379578
4380506
4381021
4384312
4385724
4392645
4394428
4396717
4397505
4397856
4400168
4400796
4401612
4403803
4405637
4406039
4407426
4409870
4410539
4411233
4411470
4414254
4414275
4414634
4417080
4418931
4424772
4428188
4434388
4435056
4437388
4438983
4440062
4442792
4443374
4445061
4445848
4447175
4448997
4453896
4457558
4458012
4458553
4458606
4462600
4463826
4466013
4466094
4467234
4467826
4467840
4472717
4477202
4479180
4480937
4483171
4484848
4488749
4488891
4489366
4490077
4492339
4493888
4495792
4495994
4497206
4503582
4505547
4508977
4509371
4511529
4512314
4517094
4517556
4520008
4525185
4526188
4527966
4528567
4529688
4530215
4531365
4535146
4539881
4546739
4546909
4550070
4551446
4553249
4556728
4558923
4561186
4561330
4564159
4566246
4566519
4567652
4574307
4574559
4578551
4582714
4583025
4585036
4589327
4589721
4590449
4595065
4595553
4595644
4596949
4606080
4608886
4612011
4614292
4614865
4615655
4618508
4623461
4624555
4624904
4628287
4628780
4632757
4633923
4635036
4636141
4636648
4637078
4637898
4643158
4643426
4643835
4644527
4646371
4646575
4647114
4647397
4649773
4651775
4653624
4654040
4656953
4657436
4657900
4658488
4658709
4659411
4659445
4660046
4660791
4662001
4664227
4666301
4667199
4667679
4668188
4674693
4676056
4678914
4680004
4680231
4682268
4686484
4686586
4687840
4690046
4691727
4698856
4707032
4709527
4714887
4715742
4716004
4716550
4721246
4721506
4724375
4725803
4726226
4729171
4729265
4729416
4730529
4734670
4734892
4737329
4737556
4739377
4739967
4741295
4741686
4744262
4745093
4746014
4752134
4755873
4756920
4760501
4766614
4772228
4773667
4776015
4784620
4784769
4789247
4791089
4795740
4795972
4796182
4797254
4797525
4797567
4798944
4799661
4801967
4804548
4806484
4808206
4809132
4811326
4811346
4812679
4815773
4815823
4817969
4818731
4819077
4820186
4821312
4823830
4823995
4824090
4824611
4826518
4830472
4832210
4832280
4833539
4835383
4836722
4836925
4837021
4839506
4843229
4844378
4845276
4845914
4846040
4847151
4850230
4850976
4852747
4853189
4855682
4858756
4860671
4864822
4864866
4866435
4870273
4870701
4872175
4872546
4875043
4875919
4878702
4879284
4883519
4885292
4885932
4887504
4887783
4892839
4892927
4894609
4897462
4897632
4899147
4901814
4901893
4909446
4909648
4911906
4914044
4914069
4915489
4917281
4920500
4920818
4921170
4923687
4923795
4923969
4925041
4930408
4931773
4934698
4935681
4937588
4940665
4941881
4942080
4943209
4944405
4947460
4951147
4955905
4956548
4956847
4957359
4959979
4960811
4964325
4971653
4973742
4973951
4975885
4976702
4988549
4989098
4992844
4995315
4996138
4997140
4997612
4997824
4998720
4998987
5007193
5015254
5015386
5016120
5016189
5016250
5027773
5028212
5029512
5031335
5031516
5036168
5036932
5040351
5040530
5041481
5042161
5046414
5047030
5053283
5053499
5054825
5055492
5066003
5066656
5070549
5071598
5072809
5073694
5074215
5077018
5077258
5078200
5079876
5080787
5086885
5087660
5093850
5094619
5104262
5105172
5111807
5113696
5115694
5131627
5131988
5134688
5136800
5137624
5143077
5145933
5146021
5148856
5148921
5155513
5155931
5158065
5159481
5163469
5163899
5164551
5164731
5167837
5168986
5171621
5172837
5180215
5184498
5184721
5185013
5187870
5189467
5191173
5192238
5192811
5193340
5195219
5197839
5200361
5200522
5203803
5204519
5205138
5207111
5214727
5217599
5219307
5219481
5219929
5220377
5220514
5222565
5224211
5224247
5225259
5227555
5228730
5228742
5231088
5236943
5237041
5238294
5239023
5239139
5240340
5240421
5243764
5244135
5248368
5249334
5249757
5250270
5254284
5256840
5257799
5259340
5260629
5261235
5262370
5263603
5265977
5266376
5266400
5266476
5269600
5270638
5277474
5278602
5279662
5281022
5281274
5282166
5285322
5285834
5286174
5287971
5289767
5290976
5290987
5293125
5296169
5297729
5299209
5303258
5307886
5310124
5313103
5315160
5315829
5315923
5316327
5317132
5318211
5318904
5319436
5321066
5321681
5322884
5325690
5325708
5331259
5333510
5336224
5340599
5343164
5343275
5343587
5346325
5350019
5350748
5350768
5352066
5355904
5356932
5358317
5359218
5360843
5364176
5376839
5378960
5379709
5385100
5387190
5388810
5389759
5393911
5396130
5398465
5401298
5402119
5402165
5402474
5402589
5402734
5404148
5406968
5407879
5410402
5414817
5417089
5419685
5421399
5425232
5427902
5429952
5431086
5440018
5441694
5444056
5444168
5447067
5447277
5448164
5448508
5449493
5450130
5451143
5453572
5456961
5466881
5467910
5469299
5469788
5472879
5474982
5475092
5475225
5475371
5476206
5481096
5482078
5483820
5484815
5485261
5487515
5487805
5489453
5489462
5489912
5490711
5493112
5496189
5500816
5501679
5504705
5506238
5506973
5509544
5521408
5521561
5532205
5535633
5535782
5535988
5537743
5538732
5539428
5541423
5541439
5542528
5544148
5545433
5548027
5548236
5551062
5553419
5553725
5558258
5559022
5559249
5560860
5564591
5565210
5570343
5570682
5571819
5575912
5576139
5581702
5583179
5584457
5586374
5586725
5587192
5587655
5588196
5591293
5592310
5595363
5597915
5598582
5603211
5606627
5608940
5609060
5611379
5612317
5613824
5615040
5615680
5616857
5619482
5619925
5620957
5621376
5622054
5623414
5628753
5630440
5635358
5636039
5636889
5637254
5640136
5643557
5644082
5645345
5645733
5647057
5649967
5650431
5656585
5656880
5659084
5661949
5662033
5664428
5666336
5668801
5669211
5669923
5670150
5670676
5674941
5675822
5678439
5681605
5683979
5693045
5693714
5694582
5696158
5701754
5708366
5710691
5713195
5713795
5713847
5716560
5716838
5720344
5722708
5724559
5729766
5732928
5734213
5735445
5737243
5737571
5740638
5743659
5745246
5747414
5750999
5752539
5752919
5754234
5756191
5757876
5758703
5759210
5759653
5759714
5761406
5762766
5762912
5767296
5774806
5776648
5785328
5785769
5788506
5789718
5789993
5790645
5791450
5792706
5795674
5796122
5798881
5798900
5800559
5801392
5802509
5803890
5806060
5806249
5806458
5807266
5807973
5811231
5811496
5811816
5813335
5814965
5816705
5818491
5823686
5829134
5833274
5834933
5834988
5837179
5838517
5838721
5839481
5840895
5843827
5844247
5849674
5850417
5854859
5858472
5860122
5860355
5861320
5861411
5865837
5865886
5867763
5868806
5871863
5872270
5879441
5880798
5883293
5883709
5883910
5884027
5885694
5886453
5887729
5887819
5888648
5889115
5891023
5891211
5894300
5895228
5896906
5897870
5900675
5901444
5904609
5904872
5905018
5906013
5906806
5908909
5913241
5913497
5914145
5914460
5919404
5919713
5920069
5922357
5924564
5927153
5927223
5928411
5930627
5932697
5932750
5932867
5933120
5933350
5937332
5938213
5941333
5941860
5943097
5946377
5946673
5946997
5948605
5949724
5955660
5955905
5960897
5961304
5963126
5963271
5968956
5972654
5975131
5976333
5978786
5983455
5983638
5984400
5984514
5989022
5990225
5990741
5993879
5996686
5997141
5998227
6001820
6004529
6009292
6009381
6010755
6013474
6016799
6017331
6018063
6018695
6018876
6019920
6020068
6020507
6029326
6030235
6033063
6033461
6035894
6037331
6038244
6039785
6040998
6042265
6044494
6046606
6047817
6048407
6048500
6052254
6053161
6053495
6053646
6053652
6056218
6057334
6057664
6060412
6061607
6062518
6063680
6068424
6071014
6071571
6076569
6078760
6081154
6081599
6082028
6085432
6087034
6089296
6090556
6090787
6092062
6092630
6097230
6098455
6099632
6103728
6106603
6109594
6110957
6111357
6113377
6113918
6116337
6116444
6117395
6118818
6119189
6122936
6124441
6125661
6125916
6127780
6129371
6130529
6132994
6133285
6134104
6136345
6142978
6143375
6143832
6144757
6146551
6147192
6147835
6149545
6150052
6151623
6151774
6152395
6153243
6154535
6157379
6158513
6160601
6160831
6163314
6163890
6166908
6172418
6173032
6173245
6175469
6175644
6175968
6176722
6177497
6178598
6181560
6181639
6182325
6182843
6184626
6186146
6188038
6191105
6191927
6192360
6193196
6194366
6196903
6199719
6202125
6207175
6208407
6209349
6209703
6210753
6211149
6213508
6215838
6215933
6217144
6219807
6220522
6220788
6222199
6222746
6222758
6222906
6224054
6227598
6228681
6228791
6229491
6235625
6237086
6237599
6241525
6242206
6242733
6242964
6245497
6246550
6246724
6252541
6253780
6254128
6259738
6260076
6262806
6263125
6263351
6265302
6268333
6268523
6270618
6277338
6278232
6279443
6282708
6284110
6284419
6284449
6284763
6285840
6288940
6289201
6290134
6290744
6292445
6292624
6293685
6294825
6297567
6301422
6304291
6304373
6305604
6306437
6307241
6307504
6313020
6313678
6313845
6315267
6318225
6319858
6321192
6326297
6326606
6327586
6333783
6336211
6337528
6337575
6339392
6339620
6339752
6342491
6343054
6343737
6345570
6346059
6347901
6348986
6362011
6362694
6363153
6364438
6367402
6367837
6368260
6370119
6372945
6373448
6373884
6379544
6380291
6384831
6385170
6385496
6390518
6392191
6393834
6397372
6400003
6400312
6401068
6402351
6404706
6405904
6409523
6411361
6411627
6412999
6413105
6413290
6415446
6417926
6418325
6422244
6429420
6430463
6435365
6436566
6441199
6445510
6445999
6449421
6450742
6452052
6452611
6453525
6456093
6456258
6458651
6463439
6464781
6468563
6476058
6477012
6477431
6477842
6478197
6479006
6483124
6484029
6487137
6489573
6491092
6491697
6495135
6500819
6500936
6501426
6502105
6506399
6507979
6509423
6509669
6511120
6511327
6514070
6515726
6525227
6527442
6530012
6532340
6532570
6532723
6532888
6532908
6534242
6536119
6537762
6543680
6544949
6546336
6546647
6548337
6548462
6549184
6550049
6550465
6552563
6555472
6556087
6556741
6557721
6558003
6558615
6559394
6559771
6560049
6564002
6564339
6571199
6572681
6572940
6573296
6574714
6580497
6581793
6586878
6588266
6591507
6592139
6604321
6604607
6611736
6613784
6619338
6619572
6620693
6621285
6622336
6622712
6624995
6628584
6628592
6629901
6635815
6640020
6640273
6640942
6644528
6646115
6650187
6650193
6650333
6650698
6655958
6656655
6659729
6660426
6662227
6662905
6663843
6664236
6668289
6671008
6671257
6672056
6673961
6674115
6676450
6676460
6676493
6681101
6682120
6686048
6686189
6688607
6691233
6691730
6692732
6696029
6697627
6698682
6698949
6701160
6701388
6703057
6707047
6707626
6707716
6708165
6708655
6709895
6710256
6713401
6713843
6714541
6716185
6720938
6721203
6721303
6726157
6726846
6727077
6727929
6729451
6730591
6731472
6733689
6734025
6734173
6735025
6737115
6739758
6741191
6742525
6742601
6743474
6753266
6757323
6759720
6762061
6762635
6765138
6769576
6770381
6770811
6772267
6773395
6773810
6776824
6776996
6780591
6781257
6783952
6784348
6785432
6786838
6787871
6788159
6788965
6789260
6790401
6790953
6793120
6794109
6795784
6796187
6797296
6804752
6805804
6806648
6807948
6808649
6809487
6809878
6811486
6811965
6813224
6815604
6815728
6816612
6823972
6824098
6825857
6826211
6827300
6832178
6833493
6834889
6839589
6843657
6844237
6845191
6845354
6845676
6845678
6852643
6854910
6857547
6859832
6861239
6866547
6867479
6868310
6870704
6871919
6872845
6877679
6879199
6880917
6882178
6882310
6882362
6882435
6883022
6883842
6886206
6888865
6889749
6894366
6894413
6896409
6897354
6897579
6903229
6905234
6908619
6909935
6911415
6912641
6915388
6915391
6916386
6917263
6926418
6927524
6928128
6929538
6930060
6930221
6934137
6934581
6937765
6940016
6940145
6944072
6944616
6944619
6945632
6946014
6946210
6946782
6947491
6948028
6953654
6956159
6957143
6959068
6961420
6964679
6966764
6967173
6974235
6976030
6976334
6978236
6980942
6982014
6982956
6983436
6985000
6988085
6991568
6992541
6995626
7005094
7008911
7010903
7011732
7015021
7015470
7017689
7019177
7022310
7022929
7023521
7024626
7027092
7029142
7030802
7033421
7035105
7037405
7041771
7042864
7044643
7044778
7044796
7046100
7047451
7048100
7049677
7053586
7058943
7059711
7062609
7063658
7068047
7070208
7071829
7073370
7078765
7081554
7082030
7084237
7085173
7086221
7092605
7096280
7098276
7099467
7101174
7101218
7101293
7106318
7112156
7116107
7116508
7119836
7119885
7123982
7124254
7124339
7126306
7128168
7129608
7129636
7133709
7135235
7138268
7142977
7143013
7143374
7144614
7144822
7146466
7146998
7147129
7149340
7150053
7151459
7152230
7153072
7155355
7156771
7162525
7163067
7165535
7165998
7166014
7166238
7167093
7167845
7168254
7172495
7173589
7174227
7174431
7175183
7176691
7176892
7178518
7178938
7180600
7181105
7182275
7183002
7183919
7186469
7186712
7189023
7192289
7197773
7199200
7199969
7202956
7213055
7216421
7219829
7220079
7221168
7222785
7223919
7224776
7224978
7226959
7227813
7231345
7233585
7233647
7233956
7234909
7235120
7237417
7238177
7244656
7246033
7248721
7251877
7252949
7253309
7254021
7257255
7258998
7259920
7260928
7262258
7262791
7262990
7266640
7266781
7268558
7272270
7273928
7274100
7276567
7279209
7281291
7282097
7282822
7283223
7286787
7288476
7289710
7290424
7291182
7291486
7292530
7296580
7301964
7302327
7302747
7304800
7305204
7305849
7309820
7310474
7313076
7326921
7330163
7330367
7334450
7340495
7340684
7346658
7349400
7350078
7350935
7359995
7362212
7363222
7365396
7368119
7374332
7374395
7375063
7378576
7391477
7391781
7396217
7397624
7399616
7399934
7401813
7402804
7403722
7405467
7406425
7408204
7410298
7411256
7413220
7414842
7421013
7424964
7426882
7427799
7436827
7437402
7437655
7438470
7438518
7439012
7439267
7441874
7446836
7448572
7451336
7452451
7452948
7455176
7457003
7457811
7457990
7458271
7461396
7462394
7462970
7469705
7470296
7471852
7481081
7482463
7487440
7487555
7492271
7494088
7495194
7496118
7496224
7497482
7498252
7498941
7500858
7505425
7508898
7511163
7511974
7512152
7512193
7517675
7518432
7520179
7521237
7525399
7525640
7527068
7528722
7529493
7532840
7533583
7534926
7535354
7537318
7539958
7541197
7544120
7545200
7546552
7547280
7547657
7548538
7548837
7548978
7553475
7554146
7554526
7554699
7561068
7563641
7564116
7564547
7566950
7569680
7571547
7572958
7574462
7577402
7578116
7582581
7582679
7585517
7585999
7587280
7591364
7593135
7593528
7596191
7597701
7597931
7599697
7601601
7602654
7603945
7604916
7610848
7613229
7613402
7614117
7618853
7619826
7622343
7622571
7624063
7624911
7626896
7627965
7629512
7631553
7634639
7635465
7640798
7641497
7642002
7642443
7644177
7645565
7645744
7646135
7648458
7652401
7654894
7655027
7655707
7658542
7659271
7660700
7662842
7662845
7663061
7663335
7665344
7669366
7669704
7674156
7677916
7679350
7682270
7682466
7683061
7684608
7689956
7692010
7692729
7693207
7693231
7700253
7700640
7703090
7703303
7710373
7710803
7713696
7714703
7717257
7717380
7717403
7719666
7721742
7723936
7725719
7726678
7727064
7732331
7733530
7736210
7737947
7738614
7740018
7740390
7740868
7743761
7743883
7744855
7745557
7752903
7753995
7755087
7756748
7761896
7762754
7764512
7766658
7769425
7772808
7774524
7776547
7778805
7779591
7779784
7780485
7780697
7781113
7783558
7789433
7791538
7794072
7794854
7798123
7800166
7802991
7803595
7806931
7808348
7813779
7814925
7815884
7817140
7818795
7820628
7821664
7827089
7829917
7833987
7836574
7837644
7837680
7837858
7838259
7840398
7843758
7844944
7846151
7846271
7849049
7849410
7849601
7849811
7850830
7853926
7854345
7855578
7858458
7861607
7863282
7864166
7870143
7871984
7872793
7873618
7874527
7875780
7878647
7878728
7880443
7882480
7886887
7887694
7887891
7889051
7890547
7892462
7893107
7893281
7893480
7894567
7896796
7898740
7898882
7899838
7900611
7900746
7902930
7906517
7910690
7913342
7915921
7916686
7916749
7919517
7919909
7921329
7922380
7922542
7925686
7927519
7927866
7929158
7933452
7934993
7941226
7941799
7942037
7942889
7944479
7946894
7949207
7950496
7952676
7954152
7956912
7961360
7966925
7972870
7974467
7975268
7975515
7982768
7987185
7987921
7988251
7993720
7994369
7995374
8002075
8008027
8009720
8016301
8016507
8022417
8023893
8028462
8029802
8030117
8031342
8032156
8033351
8033853
8034850
8036968
8038355
8041001
8041720
8045777
8051002
8052185
8052457
8053102
8053118
8053896
8056742
8057941
8058671
8060427
8060842
8062410
8062472
8064654
8064871
8067231
8067917
8070001
8072375
8077471
8078414
8078831
8080361
8081510
8081611
8081820
8082061
8083507
8087854
8088390
8092069
8092812
8092934
8102913
8103508
8104066
8110617
8112338
8112370
8112865
8117379
8118757
8119121
8119433
8119562
8122836
8123064
8127488
8130403
8131323
8131436
8141919
8142355
8144757
8144796
8150786
8152435
8152978
8153198
8157299
8162612
8163510
8166111
8168137
8168390
8169244
8171182
8172696
8173869
8176814
8181346
8190044
8190644
8193380
8193937
8196496
8205492
8205870
8209841
8212209
8214342
8215509
8217366
8222795
8227671
8227998
8229040
8235008
8235127
8241523
8241588
8241924
8242723
8242783
8244346
8245163
8246271
8246342
8248074
8249474
8252903
8254176
8256822
8256888
8259256
8260426
8263483
8265237
8265885
8266569
8267730
8268414
8269216
8271275
8275669
8276812
8287015
8287685
8289461
8290328
8293132
8295047
8296044
8296886
8298299
8298929
8301093
8303136
8304318
8306182
8307940
8308709
8309205
8313691
8314238
8316004
8317146
8321347
8322758
8326630
8334509
8335892
8336634
8338710
8339438
8340826
8341497
8341728
8342676
8344837
8345380
8349404
8352511
8356892
8357660
8357676
8358983
8359280
8360709
8362426
8363919
8364732
8366781
8366920
8367780
8368316
8368949
8370353
8371937
8374039
8374527
8376909
8377346
8378928
8383989
8384373
8387389
8389456
8389698
8391630
8393671
8394620
8394644
8394651
8398984
8399873
8401141
8403263
8405446
8406930
8407705
8409739
8411951
8416884
8420812
8421180
8421630
8425982
8428195
8430522
8436221
8436642
8439162
8439526
8439785
8440413
8441327
8452722
8455648
8456708
8457665
8457865
8458239
8460014
8461459
8466422
8467200
8473847
8474446
8476114
8478384
8482951
8483397
8483858
8485552
8486264
8489407
8495248
8497851
8498916
8501731
8503084
8507964
8508491
8511292
8513668
8515146
8517269
8518330
8521565
8522628
8522681
8523324
8523577
8525826
8528121
8528303
8528390
8530004
8532836
8533325
8534678
8535057
8537869
8540841
8541150
8542850
8544726
8549210
8550323
8552484
8552493
8552798
8560093
8560663
8563005
8566562
8568676
8572624
8573409
8574368
8575052
8575518
8580518
8580608
8580769
8580832
8582141
8582715
8582815
8584964
8585243
8585467
8585537
8587662
8589608
8590570
8592287
8593242
8594431
8594449
8595560
8595777
8600587
8601446
8602655
8603501
8604501
8604641
8605591
8607721
8608034
8609780
8614317
8616599
8617999
8618067
8621799
8625988
8626355
8628098
8629994
8630031
8630543
8631347
8631770
8632222
8633100
8635661
8636563
8640227
8640303
8640893
8641352
8642132
8643427
8646067
8648984
8651682
8654733
8657076
8657517
8657562
8658087
8658941
8661409
8663403
8664824
8665172
8670946
8671258
8673374
8673494
8674863
8675588
8681005
8682429
8685834
8688830
8688924
8689012
8691000
8691671
8691754
8692195
8694889
8696051
8697557
8698490
8699875
8700068
8703823
8704245
8709550
8709679
8709905
8710120
8711590
8712997
8715778
8716024
8720240
8720571
8723054
8724831
8726117
8726208
8727254
8730662
8733928
8734102
8735502
8737811
8741591
8741649
8742334
8743021
8744988
8745336
8745530
8746072
8746300
8746322
8746470
8746542
8748055
8750224
8755656
8758918
8759799
8761130
8762764
8768318
8772957
8773188
8775500
8777778
8778530
8779360
8781425
8784323
8788379
8789090
8791811
8795500
8798152
8802116
8802155
8802950
8808755
8809982
8814099
8815528
8817288
8818421
8821619
8826880
8827571
8828834
8831660
8832903
8833606
8835714
8835738
8838370
8840324
8846696
8846804
8847485
8848078
8848461
8848487
8852199
8857333
8860422
8865742
8866405
8866673
8866996
8868331
8879214
8882869
8887801
8889058
8889984
8890959
8891160
8893183
8894541
8899586
8901676
8901751
8907204
8911171
8911506
8912234
8916125
8920814
8924168
8925750
8927462
8927502
8927512
8927609
8928296
8929108
8932928
8934610
8936310
8937394
8938957
8940431
8944195
8945752
8946810
8947964
8950884
8952846
8954407
8954642
8955231
8959867
8961180
8963868
8964333
8972436
8972481
8972632
8973133
8973713
8978843
8979585
8980600
8981622
8981947
8984288
8985045
8988031
8990032
8990422
8991407
8991968
8992824
8996547
8997576
9000032
9001430
9004688
9008292
9010896
9012804
9014067
9016843
9017279
9017304
9025270
9025389
9025994
9028012
9030645
9031885
9035641
9035752
9038296
9039060
9039572
9039819
9043027
9043735
9046669
9047142
9049974
9050085
9050802
9052589
9055268
9055384
9055419
9057246
9058604
9060567
9061356
9068688
9070238
9070569
9070978
9071502
9071572
9073384
9075299
9078429
9078513
9078729
9079772
9080725
9081289
9081521
9081849
9082448
9083133
9086726
9086940
9092338
9099077
9102110
9103111
9103339
9103593
9105390
9106080
9110058
9110220
9113890
9114720
9118389
9119367
9126133
9130170
9130398
9132630
9134075
9134131
9134175
9134178
9135591
9137133
9138409
9139101
9139144
9139791
9139934
9140081
9140451
9141096
9144307
9146308
9149838
9152160
9158508
9158574
9159329
9162102
9162764
9163704
9164579
9165874
9165916
9167014
9167209
9170204
9170234
9170419
9172301
9173126
9177208
9179832
9183262
9184626
9184980
9187911
9188301
9190841
9190854
9192540
9195474
9196274
9196782
9202121
9202131
9205370
9206520
9207802
9208915
9210036
9212348
9213635
9215207
9216554
9222048
9222865
9223140
9225374
9227377
9232595
9239883
9240435
9242739
9242743
9245046
9256661
9259593
9260132
9265685
9273225
9273485
9280249
9280353
9281795
9285418
9292170
9293796
9296773
9299097
9300170
9300412
9301566
9302288
9302471
9302704
9305750
9308576
9312729
9313520
9320425
9320467
9320903
9322172
9326344
9330472
9330561
9330820
9331616
9336073
9338591
9339426
9343129
9343904
9345291
9345688
9346407
9347222
9347500
9347512
9354857
9356460
9360509
9361608
9370318
9370409
9372311
9373643
9378113
9379476
9380308
9381913
9382176
9384373
9384648
9385386
9386572
9388862
9391328
9393720
9396194
9402765
9406303
9408466
9410030
9410606
9411786
9411958
9412010
9412689
9415913
9417364
9419851
9421076
9421666
9423138
9429099
9431967
9433719
9433724
9435712
9437154
9438528
9439819
9440427
9440556
9443200
9445465
9446250
9446383
9451512
9452188
9452461
9453571
9454588
9457943
9458899
9461952
9462377
9464442
9465859
9468789
9469704
9472303
9473869
9475645
9479242
9479522
9479524
9483096
9483295
9485214
9487366
9487513
9488781
9492325
9492953
9493199
9493474
9494480
9494710
9497086
9498044
9498540
9498622
9500464
9502483
9504904
9506847
9511355
9513122
9515247
9518208
9518959
9521697
9526678
9526790
9527577
9527932
9530856
9531748
9531916
9535452
9542674
9542971
9543658
9545409
9547270
9549118
9549357
9550489
9555086
9555908
9557617
9560860
9564185
9564981
9568088
9569576
9570394
9576201
9576781
9576811
9585670
9586094
9586309
9591155
9591423
9592105
9593504
9593759
9594882
9595251
9596914
9598560
9602943
9604830
9607430
9610738
9614016
9614438
9615411
9616203
9616886
9624849
9626435
9627116
9628114
9628373
9630338
9630541
9632445
9635349
9638216
9640410
9642549
9643812
9646785
9648240
9650591
9652259
9652504
9654002
9654451
9654869
9656194
9658656
9661887
9661979
9667492
9670543
9671590
9672185
9675348
9677080
9678796
9682711
9687355
9691514
9693049
9693435
9696713
9699143
9702281
9702917
9707294
9709197
9711263
9712534
9715000
9719376
9720285
9721152
9722228
9723848
9724058
9730407
9730478
9734967
9736047
9736133
9738520
9739791
9740711
9748553
9750102
9750706
9751521
9751556
9755064
9760060
9762309
9762889
9764213
9771483
9772425
9773929
9776610
9776623
9777672
9778528
9779369
9783184
9783896
9790432
9790885
9794457
9795581
9795683
9796153
9798668
9798957
9802555
9802615
9805101
9806073
9810392
9810561
9813855
9818153
9819023
9819149
9820073
9820536
9821363
9823108
9823398
9829366
9831854
9833746
9835935
9836474
9841351
9848201
9848568
9849024
9849742
9851693
9851857
9853023
9861917
9862909
9867519
9867610
9867996
9873518
9874044
9874824
9877867
9878941
9883928
9884553
9885252
9893415
9894278
9898412
9900226
9900349
9902325
9902652
9903032
9904228
9913718
9914394
9916880
9923396
9926487
9927955
9930624
9931962
9932666
9933387
9933877
9935962
9940658
9942563
9944396
9944428
9946048
9946266
9949096
9949222
9949454
9951578
9953045
9957274
9960048
9960519
9965350
9966082
9966515
9969349
9970434
9976469
9983226
9984758
9986049
9986672
9990675
10003070
10007834
10008026
10009515
10010938
10012949
10016740
10018027
10019418
10021947
10022411
10025081
10026424
10027291
10027827
10028103
10030867
10031887
10032226
10032266
10032928
10033414
10034667
10035748
10037234
10038070
10038422
10040698
10046896
10049007
10049410
10056034
10057712
10059616
10060314
10061663
10063423
10067845
10069190
10070310
10072559
10073071
10075416
10078978
10079564
10081456
10081483
10082484
10082710
10084684
10084850
10087200
10090837
10095167
10095406
10097665
10098743
10100473
10103355
10105936
10106124
10110630
10110996
10111748
10111965
10113046
10115457
10121261
10122460
10122622
10123547
10124120
10127534
10129147
10129933
10130698
10139350
10143998
10145708
10145797
10146653
10147486
10148039
10149511
10155067
10156231
10158253
10159941
10167009
10169207
10169698
10171404
10172024
10172415
10174333
10175167
10176891
10185234
10191516
10191587
10192949
10193992
10194951
10196314
10201338
10205735
10211695
10214632
10218017
10219367
10221003
10221371
10222214
10225832
10226794
10230757
10232621
10238665
10239730
10243794
10249085
10250646
10250865
10254381
10256785
10257896
10258327
10258721
10262125
10263702
10264181
10265002
10265662
10266639
10267621
10269824
10271601
10273045
10276565
10282260
10282346
10282569
10283744
10285477
10287833
10288355
10292000
10293636
10296194
10297135
10302103
10302462
10304248
10305551
10307184
10313645
10314138
10315375
10316156
10323842
10324360
10325258
10325876
10326223
10327798
10329436
10330637
10332469
10332602
10333168
10334472
10335000
10336273
10337179
10338706
10339832
10341469
10342311
10343515
10344109
10345147
10346499
10350867
10351406
10352431
10355265
10358426
10362960
10363361
10367427
10369073
10369796
10375399
10377685
10377784
10380745
10381702
10383887
10386763
10390714
10391472
10393069
10393907
10395827
10399226
10399883
10400422
10400701
10401193
10401709
10402846
10408344
10417147
10418925
10420762
10422393
10423472
10425063
10425440
10426940
10429266
10430296
10432638
10434018
10435499
10436826
10437001
10437343
10439687
10440028
10440614
10440870
10442438
10444153
10445653
10454627
10455248
10459412
10460245
10460759
10461182
10463244
10464240
10464306
10464314
10465049
10469129
10472214
10472264
10473767
10478587
10484551
10486264
10487588
10492953
10493528
10496018
10497063
10497694
10499198
10500095
10500649
10510460
10514290
10515862
10520531
10523333
10525214
10526903
10527011
10532910
10538600
10539115
10539761
10540753
10546229
10549106
10552581
10553264
10554463
10556200
10557333
10557878
10558299
10566754
10569321
10571969
10573678
10575529
10576557
10577795
10580857
10584301
10585549
10587339
10592248
10592826
10593939
10594148
10596211
10597737
10600906
10602402
10603560
10604547
10605888
10606108
10608237
10608828
10609349
10613171
10614759
10616678
10617277
10618541
10619974
10622724
10624797
10624831
10626756
10629963
10631437
10632537
10633440
10635311
10636171
10638744
10639497
10640346
10640717
10644040
10645287
10645886
10652784
10656507
10656897
10661204
10663093
10666855
10667619
10668923
10670518
10671357
10672168
10677250
10681394
10681767
10681847
10683535
10685140
10686570
10691480
10695044
10697960
10698519
10701244
10701660
10704402
10707224
10709978
10717161
10719293
10719818
10721165
10721802
10721909
10722695
10723885
10726376
10727088
10730107
10730433
10731577
10733112
10737936
10739328
10739413
10740042
10744697
10749586
10756106
10756614
10757591
10757740
10758568
10762606
10763175
10764026
10768442
10768514
10768552
10775827
10779273
10779312
10779772
10785884
10787417
10788369
10788569
10792899
10793465
10794359
10799926
10803231
10805732
10807063
10812851
10813059
10813367
10813671
10814002
10814569
10815568
10818358
10820091
10821887
10822168
10822910
10829593
10831694
10834351
10835581
10837055
10839351
10843180
10843349
10844530
10846085
10846720
10847052
10847918
10850639
10856760
10857314
10860929
10862061
10863612
10864047
10864587
10864992
10867100
10871242
10872710
10873994
10879266
10880290
10882046
10890502
10890969
10892044
10893216
10893281
10893785
10898001
10900343
10900465
10900745
10900981
10902041
10902681
10904953
10906909
10907723
10907824
10908312
10908349
10910737
10910760
10913814
10918184
10920068
10922228
10926835
10927661
10929008
10929363
10929454
10932761
10932784
10933989
10936058
10937398
10940219
10940429
10940446
10940877
10943696
10945655
10945762
10951865
10952150
10953205
10953213
10954666
10955591
10959818
10961191
10962848
10965180
10965804
10966706
10967887
10972207
10974920
10977565
10978170
10984165
10985287
10989704
10989843
10990196
10990508
10991676
10995530
11002096
11004116
11005561
11010469
11017249
11017402
11021421
11022191
11029168
11033906
11035165
11039396
11039718
11041320
11043720
11046101
11046280
11048584
11050687
11052460
11053525
11053760
11054276
11055553
11056586
11057802
11059895
11062177
11066802
11067867
11067924
11068412
11069094
11072137
11073462
11075363
11076931
11082380
11083724
11083929
11086384
11086955
11087397
11089744
11090445
11091076
11091131
11091368
11092902
11093154
11094266
11096168
11098502
11098740
11099939
11100007
11103046
11104704
11105671
11105976
11107061
11110623
11110955
11110976
11112263
11112571
11114266
11114445
11116330
11119628
11120904
11121025
11124691
11127144
11128436
11129308
11130249
11131559
11131643
11132775
11134658
11134751
11135207
11136150
11139114
11140027
11140203
11141966
11142193
11142201
11142625
11143817
11148386
11152360
11156784
11158612
11162046
11162653
11164296
11168562
11169537
11169946
11171362
11174781
11179354
11185459
11185985
11186493
11186619
11188856
11188914
11190392
11191499
11192925
11194813
11197692
11199362
11208223
11209487
11211379
11213024
11214191
11216060
11217105
11217184
11217555
11222204
11224564
11224657
11225412
11226711
11227337
11228184
11228218
11228461
11232942
11233084
11235043
11235633
11236224
11236732
11238277
11239698
11241871
11246040
11248672
11252583
11253086
11253128
11254117
11255717
11256829
11258704
11259078
11259384
11260400
11262241
11262976
11265479
11266364
11267859
11269927
11272239
11273375
11273642
11273795
11274441
11274774
11276020
11276675
11277374
11279287
11279631
11282527
11283968
11288613
11291363
11292956
11296247
11298410
11298961
11299096
11299320
11302882
11303401
11303449
11307396
11309372
11313183
11314473
11314727
11316215
11318616
11319396
11320247
11321834
11322322
11326090
11327157
11327458
11329234
11331911
11332362
11332770
11334604
11334978
11336515
11337681
11338023
11341719
11341919
11344491
11347337
11349183
11351807
11353996
11356178
11359579
11365945
11366374
11374168
11374252
11375123
11375497
11377194
11378815
11379210
11381065
11383317
11383757
11384485
11392189
11394393
11396097
11398347
11406227
11410001
11410322
11414620
11416178
11422447
11424395
11426960
11428718
11432924
11435532
11437971
11439128
11439331
11442016
11445081
11448550
11452260
11454364
11454755
11455685
11456004
11456557
11457919
11458253
11459702
11462374
11463821
11464525
11469147
11469585
11470299
11470486
11471165
11471937
11472559
11473345
11474564
11480410
11480639
11483551
11485734
11487025
11487169
11487973
11489234
11492402
11492706
11498767
11500562
11508605
11508652
11509227
11514479
11514703
11515354
11516125
11516555
11518156
11518456
11518873
11519468
11520446
11521658
11522792
11523532
11524375
11531694
11535718
11538874
11541001
11542349
11546192
11547692
11547806
11550941
11552689
11553899
11557254
11560241
11563345
11563532
11564784
11565773
11567608
11570859
11571358
11573598
11575297
11575502
11577492
11578154
11582802
11583938
11585135
11588046
11588128
11588564
11588747
11589128
11589949
11592528
11593173
11600028
11601881
11602536
11606099
11606312
11609230
11613029
11613121
11613160
11616892
11617770
11618223
11619485
11619561
11621052
11622319
11623861
11627046
11629182
11629381
11630237
11634148
11634440
11637886
11639610
11639911
11641618
11643190
11643792
11647979
11649535
11651610
11654498
11658342
11659848
11662943
11663989
11666518
11667257
11670159
11671569
11675581
11678548
11683014
11683795
11684787
11686048
11686194
11688528
11689907
11697644
11702827
11704785
11705167
11707663
11711091
11712107
11714505
11716012
11717182
11720368
11720915
11724449
11726801
11728676
11729786
11731023
11731708
11732637
11734417
11735569
11735724
11736141
11736334
11737755
11739491
11739593
11740268
11741201
11741548
11743084
11747227
11748508
11749428
11750323
11753222
11756925
11762774
11766805
11769304
11771115
11774686
11774863
11777571
11777990
11779670
11782189
11784705
11788079
11788312
11789320
11790841
11790885
11797144
11797535
11798577
11800016
11801588
11807085
11807788
11812179
11814765
11816102
11816979
11817270
11818906
11819787
11822165
11825952
11827982
11829116
11832859
11833210
11834057
11836415
11839602
11840382
11841549
11842998
11844606
11844910
11845767
11846052
11846775
11848758
11849295
11851868
11856215
11858577
11859357
11862018
11870083
11870298
11871660
11873756
11874417
11874957
11876672
11877338
11879894
11879929
11880302
11882769
11883105
11883350
11890441
11895173
11895655
11897115
11897409
11898518
11900149
11900338
11900960
11902902
11904806
11906108
11906226
11914164
11916230
11917833
11919734
11925215
11926326
11927661
11929158
11929452
11935913
11937115
11939514
11941531
11945942
11947984
11948123
11949693
11951045
11953059
11958493
11965709
11967116
11968184
11970128
11971821
11975440
11975841
11978559
11979489
11982277
11982404
11985882
11986213
11988906
11989065
11991659
11994231
11994784
11997077
11997569
11999663
12000955
12001612
12002321
12003956
12004050
12004304
12006871
12006959
12009430
12011296
12013245
12014965
12015904
12019234
12026364
12026910
12030059
12031012
12031970
12033079
12035408
12035971
12041781
12045438
12049513
12050401
12050921
12054207
12054261
12055410
12056081
12063235
12067297
12074095
12075439
12077826
12078875
12081017
12088272
12089737
12090526
12090660
12091760
12091812
12095040
12095304
12096518
12097499
12099349
12104078
12105347
12105363
12105409
12108133
12108274
12109610
12111203
12113409
12115081
12122616
12122676
12123680
12125173
12128726
12129305
12129754
12130500
12135436
12138217
12142673
12142990
12144395
12145438
12148697
12149089
12149659
12149942
12150020
12151146
12155792
12156506
12158413
12159281
12159631
12161270
12162370
12163897
12167855
12168845
12169365
12170710
12173246
12178263
12178582
12178799
12180231
12180602
12184693
12189519
12192803
12194183
12196286
12197647
12198098
12198750
12199614
12200728
12200849
12201244
12201909
12201961
12205662
12210845
12211302
12213226
12213337
12214937
12215445
12217562
12221041
12222928
12223496
12223879
12225566
12228597
12230778
12231053
12234085
12236593
12240662
12241743
12242445
12242534
12244042
12247553
12248147
12248270
12248723
12250949
12253276
12257653
12257683
12260172
12265961
12272718
12273620
12275350
12280243
12282443
12296142
12297945
12298296
12299541
12300051
12300648
12305193
12309297
12315713
12318456
12319880
12319901
12320672
12321123
12322182
12324846
12326878
12328691
12329272
12329759
12329832
12330143
12330229
12330352
12332350
12332517
12333063
12333370
12334430
12335399
12338300
12339767
12340081
12341182
12342451
12343291
12344688
12345878
12346641
12346816
12347156
12350478
12350939
12351053
12352482
12353867
12354656
12358193
12358590
12358777
12359028
12359399
12359806
12360159
12361237
12362337
12362487
12364313
12365367
12367014
12367679
12370158
12370413
12371880
12372339
12375277
12376867
12378737
12378865
12379930
12385213
12385702
12393824
12395291
12395828
12397353
12398762
12399002
12400187
12400775
12400989
12400999
12402122
12403389
12404350
12406656
12406691
12408801
12411893
12413382
12414661
12414807
12420058
12426971
12429730
12431458
12432962
12433086
12433997
12434870
12441386
12441540
12442969
12444680
12444753
12444851
12445689
12446212
12448766
12453110
12455132
12456179
12457069
12457573
12459647
12461985
12462173
12462749
12469501
12480043
12480870
12481346
12481856
12483118
12486267
12486939
12488217
12493674
12499015
12499681
12502207
12505639
12505801
12507258
12510577
12513150
12514158
12515142
12515965
12518271
12518686
12519500
12521330
12521797
12523857
12524135
12525775
12526593
12526835
12527632
12527911
12529114
12530104
12531777
12531855
12533069
12534553
12537212
12537590
12540443
12541337
12542409
12543905
12545235
12547331
12550039
12551079
12556873
12556905
12562061
12562552
12562673
12563167
12563483
12563492
12564502
12568666
12572741
12578295
12578873
12581323
12583068
12583075
12583241
12585849
12588023
12589115
12592146
12593131
12593740
12594677
12597103
12599525
12601028
12604172
12604801
12604807
12607873
12611848
12613529
12615723
12616672
12617139
12618783
12619300
12623713
12625123
12625808
12625923
12625934
12626747
12630926
12635573
12635729
12635991
12638332
12638371
12641078
12642079
12642111
12652053
12653490
12655367
12656812
12658300
12660951
12661429
12663405
12671435
12672333
12674236
12674293
12684916
12685420
12686771
12687638
12689930
12693607
12693970
12697761
12699906
12700255
12702258
12703359
12703823
12704367
12704532
12704679
12705077
12707750
12712248
12713174
12713841
12715207
12717229
12717472
12719501
12721238
12727975
12729055
12732168
12733026
12733425
12736118
12736787
12737745
12740169
12740181
12744503
12746305
12746602
12749226
12750451
12760228
12760915
12766324
12772309
12772939
12776070
12776541
12780348
12785582
12785802
12786938
12787157
12787541
12788112
12791872
12798419
12799940
12800450
12802276
12803282
12805361
12808451
12811557
12812451
12817069
12818708
12820308
12821685
12822618
12823352
12825083
12825278
12827999
12828895
12829519
12831899
12832765
12834369
12837469
12837930
12839001
12841408
12842042
12842538
12845133
12846360
12846525
12847003
12849383
12849784
12850811
12851300
12853543
12857511
12858023
12858648
12862095
12862754
12863888
12864699
12864860
12870014
12871492
12874378
12875853
12878685
12879400
12879633
12880383
12880908
12882403
12884307
12884575
12885790
12886951
12889572
12889976
12890342
12891238
12891749
12892682
12901669
12902344
12904112
12905483
12906454
12906489
12910748
12910996
12911442
12911990
12912229
12914590
12918864
12922558
12926208
12926334
12926740
12927843
12930998
12931552
12939787
12940412
12940434
12940545
12943616
12943779
12944723
12944976
12949126
12949358
12951222
12954763
12956793
12961151
12965723
12969810
12971626
12972014
12972670
12973174
12974350
12974752
12976901
12977473
12981389
12983821
12985444
12986514
12987428
12989920
12991110
12993260
12997576
12997776
12999342
13001467
13002683
13003832
13005422
13007114
13009283
13011169
13014888
13016586
13018949
13020072
13020416
13022871
13022899
13025868
13026002
13027398
13033302
13033485
13033611
13035762
13036535
13042564
13044397
13046812
13047561
13048484
13049107
13049289
13057932
13058733
13061981
13063482
13064904
13067098
13067858
13078512
13079447
13080234
13081032
13081989
13088921
13088986
13089959
13091507
13091577
13091921
13094311
13096734
13099730
13100249
13101501
13102596
13105550
13109072
13109954
13115214
13116731
13116859
13117158
13120663
13123506
13127268
13127409
13129789
13130059
13131699
13132616
13133568
13135548
13136607
13141880
13144630
13144654
13144684
13147163
13148489
13149988
13151469
13151887
13152056
13153453
13155614
13156095
13156454
13156742
13157981
13158699
13159112
13161101
13161337
13161694
13162416
13163463
13167713
13167907
13167930
13172028
13172544
13173660
13174575
13175507
13182569
13183183
13186459
13186488
13187481
13188172
13190037
13190093
13191977
13193525
13194360
13195272
13195830
13196122
13196273
13198223
13198866
13201240
13202401
13202852
13204541
13204866
13206737
13208638
13210012
13211039
13213675
13214862
13215313
13216611
13219137
13219530
13219904
13220521
13226644
13229165
13230372
13230377
13235591
13236302
13236748
13242753
13242987
13243260
13246260
13247091
13248518
13251278
13252822
13252981
13254984
13255351
13255429
13255507
13255900
13258291
13260859
13263789
13264443
13264546
13265940
13265983
13267576
13268915
13271407
13271534
13273888
13276204
13276547
13276983
13277609
13277739
13278951
13282683
13285341
13287724
13297740
13298335
13298373
13299320
13299780
13300028
13300393
13308747
13310092
13310095
13311678
13312165
13314125
13318600
13321334
13323518
13328644
13330258
13330419
13332262
13333479
13339763
13340291
13340809
13341158
13345500
13346872
13347121
13351540
13355279
13355317
13359831
13361008
13361472
13362173
13362196
13367246
13368111
13371590
13372658
13372817
13380074
13380256
13380941
13381058
13382602
13385812
13388835
13390926
13391864
13393046
13393073
13393614
13395810
13398285
13401575
13402505
13406900
13407856
13408827
13414929
13419437
13420138
13421317
13423634
13425867
13432771
13432826
13433927
13444378
13445246
13446212
13452073
13459308
13460162
13460734
13462242
13466488
13471026
13473028
13475296
13476352
13481440
13482800
13483237
13486267
13487411
13487931
13488594
13488872
13489431
13495480
13495809
13496664
13498112
13499226
13499478
13500613
13501747
13502903
13503256
13503674
13505279
13509198
13511395
13511786
13511904
13512040
13514165
13517352
13526587
13526892
13527027
13529526
13532769
13535712
13537042
13537631
13540734
13541587
13542345
13542756
13543276
13544172
13546439
13548072
13549207
13550704
13552598
13554652
13554954
13555936
13560526
13561143
13561145
13563763
13563867
13564999
13567781
13569056
13569621
13572637
13576706
13582171
13582376
13583452
13585132
13586692
13588030
13588388
13590463
13592638
13598491
13603761
13604722
13606857
13607233
13611148
13611702
13615317
13616960
13618362
13620013
13621823
13622350
13625452
13625731
13627918
13628559
13628729
13631196
13631474
13633462
13633753
13633770
13634278
13634489
13635054
13635204
13636446
13636795
13642234
13648357
13649783
13651206
13651228
13651770
13652276
13656130
13658215
13662029
13664548
13665573
13666941
13667582
13670135
13671416
13671574
13672988
13673523
13678633
13679750
13680316
13682583
13682590
13684163
13685354
13685801
13689814
13690951
13692020
13692695
13694967
13697966
13700593
13701711
13701951
13705766
13706546
13706776
13709085
13709310
13711416
13714605
13714871
13715479
13715889
13717292
13718703
13722387
13726015
13727352
13729343
13733297
13733782
13735291
13737932
13738735
13738908
13739596
13741890
13741929
13749112
13751485
13751544
13753187
13753257
13754479
13756573
13756758
13758328
13758515
13759827
13760834
13764600
13765343
13767592
13769389
13779042
13782940
13783425
13784821
13787035
13789571
13791974
13793089
13794794
13795396
13796074
13803028
13807111
13808187
13809276
13809956
13812069
13814301
13815141
13815851
13816393
13816536
13820799
13822200
13823087
13828891
13830564
13833558
13834701
13840812
13841682
13846914
13847686
13847927
13849945
13851905
13852819
13854566
13855492
13856468
13857742
13864188
13869623
13870230
13875201
13877575
13878088
13881101
13882419
13887906
13888277
13889342
13889509
13890480
13890622
13893394
13894012
13895268
13895604
13897416
13898397
13898600
13899106
13900574
13901681
13903413
13906173
13907356
13908032
13909848
13911112
13911578
13912089
13913090
13915590
13916467
13917954
13923665
13924095
13924712
13926224
13927350
13929175
13931757
13933894
13935413
13935714
13937001
13937352
13938646
13939932
13939972
13942253
13943743
13946911
13947162
13948083
13948139
13950279
13953569
13958394
13960673
13962927
13965914
13967273
13968513
13968535
13969044
13969104
13970527
13971125
13972330
13972739
13975512
13979184
13979856
13980427
13983031
13983461
13988155
13988460
13988674
13992748
13994640
13995617
13995989
13996469
13996971
13999490
14000645
14003211
14005673
14005914
14016328
14016443
14017213
14020008
14020930
14021263
14022983
14023498
14023622
14024305
14024810
14026669
14028416
14029243
14030927
14032198
14032595
14032655
14034074
14036557
14037063
14038689
14039078
14042434
14043486
14047087
14048127
14049602
14052704
14053137
14054201
14055054
14056125
14056830
14058398
14059859
14059970
14061180
14063454
14065944
14068907
14069224
14069469
14069902
14074612
14075007
14075322
14076007
14076918
14079710
14080614
14084104
14085130
14090883
14093150
14093201
14094259
14098606
14099028
14103603
14103909
14104213
14104612
14104640
14109560
14111550
14114164
14116826
14118820
14120592
14122066
14122178
14122406
14123315
14123888
14124169
14125221
14125261
14132289
14133298
14133773
14135570
14135796
14136044
14136924
14137393
14138720
14142650
14144154
14145026
14146204
14152377
14153987
14154105
14158899
14159285
14160262
14161516
14166421
14169725
14170257
14173876
14175147
14178049
14178469
14181880
14183056
14184778
14186833
14190201
14194276
14196689
14197916
14198155
14198616
14201898
14201962
14207135
14207944
14209393
14210132
14210510
14211209
14214625
14216614
14221755
14223364
14228126
14228185
14228432
14228923
14231294
14232740
14232837
14233889
14237065
14237482
14241416
14245106
14250080
14250584
14250652
14251718
14251855
14252587
14252748
14256054
14258510
14260313
14262079
14265029
14266490
14267307
14267556
14267766
14269192
14270424
14278694
14280423
14286738
14289903
14292987
14295046
14295921
14296418
14299088
14305196
14306382
14307775
14308287
14308932
14312197
14313186
14313473
14317977
14320157
14322585
14322865
14323055
14323341
14327922
14329336
14334031
14335913
14339011
14345161
14348656
14353343
14353705
14358941
14367192
14367344
14368880
14371303
14371791
14372771
14374650
14376035
14377843
14380242
14381046
14384441
14384816
14386692
14386988
14387008
14392017
14392725
14394332
14399692
14400803
14401567
14404285
14404760
14409064
14410055
14410350
14417628
14418863
14419505
14420119
14422596
14428076
14431679
14433658
14435714
14436824
14437870
14438792
14439414
14440887
14443659
14444071
14449724
14452696
14456254
14456892
14459589
14460953
14462649
14466730
14467018
14471090
14471281
14474554
14476824
14478687
14481021
14483071
14484734
14488342
14489068
14491656
14492834
14494453
14494732
14495378
14495896
14496346
14498121
14498202
14498570
14499069
14506333
14511937
14514220
14514516
14514871
14514931
14515129
14516271
14516463
14518023
14520849
14521278
14522019
14523083
14525841
14526955
14534350
14535880
14536361
14539034
14540060
14540095
14540758
14541304
14544164
14545721
14549995
14551969
14552142
14555461
14558360
14561983
14563118
14563656
14565733
14566391
14569017
14569026
14569505
14572451
14573058
14573829
14576314
14577229
14577729
14578694
14580134
14581830
14586782
14593143
14593726
14597264
14598122
14599201
14601942
14602616
14603692
14605168
14605281
14608228
14608322
14609578
14609798
14613026
14613580
14615046
14615700
14616311
14619743
14623759
14624013
14626040
14630242
14631925
14632073
14634043
14634537
14639941
14640049
14645255
14648865
14649340
14649984
14650577
14652314
14653407
14653982
14654778
14654919
14656205
14661546
14667866
14668153
14668351
14670254
14671981
14674960
14675263
14677366
14677372
14677598
14678512
14680156
14686861
14687050
14688770
14688978
14691456
14691603
14696579
14696857
14697469
14700060
14700266
14704407
14707474
14708289
14708478
14711544
14719961
14722880
14724250
14725399
14726542
14726846
14730519
14732027
14734360
14734735
14736416
14737488
14738301
14739544
14740941
14742741
14743539
14744920
14745308
14745581
14748679
14749399
14750357
14755067
14761933
14762476
14762534
14763902
14763923
14765145
14766213
14769160
14770644
14771291
14771295
14772072
14778505
14779229
14779908
14786107
14791841
14794530
14796725
14800422
14802065
14802399
14804796
14806800
14809826
14811625
14813190
14813587
14814189
14814785
14817836
14818407
14820786
14835293
14835865
14839079
14842106
14843875
14845831
14847280
14847692
14848856
14851126
14856068
14856169
14858354
14858539
14858574
14859979
14862548
14862731
14863989
14864366
14864378
14867257
14867526
14870622
14871743
14873511
14874024
14875552
14876689
14877686
14878483
14878854
14879893
14885310
14886158
14890773
14890996
14892412
14894783
14897793
14898627
14905156
14906290
14907981
14908244
14911381
14912623
14915113
14915538
14917072
14917105
14918978
14921132
14921347
14921812
14925218
14925670
14926329
14926694
14932256
14935859
14943249
14946305
14947146
14947644
14951642
14952285
14952770
14953466
14957182
14957564
14958541
14959804
14960400
14965389
14969965
14971619
14974952
14976556
14977338
14977860
14978296
14985119
14985251
14985392
14989038
14989963
14990285
14990319
14991451
14993798
14995331
14999441
15001134
15001650
15002417
15005256
15006015
15007339
15008734
15011126
15011627
15012443
15017999
15018965
15021398
15022536
15023437
15023965
15024420
15028816
15033916
15035615
15038995
15043027
15043443
15043889
15046001
15050672
15051328
15053536
15054857
15055145
15056915
15058407
15058846
15059692
15060353
15060826
15061170
15062512
15065545
15067429
15068057
15070443
15071137
15074222
15081269
15085986
15086396
15088342
15091568
15092029
15096554
15098901
15099157
15106219
15110259
15111883
15113378
15120353
15122167
15122538
15122744
15122790
15124731
15127671
15128532
15131132
15132725
15132960
15134592
15135301
15137718
15138235
15139131
15148003
15148856
15149544
15150505
15154366
15154889
15155054
15156277
15159056
15159221
15160255
15160541
15163670
15164258
15165025
15169047
15169490
15169844
15171949
15173206
15173744
15174061
15174383
15176235
15176250
15181659
15181953
15185514
15186378
15187110
15189108
15194678
15194992
15195054
15196104
15199210
15200737
15206927
15207775
15216422
15217626
15218181
15219592
15221497
15221861
15224179
15224473
15226267
15227358
15227613
15228425
15228853
15233672
15234498
15235676
15241918
15242633
15243429
15244605
15245427
15246105
15246441
15246510
15253778
15254297
15256029
15257125
15257488
15258046
15258197
15258375
15259468
15259667
15260770
15266224
15267776
15269719
15272948
15276986
15281494
15281745
15281886
15286782
15286811
15287760
15288548
15288927
15289808
15290854
15291718
15293950
15297192
15298573
15302056
15303556
15304780
15307112
15307289
15311460
15313120
15314803
15314988
15315181
15316097
15316155
15317819
15326157
15327497
15330735
15335778
15335893
15336342
15338499
15339102
15341023
15343562
15343680
15350429
15353422
15357580
15359737
15360692
15363823
15366521
15366923
15367538
15368598
15369418
15370371
15371780
15372155
15372641
15374546
15374838
15377349
15381756
15382411
15388423
15390367
15396463
15396909
15397013
15398554
15398948
15398972
15402594
15403932
15404034
15410033
15410035
15411076
15411923
15420729
15426802
15435238
15435625
15436507
15437206
15437217
15437410
15437872
15442207
15443162
15443469
15443505
15445794
15448173
15457703
15461354
15463516
15464492
15466687
15468275
15469133
15472238
15474595
15476617
15477627
15477970
15480722
15481698
15482548
15483935
15487098
15491505
15493512
15498358
15501464
15505203
15506550
15506775
15507448
15508969
15510043
15515080
15520008
15523981
15524667
15525430
15527028
15527822
15528083
15530736
15530807
15533132
15535394
15539660
15543681
15547068
15547130
15551104
15555926
15555930
15560530
15561316
15562424
15567255
15568447
15570787
15572154
15575429
15576391
15585333
15587692
15591166
15591167
15592571
15596741
15598174
15598403
15599840
15600601
15601441
15601532
15601917
15604687
15606489
15608920
15610266
15610279
15612542
15613852
15615246
15617388
15621007
15623235
15623321
15623335
15625114
15628873
15639961
15646130
15651181
15653086
15655842
15655931
15656500
15656808
15657382
15657673
15660846
15664562
15666725
15670156
15674682
15675293
15675996
15676163
15677054
15677507
15682618
15682839
15684450
15685719
15687806
15688376
15689421
15690660
15691579
15694580
15697169
15697406
15702535
15703460
15705168
15707023
15709685
15710825
15711314
15712497
15712548
15719207
15721246
15721464
15723860
15725357
15725730
15725754
15726029
15729298
15735537
15743793
15744493
15748341
15749555
15750448
15753821
15754327
15756297
15758078
15761252
15761800
15765765
15766475
15767197
15769606
15770677
15770814
15772935
15774866
15776262
15778849
15779462
15779724
15781065
15782265
15783268
15784128
15785627
15790116
15790178
15790334
15794023
15794235
15796736
15799573
15802274
15803200
15804735
15805131
15808798
15809040
15811281
15811303
15811620
15812326
15813349
15814473
15818189
15818386
15818608
15823309
15825355
15826148
15830081
15830790
15833477
15836770
15838756
15840864
15841946
15846868
15849939
15850209
15850367
15852858
15854316
15854387
15854849
15855030
15857330
15859121
15860065
15860835
15861950
15862513
15862819
15862945
15864288
15864368
15866523
15868860
15871465
15872164
15874340
15874398
15875938
15876047
15876824
15879337
15883362
15884248
15885002
15888551
15890749
15893070
15893229
15896026
15899169
15899741
15900137
15901240
15905566
15906020
15907124
15908374
15918998
15921728
15921761
15924588
15924927
15925200
15925366
15925637
15926093
15929130
15931997
15933402
15935505
15940557
15941461
15943305
15945935
15947747
15948156
15948476
15949780
15950595
15951525
15951881
15952611
15952742
15955297
15955353
15957420
15958215
15958378
15963688
15966515
15969402
15969463
15970789
15971028
15971099
15971366
15971471
15971856
15972177
15973326
15973847
15983140
15984381
15985600
15985770
15988115
15990730
15991241
15992502
15993404
15996584
16000150
16001868
16007059
16008100
16010916
16011303
16012703
16012780
16013075
16018877
16020825
16021915
16024167
16026215
16027236
16030644
16032259
16037101
16040291
16045587
16047586
16049990
16050056
16052172
16053576
16055527
16058343
16061079
16063754
16065625
16069642
16071801
16072029
16074162
16076722
16077909
16080337
16082158
16082796
16085074
16087551
16091517
16093833
16096074
16103857
16104996
16105259
16105682
16106349
16109561
16110522
16110824
16110917
16114140
16114867
16115123
16115528
16118065
16118749
16119082
16120949
16122337
16123210
16127659
16128259
16128365
16129509
16129530
16131696
16133242
16143399
16144910
16148106
16148709
16150401
16151153
16152244
16152676
16153181
16155399
16155419
16156375
16156625
16158115
16158579
16159903
16161006
16162861
16164072
16164239
16166430
16173722
16175697
16180023
16182444
16183701
16184662
16184783
16188123
16189431
16190875
16196966
16199838
16200408
16201092
16201843
16204280
16204480
16204714
16206887
16206934
16207380
16207955
16213788
16214225
16214304
16216103
16217111
16219134
16220184
16220391
16223621
16226868
16227917
16230257
16230734
16230735
16231783
16232271
16233692
16234389
16234528
16240424
16241838
16243568
16247252
16254476
16256294
16258225
16267172
16268875
16269634
16270967
16271011
16272977
16275459
16277028
16282770
16286006
16286094
16287511
16291185
16292479
16292889
16295878
16299957
16300229
16301506
16302315
16304098
16305296
16311406
16314683
16316162
16318415
16319489
16319619
16321488
16323304
16323412
16323505
16325189
16327065
16328892
16329501
16329836
16331044
16337430
16338015
16338749
16339272
16339482
16340686
16341560
16342250
16345742
16346649
16347429
16348293
16352584
16355912
16355939
16357474
16358886
16358897
16361335
16364173
16366441
16368380
16370257
16370522
16372216
16373097
16373667
16373849
16377948
16382438
16382775
16387973
16389403
16390036
16390093
16393726
16393938
16394928
16396548
16400141
16400273
16402289
16405334
16405501
16406610
16408801
16409211
16420290
16421372
16423591
16424994
16428320
16429926
16431000
16431943
16432196
16433012
16434202
16435160
16436999
16438765
16441399
16442493
16448509
16449009
16450565
16452145
16452395
16452823
16453054
16453947
16458052
16458440
16460417
16460561
16461209
16462959
16463190
16463202
16464615
16466154
16466401
16466555
16469213
16471525
16473253
16474178
16480991
16487695
16492951
16495599
16499761
16500492
16502134
16503987
16505152
16506195
16508921
16510717
16511097
16511305
16512390
16515253
16515935
16519721
16521242
16521283
16524831
16526691
16529088
16529960
16534409
16535620
16535844
16535888
16536366
16536629
16538364
16538581
16539170
16546764
16549311
16549830
16556038
16559188
16559314
16566227
16566748
16567008
16568392
16568448
16570007
16573071
16574732
16575368
16578789
16579162
16581559
16582748
16584457
16586781
16588572
16589467
16590502
16592461
16592940
16596492
16598453
16599363
16601495
16602847
16603468
16603535
16603972
16604025
16606706
16607465
16610256
16611094
16611272
16613238
16616841
16617764
16620541
16620676
16622507
16624928
16625233
16625574
16626831
16634284
16636035
16637169
16638044
16640600
16642838
16646331
16647202
16648970
16653083
16660793
16661248
16662220
16664767
16668458
16669073
16672154
16673392
16675630
16675886
16676237
16676845
16677714
16678767
16679126
16679741
16680386
16680576
16680958
16685372
16686830
16687113
16687928
16690092
16690528
16691482
16694323
16694338
16696945
16700721
16702828
16703524
16705319
16706986
16709470
16710978
16710990
16712264
16712729
16713905
16723476
16724105
16725389
16729365
16736422
16738179
16738515
16740383
16742611
16744142
16745104
16745337
16747818
16748241
16749111
16749834
16755419
16756001
16756143
16757657
16758208
16758428
16765510
16765841
16770346
16771216
16772383
16774240
16777380
16777620
16778775
16781621
16781699
16782262
16782380
16783958
16784568
16785848
16787770
16787955
16792319
16794908
16795655
16796921
16798975
16800819
16800893
16801788
16802264
16802471
16804291
16805278
16805931
16808359
16809034
16812007
16814739
16820035
16820433
16824113
16830234
16830521
16834642
16836751
16840539
16843129
16844268
16845349
16845580
16847945
16851531
16851902
16854922
16855125
16856894
16861434
16863739
16868175
16868680
16869403
16869991
16872035
16872400
16872721
16879885
16881852
16884086
16890138
16890256
16892555
16893237
16894244
16895622
16896260
16898926
16901024
16905147
16906386
16909442
16909517
16909823
16911173
16911643
16913757
16913867
16914211
16915254
16915554
16916264
16919331
16924367
16925271
16925415
16926536
16926643
16926937
16927517
16927829
16929153
16932719
16933603
16936200
16939528
16940197
16941367
16941500
16947640
16947872
16951263
16954286
16954852
16960034
16963020
16963198
16964295
16966596
16967957
16968237
16969810
16970317
16973914
16976196
16976695
16979548
16979769
16981671
16983155
16984096
16984312
16986029
16988542
16994211
16995971
16996012
16999127
17004111
17005868
17005872
17008559
17009058
17009266
17011026
17011934
17013844
17016197
17016559
17018400
17019985
17023569
17025750
17029072
17043689
17044403
17044679
17047697
17048961
17049134
17062627
17064635
17066863
17067185
17067473
17070742
17072735
17074953
17075198
17077116
17079427
17080505
17080906
17082717
17083627
17084681
17086073
17086505
17088176
17088383
17090233
17090386
17091680
17093932
17095046
17097366
17098122
17101311
17102780
17102963
17103631
17107178
17107734
17107927
17108440
17110227
17112649
17114329
17114700
17114908
17116928
17120432
17121618
17122424
17124122
17125735
17128251
17131124
17132039
17135096
17136355
17137187
17137693
17138843
17139298
17140833
17146523
17148248
17149410
17150246
17152513
17155256
17155545
17156794
17157916
17159381
17160466
17162550
17163521
17166184
17171359
17171440
17175335
17181328
17181548
17184374
17186213
17191825
17194671
17196859
17198454
17198534
17201122
17202336
17202867
17203182
17203843
17204043
17206174
17206357
17209660
17216019
17216544
17220218
17220242
17220535
17221569
17221996
17222231
17223813
17224001
17224115
17224750
17226493
17232414
17234762
17235014
17235109
17236572
17236801
17237310
17239770
17246954
17250746
17254389
17257530
17260217
17260704
17260997
17261100
17261802
17263537
17267029
17267342
17269913
17279048
17281653
17283751
17285998
17288092
17291086
17293813
17298828
17299332
17299736
17300494
17307484
17307770
17309154
17312384
17312791
17315215
17315474
17318334
17322321
17325014
17326671
17328542
17329710
17329988
17331232
17332320
17333101
17334165
17335786
17336282
17336896
17337128
17338455
17342446
17343519
17346608
17350588
17352435
17352696
17353064
17356321
17356728
17356758
17357346
17360996
17363069
17367771
17368473
17369758
17375225
17375601
17377358
17378969
17379570
17388764
17390569
17395482
17397539
17399855
17400023
17402651
17403495
17404649
17405353
17405891
17407271
17407399
17407520
17407967
17410090
17410733
17410890
17411185
17411281
17412801
17413675
17414410
17417042
17418383
17418496
17421103
17421631
17422062
17423355
17423865
17427499
17430221
17431265
17431510
17433040
17434885
17437234
17441608
17442205
17443284
17446836
17450241
17451769
17452186
17457162
17458200
17459095
17459688
17466056
17466344
17469364
17473350
17475350
17476865
17480221
17481735
17482271
17482833
17485391
17487866
17490092
17493840
17495337
17497121
17497135
17499262
17503693
17506754
17509767
17510004
17510859
17510977
17517466
17517642
17518596
17519560
17522862
17524669
17524870
17533536
17533581
17534184
17534738
17534874
17536849
17537867
17539797
17551708
17553383
17554515
17558671
17560772
17561213
17562206
17562754
17563012
17563796
17563817
17569491
17570144
17570852
17571693
17573613
17574082
17574165
17574352
17575932
17578473
17579169
17579967
17580599
17581082
17581251
17581514
17582121
17584272
17587317
17587785
17588459
17588737
17589117
17596292
17603510
17605203
17605398
17606412
17606689
17607502
17609246
17610293
17610628
17616858
17617242
17618668
17619450
17620212
17621007
17621451
17621969
17622362
17623394
17627349
17629572
17636582
17637097
17637215
17638099
17638219
17638766
17639009
17639776
17640076
17642621
17643368
17647610
17651084
17651300
17651503
17654022
17654172
17654795
17655371
17656057
17657406
17657528
17658925
17660125
17661511
17663091
17665604
17667434
17668784
17669441
17669585
17680141
17684084
17686607
17686695
17686877
17690287
17690904
17690985
17692252
17694917
17697231
17697705
17700423
17706276
17707830
17711125
17711679
17712004
17712277
17713754
17715493
17715842
17717288
17718785
17719340
17720449
17723734
17724447
17724853
17726399
17729331
17729912
17733949
17739825
17741774
17743733
17745388
17746277
17746452
17746541
17749231
17750314
17751435
17752411
17752613
17757151
17758494
17759273
17759544
17762346
17764015
17764305
17765982
17770006
17771054
17772006
17775679
17777895
17779193
17781982
17788438
17788847
17790518
17794022
17794774
17796580
17798781
17799731
17800406
17800486
17804687
17805646
17808839
17808867
17809663
17809969
17811771
17816728
17817729
17819515
17819895
17826549
17827674
17829178
17830380
17831262
17833258
17835177
17835319
17835464
17836932
17841356
17843622
17844947
17845742
17848029
17848337
17854812
17855733
17861769
17862950
17863645
17866278
17867106
17867194
17867930
17872725
17872925
17876695
17880299
17880362
17881929
17882298
17882650
17882917
17883491
17883537
17886588
17887827
17888017
17889114
17891567
17891992
17895320
17899804
17901208
17903173
17909170
17914220
17914826
17920985
17923102
17928439
17935461
17936996
17938231
17940938
17941691
17942823
17943125
17944544
17947341
17949126
17954733
17957814
17959230
17961236
17962364
17962946
17963134
17964748
17968250
17971487
17972855
17973066
17973626
17974226
17974996
17979637
17980419
17983949
17986648
17987573
17988656
17989320
17992589
17993137
17993184
17993375
17993456
17993668
17996090
17996294
17997507
17997697
17998140
17999591
18000243
18000893
18007182
18010006
18010653
18016126
18018242
18019335
18023124
18026777
18029959
18031063
18032394
18034321
18037622
18037800
18041400
18041821
18042021
18045707
18047049
18048047
18050448
18050815
18053470
18058003
18060708
18061916
18064265
18065217
18067305
18068438
18069201
18069573
18071299
18073335
18075524
18079127
18084016
18089347
18092143
18092290
18094503
18096041
18096680
18101295
18105927
18106282
18109979
18111477
18112492
18113766
18115486
18115942
18117094
18117829
18118278
18122651
18122722
18123837
18124346
18126897
18129641
18130733
18130933
18135712
18136315
18137235
18139643
18140977
18144269
18145270
18146334
18147299
18147621
18149368
18149369
18150412
18153636
18156969
18158734
18173427
18175857
18176742
18177568
18178038
18181049
18181123
18187107
18188554
18189377
18192586
18192776
18193117
18195388
18202730
18207643
18210436
18217406
18219060
18219428
18220565
18220783
18221387
18221677
18222890
18225073
18227482
18231980
18235035
18236673
18237064
18237211
18239017
18241423
18242833
18246999
18250027
18251070
18254190
18254971
18257145
18259475
18260709
18261909
18263226
18263256
18264609
18266751
18268331
18275919
18276798
18279966
18280114
18280876
18281443
18283362
18283842
18285388
18286674
18289416
18293504
18294102
18295956
18296815
18297802
18298445
18300498
18300839
18300877
18301221
18301275
18302840
18308521
18308736
18309308
18309483
18310411
18312284
18315049
18315588
18317892
18323266
18323560
18325354
18326425
18326698
18333030
18333632
18335420
18339161
18339471
18340193
18340604
18340932
18342681
18346406
18347888
18352832
18352926
18353051
18356434
18357680
18358234
18358945
18361831
18368284
18370743
18371958
18372730
18373291
18374193
18378229
18378593
18379991
18380622
18389079
18390102
18390447
18390731
18390815
18391587
18392718
18396209
18397195
18397233
18401354
18404619
18406582
18409095
18410390
18414137
18416482
18417384
18418506
18420795
18421972
18423452
18424058
18425884
18427111
18427660
18428423
18430120
18431606
18431899
18437397
18441849
18442367
18442845
18443690
18443922
18445780
18448203
18449302
18449592
18449593
18451008
18452555
18454458
18455461
18456880
18457791
18458162
18458328
18459113
18465453
18465699
18466938
18467624
18467934
18468160
18468162
18469236
18474215
18477198
18477265
18477288
18477758
18478618
18480819
18483628
18488378
18490404
18491214
18493468
18494957
18495373
18496077
18498119
18498277
18498744
18502648
18504286
18504514
18510429
18511604
18517067
18520787
18522184
18522341
18522907
18527536
18527649
18527919
18528355
18529868
18532604
18532682
18533964
18536106
18536223
18536697
18537201
18538261
18541137
18544317
18545188
18548553
18551019
18551562
18552900
18553083
18557282
18564633
18566763
18567913
18572514
18576328
18576551
18576719
18580398
18580581
18581608
18582534
18582946
18584363
