108505
109297
109516
109675
112597
113398
114293
115162
115306
115402
116271
116860
117174
117489
117637
117862
119669
120201
120763
121671
121974
122023
123422
124049
124141
124195
125177
126573
126834
127079
127391
127674
127718
127815
127828
127934
127965
128445
128535
128734
128913
129221
129344
129823
129951
130076
130135
130342
130452
130927
131178
131237
131314
131950
132096
132290
132343
133843
134076
134103
134162
134236
134505
134685
134786
135201
135248
135315
135701
135747
136462
136573
136866
137535
138772
140321
140512
140717
142261
142464
142526
142533
142649
142899
142961
143090
146454
147648
149236
150254
150831
150900
151165
151202
151916
152025
153327
155431
158744
202226
202425
203149
203354
203697
204515
204783
205150
205245
206117
206176
206287
206325
206845
206848
206876
207277
207656
207732
208128
208672
208913
208934
209838
210931
211165
211530
211613
211686
212664
212945
213163
214466
214726
217019
218781
218983
221291
227190
227759
293204
296079
301721
304434
305607
305683
305913
306656
307075
307122
307125
307383
308232
308347
308810
309820
310519
310625
310796
311273
311419
311802
312797
312830
313305
313432
313514
313847
314174
314777
314914
315097
315269
315328
315346
316569
316769
317172
317240
318112
318434
319193
319393
319466
320293
320563
320798
321146
321446
321448
433024
434361
436013
437316
437966
438137
439791
440439
444113
445632
446252
448217
448622
448763
448885
449258
449498
449515
449706
450191
450908
451059
451344
451383
451525
451904
452107
452414
452677
452707
453238
453328
453380
453604
453754
454617
454736
455515
455558
455601
456453
456698
457121
457206
457825
458080
458122
458148
458665
459232
459342
459454
459496
459550
459814
459960
460486
460762
461025
461145
461397
461583
461642
462747
462758
464029
464450
465313
465513
466004
466028
466855
467193
467572
468638
469278
469483
470009
470102
470412
471783
473098
473170
473729
474584
475226
475845
476043
476440
476783
477367
479005
479078
479181
480342
490573
494663
495151
495981
495986
496000
496149
496295
496479
496495
496533
497274
497732
497852
498242
498252
498323
498484
498602
499107
499568
499840
500052
500200
500444
500491
500499
501443
502691
503004
503522
504151
504189
504315
504478
504504
505521
505882
506038
506648
506753
507715
508894
509005
509111
510813
511324
511554
512011
512141
512424
512461
512882
513830
550040
550490
550691
550801
550847
551897
552224
552238
552360
552472
552945
553324
553663
553979
554276
554356
554864
554949
555336
555411
555574
555918
556192
556525
556803
557084
557128
557693
557703
558207
558404
559709
559757
559920
560148
560171
560245
560922
561084
561224
561327
561729
561785
561833
561899
561917
562038
562463
562522
562631
562635
562900
564657
565367
567328
568814
570066
570360
571550
571814
572020
573266
573977
574844
575422
575803
577127
643826
643926
643996
644116
644170
644196
644687
644794
644798
646152
646513
646551
646589
646736
647476
648026
648443
648822
648861
649093
649758
650027
650207
650374
650383
650642
651510
651513
651551
651756
652218
652403
652509
652875
653335
653369
654216
808599
809669
809776
810099
810342
810691
811109
811202
811308
811324
812687
813491
814076
814340
814637
814861
815123
815146
815215
815985
816569
816720
816850
817050
817179
817429
817811
817910
818688
818744
818822
818832
819424
820376
820436
820491
820587
821478
821644
821924
822682
823001
823157
823988
824469
824958
825011
836248
837637
839378
840031
841563
841611
842167
842916
843072
843249
843324
843330
844014
844023
844969
845110
846262
847571
848345
849473
849497
850401
850818
850898
851325
851511
852298
853305
853646
854338
854509
854757
855087
855310
855935
855951
856283
856997
857393
857830
858284
858358
859359
859852
860646
860864
862423
864014
893226
893618
893847
893977
894046
894446
894764
894784
895261
895555
895588
895652
895740
895798
895915
895983
895999
896156
896737
896900
897266
897301
897565
898360
898527
898791
899288
899442
899656
900004
900139
900172
900224
900362
900443
900509
900573
900608
900891
901065
901283
901313
901968
902543
902926
903033
903128
903188
904103
904128
904404
904488
904848
904885
905333
905489
905760
906033
906137
906160
906342
906453
906644
906846
906912
907210
907373
907692
907778
907830
908537
908656
908915
908999
909033
909066
909176
909557
909654
909833
910029
1001208
1014158
1046800
1047160
1050268
1051273
1051318
1051441
1054006
1054959
1069363
1233144
1233189
1233219
1233528
1233670
1234080
1234810
1234981
1235268
1235301
1236218
1236284
1236754
1236991
1237045
1237249
1237370
1237651
1238149
1238509
1239445
1239927
1240061
1240325
1240519
1240519
1240640
1240810
1241266
1241448
1242115
1242145
1242278
1242447
1242493
1243191
1243245
1243420
1243503
1243694
1243957
1243977
1244126
1244770
1245757
1246073
1246509
1246767
1246859
1246981
1248732
1249613
1249680
1250265
1250389
1250501
1250585
1251468
1251850
1251883
1252129
1252222
1252233
1252460
1252850
1252929
1253535
1253877
1253907
1254277
1254307
1254353
1254821
1254949
1255463
1255893
1256022
1256191
1256269
1256420
1256726
1256998
1257267
1257574
1257802
1257983
1259816
1260428
1260667
1261572
1262092
1262094
1262135
1262286
1262380
1262833
1263070
1263122
1263231
1277492
1277958
1278069
1278200
1278818
1278889
1279361
1279564
1279679
1280302
1280790
1281573
1281918
1282769
1284027
1284360
1284565
1284985
1285241
1285503
1285771
1286460
1287716
1287726
1287907
1288004
1288525
1288714
1289296
1289634
1289710
1290220
1290353
1290589
1290958
1291246
1292103
1292161
1292644
1292758
1293868
1294096
1294581
1294771
1295518
1295525
1295716
1295966
1297184
1297542
1297725
1297926
1298752
1299711
1299926
1300921
1300969
1301092
1301816
1302143
1302322
1302388
1302882
1303167
1303223
1303276
1303560
1303806
1303889
1303995
1304186
1304469
1305112
1305712
1305871
1309226
1311289
1311448
1314605
1314898
1316721
1320385
1320920
1321525
1322390
1322499
1367443
1367512
1368198
1370397
1370537
1371196
1371404
1372279
1372418
1372659
1374155
1374823
1375346
1375758
1376716
1377952
1381128
1382031
1382827
1383449
1383934
1384363
1385578
1385785
1386676
1387457
1387512
1388830
1390181
1394092
1395729
1395907
1396824
1397018
1398870
1399283
1400190
1401948
1403342
1403755
1408668
1411506
1413283
1413375
1413477
1413622
1413678
1414876
1415354
1415946
1416098
1416117
1416147
1416495
1416704
1416941
1417186
1417252
1417461
1417801
1417802
1417806
1417811
1417905
1417962
1418157
1418565
1418693
1418772
1418792
1419057
1419939
1420035
1420590
1420928
1421164
1421178
1421253
1421294
1421372
1421427
1421513
1421550
1421568
1421636
1421753
1421857
1422037
1422228
1422351
1422355
1422462
1422981
1423048
1423421
1427393
1433448
1436889
1451584
1453156
1457373
1457478
1458353
1458912
1459836
1461744
1462271
1463850
1463858
1464174
1464181
1464538
1464647
1466247
1466782
1467532
1467826
1468399
1469064
1469185
1469860
1470923
1471687
1471743
1472329
1473188
1474324
1474452
1474711
1474858
1475423
1475428
1475928
1476250
1476280
1476924
1477187
1477441
1478174
1478693
1478852
1479024
1479043
1479408
1479887
1481645
1481945
1482665
1483287
1483529
1483948
1484489
1484578
1484629
1624800
1628139
1628704
1629825
1674105
1674105
1674876
1676309
1676586
1676729
1676751
1677013
1677869
1678003
1678316
1678542
1678745
1678775
1678804
1678923
1679826
1679913
1679935
1680020
1680155
1680755
1681756
1681927
1682536
1682943
1683085
1683211
1683339
1683517
1683632
1684249
1684442
1684732
1685243
1686106
1687263
1688098
1688527
1689098
1689103
1689423
1689453
1689820
1722594
1737639
1737866
1739904
1741939
1742531
1744950
1747777
1749086
1751613
1751828
1752403
1752707
1752720
1753116
1791144
1792808
1795169
1795263
1795680
1796822
1797176
1797773
1797939
1799842
1800259
1801273
1866364
1868228
1868528
1869170
1869931
1870628
1870809
1871010
1871907
1872952
1873390
1873998
1874462
1875298
1875638
1878608
1879636
1880077
1880155
1881084
1884952
1894290
1894382
1894966
1895317
1895631
1895807
1896005
1897390
1897636
1897996
1898043
1898371
1899075
1899805
1900078
1900516
1900991
1901188
1901368
1902483
1903601
1905245
1905327
1905957
1906868
1907682
1907744
1908360
1926632
1927037
1927173
1928132
1928782
1929057
1929496
1929761
1930067
1932344
1932486
1933128
1933417
1934276
1935475
1937566
1940725
1942446
1942579
1943715
1943817
1944283
1944364
1944682
1944949
1945334
1945688
1965734
1967381
1967711
1968816
1970999
1972595
1973023
1973239
1975131
1975801
1976751
1977366
1977957
1978364
1978898
1980777
2028175
2029286
2030015
2030039
2032363
2033391
2033702
2034321
2034951
2035058
2035531
2035563
2035634
2036582
2036692
2041052
2041827
2041829
2041928
2070022
2071983
2073275
2110228
2123346
2127403
2127416
2128957
2130070
2130865
2132379
2135605
2136587
2136973
2137218
2137276
2137345
2137503
2137892
2138375
2138454
2138565
2138887
2139511
2139544
2139795
2139855
2139886
2140442
2140683
2140800
2141082
2141238
2141248
2141957
2142047
2142612
2142685
2143158
2143208
2143287
2143421
2143598
2144084
2144655
2144950
2144981
2145118
2145766
2145770
2146252
2146308
2146948
2147532
2147892
2147966
2148734
2149199
2149204
2149725
2150532
2150824
2151041
2151179
2151228
2151349
2151362
2152079
2152856
2152933
2153159
2153526
2153668
2154619
2154741
2154880
2155606
2155821
2156553
2156583
2156681
2156736
2157263
2157928
2158527
2159192
2159589
2160346
2161152
2161772
2161795
2161971
2162427
2163204
2166341
2168162
2187144
2187196
2187548
2189013
2190498
2191982
2194329
2194429
2195648
2195676
2196867
2215480
2215498
2215793
2215884
2215901
2216342
2216438
2216965
2218899
2220306
2222417
2223916
2223999
2225588
2227522
2229314
2229436
2230382
2248074
2248550
2250636
2251760
2254352
2255519
2256607
2279037
2280773
2281152
2281415
2281507
2281509
2281988
2282063
2282257
2283068
2283346
2283488
2283826
2284190
2285162
2285866
2285959
2286046
2286060
2286192
2286229
2286577
2286706
2286897
2287697
2287937
2288052
2288396
2288538
2288729
2288858
2288864
2289004
2289046
2289261
2289573
2289794
2289984
2290224
2290683
2290842
2291061
2291157
2291517
2291644
2292229
2292295
2292824
2293030
2293083
2293130
2293168
2293717
2293743
2293982
2294167
2294406
2294417
2294525
2294699
2294917
2295218
2295238
2295387
2295464
2295479
2296557
2296791
2296916
2297678
2297856
2298058
2298225
2298568
2314478
2314785
2314788
2314798
2314987
2315081
2315444
2315522
2315962
2316226
2316718
2316885
2317204
2317291
2318002
2318079
2318254
2318348
2318574
2318648
2318669
2318742
2319800
2320042
2321197
2321332
2321622
2322190
2322267
2322950
2323298
2323330
2324098
2324322
2324362
2324416
2324878
2324922
2324983
2325024
2325423
2325446
2325644
2325745
2325781
2326248
2326323
2326697
2326842
2326979
2327017
2327121
2328005
2328033
2328128
2328327
2328366
2328484
2328777
2329207
2329425
2329665
2329790
2329842
2329960
2330310
2331121
2333006
2333120
2333248
2333294
2333394
2334032
2334184
2334269
2334386
2334735
2334755
2334905
2335266
2335516
2336164
2337290
2337483
2338205
2338743
2338970
2339631
2339643
2339990
2340001
2340101
2340423
2340666
2340933
2341319
2342009
2342162
2342352
2342648
2342858
2342994
2343011
2344059
2344090
2344485
2344834
2345188
2345198
2345204
2345234
2345853
2346182
2346504
2346678
2346714
2346728
2346827
2347197
2347817
2348012
2348046
2348800
2348806
2348819
2349070
2349299
2349464
2349977
2350513
2350587
2362302
2367147
2369719
2372819
2376014
2377735
2378130
2406104
2411788
2412092
2412298
2412546
2412746
2413905
2414240
2414284
2414426
2414777
2415028
2415237
2416052
2416279
2416582
2416862
2417209
2417526
2417660
2417683
2417776
2418089
2418284
2419060
2419258
2419527
2420262
2420393
2420512
2420646
2420791
2420809
2420950
2421116
2421828
2421993
2422113
2422210
2422345
2422425
2422982
2423889
2423985
2423994
2424086
2424558
2424601
2424664
2425089
2425789
2425906
2426196
2426467
2426711
2426725
2449152
2453057
2458691
2488551
2491154
2493335
2496767
2499603
2503547
2503902
2504466
2505054
2505224
2505451
2505683
2506890
2507690
2507726
2507796
2508779
2508862
2509233
2509505
2510269
2511058
2511894
2514469
2545428
2573006
2573095
2573312
2573318
2573414
2574272
2574440
2574814
2574944
2575250
2575326
2575773
2575894
2576002
2576443
2576444
2576569
2576750
2577342
2577540
2577695
2577765
2578248
2578992
2579114
2579256
2579463
2579573
2580324
2580850
2581435
2581605
2581643
2582185
2582772
2582790
2582929
2582970
2583015
2583060
2583181
2584076
2604865
2604913
2605495
2605519
2606437
2607295
2607388
2607984
2608061
2608272
2608304
2608377
2608432
2609067
2609271
2609317
2609458
2609588
2609638
2610426
2610636
2610667
2610761
2611096
2611117
2611620
2612153
2612938
2613171
2613550
2613916
2614316
2614583
2614948
2614964
2615382
2652473
2653028
2653084
2653341
2653432
2653692
2653920
2654457
2654556
2655404
2655440
2655587
2655620
2656038
2656267
2656904
2658308
2658489
2658552
2658674
2658919
2658943
2659111
2659143
2659204
2659261
2659314
2659862
2660079
2660084
2660093
2660382
2660567
2660595
2660725
2660880
2660962
2661329
2662043
2662222
2662317
2662332
2662516
2662702
2663101
2663511
2663629
2663815
2663909
2687198
2694517
2695852
2695880
2696173
2696375
2696729
2697125
2697131
2697250
2697456
2698188
2698248
2698321
2698376
2698591
2698941
2699014
2699215
2699407
2699591
2700002
2700454
2700616
2700691
2700906
2701184
2701657
2701791
2701844
2701907
2701962
2702330
2703186
2703268
2703291
2703525
2703992
2704957
2705080
2705304
2705324
2705516
2706337
2706363
2706569
2706948
2707339
2707447
2707457
2707517
2708030
2708230
2708578
2708929
2708989
2709074
2709485
2709569
2709633
2709642
2709831
2709913
2710090
2710345
2710738
2711144
2711530
2711594
2711678
2711965
2712068
2882958
2883394
2883465
2884242
2885714
2888131
2888376
2888398
2889088
2889500
2890187
2892287
2892608
2908762
2909901
2910080
2913287
2913787
2913834
2920038
2920530
2920609
2923537
2926834
2928720
2928910
2929076
2929234
2929534
2929930
2931560
2931844
2932194
2932330
2932363
2932402
2932639
2933199
2933643
2933651
2934058
2935160
2935863
2935879
2936478
2936541
2936646
2938183
2938404
2938565
2938787
2939001
2939706
2940730
2940836
2941093
2941280
2941637
2941709
2943827
2943857
2944021
2944375
2944402
2944542
2945154
2945384
2945442
2945566
2945897
2946064
2946558
2947345
2947704
2948720
2948737
2949006
2949280
2949648
2950152
2950379
2951196
2952076
2953058
2953312
2953731
2954034
2954821
2955054
2955421
2955468
2955693
2956431
2957122
2957171
2957279
2957465
2957732
2958002
2958090
2958852
2958900
2959229
2959864
2960166
2960323
2961213
2962667
2962681
2962722
2962915
2963559
2963587
2963658
2963775
2963885
2964360
2964512
2965151
2966508
2966516
2966887
2967232
2967316
2967467
2967540
2967868
2967888
2967918
2967982
2968795
2968905
2969371
2969379
2969522
2969595
2969731
2969937
2970213
2970415
2970933
2971069
2971603
2972071
2972190
2972804
2973590
2973988
2974463
2974824
2974897
2975187
2975210
2975285
2975607
2975773
2976009
2976423
2977227
2977619
2977704
2977800
2978139
2978182
2978231
2978254
2978466
2978819
3010300
3010876
3012068
3012302
3012567
3013050
3013949
3013959
3015248
3015725
3016089
3016763
3017017
3017040
3017345
3017820
3018304
3019830
3020436
3020678
3021393
3021437
3021706
3023465
3023744
3024532
3024857
3024903
3025874
3067019
3085781
3087389
3088595
3090803
3093484
3096504
3099987
3101879
3103722
3130342
3130497
3137366
3138781
3138902
3140402
3144704
3147204
3184308
3187161
3187524
3188797
3192232
3194600
3195506
3196038
3196907
3197323
3197850
3200757
3203003
3204028
3204930
3207131
3209571
3211684
3276371
3277827
3279114
3279261
3280715
3281578
3281765
3281837
3284273
3284938
3285941
3286231
3286264
3286369
3287337
3287494
3287672
3287767
3288393
3288422
3289578
3290413
3290551
3291559
3353442
3353539
3353554
3353867
3354156
3354590
3354824
3355169
3355656
3355700
3355777
3356259
3356474
3356531
3356559
3357090
3357421
3357686
3358050
3358051
3358349
3358632
3358942
3359166
3359173
3359298
3359331
3359455
3360041
3360293
3360802
3360833
3360861
3360916
3361105
3361829
3361838
3362546
3362551
3362938
3363371
3363505
3363585
3363874
3364178
3364847
3364921
3397854
3398536
3398568
3398764
3398896
3400732
3401228
3403067
3440270
3440898
3441321
3441828
3442318
3442382
3442401
3442482
3443026
3443129
3443328
3444599
3444885
3445019
3445079
3445185
3445346
3445403
3446043
3446090
3447529
3448082
3448920
3449452
3449964
3449979
3450558
3450625
3450647
3451078
3451238
3451749
3451812
3451976
3451984
3649886
3659470
3659925
3718548
3718676
3718707
3718840
3719051
3719088
3719229
3719293
3719690
3719829
3719853
3719876
3720095
3720159
3720274
3720475
3720663
3720698
3720786
3720880
3720959
3721115
3721250
3721569
3721678
3721735
3722024
3723278
3723345
3723578
3723722
3724034
3724145
3724372
3725142
3725185
3725466
3725892
3725951
3726162
3726214
3726246
3726295
3727116
3727237
3727353
3728370
3728429
3728701
3728833
3728963
3729004
3729392
3729527
3729904
3730338
3730486
3730529
3730881
3730882
3730969
3731070
3731648
3731676
3731701
3732000
3732063
3732089
3732159
3732182
3732183
3732226
3732458
3732569
3732862
3732898
3733601
3733640
3734114
3734688
3734862
3735681
3735758
3736169
3736610
3736696
3789766
3819103
3819231
3820118
3820502
3820545
3820584
3820621
3820752
3821721
3822024
3822474
3822860
3823379
3823391
3823732
3824360
3824751
3824861
3825583
3827344
3827780
3828014
3828453
3828769
3829099
3829198
3829605
3830908
3844569
3845277
3846065
3846272
3846402
3846542
3846582
3847079
3847768
3848015
3848220
3848615
3848681
3848704
3849291
3849905
3849948
3850551
3851554
3851589
3851984
3852862
3852988
3853053
3853329
3853517
3853825
3854656
3855794
3855912
3855934
3856065
3856478
3856784
3856842
3856849
3856850
3857110
3857151
3857199
3857839
3858058
3858062
3858365
3858434
3858518
3858687
3859811
3860170
3860198
3860207
3860338
3860866
3861270
3861388
3861618
3861621
3862017
3862054
3862681
3862779
3863172
3863343
3882194
3882346
3882448
3882450
3882523
3882689
3882799
3883177
3884177
3884355
3884575
3884622
3884662
3884667
3884751
3884976
3885742
3886086
3886885
3886924
3887197
3887565
3887971
3888165
3888245
3888800
3888866
3889494
3889565
3889726
3889964
3890072
3890505
3890513
3890832
3891000
3891315
3891628
3891833
3891954
3892087
3892106
3892220
3892358
3892562
3892853
3893246
3893353
3893417
3893858
3894152
3894630
3894849
3894858
3894981
3895598
3895764
3895935
3896765
3897038
3917099
3917155
3917767
3917894
3918022
3918527
3918879
3919849
3919874
3919912
3919954
3919973
3921350
3921711
3921738
3922012
3922392
3922630
3922933
3923327
3924018
3924968
3925721
3925849
3926385
3927944
3928000
3928549
3928732
3929137
3929402
3929411
3929420
3929430
3929507
3929976
3929983
3930054
3930660
3930931
3931682
3932985
3938186
3938780
3939064
3944336
3944413
3944995
3945954
3946367
3946967
3962471
3962786
3962846
3963232
3963720
3964333
3964443
3964653
3964813
3964835
3965185
3965231
3966108
3966360
3966480
3966622
3967060
3967163
3967354
3967445
3967559
3968079
3968312
3968320
3968721
3969170
3969634
3969693
3969824
3970170
3970341
3970811
3970996
3971226
3971260
3971468
3971537
3971625
3971941
3971988
3971995
3972128
3972139
3972223
3972377
3972959
3973359
3973365
3974074
3974095
3974678
3975160
3975439
3975565
3975677
3975689
3975722
3976235
3976341
3976369
3976619
3976760
3976847
3976872
3977166
3977215
3977400
3977542
3977677
4004056
4008803
4029290
4029513
4029568
4030080
4030349
4031035
4031861
4032053
4033144
4033781
4034371
4034719
4034769
4034847
4035062
4035347
4035724
4035835
4036158
4037622
4039044
4039705
4040590
4040722
4040879
4041074
4041098
4041748
4042685
4043145
4043382
4043541
4044772
4045483
4045672
4045760
4045915
4047377
4047408
4048068
4061405
4061428
4062544
4062822
4062947
4062994
4063472
4063988
4064260
4064668
4064737
4065418
4066151
4066466
4068213
4068562
4069041
4069948
4070089
4070727
4070743
4070849
4071791
4072249
4072367
4188365
4188486
4188621
4188908
4189548
4190219
4190305
4190390
4190486
4190586
4190822
4190961
4191327
4191470
4192172
4192448
4192988
4193040
4193051
4194154
4194619
4195084
4195097
4195693
4195783
4195847
4196231
4196237
4196347
4196996
4197140
4197874
4198088
4198474
4198950
4199047
4199249
4199348
4199377
4199429
4199708
4199741
4199828
4199880
4200101
4201694
4202573
4202668
4202679
4202955
4203016
4203166
4203447
4203838
4203911
4204156
4204201
4243555
4246664
4249451
4249821
4263087
4263419
4264106
4264112
4264282
4264653
4264827
4265069
4265284
4265520
4267040
4267441
4268070
4268217
4269129
4269141
4269573
4269923
4269988
4270343
4270493
4270759
4271495
4272101
4272762
4273123
4273186
4273196
4274048
4274517
4275128
4275815
4276124
4276269
4276328
4276797
4277072
4277209
4278054
4279289
4279501
4279824
4280796
4299642
4299799
4300439
4300649
4300795
4301687
4301783
4301795
4301946
4301999
4302114
4302607
4302878
4302901
4303157
4303249
4303279
4303598
4304031
4304082
4304196
4304361
4304402
4305017
4305394
4305527
4305736
4306727
4306910
4307106
4307790
4307854
4308190
4308508
4308606
4308689
4309018
4309065
4309173
4309605
4309653
4310034
4310082
4310210
4310280
4310618
4310741
4310887
4344024
4344338
4344576
4344688
4344717
4344881
4345271
4345319
4345580
4345631
4345637
4346190
4346326
4346725
4346766
4346955
4346988
4347587
4348119
4348528
4348691
4348734
4349043
4349448
4349741
4350540
4350767
4351619
4352088
4352255
4352279
4352352
4353207
4353397
4353484
4353678
4372443
4372530
4372665
4373124
4373231
4373332
4374443
4374512
4374554
4374745
4375409
4375441
4376013
4376076
4376293
4376668
4376715
4376764
4376795
4377187
4377375
4377705
4377836
4377860
4378079
4378113
4378611
4378693
4378754
4379139
4379164
4379195
4379521
4379811
4379855
4380198
4380243
4380496
4380664
4381357
4381469
4381565
4381644
4381717
4381937
4382125
4382885
4383364
4383719
4383775
4389076
4392338
4430201
4430577
4432013
4432451
4433655
4434008
4434070
4434392
4434448
4435344
4435615
4435782
4435818
4435967
4435972
4436270
4436535
4436561
4436679
4436855
4436874
4436942
4437149
4437558
4437998
4438450
4438611
4438676
4439010
4439035
4439335
4439373
4439751
4440014
4440074
4440250
4441001
4446495
4447524
4452935
4454066
4455123
4459778
4459785
4460106
4463312
4463568
4466746
4470259
4470260
4471014
4471073
4472183
4473519
4474429
4475273
4475531
4475558
4475579
4476084
4476188
4476218
4476315
4477016
4477135
4477966
4478118
4478357
4479403
4479421
4480970
4481625
4481735
4481793
4536055
4695174
4698216
4703263
4710271
4710614
4712111
4719438
4719483
4720065
4720288
4720422
4720678
4720797
4721312
4721637
4721679
4722379
4722427
4722513
4722735
4723380
4723603
4723759
4724349
4724360
4724572
4724793
4725101
4725541
4725643
4726058
4726273
4726336
4726387
4726411
4726525
4726731
4727074
4727836
4727997
4728514
4728583
4728697
4728906
4729449
4729485
4729547
4729625
4729836
4730601
4730723
4730832
4730864
4731097
4731292
4731487
4731586
4731616
4731622
4731884
4732344
4733948
4734020
4734179
4734725
4734734
4734755
4735486
4736091
4736265
4736615
4770544
4778424
4838095
4980516
4981359
4981619
4981849
4982953
4985803
4989513
4990106
4990977
4995259
4997678
5000411
5001065
5031461
5031574
5031823
5035727
5036351
5036869
5037529
5037548
5038557
5039368
5039493
5039795
5040562
5041270
5041383
5041594
5041770
5045854
5045859
5045878
5045916
5047034
5048037
5048259
5050105
5060643
5060992
5061089
5065606
5072766
5075686
5076412
5077549
5078688
5078947
5079139
5080463
5080624
5080660
5081430
5082066
5082192
5082298
5086006
5086093
5151660
5154806
5163137
5163380
5164334
5164337
5164625
5164903
5165066
5166159
5166710
5167250
5168381
5169151
5169235
5170009
5170521
5171184
5171232
5171284
5171353
5171845
5172308
5172373
5172588
5172889
5173044
5174001
5174192
5175190
5175778
5175876
5176027
5177115
5226324
5226705
5226737
5226917
5227010
5227019
5227097
5227102
5227193
5227630
5227687
5228160
5228163
5228504
5228920
5229024
5229236
5230252
5230443
5230622
5231283
5231942
5232107
5232604
5232690
5232944
5233033
5233038
5233080
5233215
5233297
5233945
5234392
5234460
5234991
5235247
5235311
5235330
5235615
5236044
5236144
5236182
5236324
5236490
5236584
5236815
5236941
5237055
5237201
5237396
5237453
5237603
5237864
5238050
5238086
5238090
5238103
5238248
5238348
5238445
5238501
5238598
5238925
5238944
5239006
5239673
5239930
5240281
5240286
5240325
5240494
5240949
5241012
5242199
5242336
5243125
5243503
5243592
5243593
5243835
5244013
5284279
5284879
5286924
5287624
5288094
5289021
5290779
5290886
5292005
5294958
5296780
5297864
5379691
5379813
5379824
5379895
5380263
5380282
5380489
5380542
5380844
5381125
5382008
5382351
5382512
5382726
5383214
5383320
5383960
5384047
5384168
5384287
5384674
5384772
5384886
5385936
5386350
5386929
5386972
5388210
5388502
5388657
5388850
5388937
5389205
5389423
5389859
5390049
5448821
5458230
5491161
5491508
5492320
5492846
5493386
5493661
5495122
5495149
5495534
5495747
5495922
5495960
5496038
5496241
5497004
5497043
5497250
5497788
5498613
5498797
5499470
5500466
5570278
5575593
5578642
5578741
5580710
5583722
5584013
5584261
5584321
5584701
5584801
5585481
5586065
5586516
5587496
5587626
5587665
5587677
5587740
5588201
5588424
5588501
5588810
5589137
5589695
5589768
5590087
5590821
5591656
5591935
5592102
5592130
5592180
5592676
5592832
5592880
5593042
5593379
5593772
5594217
5594287
5594335
5594464
5595975
5596693
5598263
5599962
5600299
5601725
5602555
5603713
5630366
5631070
5634397
5636764
5637390
5637433
5637513
5638131
5638228
5638435
5638479
5638637
5638763
5638850
5639587
5640792
5640975
5641125
5641756
5800917
5800937
5801354
5801650
5801971
5802132
5802241
5802502
5802942
5803067
5803176
5803588
5803681
5803723
5804035
5804106
5805151
5805188
5805633
5806152
5806604
5806730
5806740
5806795
5806923
5807669
5808043
5808282
5808774
5809185
5809291
5809575
5810053
5810236
5810269
5810343
5810589
5811063
5811436
5811521
5811600
5812521
5812549
5812574
5812937
5813080
5814208
5814348
5814406
5815134
5815579
5816284
5817855
5818047
5819074
5819963
5824639
5825316
5825810
5831697
5832710
5920810
5921572
5921971
5924654
5926010
5927427
5929157
5929974
5931036
5932351
5946067
5946478
5952383
5953989
5954865
5956898
5958346
5958846
5958925
5958998
5959105
5959210
5959953
5960366
5960404
5960531
5961064
5961206
5961594
5961663
5961770
5962412
5962430
5962522
5962787
5963204
5963663
5963713
5964513
5964689
5964866
5964941
5965016
5965570
5965752
5966027
5966149
5966290
5966841
5967611
5967997
5968567
5968657
5969177
5969219
5969250
5969300
5969429
5970027
5970655
5971126
5971383
6002516
6002549
6002554
6003646
6003835
6003900
6004393
6004507
6004932
6005261
6005477
6005479
6007014
6007377
6007711
6009325
6009630
6010032
6010421
6010684
6011390
6011659
6011776
6012401
6012550
6012654
6013243
6013382
6013565
6013751
6014594
6015196
6015410
6016004
6016142
6016490
6016732
6016799
6016965
6018028
6018485
6019525
6019864
6022234
6024219
6024614
6025885
6027303
6027523
6028466
6028510
6029505
6030703
6033697
6034343
6034459
6035731
6036162
6036390
6124886
6124955
6125585
6125627
6126430
6127059
6127083
6127816
6127901
6128895
6128950
6129022
6129051
6129715
6129726
6130000
6130020
6130470
6130692
6130744
6130759
6131422
6131501
6131727
6132060
6133284
6134017
6134162
6134974
6135251
6135296
6135648
6135656
6191516
6191731
6192298
6192310
6192633
6193597
6193784
6194236
6194469
6194844
6196030
6196477
6196562
6196790
6197346
6197636
6198073
6198368
6198928
6198986
6199095
6200266
6201254
6201305
6201403
6201579
6201843
6202351
6202414
6203396
6203965
6204370
6204643
6204955
6205289
6205467
6205501
6205801
6206436
6206452
6206966
6207110
6207487
6207539
6207585
6207751
6208042
6208295
6208375
6208713
6209113
6209316
6210116
6211130
6211468
6211763
6212253
6212489
6212692
6212716
6212828
6213748
6214673
6214688
6215147
6215580
6215939
6216874
6217397
6217595
6217832
6217839
6218161
6218319
6218411
6218830
6219194
6221638
6223238
6224382
6224657
6224709
6225087
6242256
6242372
6242819
6242936
6243567
6244580
6244736
6244791
6245049
6245105
6245616
6245874
6246189
6246712
6247178
6247575
6247625
6248069
6248187
6248430
6248462
6248647
6248721
6249896
6250034
6250073
6250310
6250434
6250666
6250984
6252266
6252339
6252430
6252461
6253121
6253430
6253787
6253849
6255087
6255153
6255396
6255477
6255548
6255647
6255857
6256140
6256478
6257062
6257195
6257795
6257822
6258058
6258625
6258888
6258999
6259126
6259191
6259427
6259760
6259864
6259934
6260716
6260849
6260993
6261208
6261253
6261261
6261462
6262337
6262348
6262363
6262456
6262552
6263162
6263519
6263712
6263938
6264091
6264106
6264171
6264285
6264842
6265149
6265188
6265291
6265296
6265639
6265865
6265932
6266270
6266287
6266319
6267593
6267645
6267648
6267687
6268165
6268415
6268510
6268546
6268957
6270216
6270307
6270491
6270678
6271037
6271211
6271283
6271709
6271894
6271914
6271959
6312183
6313578
6314186
6314544
6314688
6314852
6315067
6315547
6316333
6316681
6316907
6317436
6317528
6317645
6319069
6319639
6319947
6321021
6321497
6321625
6322793
6370648
6438532
6443450
6446571
6462556
6463364
6464521
6464776
6464928
6465398
6465979
6466128
6466260
6466704
6466785
6467663
6468568
6469059
6470452
6471529
6471572
6471644
6471650
6471786
6472081
6472234
6473109
6537188
6541880
6544593
6546558
6548975
6549019
6550229
6552321
6552436
6552550
6552795
6553843
6554995
6555048
6556082
6556510
6556740
6557271
6559640
6560540
6560814
6560886
6561043
6617635
6617856
6618367
6618427
6618597
6619025
6620046
6620178
6620459
6620854
6622207
6623083
6623611
6624720
6625211
6625317
6625696
6626112
6626149
6626601
6626939
6627949
6628082
6628101
6629073
6629103
6629177
6629663
6630016
6630225
6630254
6631280
6631281
6631358
6631696
6631746
6632157
6632490
6632516
6632560
6697661
6697793
6697907
6698305
6698590
6698724
6699301
6700863
6700969
6700990
6701614
6701919
6701967
6702794
6703697
6703851
6704205
6705034
6705077
6705569
6705666
6706294
6706523
6706843
6706877
6707155
6707271
6707354
6707695
6707754
6708113
6708391
6708579
6708690
6708694
6708810
6709289
6709535
6709713
6710575
6711269
6711371
6711760
6711883
6712049
6712681
6713641
6713689
6713911
6713928
6713987
6714133
6714872
6715361
6715999
6716059
6716494
6716538
6716898
6717887
6718202
6718310
6718320
6718619
6718887
6719244
6719469
6719918
6719991
6720048
6720273
6721016
6721371
6721605
6721666
6721944
6721967
6722259
6722498
6723506
6724279
6724313
6739096
6739108
6739597
6739851
6740128
6740273
6740653
6741041
6741067
6741600
6741699
6741823
6741895
6742641
6742872
6743255
6743336
6743528
6743570
6743576
6743800
6743810
6743946
6743995
6743999
6744150
6744346
6744436
6744510
6744850
6745189
6745341
6745414
6745846
6745943
6746289
6746762
6746780
6746809
6747590
6747645
6747953
6748167
6748279
6748340
6748554
6748586
6748796
6749083
6749258
6749979
6750177
6750588
6750851
6751395
6751480
6751688
6752159
6752382
6752581
6752675
6753384
6753436
6753736
6754236
6771992
6892023
6893783
6895815
6896036
6896199
6896622
6896719
6899829
6901772
6902749
6920088
6921410
6921422
6921774
6921990
6922021
6922239
6922260
6922909
6923134
6923387
6923642
6923980
6924408
6925602
6925947
6925963
6926311
6926341
6926447
6926616
6926624
6927244
6927332
6928348
6928394
6928409
6928979
6929132
6929179
6929207
6929437
6929505
6929663
6929722
6929749
6929880
6930079
6930369
6930679
6930808
6930891
6931208
6931688
6931752
6932024
6932135
6932321
6932881
6933292
7138906
7138958
7139280
7139336
7139364
7139543
7139808
7139822
7139879
7139888
7140024
7140083
7140142
7141124
7141171
7141575
7141794
7141847
7141925
7142220
7142233
7142383
7142742
7143098
7143883
7144016
7144217
7144969
7146526
7146560
7146608
7146626
7147193
7147435
7147532
7147842
7147910
7147985
7148663
7148773
7148972
7148994
7149097
7149373
7149474
7149633
7149647
7149944
7150130
7150160
7150346
7150347
7150903
7152148
7152367
7152422
7168080
7168331
7169310
7169634
7172147
7172282
7172529
7172915
7173266
7173861
7174301
7174462
7174476
7174863
7176193
7176644
7176834
7177445
7177588
7177997
7178176
7178212
7178675
7178755
7178808
7178866
7178876
7179747
7180107
7181111
7181318
7181553
7270988
7273949
7274216
7287933
7289574
7289845
7290284
7290307
7290392
7290448
7291599
7291642
7292483
7293968
7294442
7294498
7295274
7296525
7297598
7297750
7299652
7300345
7300363
7300618
7300692
7300858
7303057
7303206
7303294
7304229
7304434
7304809
7304846
7305040
7305337
7305421
7305523
7305721
7305779
7305869
7305999
7306125
7306202
7306708
7306844
7306969
7307501
7307733
7308097
7308303
7308327
7308505
7309064
7309537
7310305
7310495
7311356
7311767
7311789
7311997
7312969
7313225
7313517
7313607
7314473
7314694
7314805
7315209
7315715
7316755
7317085
7317116
7318020
7318174
7318339
7318397
7318985
7319037
7319270
7319683
7332090
7333279
7333436
7334347
7336254
7337239
7339801
7341333
7342246
7342471
7343875
7344700
7345087
7345376
7347764
7367674
7367885
7370347
7373151
7373352
7373727
7374799
7377895
7378081
7378088
7382769
7384604
7385103
7385535
7385933
7386169
7386272
7386289
7388027
7388111
7388203
7390258
7391300
7392958
7393078
7393834
7430421
7430791
7431181
7431568
7431998
7432860
7433354
7433488
7433864
7434266
7434325
7435236
7435278
7435687
7436013
7436977
7437879
7438067
7438153
7438340
7438801
7438802
7438993
7439412
7439796
7439819
7439899
7440484
7440604
7440908
7441508
7441518
7441577
7441845
7442377
7443102
7443125
7443139
7443191
7443251
7443559
7443701
7443727
7444018
7444171
7444491
7444879
7445554
7445698
7445895
7445984
7458821
7459174
7459188
7463129
7463532
7464909
7464934
7466739
7467134
7468286
7468979
7473255
7473849
7501445
7510119
7612412
7612578
7612926
7613371
7613402
7613512
7613544
7613865
7614071
7614112
7614553
7614750
7614816
7615444
7615522
7615569
7615687
7616279
7616300
7617171
7617405
7617640
7618115
7618628
7618696
7619527
7620038
7620129
7620149
7620362
7620629
7620671
7620809
7620812
7621267
7622458
7646515
7649503
7650243
7651298
7653287
7653988
7654444
7741225
7741450
7741978
7742063
7742301
7742345
7742367
7744013
7744414
7744880
7745361
7745391
7745572
7745786
7745948
7746219
7748371
7748412
7748689
7749760
7749837
7750584
7750589
7751652
7751830
7752206
7753429
7754879
7755354
7755447
7755958
7756511
7756979
7757017
7758492
7814592
7815615
7815782
7815838
7816290
7816713
7816837
7816866
7817016
7817227
7817383
7817586
7817592
7818549
7818663
7819214
7819330
7819449
7819772
7819862
7820254
7820408
7820656
7820672
7820847
7820874
7820924
7820962
7822257
7822389
7822610
7823080
7823313
7823397
7823608
7823699
7824054
7824079
7824286
7824540
7824548
7824631
7824696
7825641
7826291
7826424
7826674
7827198
7827301
7827694
7827944
7828048
7828077
7902479
7902487
7902540
7902855
7903376
7903716
7903751
7903976
7905158
7905464
7905581
7905671
7905821
7905940
7905963
7906830
7907111
7907139
7907158
7907927
7908016
7908087
7908253
7908337
7908345
7908534
7909030
7909398
7909511
7909719
7910003
7910124
7910278
7910621
7911419
7911582
7911596
7911620
7912406
7929351
7930524
7933425
7988015
7992672
7999716
8005746
8015857
8016051
8018702
8019953
8021173
8022892
8023656
8024432
8025146
8025932
8026125
8026453
8027279
8027293
8027308
8027841
8029870
8030005
8031889
8031890
8032178
8228208
8228329
8228471
8228670
8229294
8229377
8229790
8229924
8230172
8230377
8230849
8230959
8231535
8231565
8231778
8231809
8231868
8232171
8232249
8232554
8233112
8233199
8233239
8233316
8233471
8233677
8233703
8233724
8233970
8234108
8234310
8234875
8235668
8236032
8236194
8236280
8236358
8236793
8236989
8237618
8238150
8238153
8239115
8239171
8239191
8239658
8239985
8240049
8240226
8240765
8241636
8241727
8241926
8242639
8242942
8243235
8243321
8243467
8243700
8243958
8244002
8244254
8244509
8245432
8245570
8245911
8246409
8246501
8246523
8246918
8247439
8248146
8248635
8248759
8248917
8249123
8249279
8249375
8249775
8249864
8251576
8252278
8252787
8252954
8253159
8281698
8281698
8282075
8284430
8284937
8285309
8285671
8287602
8288354
8289309
8289701
8401492
8403306
8403356
8405235
8406281
8407680
8408372
8410909
8484469
8484851
8484912
8485412
8485494
8485519
8485720
8485834
8486498
8487510
8487751
8487916
8488522
8488805
8489007
8489047
8489929
8490464
8490590
8490607
8490658
8490972
8491387
8491960
8492119
8492284
8492365
8492991
8493067
8493405
8493457
8493579
8494337
8494383
8494796
8495586
8495607
8495700
8495919
8496087
8496099
8498515
8498594
8498655
8498880
8498958
8499086
8499107
8499245
8499252
8499452
8499615
8500026
8500142
8500417
8500845
8500966
8501259
8501431
8501468
8501546
8501892
8502616
8502631
8502833
8502906
8502975
8503222
8503462
8504170
8504390
8504395
8504770
8504782
8504846
8505166
8505405
8505615
8506145
8506217
8506352
8506652
8506748
8506760
8506802
8507146
8507448
8507511
8507939
8507971
8508259
8508689
8508729
8508813
8509275
8509843
8509942
8510177
8510181
8510881
8511057
8511093
8511134
8511284
8511500
8511943
8512269
8512276
8512974
8514525
8515064
8515154
8515171
8515252
8515307
8515549
8516158
8516348
8516640
8517175
8517517
8517591
8517592
8517889
8517961
8518355
8518372
8518413
8518454
8518709
8518735
8518948
8519227
8519816
8520110
8520147
8520169
8568648
8568779
8569029
8569151
8569408
8569417
8570762
8570949
8571325
8571647
8572511
8572848
8573089
8573099
8573146
8573154
8573497
8573570
8573584
8573798
8574064
8574692
8574828
8575671
8575736
8575780
8575854
8576443
8576653
8577402
8578475
8578597
8579253
8579557
8580705
8580711
8580733
8581060
8581524
8581847
8582373
8582863
8583490
8583603
8584406
8585061
8585318
8586156
8586387
8586567
8586655
8586793
8587113
8587326
8587519
8587600
8587691
8627387
8627850
8629363
8629863
8630497
8630825
8631994
8633491
8634418
8636264
8636354
8637695
8638695
8639004
8639047
8640892
8642514
8643171
8644933
8645284
8645781
8646121
8646570
8646750
8646755
8647221
8647503
8648261
8648312
8648837
8649215
8649359
8649603
8650117
8650387
8650448
8650700
8650728
8650846
8651035
8651489
8651716
8652001
8652141
8652143
8652174
8652564
8652772
8652862
8654407
8654460
8654625
8654694
8654786
8655328
8655349
8655745
8656108
8656338
8656823
8656841
8657077
8657366
8657697
8657746
8657856
8658027
8658276
8658526
8658660
8658954
8659375
8659447
8660877
8661179
8661512
8661526
8678495
8680299
8681346
8798537
8798632
8798653
8798930
8799747
8800743
8800819
8801185
8801310
8802052
8802060
8802288
8802767
8803190
8803613
8804897
8805242
8805463
8806736
8807431
8807557
8841568
8842480
8842555
8842645
8842995
8843211
8843431
8844102
8845019
8845506
8845784
8847052
8847297
8847972
8848386
8848967
8849341
8849592
8850208
8850477
8850980
8852133
8853097
8888743
8891585
8950524
8951107
8951283
8952076
8952184
8952353
8953044
8953509
8954070
8956211
8956883
8957683
8958899
8958938
8959189
8959965
8961126
8961158
8961329
8961711
8963630
8964045
8964097
8964143
8964312
8964369
8964636
8964773
8965122
8965202
8965297
8967030
8967082
8967479
8967837
8967925
8968045
8968192
9010358
9011783
9012902
9013319
9013328
9013672
9013846
9014737
9016109
9016177
9016478
9017651
9017774
9017867
9018213
9018374
9018729
9019331
9019957
9020108
9020124
9020619
9021197
9022259
9022542
9022681
9022803
9024148
9024197
9024475
9024594
9024642
9025136
9025284
9025294
9025804
9026451
9026530
9026542
9026905
9027776
9028097
9028791
9028941
9029439
9029523
9029759
9030015
9030241
9030409
9030514
9030670
9030792
9031481
9031883
9032253
9032331
9032438
9032721
9033295
9033657
9033778
9034346
9034483
9034851
9035157
9035480
9035980
9036243
9036353
9036422
9036551
9036576
9037677
9038232
9038669
9038719
9038998
9039078
9039214
9039327
9136094
9136227
9136284
9136383
9136730
9137079
9137099
9137575
9137945
9138411
9138653
9138896
9139411
9139553
9139893
9140079
9140255
9140319
9140405
9140448
9140482
9140963
9141170
9141391
9141601
9141603
9142025
9142207
9142232
9142541
9142779
9142854
9142902
9143019
9143841
9144708
9144821
9144841
9146029
9146222
9146340
9147061
9150725
9151524
9153122
9153210
9156687
9157029
9158218
9160415
9222395
9223210
9223652
9224284
9226814
9227515
9229328
9230233
9230868
9231924
9231936
9232240
9232284
9233236
9234366
9234653
9234687
9339107
9339475
9339611
9340278
9340430
9340565
9341195
9341358
9341387
9341465
9341509
9342335
9342398
9342553
9342628
9342670
9342704
9342954
9343431
9343834
9343899
9344349
9344490
9344663
9344750
9344957
9346524
9347257
9347265
9348196
9348858
9349014
9349040
9349094
9349271
9349280
9350119
9350779
9351369
9351787
9351824
9352282
9352361
9352728
9353104
9353386
9354183
9354377
9354492
9354633
9354768
9354908
9354910
9355404
9356532
9357225
9357359
9357683
9358012
9358278
9358811
9359036
9359727
9359905
9360977
9361837
9363805
9369076
9383465
9395931
9501458
9546033
9546133
9546196
9546228
9546420
9546878
9547250
9547412
9547468
9547509
9548646
9548704
9548982
9549427
9549462
9549711
9549844
9550074
9550267
9550413
9550724
9550753
9550858
9550908
9551044
9551153
9551543
9551965
9551989
9552713
9552985
9553547
9553959
9554271
9554279
9554375
9554703
9554806
9554867
9554922
9555565
9556880
9557043
9588466
9591465
9597901
9635915
9636049
9636078
9636298
9642072
9837293
9837312
9837466
9838035
9838145
9838448
9839061
9839184
9839249
9839281
9839592
9839666
9839754
9840300
9840410
9840642
9840695
9840704
9840821
9840964
9841023
9841080
9841391
9841793
9842766
9842959
9844427
9844572
9844844
9844965
9845042
9845323
9845390
9846224
9846312
9846560
9846697
9846959
9846988
9847260
9847485
9848000
9848076
9848541
9848620
9848733
9848792
9928399
9928434
9928497
9928845
9928966
9929128
9929605
9929680
9930168
9930672
9930706
9931556
9931580
9931855
9932121
9932210
9932278
9932770
9933220
9933293
9933335
9933573
9933736
9934138
9934192
9934266
9935070
9935469
9935484
9935541
9935647
9935749
9936051
9936417
9936945
9937320
9937404
9937580
9937655
9938233
9938256
9938277
9938383
9938395
9938642
9938719
9939209
9939566
9939577
9940017
9940481
9940678
9940737
9940969
9941188
9941239
9941377
10049488
10062282
10062614
10065239
10132031
10132085
10132136
10132217
10133343
10133643
10133711
10133770
10133906
10134007
10134299
10134655
10135066
10135131
10135294
10136404
10136975
10137063
10137414
10137688
10137757
10138170
10138353
10138464
10138884
10139152
10139513
10140170
10140498
10140500
10140831
10140904
10141376
10141625
10142039
10142101
10142201
10142742
10142996
10143104
10143305
10143649
10143734
10143886
10143887
10143932
10144936
10145284
10145974
10145978
10147025
10147119
10147168
10147343
10147700
10147930
10148053
10148376
10149150
10150531
10151051
10151088
10152523
10152927
10153086
10154014
10154115
10154385
10154530
10154750
10155060
10155225
10156458
10157112
10157603
10157836
10158011
10158399
10158735
10158988
10159127
10160421
10160547
10161149
10161466
10161597
10161769
10161811
10188549
10190506
10194558
10198645
10199009
10248705
10254908
10256230
10258166
10299070
10300152
10300361
10300732
10301339
10301464
10301647
10301953
10302063
10302549
10302626
10302987
10303250
10303835
10304067
10304444
10304696
10304775
10304945
10305066
10305121
10305322
10306240
10306311
10306389
10306514
10306775
10307154
10307350
10307506
10307605
10307915
10308395
10308937
10309274
10339076
10339159
10339454
10339928
10340076
10340101
10341206
10342194
10342457
10342660
10343496
10343778
10344199
10344541
10344552
10344621
10344653
10344777
10345147
10345489
10345570
10346137
10346767
10347088
10347465
10348053
10348552
10348644
10348872
10349174
10349682
10349784
10349855
10349878
10350077
10351235
10351656
10351805
10354024
10354237
10355009
10378372
10378784
10378831
10379230
10379685
10379768
10379945
10380285
10382159
10382274
10382456
10382483
10382697
10383070
10383405
10384515
10384814
10384930
10385438
10385550
10385805
10386511
10386694
10387178
10387319
10387362
10387515
10387717
10388077
10388334
10388429
10388524
10389437
10389657
10389754
10389772
10389822
10389878
10389891
10390618
10390784
10443840
10443848
10444167
10445652
10446093
10446281
10446560
10447662
10447885
10447945
10448179
10448297
10448468
10448538
10448930
10449077
10449923
10450141
10450282
10450844
10450920
10451004
10451043
10451092
10451220
10451478
10451646
10451940
10452658
10452675
10453328
10453771
10453782
10454197
10455276
10455580
10456746
10456768
10500623
10500725
10534451
10534551
10535069
10535250
10536456
10536475
10536672
10536948
10537076
10537447
10537465
10537597
10538729
10538939
10539088
10539754
10539778
10540150
10540789
10541460
10542857
10542968
10543121
10543184
10543322
10544366
10544456
10545507
10545543
10545778
10546400
10546870
10547184
10547655
10548029
10548348
10548714
10549841
10554608
10682075
10683099
10683529
10684617
10686915
10687088
10690263
10740410
10746737
10796440
10798547
10798961
10799389
10803797
10805584
10805947
10806403
10808245
10811316
10812393
10879311
10879848
10880215
10881628
10885263
10885539
10887601
10892429
10915943
10915998
10918864
10948672
10949453
10949611
10949967
10950232
10951316
10952174
10952454
10952976
10954727
10957308
10958836
10959774
10960661
10961635
10962426
11022791
11022904
11022960
11023024
11023133
11024298
11024463
11024596
11024684
11025769
11026409
11026860
11026871
11027504
11027533
11028018
11028957
11030071
11030188
11030969
11031044
11031056
11031332
11031398
11031453
11031619
11032082
11032715
11033458
11033961
11034178
11034328
11034473
11034708
11034719
11035148
11035175
11035303
11035523
11035834
11036784
11036926
11037026
11037190
11037432
11037834
11037841
11037918
11038180
11038830
11038860
11089818
11271755
11271756
11272567
11272651
11272749
11272947
11273945
11275158
11277228
11277627
11277727
11277883
11278627
11279104
11280003
11280277
11280310
11280325
11280937
11281368
11281445
11281679
11281773
11282209
11296977
11300129
11304038
11380205
11380275
11380297
11380375
11381037
11381079
11381152
11382272
11383134
11383820
11384350
11385098
11386014
11386531
11387187
11387285
11387310
11387657
11387715
11387906
11388202
11388427
11388446
11388569
11388622
11388737
11388770
11389344
11389897
11389900
11390024
11390393
11391152
11391411
11391423
11392326
11392466
11392728
11393141
11394779
11395388
11395428
11395473
11395981
11396074
11397027
11397488
11398288
11399675
11400825
11402377
11404478
11404718
11406190
11406210
11408338
11411241
11413914
11416690
11421779
11422476
11422696
11427875
11427956
11430288
11466112
11466578
11466742
11466879
11468237
11468575
11469208
11469630
11469751
11469889
11470502
11471390
11471887
11472042
11472152
11472998
11473068
11473127
11473399
11473924
11474006
11475144
11475364
11475585
11475736
11475982
11476265
11476341
11477227
11477330
11477426
11477492
11477840
11478146
11478513
11478566
11478905
11479156
11480562
11496001
11499830
11500878
11502352
11504363
11504774
11505443
11505640
11507618
11509736
11510803
11511261
11626450
11626597
11626718
11626728
11626826
11627628
11627936
11628522
11629390
11630080
11630491
11631727
11632055
11632244
11632607
11633061
11633390
11634518
11634829
11634841
11634989
11635082
11635297
11635597
11636189
11636486
11636639
11637223
11637485
11637928
11638491
11638676
11638820
11638902
11638935
11639131
11639534
11640014
11640408
11640859
11671945
11673195
11673943
11674425
11675615
11677110
11678226
11744904
11744937
11745142
11745260
11745266
11746196
11746294
11747119
11747539
11747677
11748220
11748324
11748338
11748347
11748648
11748696
11748873
11749645
11749928
11750196
11750850
11750928
11751067
11751314
11751422
11751647
11752158
11752460
11752547
11752578
11752601
11752644
11753124
11753168
11753426
11753987
11754262
11754617
11754927
11755173
11755190
11755353
11756023
11756181
11756219
11756931
11756932
11757008
11757113
11757421
11757557
11757769
11757850
11804214
11804608
11805557
11805626
11806590
11808440
11808873
11809266
11810931
11811579
11811864
11812021
11813336
11813506
11813605
11885116
11885338
11885350
11885363
11886023
11886719
11887471
11887548
11887683
11887725
11887863
11887918
11888980
11889774
11890938
11891247
11891271
11891673
11891872
11892247
11892266
11892434
11892791
11893076
11893328
11894034
11894653
11894818
11894820
11894955
11895164
11895245
11895523
11895608
11896395
11896882
11897227
11897579
11897670
11898068
11898091
11898751
11898857
11898949
11899195
11899245
11899276
11899420
11899453
11899767
11900099
11900162
11900389
11900596
11900856
11901087
11901469
11902158
11902507
11902924
11902938
11903115
11903141
11903440
11903488
11903827
11904093
11904496
11904734
11904823
11904925
11905157
11905168
11905278
11905392
11905453
11905742
11905901
11906017
11906028
11906052
11906499
11906645
11906846
11907331
11907599
11908035
11908080
11908200
11908292
11908346
11908404
11908451
11909001
11909455
11909779
11909805
11910096
11910406
11910902
11911079
11939451
11944981
12031643
12032016
12032480
12032872
12032957
12033077
12033312
12033375
12033593
12033603
12034666
12034855
12035017
12035021
12035074
12035132
12035358
12035640
12035736
12036308
12037457
12037565
12037608
12037735
12037859
12037871
12037927
12037935
12038333
12038501
12038684
12038874
12039004
12039282
12039426
12039585
12039733
12040165
12040877
12041435
12041438
12042098
12042560
12042653
12043094
12043450
12043534
12043682
12043986
12044724
12044874
12044893
12045726
12045934
12046217
12046578
12046843
12047075
12047462
12048130
12048411
12048648
12049466
12049692
12049999
12050048
12050568
12051251
12051854
12052224
12052757
12052924
12053104
12053681
12054204
12055771
12055982
12056373
12057232
12057517
12057525
12057639
12058845
12058857
12059019
12059024
12061208
12061667
12089891
12090774
12092442
12093099
12093120
12093640
12094584
12095470
12096404
12096570
12098276
12098553
12098983
12116804
12116873
12116899
12117820
12120840
12121117
12123455
12124484
12124520
12126658
12127279
12131555
12133083
12175938
12175948
12176381
12176482
12176663
12177204
12177276
12177520
12178411
12178544
12178981
12179044
12179628
12179660
12179991
12180646
12180709
12180826
12181332
12181817
12181951
12182199
12182622
12182710
12182799
12182890
12182975
12183095
12183225
12183399
12183733
12184130
12184175
12184495
12185119
12185507
12185520
12185597
12185765
12186384
12186602
12186750
12188351
12188671
12188718
12188742
12188986
12189065
12189124
12189278
12189394
12189608
12189661
12190884
12190975
12212692
12213194
12215741
12219808
12222228
12294429
12294552
12294770
12295206
12295249
12295532
12295845
12296296
12296328
12296483
12296631
12296711
12296915
12297155
12297261
12297273
12297300
12297656
12298457
12298865
12299236
12299387
12299971
12300164
12300369
12300383
12300472
12300871
12301161
12301215
12301664
12301917
12302255
12302902
12303137
12303270
12303772
12310592
12311167
12311599
12311924
12312404
12313707
12314035
12314820
12315556
12350599
12350693
12350835
12351073
12351136
12351151
12351286
12351403
12351931
12352059
12352436
12352767
12352904
12353126
12353254
12353468
12353583
12353635
12353640
12354047
12354170
12354292
12354700
12354729
12355181
12356005
12357039
12357436
12357543
12357694
12357709
12357755
12358576
12358698
12358714
12359278
12359431
12359546
12359775
12359795
12359942
12360388
12360541
12360783
12361177
12361193
12361287
12363509
12363687
12365158
12365627
12366124
12366479
12366774
12367561
12368837
12369177
12370006
12370096
12370111
12371446
12372070
12372846
12372971
12374350
12376266
12377523
12466642
12521277
12521446
12522222
12522309
12522603
12523182
12523503
12523535
12523553
12523835
12525521
12525954
12526020
12526076
12526143
12526609
12526718
12527077
12527465
12527509
12527886
12528297
12528456
12529559
12530244
12530346
12530385
12530569
12530979
12531013
12531183
12531218
12531814
12532327
12532627
12532700
12532816
12533377
12533389
12533471
12533501
12533743
12533893
12534443
12534490
12534633
12535107
12535232
12535528
12535742
12536411
12536872
12537315
12537569
12537861
12538096
12621022
12622088
12622501
12622937
12623138
12625157
12625951
12627467
12628251
12628672
12630198
12630650
12630676
12631450
12633448
12654905
12655065
12655382
12656238
12656346
12656549
12656865
12658127
12658585
12658942
12658998
12659055
12659094
12659689
12659692
12659736
12660674
12660972
12661265
12661492
12661577
12661939
12662275
12662719
12662955
12662990
12663476
12663653
12664641
12664743
12664922
12665093
12665094
12666500
12666586
12667031
12667094
12668488
12668536
12668739
12668808
12668927
12669380
12669775
12669797
12669974
12670469
12670589
12670880
12670966
12671292
12671439
12671596
12671889
12672164
12672784
12673072
12673163
12673428
12673629
12673725
12674401
12674577
12675218
12675221
12675431
12675816
12675913
12676131
12676151
12676645
12676770
12677080
12677292
12677405
12677518
12677679
12677778
12694791
12694967
12695181
12695481
12695664
12695730
12696461
12696566
12696681
12696859
12697052
12697095
12697590
12698050
12698150
12698203
12698250
12698441
12698612
12699091
12699307
12699646
12700930
12702094
12702105
12702128
12702856
12703023
12703791
12704233
12704356
12704430
12704982
12705429
12705429
12705543
12706722
12706898
12706953
12707265
12707350
12707474
12707622
12707704
12707913
12708418
12708771
12709016
12709538
12709825
12709904
12710667
12711474
12711519
12711715
12711950
12712042
12712162
12712780
12770700
12771550
12771869
12771999
12772274
12774223
12774310
12775509
12775589
12778299
12780021
12780156
12780228
12780635
12781466
12782254
12783280
12783954
12829553
12829867
12830203
12830532
12831828
12832105
12832190
12832444
12832733
12832940
12833307
12833597
12833655
12833818
12834026
12834452
12834693
12834787
12834832
12834918
12835046
12835336
12835921
12836395
12836827
12837005
12837201
12837294
12837346
12837384
12837446
12837682
12838129
12838467
12838862
12838899
12839657
12839868
12840019
12840919
12841269
12841385
12841613
12842427
12842630
12842803
12843083
12843351
12843667
12843876
12844243
12844314
12844355
12844361
12844556
12844775
12844858
12844910
12844970
12845032
12845197
12845401
12845466
12845586
12876390
12876713
12877075
12877440
12877867
12878316
12878466
12878585
12878601
12879003
12879317
12879411
12879945
12879974
12880478
12880549
12880844
12881036
12881467
12881547
12882783
12883756
12883947
12884547
12885606
12885827
12886118
12886121
12886690
12887410
12887512
12887810
12887863
12888208
12889036
12889567
12890623
12890662
12890899
12891017
12891146
12891304
12892092
12892516
12892860
12893060
12893183
12893414
12893593
12893672
12893954
12894038
12894112
12894514
12894704
12894725
12968995
12969142
12969505
12969517
12970612
12970900
12971779
12972502
12972608
12972938
12973320
12973824
12974444
12974785
12974843
12975426
12975534
12975671
12976171
12976525
12976628
12977848
12978485
12978811
12979653
12980057
12980547
12981487
12981655
12981834
12982125
12982342
12982720
12983158
12983299
12983837
12984571
12984878
12984918
12985313
13092138
13097275
13097330
13102309
13102529
13103709
13103712
13104692
13104844
13104857
13105105
13105263
13105497
13105539
13106032
13106099
13106504
13106754
13106909
13107701
13107895
13108795
13109373
13109495
13109675
13110785
13110888
13111015
13111146
13111607
13111771
13112141
13112317
13112582
13120388
13141809
13142173
13152453
13154296
13154509
13158766
13169857
13170176
13170390
13170807
13170971
13170976
13172180
13172505
13173081
13174409
13174900
13175049
13175788
13176028
13176691
13177064
13177429
13178116
13178752
13178895
13179487
13180053
13180692
13180824
13181578
13181630
13181774
13181812
13182923
13183638
13183979
13184260
13185717
13185857
13185893
13209335
13210130
13210563
13210841
13211873
13213306
13214295
13215611
13216715
13216968
13218699
13219830
13220518
13221812
13224101
13225767
13226422
13229413
13229936
13230682
13231212
13231838
13232312
13232404
13232502
13234726
13235581
13236076
13236344
13236388
13236778
13237462
13238387
13239116
13240750
13241500
13242394
13242645
13242661
13243316
13243527
13244177
13246729
13247336
13247677
13248080
13249654
13249721
13250069
13250246
13250309
13250325
13251738
13251989
13252514
13252773
13252882
13253151
13253683
13254599
13254913
13255086
13255259
13255845
13255976
13256023
13256286
13256698
13256992
13257508
13257564
13258141
13258751
13258826
13259438
13259758
13261230
13264059
13265977
13267246
13272149
13273339
13274531
13276331
13276548
13291301
13291379
13291381
13291426
13291989
13292568
13293000
13293008
13293076
13293155
13294368
13294626
13294688
13294761
13294868
13295431
13295806
13296015
13296157
13296378
13296780
13296921
13297409
13297418
13297467
13297765
13298665
13298669
13298764
13298924
13298951
13299410
13300291
13300390
13300560
13300579
13300935
13301254
13301718
13301854
13301912
13301921
13301962
13302365
13302583
13303023
13303303
13303393
13304167
13304421
13304728
13304755
13305195
13305227
13305233
13305457
13305548
13305671
13315352
13317146
13359302
13359735
13360097
13360205
13360218
13360930
13361433
13361513
13362048
13362080
13362406
13362780
13363033
13363673
13363830
13363906
13363940
13364218
13364652
13364718
13364729
13365080
13365452
13365765
13365943
13366564
13366874
13366917
13367043
13367383
13367479
13367675
13368318
13369009
13369024
13369387
13369597
13370073
13370144
13370250
13370586
13370599
13370874
13371054
13371282
13371649
13371681
13371862
13372034
13372337
13372438
13372657
13372812
13372825
13373248
13373570
13373741
13373820
13373905
13374127
13376997
13377709
13378236
13378404
13378738
13379024
13381444
13381447
13382794
13382901
13383129
13383773
13384684
13384808
13385126
13385533
13385721
13392734
13417422
13417835
13418788
13418898
13419135
13419767
13420251
13420364
13421456
13421818
13422125
13422963
13423302
13423324
13424006
13424123
13424207
13424974
13424985
13425142
13425582
13427359
13429773
13429778
13430374
13431607
13431904
13432951
13433099
13433813
13433866
13434668
13434735
13434966
13434974
13435198
13435942
13435976
13436224
13436660
13437560
13437808
13437817
13437998
13438238
13439000
13439955
13440205
13441089
13441142
13441442
13441477
13441542
13442012
13442137
13442368
13442509
13442544
13442590
13442593
13443187
13443379
13443825
13443902
13443989
13444902
13445087
13445421
13458034
13458455
13459162
13463265
13467161
13468090
13468246
13468954
13469901
13472337
13477759
13478476
13479290
13481161
13487893
13489137
13489285
13490424
13507177
13508400
13508788
13508859
13509509
13509913
13510921
13512204
13513630
13514143
13514210
13514879
13516140
13516725
13516725
13517004
13517948
13519766
13520478
13521116
13522123
13522951
13523082
13523620
13524652
13524678
13564838
13564894
13564980
13565766
13566111
13566261
13566791
13566804
13567297
13567392
13567457
13568805
13569238
13569380
13570582
13571704
13571952
13571959
13572061
13572976
13573137
13573259
13573400
13573426
13573579
13574351
13574858
13574913
13575043
13575798
13576362
13577182
13577443
13577535
13577848
13577981
13578120
13578135
13578144
13578520
13578805
13578907
13579028
13579095
13579210
13579257
13579519
13579656
13579863
13580142
13626278
13633518
13788522
13788945
13789484
13789722
13789798
13791129
13791788
13792669
13794233
13794283
13794981
13795422
13795434
13795931
13796475
13797667
13797711
13797811
13797899
13798859
13799395
13799597
13800688
13800908
13801162
13801337
13801496
13802446
13843173
13844197
13844638
13845022
13845043
13845279
13846308
13846815
13847262
13847527
13848465
13849036
13849302
13850404
13850931
13852023
13853497
13853586
13854121
13856145
13856708
13856986
13857238
13877519
13880887
13881264
13884212
13885005
13886451
13888491
13889863
13918653
13920967
13921349
13921475
13922151
13922547
13923685
13923874
13924600
13924796
13925021
13926601
13926685
13927239
13928291
13928570
13971422
13972119
13972159
13972188
13974075
13975781
13976126
13976499
13977401
13977576
13977770
13978353
13978492
13978616
13979346
13980368
13981560
13982330
13984015
13984669
13984747
13985315
13985755
13986141
13987397
13987836
13991537
13996549
13997882
14001101
14001419
14001586
14001668
14001680
14001768
14001795
14001869
14002024
14002195
14002245
14002642
14002977
14003064
14003185
14003708
14003785
14004060
14005278
14005355
14005559
14006291
14006463
14006639
14006923
14007124
14007232
14007466
14007928
14007980
14008014
14008094
14008847
14008941
14008999
14009011
14009093
14009164
14009214
14009310
14009560
14009861
14010338
14010548
14011188
14011331
14011558
14011867
14012100
14012124
14012865
14012947
14013034
14013082
14013202
14013345
14013434
14013593
14013973
14014778
14014842
14014939
14015267
14015592
14015911
14015938
14016215
14016229
14016381
14016564
14016779
14016961
14021467
14025454
14026703
14030276
14034334
14040129
14040762
14043711
14043721
14044280
14044407
14044449
14044465
14044515
14044916
14045035
14045348
14045508
14045919
14045927
14046461
14046880
14046969
14047606
14047648
14047768
14048343
14049338
14049384
14049684
14050326
14050604
14050782
14051627
14052272
14052901
14052952
14053129
14053198
14053356
14053364
14053484
14053493
14054164
14126268
14127507
14127648
14127960
14128990
14129081
14129232
14129311
14129852
14130022
14130193
14130574
14131078
14131166
14131519
14131757
14131820
14132112
14132766
14133026
14133468
14134011
14134161
14135377
14135489
14135757
14135972
14136009
14136096
14136557
14136870
14137316
14137480
14137813
14138148
14138550
14138619
14138966
14139729
14140052
14140144
14140473
14140807
14141257
14141613
14141850
14141971
14142199
14142503
14142611
14142642
14142920
14142967
14143037
14143973
14144070
14144143
14144169
14144655
14144890
14214454
14214517
14217977
14218923
14219920
14221016
14222462
14224666
14226838
14227640
14229111
14229142
14230504
14256023
14256369
14256443
14256556
14256702
14256724
14256807
14257613
14258124
14258191
14259038
14259277
14261009
14261283
14261658
14261682
14261982
14263369
14263786
14263970
14264239
14264311
14264504
14264611
14265135
14265671
14265731
14266602
14266844
14266871
14267583
14267691
14267727
14268072
14268730
14269035
14269083
14269099
14269137
14269404
14269847
14269879
14269968
14269975
14270241
14271105
14271260
14271337
14271891
14271918
14272221
14272265
14272271
14272328
14272595
14273056
14273060
14273102
14298276
14298386
14298784
14298859
14299105
14299283
14299324
14299453
14299482
14299729
14299949
14300116
14300276
14300402
14300522
14300836
14301125
14301200
14301366
14301520
14302230
14302397
14302818
14303197
14303281
14303299
14303622
14303765
14303792
14304040
14304451
14304504
14305032
14305102
14305450
14305520
14305570
14305860
14305947
14306096
14306115
14306259
14306297
14306426
14306435
14306500
14306501
14306654
14306708
14306720
14307653
14307783
14307935
14308366
14308553
14308661
14308790
14309075
14309192
14309319
14330218
14330736
14330870
14333451
14333644
14334438
14355268
14428486
14434979
14438922
14455332
14489470
14496671
14505591
14506779
14507674
14508083
14562755
14562795
14563495
14565417
14566976
14567234
14567693
14568081
14569072
14569331
14569337
14569701
14571766
14610072
14610249
14610480
14610823
14610848
14611044
14611213
14612436
14612552
14612554
14612614
14612787
14612919
14612932
14613712
14614027
14614164
14614208
14614511
14615089
14615148
14615193
14615308
14615533
14615595
14615603
14615749
14616048
14616230
14616293
14616492
14616561
14616679
14616757
14616813
14617288
14617458
14617511
14618344
14618463
14618839
14619175
14619573
14619908
14620120
14620429
14620945
14621543
14622079
14622216
14622400
14622831
14622944
14623187
14623294
14623328
14624321
14624686
14624869
14624915
14625280
14625694
14625835
14625913
14626341
14626495
14626622
14626950
14627117
14627275
14627451
14627639
14628073
14629131
14640217
14640583
14641216
14641338
14642012
14643903
14644402
14644856
14645132
14645609
14645983
14646769
14647446
14647542
14647746
14648854
14694679
14694810
14694903
14695325
14695572
14695579
14695582
14696077
14696204
14696293
14696339
14696861
14696976
14697025
14697465
14697934
14698264
14698725
14698945
14698986
14699066
14699341
14699607
14699612
14699841
14699964
14700238
14700414
14700643
14700805
14700820
14701041
14701052
14701095
14701176
14701422
14701637
14701790
14701948
14702654
14702975
14703021
14703366
14703462
14703526
14703707
14703758
14704437
14705433
14705672
14706024
14706155
14706402
14707152
14707183
14707550
14707644
14708458
14708600
14708775
14708844
14709041
14709085
14709372
14728971
14731485
14739438
14740228
14742476
14745564
14746574
14747450
14766271
14767363
14767823
14768574
14769180
14769804
14770205
14771559
14772458
14773355
14775140
14775436
14775513
14775565
14776467
14776864
14777392
14778258
14778416
14778714
14778779
14778789
14778955
14780051
14780434
14780444
14780591
14780749
14780756
14781208
14781596
14781849
14782260
14782446
14782593
14783448
14783513
14783992
14784390
14784598
14785016
14785276
14785422
14786880
14787026
14787294
14787342
14788770
14788956
14789034
14789504
14789629
14789950
14790232
14791027
14792018
14793781
14794122
14794188
14795236
14795903
14796195
14796524
14796576
14796902
14798599
14799778
14799996
14800316
14890191
14893727
14902258
14903094
14903564
14904140
14904276
14904458
14905000
14905027
14905321
14905323
14905500
14906123
14906321
14906778
14907333
14907397
14908413
14909302
14909428
14909601
14909655
14910017
14910152
14910354
14910646
14910648
14910718
14910847
14911506
14912121
14912228
14912271
14912878
14913090
14913158
14913309
14914201
14914365
14915161
14915227
14915263
14915320
14915715
14916216
14916473
14916513
14916855
14916890
14917172
14917184
14917188
14917195
14917598
14918083
14918225
14919261
14919304
14919676
14919948
14920062
14921301
14921432
14921837
14922043
14922701
14922900
14923014
14923434
14923780
14924003
14924012
14924462
14924702
14924734
14925796
14926007
14926026
14926080
14926336
14926431
14926568
14926898
14927197
14927300
14927492
14928004
14928015
14928091
14928110
14928112
14928647
14929036
14929064
14929304
14929392
14929657
14929730
14929828
14929853
14930483
14930516
14930624
14930930
14931005
14931656
14932557
14934743
14934834
14935155
14935242
14935759
14936622
14937220
14937861
14938806
14938866
14939221
14939874
14940550
14941013
14941246
14941855
14941879
14942436
14942737
14943388
14943471
14943990
14945162
14964377
14964649
14964685
14964800
14965133
14965182
14965552
14965936
14966143
14967094
14968044
14968399
14968699
14968881
14968887
14968895
14969017
14969047
14969097
14969745
14970556
14971210
14971296
14971319
14971340
14971503
14971572
14971879
14972294
14972335
14972869
14972995
14973045
14973159
14973239
14974044
14975146
14975379
14975509
14975518
14975667
14975681
14975902
14975977
14976152
14976396
14976580
14976936
14976966
14977234
14977334
14978214
14978308
14978391
14978677
14979260
14979616
14979642
14979769
14980140
14980210
14980431
14980628
14980639
14980771
14981375
14981607
14981863
14981946
14982018
14990765
14992289
15021061
15024730
15095439
15095906
15096208
15096799
15097091
15098807
15100935
15102320
15102579
15102807
15104788
15105116
15105358
15105439
15106367
15106403
15106448
15106790
15107090
15107436
15107701
15107838
15107959
15108366
15108508
15108716
15108898
15109264
15109395
15110235
15110368
15110686
15110837
15110971
15111136
15111459
15111798
15112287
15112885
15113409
15113753
15113870
15114325
15115532
15115569
15115847
15115891
15116009
15116874
15117011
15117055
15117394
15117425
15117799
15118080
15118108
15118478
15118517
15118531
15119420
15119470
15173063
15190252
15190496
15190881
15191264
15191481
15191835
15192548
15193315
15193344
15193442
15194033
15194685
15195422
15195479
15195605
15195673
15195833
15196045
15196170
15196185
15196395
15196758
15196902
15197087
15197336
15197678
15198012
15198539
15199097
15199455
15199854
15200610
15200902
15201303
15201430
15201816
15201822
15202439
15203457
15203498
15203569
15204302
15204891
15205679
15205772
15224470
15224878
15225212
15226333
15226977
15229325
15229345
15229452
15229989
15230788
15230900
15234589
15235768
15236168
15236974
15237002
15238565
15239905
15301260
15304247
15308134
15308688
15309617
15327800
15331578
15332323
15333208
15334134
15334447
15335555
15335955
15337952
15401029
15408570
15408772
15410178
15410765
15411799
15415114
15415237
15415363
15416132
15416172
15416745
15417191
15417954
15418882
15419193
15420594
15420645
15420883
15421481
15422437
15422670
15423194
15424086
15424387
15424934
15425746
15426285
15426360
15426866
15432027
15437220
15443762
15443814
15444167
15444602
15445174
15445932
15446458
15447233
15447494
15447543
15447744
15449058
15449226
15449862
15449934
15449985
15450081
15450208
15450592
15452269
15452928
15454206
15454248
15454809
15455415
15456160
15456270
15456374
15456564
15456641
15457174
15457409
15502286
15502586
15506471
15506679
15506930
15507663
15509430
15510323
15510529
15514509
15515358
15515735
15570017
15570336
15570675
15570773
15570988
15571341
15571618
15572298
15572354
15573113
15573353
15573415
15573458
15573958
15574600
15574627
15574692
15574934
15574939
15575254
15575256
15575324
15576233
15576535
15576855
15576867
15577068
15577210
15577462
15577543
15578847
15579302
15579723
15579876
15580141
15580288
15580398
15580700
15582035
15582819
15583031
15584019
15584814
15584967
15585831
15586551
15588569
15589020
15592506
15644661
15644778
15645080
15645311
15646311
15646479
15646510
15646870
15647276
15647639
15647647
15647681
15648103
15648132
15648198
15648384
15649949
15650274
15650283
15650666
15651093
15651142
15652669
15653385
15654556
15654903
15655955
15656180
15656629
15656733
15656810
15656862
15657621
15657633
15657818
15657918
15657972
15658466
15658946
15660017
15660204
15660495
15660887
15660898
15661025
15661203
15661255
15661410
15661661
15661683
15661690
15662100
15662116
15662126
15662299
15662329
15662725
15663135
15663204
15663538
15663680
15663838
15664181
15664244
15664355
15665040
15666171
15666442
15667440
15667710
15668138
15668253
15668951
15669040
15669098
15669194
15669838
15689463
15691262
15691336
15692447
15693196
15697296
15698035
15698952
15698971
15701258
15737850
15738695
15738696
15739358
15740104
15740255
15741399
15742013
15742511
15743850
15744284
15744398
15744755
15746229
15750737
15752610
15754872
15755230
15755580
15843844
15844006
15844493
15844686
15845538
15846069
15846562
15847146
15847552
15847706
15847767
15847850
15848284
15848757
15849311
15849327
15849478
15849489
15850946
15851331
15851795
15852070
15852095
15852775
15853078
15897743
15898854
15900604
15922731
15935161
15935353
15935412
15935590
15935890
15935987
15936025
15936286
15936295
15937118
15937172
15937588
15938204
15938456
15938748
15938947
15939134
15939481
15940299
15941549
15941885
15942218
15943098
15943384
15944003
15944376
15944722
15944971
15945112
15945315
15945407
15946763
15946912
15947799
15947816
15948094
15948570
15948713
15948765
15949492
15949984
15950190
15950558
15951491
15951600
15951659
16003592
16039232
16039464
16039975
16040790
16041002
16041391
16041455
16042125
16042207
16042524
16042782
16042940
16043011
16043489
16043632
16044306
16044703
16044761
16044990
16045257
16045276
16046261
16046412
16046451
16046613
16047166
16047193
16047195
16047283
16047350
16048063
16048280
16048538
16048970
16048986
16049204
16049282
16049324
16049674
16049784
16049881
16049937
16050440
16050595
16051084
16051252
16051356
16051511
16051605
16051869
16052131
16052132
16052248
16052779
16053109
16053381
16053542
16053716
16053736
16139338
16207401
16207561
16207592
16208350
16208398
16208500
16208535
16208938
16208954
16209134
16209154
16209551
16209765
16210091
16210119
16210301
16210476
16210879
16210902
16211031
16211303
16211519
16212506
16212676
16212677
16212850
16212886
16213068
16213253
16213412
16213472
16213491
16213640
16214489
16214557
16214704
16214711
16214884
16215209
16215271
16215338
16215657
16215743
16216077
16216223
16216888
16218953
16220447
16220619
16220795
16221122
16221190
16221389
16221474
16221542
16221575
16230088
16290720
16291773
16292059
16292112
16292386
16292603
16292777
16293057
16293286
16293573
16293781
16293825
16294030
16294286
16294439
16294700
16294793
16294892
16295149
16295173
16295595
16295703
16295824
16296080
16296969
16297613
16297666
16297689
16297785
16298107
16298297
16298519
16298729
16299058
16299136
16299293
16299558
16300079
16300562
16300874
16301063
16301208
16301353
16301429
16301953
16302690
16319238
16324583
16325525
16325590
16325989
16326144
16326571
16327119
16328717
16328986
16328988
16329531
16330177
16376930
16376948
16378707
16384387
16384902
16387416
16388037
16388423
16388862
16389310
16389583
16390416
16391195
16391264
16391710
16391716
16392775
16392997
16393010
16393249
16393508
16394068
16394130
16394329
16394401
16394711
16394738
16395141
16395269
16395384
16396201
16397637
16398180
16398462
16398987
16399302
16399375
16399432
16399536
16399716
16399999
16400305
16400403
16435705
16436390
16438946
16441742
16443758
16445430
16445615
16446430
16447802
16449032
16449981
16453371
16454416
16454905
16455287
16455534
16459514
16459614
16460461
16460466
16460573
16461986
16462244
16463275
16463696
16464107
16464229
16464378
16465308
16465425
16465870
16465896
16466237
16467093
16467981
16469607
16563973
16565364
16566232
16567698
16568376
16570420
16570509
16571647
16571926
16572698
16573020
16574244
16574985
16575119
16575868
16578077
16581034
16582756
16585135
16594720
16597702
16601222
16632849
16633146
16633356
16633649
16634670
16634723
16634868
16634932
16635564
16635717
16635869
16636084
16636545
16636640
16636828
16637423
16637549
16637589
16638004
16638080
16638148
16638659
16639227
16640174
16640344
16640363
16640405
16640518
16640748
16640859
16640905
16642027
16642750
16643536
16643670
16643701
16643721
16643814
16643903
16644184
16644236
16644304
16644524
16645212
16645268
16645357
16645612
16645732
16646050
16646066
16646332
16646377
16646511
16646653
16646666
16647170
16647280
16647396
16647597
16647792
16647988
16648003
16648026
16648265
16648534
16649046
16649089
16649109
16649218
16649308
16649341
16650066
16650113
16650419
16650759
16651605
16651677
16651716
16651729
16652079
16652369
16652912
16652982
16653124
16653325
16653471
16653952
16654359
16655567
16656123
16656172
16656485
16656954
16657292
16657624
16657826
16657860
16658026
16658249
16659588
16659968
16660002
16660073
16677029
16769204
16900419
16901062
16901885
16901912
16901919
16902167
16902300
16902359
16902722
16902827
16902934
16903685
16903875
16904538
16904805
16905355
16905385
16905435
16905471
16905657
16906181
16906478
16906497
16906556
16906712
16906763
16906784
16907084
16907343
16907639
16907676
16907710
16907857
16908053
16908094
16908106
16908295
16908339
16908782
16909253
16909591
16910348
16910356
16910521
16910831
16911055
16911393
16912016
16912044
16912357
16912740
16912801
16978152
16978856
16978888
16978976
16979008
16979753
16980449
16980501
16980960
16981096
16981321
16982750
16983107
16983174
16983312
16983473
16983721
16983881
16984118
16984150
16984246
16984295
16984816
16984839
16985057
16985340
16985546
16985562
16986176
16987023
16987047
16987293
16988477
16988576
16988600
16988761
16989080
16989687
16989919
16990090
16990641
16990680
16990806
16991076
16991339
16991389
16991493
16991971
16992073
16992929
16993370
17005803
17013110
17159611
17160623
17165973
17172193
17173119
17196320
17201207
17203352
17204876
17263971
17267087
17274191
17330756
17331199
17331591
17332094
17332273
17332429
17333175
17333222
17333623
17334387
17334501
17335445
17335490
17335725
17335902
17336180
17336386
17338529
17339139
17340335
17340768
17341844
17342130
17342396
17342566
17380060
17380195
17380497
17380635
17380765
17381380
17382688
17383115
17383240
17383274
17383345
17383548
17383783
17383874
17384852
17385585
17386106
17386498
17386619
17386647
17386766
17386880
17387414
17387827
17387927
17388435
17388472
17388596
17389008
17389093
17389112
17389604
17389736
17390196
17390835
17391172
17391669
17392163
17393000
17393463
17393535
17393981
17394186
17394254
17394320
17394486
17395387
17395916
17396088
17396137
17397048
17397173
17397662
17397832
17398312
17398429
17398719
17399179
17399485
17399932
17401236
17401307
17401325
17401668
17401887
17402131
17402266
17402597
17403344
17403518
17403745
17403901
17404110
17404530
17404531
17404540
17405454
17405783
17406056
17406439
17406450
17406455
17407278
17407327
17408536
17408679
17409680
17410231
17410374
17410582
17411446
17411457
17412016
17412194
17413451
17413651
17413807
17413886
17413928
17415743
17417444
17417648
17417784
17419789
17421223
17421748
17422728
17424481
17425799
17426430
17427483
17432892
17433489
17436749
17437448
17439855
17440690
17440882
17441129
17468534
17469261
17470196
17470587
17470736
17470811
17470831
17470859
17470903
17470909
17470932
17471535
17471629
17471630
17471929
17472032
17472065
17472546
17472582
17472610
17472636
17472647
17473058
17473083
17473303
17473629
17473675
17473725
17473975
17474032
17474086
17474324
17474487
17474522
17475066
17475187
17475286
17475500
17475568
17476256
17476540
17476808
17477053
17477205
17477698
17478018
17478182
17478777
17478798
17478845
17478882
17478958
17478991
17479286
17479443
17479477
17479653
17479773
17480655
17481146
17481283
17481332
17623253
17624700
17630810
17631519
17633720
17633833
17633939
17634591
17634713
17635273
17635340
17635804
17635959
17636390
17636396
17636961
17637113
17638586
17639357
17639449
17639707
17640572
17640950
17641207
17641958
17642217
17642901
17643293
17643974
17644041
17644042
17644246
17644915
17645137
17645236
17645355
17645909
17645926
17647904
17648197
17648340
17649706
17650195
17650527
17650651
17651111
17651312
17651357
17683180
17683664
17683782
17683894
17684371
17684528
17684822
17685135
17685651
17685701
17685852
17686192
17686395
17686396
17687268
17687358
17687660
17687672
17687681
17687799
17688063
17688505
17688546
17688829
17689206
17689387
17689424
17689487
17689835
17690675
17691330
17692396
17692445
17692555
17692753
17693000
17693581
17693797
17693821
17693924
17694267
17694588
17694628
17694853
17694958
17695080
17695169
17695439
17695450
17695462
17695492
17695514
17695571
17695664
17695843
17751683
17751958
17753033
17754856
17755813
17756593
17756929
17757368
17757811
17757853
17758118
17758435
17758603
17760179
17761340
17761517
17762092
17762139
17774699
17774789
17774867
17775712
17775799
17775840
17776141
17776241
17776346
17776524
17776794
17777040
17777233
17777390
17778212
17778238
17778623
17778724
17778727
17778947
17779028
17779157
17779813
17779908
17779925
17780676
17780785
17781582
17781595
17782990
17783233
17784339
17784419
17784958
17785020
17785954
17786005
17786159
17786616
17786768
17787927
17788931
17789374
17789694
17790398
17790688
17790918
17793065
17793159
17793689
17794164
17795326
17795386
17796009
17796071
17796320
17798443
17798496
17799002
17799378
17799908
17800109
17801553
17801711
17803049
17803659
17803970
17804520
17804956
17805830
17806021
17807295
17807500
17808176
17808287
17808834
17808836
17808858
17808935
17809294
17809854
17811233
17811699
17812493
17812549
17812769
17812980
17813498
17813636
17813692
17813840
17814225
17814250
17814682
17815345
17815564
17815816
17815952
17815990
17816089
17816495
17816716
17816786
17816867
17817091
17817321
17817741
17817759
17819353
17819499
17819575
17819576
17819764
17820436
17820543
17820734
17820845
17821650
17822011
17822216
17822584
17822927
17823192
17823353
17823512
17823659
17825007
17825183
17825310
17827160
17827705
17827931
17828190
17828690
17829491
17829514
17830212
17830945
17831355
17831639
17831761
17832126
17832441
17832867
17833399
17833702
17834131
17834244
17834421
17834422
17834721
17834975
17835622
17836217
17838921
17840052
17841544
17842426
17852156
17852233
17857699
17861756
17861872
17867137
17868757
17871997
17872197
17872948
17876816
17880043
17880970
17881693
17882221
17882245
17892305
17901879
17902074
17902914
17903892
17904083
17904249
17904569
17904629
17905196
17905457
17905903
17907681
17908588
17908643
17908844
17908940
17909017
17909123
17909407
17909523
17909966
17910144
17911045
17911256
17911534
17911733
17912559
17912761
17912807
17913948
17914392
17915694
17916077
17916334
17916635
17918013
17919846
17920390
17920638
17921665
17922259
17922615
17922643
17922662
17922774
17923051
17923295
17923420
17923715
17924188
17924776
17926052
17926426
17926526
17926577
17927395
17927845
17927880
17927904
17927977
17928147
17928174
17928254
17928296
17928576
17928744
17929440
17930166
17930478
17930732
17931648
17931838
17932048
17932520
17932543
17932643
17933038
17933068
17933078
17934755
17934815
17935033
17935049
17935742
17935843
17935904
17936128
17937006
17937057
17937217
17937330
17938069
17938523
17938538
17938722
17938780
17939144
17940149
17940349
17940485
17940622
17959768
17960320
17960566
17960929
17961566
17962010
17962042
17962169
17962309
17962546
17962551
17962967
17963719
17963849
17964141
17964372
17964626
17964839
17964974
17965120
17965130
17965750
17965790
17966610
17966812
17966936
17967760
17967975
17968242
17968402
17968438
17969902
17970924
17971112
17971348
17972378
17972387
17972944
17973209
17974071
17974079
17974177
17974327
17974400
17974620
17974966
17975108
17975163
17976042
17976163
17976350
17976456
17976815
17976950
17978146
17979180
17979594
17979630
17980004
17980162
17981412
17981671
17982449
17982882
17983150
17983280
17984592
17986166
17986473
17988189
17988705
17991018
17993698
17993752
17994597
17994893
17995014
17995310
17995604
17995726
17996440
17996715
17996726
17996883
17996949
17997578
17997838
17997937
17998078
17998706
17998730
17998884
17998903
17998928
17998985
17999160
17999727
18000458
18000778
18001444
18001496
18001597
18001663
18001694
18001742
18002631
18002736
18002864
18002957
18003046
18003215
18003606
18003875
18004047
18004065
18004444
18005677
18006439
18006994
18007318
18007629
18007654
18008503
18008916
18009209
18009453
18009772
18010114
18010194
18010219
18010533
18011101
18015925
18016718
18018185
18022156
18022453
18034480
18067076
18071501
18072847
18075646
18077013
18078590
18110496
18119953
18120549
18121447
18122727
18125222
18127674
18129218
18130035
18131687
18135784
18136458
18136780
18136809
18136901
18136953
18137224
18137783
18138352
18138496
18138621
18138797
18138881
18138924
18139037
18139367
18139567
18139570
18140207
18140346
18140801
18140810
18141375
18141802
18141828
18142057
18142164
18142190
18142532
18143736
18143744
18143894
18144584
18145511
18146402
18146491
18146518
18146600
18146830
18147000
18147030
18147038
18147293
18147362
18147587
18147787
18147977
18149288
18149514
18149740
18150515
18150572
18151122
18151784
18152478
18152747
18152759
18152926
18152948
18153097
18153463
18154063
18154312
18154559
18154816
18184854
18185120
18185392
18185641
18185803
18185979
18186052
18186368
18186468
18186793
18187103
18187582
18187878
18187948
18188514
18188657
18189304
18189394
18189685
18189946
18190374
18190512
18190529
18191223
18191305
18192592
18192661
18192924
18194527
18194903
18194950
18195480
18196819
18197054
18197783
18197789
18197959
18198581
18198944
18199001
18199028
18199098
18199278
18199639
18199665
18199691
18201178
18201243
18201468
18201657
18276747
18281984
18292151
18312724
18312806
18313584
18314396
18314819
18315144
18315615
18316278
18316492
18317288
18317855
18317901
18318291
18319462
18319496
18320046
18320168
18320270
18321335
18322264
18323276
18323819
18324578
18324745
18379699
18380634
18383880
18385641
18386893
18388213
18408137
18408710
18408858
18409596
18412179
18413015
18413908
18414319
18415092
18415122
18417003
18418442
18419908
18420250
18549479
18552473
18554117
18555116
18556387
18556825
18558285
18559573
18560812
18565512
18566086
18566217
18567483
18567666
18567777
18568153
18568565
18568567
18568971
18570890
18571305
18571314
18571790
18572935
18573930
18574043
18574067
18574893
18575153
18575176
18575376
18576232
18576676
18577968
18578096
18578847
18579388
18579424
18579878
18580110
18580310
18580464
18581025
18581458
18581591
18581612
18582074
18582178
18582650
18582690
18583360
18583786
18584302
