1133
3930
5715
11322
13098
14427
21490
22960
24903
25792
26212
27401
29639
29956
30430
30503
31878
32265
34207
34375
34625
34755
34972
37971
38764
39177
42699
45183
47723
48509
48756
51964
52672
55606
56079
58911
59022
59739
61526
64122
65569
66273
70895
71333
72047
72234
72913
73685
74307
75093
76312
80902
81224
89419
89454
90834
96693
98418
99580
100416
102683
105426
105715
106964
108086
109551
110636
113167
113962
114698
116011
119462
122060
125284
126746
128599
129285
132264
135260
135779
137031
138126
141080
144602
145484
147771
149451
151011
152349
152707
154782
156957
162810
164655
166572
166923
167390
167853
168394
171491
172508
175561
177462
178197
178505
179204
182717
182913
183183
185128
186768
188259
189080
189853
192059
193992
194732
195120
196786
199752
202091
203090
204004
208847
209927
213040
213898
214297
217156
219375
221710
224543
225364
225410
225719
225834
225979
227393
230213
231124
232234
232966
233399
236233
237318
243353
250110
252579
253402
255708
256123
256937
258767
259234
261294
261572
263212
264030
264272
265069
265348
266682
270055
273572
277147
277152
278419
279011
279650
279794
286749
295191
295836
302691
304544
305199
308762
308975
311236
313192
314006
314107
314595
314632
317020
317043
320097
324467
326351
327594
327678
328098
333043
334107
334615
335207
335292
337285
339339
341380
346174
351606
354868
355749
357080
358714
362161
364963
366844
368533
368641
372713
374530
375636
376560
376666
377924
378694
379383
381300
385867
391004
395336
396257
396684
397162
398394
398886
399027
401445
404071
404568
405570
408867
410465
411520
411787
413998
414226
419674
420475
423723
425224
426646
428840
429600
439467
439854
440736
441435
441446
441639
442101
446436
447391
447698
447734
450023
453174
455530
456052
459697
461333
463891
464832
470708
470827
471432
473450
476083
477323
481079
481190
483734
484498
486578
486644
489012
490182
493239
494993
495641
496325
497486
498170
498972
500285
501779
506570
506985
508067
508096
509638
514787
519395
521281
521394
524513
525875
527139
529798
532685
534651
534917
538537
544469
546850
547023
547738
552474
553447
555671
557199
557853
560661
561326
562016
565781
569351
570020
571190
571323
577463
577695
581086
584959
585625
588320
588716
589800
591206
592239
592527
593333
593628
594769
596186
602534
602600
603355
606128
606790
607730
608605
609900
609942
610859
611006
613219
614757
615396
620011
624643
624998
625460
627755
627937
628024
629638
632470
632959
634312
634691
639460
640501
643317
643704
645104
645181
645476
651488
652181
654834
659993
663799
664234
666519
672620
672952
673420
674474
674931
679346
680772
682195
682217
682759
683265
687119
689204
693018
695537
697141
697796
703808
705752
712407
713655
715445
720354
720932
722045
722254
724317
725843
729817
731012
731923
733085
737829
740419
740976
743736
747168
751184
751438
753465
757667
759350
759498
761468
761962
763851
766870
767196
768340
769875
774699
776091
776176
776805
780850
781888
781971
782539
783783
785870
786870
786984
790954
791978
795323
796372
800761
802922
804543
806084
811479
813872
816371
818182
821753
821930
824638
825057
826737
829256
832857
834504
836991
837346
838357
839547
839847
842631
843403
845231
848342
849771
851382
852158
853855
854357
854710
856984
858750
859901
862536
862752
864161
864514
864640
867971
868366
872432
873785
878665
879192
881993
884369
885824
889513
890174
894170
894666
894781
898327
898729
900178
901489
902024
902920
904223
912210
912489
914998
915242
915462
919546
921317
921710
924373
925883
926113
927879
929783
930836
932127
932684
936095
938287
941494
942846
944284
946303
947262
947306
947667
948851
949535
960155
960372
964555
964700
966365
969217
973500
973723
974015
976872
978469
980175
981240
981813
982342
986275
986346
988671
990933
995199
999220
1002185
1002765
1002795
1011654
1012078
1012293
1017139
1017407
1018089
1019488
1019743
1022062
1023579
1026063
1028041
1032155
1033966
1035447
1035921
1040064
1043747
1044095
1046056
1049413
1050118
1051116
1051375
1053340
1053543
1055447
1058351
1061218
1062602
1069438
1070566
1071626
1072986
1073238
1074130
1077443
1079132
1080366
1081080
1081838
1082142
1083186
1087236
1092620
1092983
1093403
1096707
1103073
1103502
1105615
1108038
1109137
1109427
1109428
1110843
1112390
1114293
1116295
1116861
1119128
1119135
1120708
1121899
1122346
1126359
1127496
1128565
1129240
1133588
1138414
1141698
1147886
1148195
1149175
1155372
1157800
1159117
1159164
1163777
1167223
1167262
1167722
1173834
1175367
1176319
1176519
1181804
1182045
1183473
1185127
1185898
1189245
1189988
1191578
1193644
1194915
1197381
1201757
1202666
1203533
1204609
1206229
1206439
1211281
1211697
1212143
1214255
1218926
1219582
1221790
1223111
1223399
1225169
1226661
1227911
1230733
1233487
1240488
1243592
1243779
1245031
1246020
1247855
1251194
1259645
1259682
1260270
1260615
1261477
1264285
1265667
1267304
1267788
1270985
1281084
1282780
1283184
1283829
1287800
1288454
1291056
1297178
1297522
1298507
1299144
1300157
1302586
1305975
1311682
1313012
1313601
1316704
1317557
1318315
1318726
1319246
1320142
1322409
1324042
1325177
1326674
1328568
1329566
1330235
1331193
1333617
1333629
1337951
1339753
1340050
1343464
1345328
1347086
1347855
1348351
1352837
1353384
1355150
1356292
1357281
1358556
1359121
1362137
1366206
1371671
1371876
1373697
1375127
1380037
1383601
1386517
1387076
1389801
1390217
1392422
1398751
1401172
1405281
1407354
1407388
1409313
1412520
1413994
1415094
1415997
1417868
1419786
1421637
1422665
1423903
1426965
1431187
1432422
1433064
1433678
1436155
1441635
1445238
1447217
1449925
1450915
1451435
1452780
1455316
1460333
1460652
1460869
1462301
1462672
1464483
1466286
1468052
1471002
1472463
1473280
1473529
1473739
1475165
1476397
1479379
1479868
1482111
1486079
1486591
1487216
1490663
1494406
1496901
1502261
1503116
1503378
1503924
1508620
1509815
1510993
1513365
1516760
1522796
1523990
1525682
1535045
1541572
1543823
1546537
1550111
1553144
1554145
1554373
1554627
1556424
1557114
1563007
1563318
1565329
1569620
1570014
1570742
1575358
1575846
1575937
1583929
1588842
1591635
1596337
1596698
1596721
1596874
1597019
1599855
1600996
1601367
1604658
1610340
1611573
1616609
1616832
1617236
1617415
1617770
1621930
1623356
1623675
1623799
1624801
1627844
1628760
1629328
1629354
1633409
1635524
1636597
1636839
1637993
1638715
1638898
1639131
1642177
1645003
1649156
1649947
1655357
1655803
1655907
1657448
1657842
1657866
1661488
1662826
1662928
1667451
1669805
1672253
1672609
1674957
1676188
1685234
1685825
1687381
1698853
1706363
1708205
1715681
1716984
1722311
1723561
1725098
1725256
1727747
1729205
1729276
1729738
1729919
1732219
1734010
1734954
1735724
1736839
1737402
1737708
1737834
1739177
1739257
1741412
1743749
1746969
1752388
1759485
1760911
1763632
1767260
1768597
1770588
1774542
1775027
1776536
1778120
1778223
1779617
1779660
1781253
1782592
1785084
1785211
1787565
1789881
1790224
1790660
1791286
1791416
1792628
1796360
1800270
1801754
1802401
1802405
1803182
1809615
1810339
1812602
1813612
1813955
1816707
1817683
1818533
1819920
1823083
1827472
1829763
1832881
1833416
1839108
1840845
1841560
1841793
1842090
1845210
1848908
1851106
1853427
1853586
1856383
1859526
1860098
1860494
1861597
1861696
1864315
1865999
1868299
1876331
1877046
1877842
1879018
1879840
1880518
1880854
1880923
1889095
1891579
1897064
1900060
1900680
1901794
1902046
1903181
1904315
1905471
1905824
1906242
1907847
1911766
1913963
1914354
1914472
1914608
1915374
1917793
1918189
1918326
1920079
1922601
1923209
1927350
1929460
1933213
1933425
1935926
1938763
1941464
1942390
1945915
1951605
1952120
1952766
1953846
1955388
1956787
1957659
1957921
1961627
1962662
1967857
1970593
1974270
1974967
1978041
1978738
1980539
1981217
1982155
1982548
1986601
1989320
1989569
1990861
1991612
1994350
1999331
1999443
2000230
2000585
2003509
2006179
2006996
2007271
2009505
2011508
2016726
2017901
2021716
2028007
2029384
2031100
2031149
2031615
2033257
2033753
2038661
2038902
2040343
2043327
2044054
2045411
2047244
2048080
2048933
2049049
2049207
2054255
2054363
2059569
2063179
2063654
2064298
2064891
2066628
2067721
2068296
2069092
2069233
2069291
2070071
2072732
2080797
2081012
2082374
2084057
2084733
2086549
2087813
2088279
2088790
2089791
2092291
2093168
2099048
2102126
2105607
2105820
2109463
2113023
2115807
2117604
2122919
2131049
2132549
2132663
2135798
2137546
2138756
2142111
2146461
2146926
2147046
2150208
2150547
2153529
2153971
2162490
2164405
2168556
2168600
2170169
2174007
2174435
2177337
2177668
2180151
2181928
2183214
2183305
2184351
2187759
2191025
2191199
2192599
2193495
2193726
2196091
2199677
2200048
2203068
2203271
2207746
2209404
2209576
2212043
2214685
2216767
2217573
2218298
2218699
2222268
2222678
2225667
2229746
2230018
2231295
2232104
2233887
2235085
2237768
2237895
2237967
2238355
2238600
2239604
2245360
2246032
2246200
2246696
2246834
2246923
2248516
2249475
2250150
2253056
2255615
2255866
2256787
2256843
2258983
2262273
2267098
2270855
2271378
2271543
2272766
2275545
2275710
2276744
2277030
2280159
2280747
2281514
2290566
2291241
2293009
2294380
2295351
2295386
2299645
2299893
2300339
2300887
2301126
2303487
2308523
2314884
2315467
2319005
2319863
2322458
2323306
2331953
2333157
2333712
2335123
2337028
2337392
2339097
2342471
2342704
2343712
2345233
2345277
2351536
2351927
2352969
2354408
2355980
2360467
2361809
2362807
2365208
2365575
2368230
2373576
2375054
2381436
2387277
2388989
2389650
2390190
2391905
2392571
2395127
2395162
2395535
2398002
2398338
2398583
2405674
2409728
2409962
2411083
2411675
2412726
2413102
2415385
2419228
2420587
2420862
2422796
2424296
2425287
2425778
2428693
2429481
2431050
2434588
2436128
2436508
2437823
2439780
2441465
2442292
2442799
2443242
2443303
2444995
2446355
2446501
2448257
2449146
2449948
2451882
2454324
2455176
2456084
2457072
2458027
2458398
2465776
2465825
2466948
2471594
2472308
2474215
2475083
2475433
2477072
2478172
2479699
2483222
2483337
2483786
2485943
2486546
2488467
2491006
2491124
2493382
2494372
2496045
2496123
2497337
2498821
2501480
2501858
2504711
2505605
2506677
2508173
2509503
2511599
2512884
2515320
2516839
2517444
2520882
2526303
2527233
2531628
2532584
2533555
2539519
2539693
2540141
2540589
2540726
2542777
2544423
2544459
2545471
2547767
2548942
2548954
2551300
2553792
2554638
2555299
2555772
2556116
2557458
2560491
2562375
2563003
2565389
2566083
2567154
2573267
2578881
2580320
2583287
2590137
2590504
2590960
2591678
2593000
2593044
2593438
2593471
2593950
2594867
2595462
2597755
2601323
2602756
2603286
2604535
2606824
2608078
2610088
2611921
2612364
2612718
2614823
2616080
2616618
2616935
2617257
2619109
2619124
2624662
2628700
2632814
2635378
2641587
2641668
2643126
2647733
2648559
2649906
2650261
2650352
2653659
2653682
2654887
2656956
2658296
2660670
2662378
2664233
2666895
2668035
2668524
2669707
2669758
2674719
2674734
2675092
2676285
2677792
2681302
2681610
2682112
2684203
2684847
2685591
2685861
2686481
2686872
2688790
2689624
2691348
2699691
2705033
2705798
2705861
2708629
2709021
2710441
2711492
2711654
2714798
2716631
2716978
2718270
2721468
2721538
2722760
2724854
2725039
2726609
2726796
2728108
2729115
2731545
2733552
2738398
2741504
2745243
2746590
2746815
2747488
2749009
2750083
2753276
2754488
2758871
2759329
2759691
2760086
2760445
2762755
2765604
2765898
2767692
2768783
2769038
2769850
2770278
2775097
2775923
2777101
2782630
2787950
2788613
2788881
2789204
2790539
2798635
2799681
2800068
2801563
2803029
2803032
2803925
2804188
2805495
2807778
2808345
2808486
2809327
2810939
2811167
2811299
2814038
2814601
2815284
2817117
2817606
2819448
2820533
2830952
2834101
2835776
2836660
2845358
2846873
2850727
2855699
2858145
2869030
2871460
2872345
2873171
2880062
2880199
2881884
2882913
2884903
2885436
2886976
2893142
2895181
2895399
2897795
2899292
2899665
2899689
2899964
2904153
2905302
2906200
2906838
2906964
2908075
2911154
2911900
2913671
2914113
2916606
2917440
2917584
2920413
2922500
2922773
2923906
2930561
2930813
2934805
2939260
2939282
2939993
2940909
2942513
2943276
2944021
2944888
2947784
2948845
2952168
2957932
2959473
2965706
2966279
2966517
2967369
2968959
2971374
2973687
2975110
2978909
2979001
2979040
2982772
2983650
2984103
2985365
2985441
2986932
2987168
2989368
3001555
3002571
3004969
3006476
3007646
3010832
3011379
3014913
3017265
3018067
3018323
3018728
3021265
3021949
3022282
3024149
3025537
3026410
3030859
3031459
3031565
3032709
3032730
3036054
3037550
3038708
3039695
3041036
3041256
3043385
3043976
3047263
3052233
3055049
3055188
3057501
3059716
3062286
3064614
3064844
3064997
3065162
3065182
3066516
3068393
3068579
3069173
3070211
3071563
3075931
3076470
3077495
3080329
3084814
3087092
3087583
3094351
3095001
3101290
3104114
3104761
3110234
3112350
3113367
3115023
3124527
3129671
3131755
3133794
3137053
3137825
3140063
3143042
3145099
3145768
3145862
3146266
3147071
3148150
3148843
3149375
3151005
3151620
3152823
3155629
3155647
3156215
3157032
3158140
3158211
3159943
3161343
3164772
3166045
3167807
3169708
3171082
3172109
3174745
3175932
3176383
3177681
3180072
3186871
3187067
3187224
3188293
3188604
3190469
3195070
3198131
3201144
3201381
3202236
3202354
3206156
3208827
3210816
3211534
3213509
3213748
3214751
3215156
3216827
3217338
3217460
3219651
3219820
3221503
3221939
3222755
3225084
3225647
3231457
3235114
3237288
3238633
3238636
3240219
3240706
3242666
3247141
3248035
3249521
3250357
3250709
3252985
3259573
3262487
3262798
3264573
3265355
3278810
3279246
3281648
3281687
3289421
3289782
3292482
3294594
3295418
3300871
3307408
3308276
3309242
3315103
3320826
3321120
3324681
3325545
3326277
3328275
3334529
3334730
3335480
3335798
3337552
3338464
3343587
3347933
3352874
3354461
3358533
3358539
3358679
3359044
3363206
3364430
3364969
3365010
3365463
3366080
3366772
3367692
3375303
3380640
3383984
3385227
3387936
3390441
3391425
3393350
3395702
3398961
3401046
3401455
3408222
3408839
3409305
3409768
3412122
3414757
3415354
3419761
3420568
3420765
3421925
3423421
3425336
3425981
3426155
3426354
3427441
3429670
3431614
3431756
3432712
3433485
3433620
3435582
3437233
3439043
3439570
3442672
3442951
3445138
3445779
3445949
3451692
3452919
3457036
3458465
3460225
3462284
3462970
3465054
3467428
3472524
3473467
3473884
3475414
3476563
3476664
3476873
3477114
3478560
3480423
3485052
3485165
3485435
3485871
3487384
3490120
3490198
3491480
3493622
3493739
3494213
3494717
3495777
3496413
3497126
3498532
3499303
3500145
3502428
3503844
3509598
3510140
3512608
3513071
3513087
3513311
3514166
3514918
3515327
3517901
3519849
3520939
3523191
3525239
3526260
3529668
3531283
3532283
3535886
3543276
3546332
3547173
3549027
3550975
3553540
3555298
3559504
3561417
3562137
3562840
3562994
3566860
3567534
3570465
3571615
3571819
3574022
3574333
3578072
3582109
3582337
3584569
3586014
3586070
3586114
3586117
3587530
3589072
3590348
3591425
3592958
3597068
3598761
3599277
3600044
3602883
3603642
3604966
3606361
3606700
3607028
3608777
3612502
3613984
3618928
3619022
3619147
3620571
3620833
3621492
3622198
3622607
3625025
3625613
3625651
3626288
3629367
3630772
3631863
3636435
3638981
3640552
3642110
3642554
3642569
3642836
3643804
3653447
3654068
3655855
3656698
3659424
3659825
3662543
3663473
3666261
3666388
3673101
3674255
3678344
3678895
3680295
3681974
3682345
3683579
3690797
3692490
3692685
3693699
3693976
3694789
3696533
3697580
3697915
3703853
3705510
3707381
3708549
3708827
3710071
3711159
3711940
3715119
3715351
3717215
3720756
3722786
3733377
3733929
3736233
3736237
3738540
3745004
3746411
3751719
3752651
3753482
3755876
3757091
3758017
3762851
3764444
3765547
3767402
3768613
3768780
3770971
3778263
3781544
3781652
3782333
3782926
3783309
3783335
3787047
3792181
3793117
3793625
3794519
3798010
3801216
3801460
3803545
3805657
3806078
3810708
3813594
3814889
3818636
3820981
3821883
3823005
3825294
3826471
3827745
3829925
3831401
3834161
3838609
3840292
3843490
3848751
3849442
3850705
3853406
3858102
3860007
3861840
3861872
3863492
3863710
3866540
3866666
3866898
3869022
3870489
3872247
3875473
3875934
3880459
3882806
3883062
3890022
3891647
3894980
3905702
3910982
3912392
3912643
3919500
3919517
3921449
3921537
3923615
3928344
3933527
3935485
3935867
3938363
3940659
3942059
3942127
3945859
3950048
3950415
3952158
3954054
3954091
3954603
3955407
3955830
3956282
3957160
3958322
3959405
3960069
3963338
3963886
3963933
3964124
3964205
3964417
3966839
3967043
3968256
3968446
3968889
3970340
3975479
3975817
3978756
3978852
3984683
3987229
3988888
3988943
3991134
3992472
3992676
3993436
3994850
3997782
3998202
4000512
4002601
4002810
4004744
4005561
4019628
4019944
4020340
4021357
4021750
4022851
4024316
4026939
4029431
4030147
4034399
4034909
4036920
4037287
4046925
4049964
4051592
4053392
4054558
4055333
4055675
4056319
4062225
4063791
4065091
4065836
4066434
4066743
4067693
4068465
4073079
4074456
4075389
4076123
4077854
4078049
4080770
4081666
4082290
4084670
4090676
4093669
4096048
4096095
4096734
4101320
4105887
4106396
4106943
4109226
4110697
4111763
4113340
4113603
4115082
4117355
4118939
4119115
4123446
4125119
4126762
4130300
4132931
4133240
4133996
4135279
4137634
4138832
4142657
4146417
4147851
4150771
4150967
4151562
4153109
4158131
4161040
4161655
4162309
4163289
4163571
4164183
4164962
4165339
4165617
4169570
4169907
4175660
4180692
4181959
4182263
4185130
4187872
4189087
4189859
4190420
4191322
4195358
4195722
4197120
4197751
4201897
4202403
4204029
4204418
4207774
4208826
4212427
4213467
4214942
4217011
4220248
4221616
4221827
4222387
4222987
4223757
4228398
4229180
4232710
4235409
4236696
4237166
4239280
4239390
4239734
4240777
4241077
4241787
4244854
4251288
4257233
4258830
4259631
4259878
4265000
4266926
4267921
4271439
4271456
4272343
4272869
4273203
4273253
4275881
4276171
4283405
4286654
4288090
4290102
4290772
4290907
4291006
4292158
4292988
4293454
4296796
4299265
4301436
4305269
4306102
4308204
4314977
4316979
4319247
4320303
4328518
4332575
4334972
4337313
4337887
4342984
4343686
4344971
4350438
4350814
4352571
4354182
4354783
4360353
4360520
4361867
4362403
4365071
4367842
4368518
4370838
4371594
4374783
4376252
4376435
4377103
4380650
4381206
4381399
4381912
4383699
4386121
4391530
4393179
4393722
4393942
4398043
4400107
4400136
4401085
4401873
4402252
4403133
4404179
4405043
4407275
4410517
4411898
4415381
4416204
4417825
4418321
4418935
4419167
4420494
4424485
4425558
4428647
4432072
4433892
4434925
4436073
4438051
4438061
4439337
4440530
4441709
4442427
4442455
4445265
4447111
4449735
4451924
4454106
4458297
4459065
4459081
4460388
4460685
4462114
4463831
4465324
4466137
4468324
4470774
4472634
4474547
4475000
4476335
4481163
4485231
4489701
4490205
4490273
4491339
4491476
4492208
4492369
4495675
4504521
4507167
4509677
4514148
4514337
4520311
4523053
4523731
4524588
4530089
4530369
4530559
4530845
4535426
4536840
4539620
4541347
4544326
4544629
4546732
4546738
4546964
4547878
4549522
4556227
4556416
4560930
4561677
4566217
4566556
4566882
4570374
4571458
4573021
4574495
4578259
4579816
4580874
4582881
4587218
4589280
4589550
4590214
4590984
4591627
4591956
4593140
4594124
4596711
4597082
4602316
4602891
4603144
4603959
4604007
4604501
4604756
4607363
4612325
4614061
4616825
4617940
4619513
4620067
4628302
4628927
4628949
4629060
4632131
4632294
4633238
4633491
4637921
4639953
4641766
4642347
4642834
4642907
4643218
4643304
4643427
4645425
4645592
4646138
4646445
4647505
4648474
4651199
4651654
4652626
4655173
4658864
4659479
4662560
4663798
4666036
4666292
4666643
4667627
4667789
4671459
4672289
4675958
4676936
4683021
4683385
4683644
4684272
4685186
4696581
4699507
4699620
4702519
4706142
4707277
4707815
4709892
4710550
4713176
4713185
4713664
4716610
4717217
4719581
4721764
4723248
4724023
4726057
4728269
4733202
4736213
4738817
4740725
4741988
4744764
4745200
4745225
4752312
4752374
4756348
4761170
4761174
4765774
4766560
4767668
4769593
4769684
4770069
4772839
4774641
4777072
4778418
4778431
4780694
4782004
4783398
4786865
4788203
4794468
4795700
4797137
4798341
4801024
4801321
4807691
4808239
4809306
4813942
4814424
4815884
4816178
4817287
4818918
4819107
4819729
4821671
4823575
4824877
4824995
4827595
4832451
4832894
4835571
4836329
4838959
4839171
4845451
4847069
4851570
4852603
4855508
4856612
4856938
4857827
4862162
4868000
4871951
4872352
4876905
4877428
4878634
4879923
4880636
4881963
4882190
4885527
4889789
4889852
4890520
4894033
4901431
4901815
4904831
4906898
4907140
4909072
4911113
4912062
4912086
4912093
4916426
4917315
4918583
4920295
4921655
4922092
4925122
4926266
4926786
4927449
4927727
4928286
4934335
4934664
4935519
4939015
4942083
4942531
4945658
4948143
4950375
4952095
4953034
4956364
4963494
4964040
4967189
4968142
4969100
4972332
4973376
4973621
4975151
4976996
4979345
4983719
4984316
4985395
4988947
4989591
4990882
4991505
4995508
5003358
5004647
5005253
5006388
5007621
5009995
5010394
5010418
5010494
5013618
5013980
5014029
5018126
5018398
5018483
5020450
5022312
5023752
5023780
5027853
5029456
5033454
5034097
5034582
5035278
5038994
5039376
5040353
5042488
5045653
5048737
5050796
5051671
5052168
5054838
5065850
5066873
5067218
5067502
5067586
5068358
5069489
5074427
5074643
5076980
5078290
5081608
5081992
5082628
5085127
5087996
5089424
5089847
5092792
5092886
5093037
5094150
5099251
5100739
5103872
5104491
5105083
5106188
5108654
5110704
5114905
5115346
5118083
5119295
5119570
5120222
5121027
5122283
5125251
5125699
5127666
5128965
5129591
5130438
5130472
5130715
5135196
5135338
5137297
5137887
5138478
5138986
5140531
5141952
5142837
5143154
5143399
5143832
5148542
5148937
5149252
5149937
5150848
5153640
5154544
5155968
5156133
5158526
5163314
5164656
5168438
5173467
5174683
5175832
5177422
5179114
5181283
5183169
5186888
5191631
5194821
5205876
5205960
5206831
5207205
5208902
5210523
5210918
5212773
5215025
5215465
5216193
5218075
5220735
5225581
5227681
5228892
5228988
5229192
5229321
5231713
5232602
5237598
5237925
5238967
5244935
5245054
5251450
5251515
5251851
5252650
5252710
5254691
5255858
5257727
5258772
5258851
5259222
5263871
5266231
5266324
5268806
5269521
5269787
5271198
5271745
5271757
5271905
5273053
5276597
5278308
5280736
5282557
5283195
5285473
5287950
5291368
5291761
5292135
5292752
5298875
5301396
5302603
5302608
5307822
5308533
5308979
5314499
5315397
5317998
5320024
5320277
5321131
5321762
5324603
5324618
5327225
5331001
5333108
5333804
5335599
5337266
5339750
5341720
5350418
5351018
5353754
5354311
5356870
5362388
5363041
5363749
5364590
5366510
5366979
5367062
5367249
5368829
5371370
5372066
5372864
5373496
5373979
5374148
5374411
5375018
5377169
5378237
5378605
5379448
5383066
5384028
5387991
5389375
5395216
5397819
5398884
5403352
5403397
5404000
5404554
5404690
5406665
5407683
5409613
5416495
5417808
5420496
5420961
5429064
5429109
5429260
5429761
5430341
5434975
5438669
5442319
5442445
5442851
5443954
5446103
5448744
5449061
5452705
5453571
5455260
5459728
5466087
5466612
5470286
5470310
5470603
5472320
5479860
5480120
5486884
5486988
5488430
5489431
5489711
5491284
5491791
5495388
5497670
5498169
5503777
5507921
5508294
5508374
5510062
5511609
5511644
5512307
5512853
5515713
5517270
5521544
5523518
5523691
5527255
5531795
5534100
5538536
5539041
5539764
5540352
5542396
5542761
5543082
5548239
5552185
5552333
5554447
5554909
5557477
5560014
5560922
5561593
5562896
5566168
5567911
5568833
5569841
5571171
5571704
5571903
5575553
5575694
5577471
5578232
5579485
5579664
5580642
5581505
5583373
5586452
5588788
5591763
5593181
5595304
5596365
5599600
5600663
5600716
5601359
5601612
5606129
5609309
5610180
5613545
5616708
5618684
5622495
5623785
5624039
5625521
5626325
5627450
5628149
5628305
5634063
5636681
5640510
5644272
5645036
5646340
5647935
5648774
5649585
5651822
5654011
5657614
5662503
5667834
5676229
5676294
5677267
5678815
5678885
5679229
5681619
5685855
5686193
5688923
5689242
5689468
5691419
5694450
5694640
5695829
5697042
5698309
5700538
5702650
5703861
5704451
5704544
5708298
5709205
5709539
5709690
5709696
5712262
5713378
5713708
5718617
5720834
5721844
5724018
5726741
5730162
5730757
5733920
5735652
5737368
5741283
5745927
5750255
5750954
5753130
5753188
5754728
5754837
5755614
5758127
5762152
5763038
5763792
5764795
5764822
5766357
5767769
5767780
5770218
5773056
5776719
5782352
5782953
5785638
5790060
5791014
5791433
5791844
5792199
5793008
5797126
5798031
5804453
5805177
5808148
5808301
5808854
5812867
5817820
5818914
5819263
5822646
5823139
5827116
5828282
5829395
5830290
5833150
5836023
5838042
5841007
5841275
5842690
5846336
5851734
5863872
5865938
5867541
5869442
5872363
5873636
5873955
5874876
5877791
5878024
5880507
5882928
5883283
5886764
5887898
5891641
5891992
5892839
5895197
5899245
5901362
5906699
5916245
5916602
5924317
5927949
5930388
5931545
5931748
5934433
5937498
5940797
5942389
5942441
5942465
5942826
5944992
5945454
5947318
5948578
5948686
5948736
5949121
5950528
5955760
5955831
5960320
5961400
5961486
5963873
5965144
5966290
5967943
5968310
5968552
5968922
5971677
5974448
5977340
5977896
5978141
5978405
5979492
5980451
5981707
5983362
5985195
5986231
5991656
5994484
5996844
5998447
5998566
5999287
5999963
6005023
6006510
6007983
6009530
6011473
6014702
6018740
6023248
6023499
6023640
6026906
6027503
6028663
6029112
6031560
6032461
6033216
6033423
6033882
6035546
6036493
6036813
6043970
6044350
6045546
6055036
6055712
6058198
6058950
6059459
6062010
6064754
6065846
6066046
6070825
6071428
6072348
6074756
6076090
6084916
6086964
6087000
6087455
6088213
6089393
6093215
6094803
6096722
6097321
6098585
6100018
6103079
6104465
6106045
6108558
6110388
6111738
6112395
6112539
6122771
6124536
6133293
6135706
6136933
6137172
6137633
6140915
6140979
6147931
6148574
6148873
6149385
6152005
6152837
6156351
6162175
6162184
6162489
6169784
6170354
6172696
6176253
6178367
6180832
6182251
6183162
6183533
6183699
6184484
6190824
6191070
6192309
6192995
6193305
6193531
6193533
6194607
6203937
6204143
6210053
6211529
6216098
6216283
6218509
6220836
6225213
6225243
6227732
6233175
6235551
6238756
6239296
6244045
6245327
6245699
6247502
6247955
6249086
6251995
6252804
6254253
6254992
6255370
6256069
6259485
6261474
6266615
6268224
6268931
6270174
6271571
6273371
6274169
6275550
6275938
6276211
6279309
6280233
6281220
6281863
6283916
6284257
6284295
6284639
6284693
6286258
6294508
6296303
6296607
6298509
6301215
6309129
6309226
6309444
6309585
6309991
6311613
6313180
6316258
6316318
6319835
6321586
6322720
6323595
6326151
6328389
6331217
6331350
6336479
6337155
6337428
6338538
6339555
6342910
6343866
6346919
6347344
6350569
6352268
6356525
6357044
6358134
6358872
6360616
6362358
6362998
6367079
6371103
6374259
6376386
6377734
6386181
6387856
6388988
6393144
6395245
6395686
6396679
6397227
6397485
6398269
6398290
6401243
6404016
6404762
6408906
6409092
6410343
6411909
6412229
6412341
6414148
6416773
6417216
6418248
6418667
6419345
6420705
6425606
6426160
6426485
6426758
6428235
6429974
6430323
6431769
6433266
6433821
6437492
6442785
6442904
6443073
6446765
6447653
6448173
6451459
6451513
6452662
6453333
6456568
6457470
6460650
6464216
6465934
6471279
6477128
6480820
6482677
6485122
6486325
6487925
6493195
6494259
6496665
6501715
6502947
6503889
6504243
6505293
6505689
6508048
6510378
6510473
6511684
6513079
6514005
6514672
6516038
6518060
6518303
6520332
6522069
6529834
6530222
6532199
6532343
6532991
6534741
6534972
6534984
6536397
6537936
6538183
6538337
6543282
6545278
6546469
6548176
6548220
6548295
6557591
6559424
6561839
6562588
6563511
6564134
6564316
6570562
6570694
6571428
6571497
6571558
6583081
6584050
6585821
6587138
6592558
6594000
6595670
6597791
6597976
6600868
6605353
6607331
6609088
6611395
6613869
6620440
6623978
6624408
6625004
6629993
6634569
6636223
6639556
6640881
6643546
6645860
6646334
6649052
6654905
6656459
6657561
6659755
6660704
6661171
6662815
6663332
6667745
6669853
6683268
6684377
6686899
6693003
6693503
6694151
6694458
6699104
6700752
6700791
6703498
6704499
6704531
6714473
6718857
6722512
6727444
6730828
6731868
6737662
6737694
6742257
6744710
6745135
6748463
6752947
6754351
6756316
6761234
6761965
6763607
6765460
6766625
6767668
6774647
6775350
6779741
6782304
6783296
6784557
6784703
6787037
6788416
6794027
6794632
6800627
6801749
6806166
6806305
6806658
6806970
6808138
6811992
6817631
6817910
6819431
6820503
6824710
6829584
6830504
6832866
6833830
6835659
6835745
6835835
6840363
6841149
6841552
6842137
6842178
6842544
6845304
6854772
6857557
6858451
6859226
6861101
6861842
6862143
6863752
6864695
6865570
6866957
6867262
6867597
6868339
6874223
6874869
6876070
6880703
6885014
6885503
6888925
6890246
6891556
6892115
6893029
6895557
6896100
6897438
6897621
6901820
6908830
6909734
6909878
6910999
6911106
6911400
6911980
6912292
6913616
6917182
6918066
6920663
6925748
6927396
6928249
6932611
6935078
6939269
6939466
6939688
6944389
6946435
6947228
6951161
6951870
6954557
6959688
6961653
6965083
6965477
6967635
6968420
6971199
6971801
6972479
6979433
6983516
6984592
6985230
6992414
6996206
6999849
7002587
7002941
7004030
7008908
7010223
7011619
7016319
7024205
7024888
7025347
7026632
7029596
7030031
7030454
7032313
7035139
7035642
7036078
7042690
7045622
7046161
7053814
7056218
7057329
7057760
7058154
7061558
7063135
7063614
7064435
7065095
7068002
7069491
7070770
7070916
7076167
7083563
7086554
7087917
7088317
7090337
7090878
7093297
7093404
7094355
7095778
7096149
7099305
7100003
7101352
7103112
7107534
7108879
7109999
7112248
7112760
7115105
7116464
7121805
7128125
7128412
7128610
7130129
7132633
7133233
7133285
7135998
7136276
7139782
7143034
7144578
7144737
7146740
7147107
7147185
7147263
7147656
7150047
7152615
7155545
7157432
7160691
7161124
7163513
7164772
7165734
7170936
7171341
7171873
7172946
7175974
7177841
7181315
7183778
7183986
7185968
7188191
7195201
7195716
7195834
7196718
7196838
7197385
7197628
7198395
7198695
7200962
7203036
7203934
7204414
7204923
7212281
7212581
7212998
7213593
7214571
7215783
7216917
7217657
7218500
7223068
7223783
7224016
7224766
7225291
7226786
7228690
7228958
7230173
7231334
7233955
7234359
7234725
7235621
7236132
7237065
7241094
7241914
7242867
7244276
7244651
7245137
7247042
7247334
7249845
7253543
7254205
7256231
7256751
7259358
7263986
7265445
7265858
7268387
7270212
7270228
7272074
7275935
7276665
7277220
7277409
7277447
7278074
7278856
7281973
7288585
7290989
7291930
7293240
7293324
7294456
7296339
7296432
7296888
7297831
7300795
7301708
7301884
7306991
7307506
7310870
7311121
7311244
7314526
7314584
7317207
7317545
7319539
7322761
7323534
7325348
7325719
7325925
7325971
7327912
7330852
7331713
7334313
7335693
7338474
7342930
7343247
7344652
7345695
7348954
7349346
7349916
7350199
7350277
7351275
7352906
7353709
7354463
7360600
7361485
7368365
7368483
7368949
7369232
7369348
7369939
7377527
7378406
7381574
7381722
7382484
7383051
7384970
7385450
7386996
7389366
7389634
7391951
7395027
7399148
7403508
7405487
7408600
7409411
7409937
7410449
7410789
7412586
7414382
7415591
7415602
7417740
7420784
7421793
7422657
7423870
7424674
7427641
7428300
7429416
7432834
7438356
7438882
7439662
7442705
7443779
7448766
7450990
7455895
7456767
7457250
7457807
7459004
7461954
7467558
7469841
7470137
7470492
7470552
7470750
7471892
7472084
7473644
7476470
7476899
7478957
7479172
7479637
7483043
7483495
7484154
7484519
7490665
7491821
7492089
7492160
7493417
7494777
7495703
7499232
7502058
7503832
7506535
7507596
7508974
7510743
7511478
7511913
7514028
7516579
7517001
7522306
7522435
7522661
7522876
7524346
7525753
7528534
7528780
7531187
7531192
7533180
7534622
7535996
7537287
7537895
7538024
7540668
7542933
7544098
7544812
7545088
7548106
7549370
7549543
7566284
7567801
7567929
7568228
7571733
7574576
7582730
7583408
7587604
7588190
7590762
7591195
7594171
7600700
7602097
7603618
7605339
7607609
7607983
7608310
7608953
7611458
7615627
7616424
7617342
7617732
7617892
7621383
7622487
7625474
7626981
7627580
7629248
7631518
7636085
7636531
7636992
7638686
7639398
7643964
7649882
7651151
7652538
7652849
7654539
7654664
7655386
7656251
7656667
7661959
7662426
7663501
7664673
7664738
7665242
7669458
7671800
7671922
7672202
7672438
7673498
7674138
7677535
7681326
7682613
7684004
7686533
7690652
7692455
7692806
7694051
7694561
7695158
7699703
7701265
7701744
7705296
7707257
7708167
7710299
7711651
7712272
7712339
7712776
7714909
7721689
7721842
7727785
7727874
7728133
7728929
7733386
7735904
7736739
7740442
7741217
7742604
7743001
7743989
7746669
7748406
7749073
7750477
7750849
7751327
7754220
7754342
7755314
7756016
7764494
7766651
7767606
7770737
7773435
7773837
7774452
7775286
7775454
7778990
7786212
7786509
7787196
7790177
7797793
7800665
7801226
7803103
7804548
7806036
7808687
7809165
7811141
7816482
7818689
7821278
7821348
7822536
7824752
7826822
7826875
7826992
7827245
7827475
7833732
7835120
7838361
7838993
7845953
7847367
7849097
7852781
7854879
7855746
7858550
7860465
7861462
7862304
7863717
7864347
7866511
7868554
7871553
7872799
7873353
7874064
7876950
7883403
7885882
7892081
7897815
7900504
7902699
7906230
7910018
7912608
7913747
7915853
7915981
7917046
7922329
7922818
7933880
7933939
7934186
7934677
7937048
7938494
7938591
7939643
7941069
7941481
7942645
7944915
7949857
7949958
7952143
7952328
7952363
7953768
7956522
7965325
7967103
7968940
7969847
7970304
7972228
7972339
7973939
7974447
7976564
7980043
7981930
7982498
7982881
7985954
7986322
7986772
7991124
7993337
7995664
8001363
8001784
8006601
8008627
8009437
8011691
8013180
8013596
8014300
8016342
8016500
8016967
8017719
8018908
8019430
8021711
8022192
8023301
8023743
8025717
8026396
8026476
8030360
8030894
8035469
8036072
8036300
8040169
8040261
8045071
8050101
8052132
8053101
8057328
8058701
8060358
8062690
8063393
8068665
8069689
8071445
8079176
8079367
8082640
8084910
8086773
8089111
8089158
8089794
8090664
8090852
8094680
8095225
8098939
8103992
8108920
8112893
8113579
8114342
8115940
8116734
8116995
8117525
8119870
8120039
8120096
8120745
8120987
8121663
8121693
8122946
8123140
8124404
8126509
8129994
8132796
8135201
8135873
8137151
8142608
8145879
8147398
8147402
8147950
8151007
8151257
8151611
8152578
8160916
8161909
8163966
8166282
8166450
8169078
8169922
8171076
8171780
8172318
8173698
8173826
8173947
8174394
8176517
8177160
8177317
8177612
8177708
8185291
8187109
8189040
8203100
8204035
8204822
8205620
8206577
8209824
8212397
8212872
8213303
8215706
8218436
8220303
8221714
8223218
8226419
8226442
8226774
8227692
8228377
8231601
8232338
8236703
8237917
8238810
8242183
8242689
8244659
8246440
8250926
8252786
8255183
8256055
8260504
8263793
8264507
8268972
8269070
8271908
8272390
8274214
8275413
8278581
8279739
8282932
8283792
8284129
8284393
8287028
8291422
8292565
8302768
8303438
8304312
8308434
8310115
8310374
8311922
8313704
8316199
8316662
8317769
8319708
8321585
8321850
8323544
8324425
8324995
8325177
8329483
8329710
8329718
8330142
8331334
8335903
8339877
8344301
8346129
8346872
8348194
8351640
8353585
8356108
8356369
8359889
8361511
8361739
8362331
8363054
8368639
8369221
8369363
8370877
8371428
8371648
8378730
8379061
8381236
8381528
8384974
8386698
8386999
8388706
8390278
8390880
8395067
8396554
8400807
8401423
8407676
8407892
8408529
8410434
8410588
8412923
8412933
8412966
8417574
8418593
8423009
8423230
8425132
8426616
8427557
8427773
8429490
8432003
8437567
8441283
8443446
8446877
8451959
8454381
8461938
8463251
8463521
8464244
8464467
8464948
8466238
8471460
8472314
8472886
8474394
8478640
8480776
8481064
8484084
8488070
8490070
8491585
8494941
8496455
8496991
8497553
8499482
8503297
8504009
8510545
8510998
8514570
8515694
8515796
8516567
8516848
8517590
8524273
8526374
8529031
8533191
8533546
8535954
8537993
8541478
8542196
8542984
8543879
8545391
8547909
8548074
8548169
8548690
8550597
8554551
8556289
8556359
8557618
8559462
8560801
8561004
8561100
8563585
8565547
8570984
8572670
8575175
8575572
8580785
8580902
8583490
8583840
8585111
8588013
8588433
8591844
8593020
8594742
8596797
8600165
8603211
8603327
8603362
8605189
8606547
8608510
8609299
8616631
8618181
8618512
8618921
8619445
8619515
8621327
8622964
8627708
8628655
8629060
8632878
8635975
8638579
8642049
8642784
8645287
8646172
8647667
8649735
8652047
8653183
8653450
8653603
8654249
8654582
8655828
8656483
8657182
8659038
8660520
8660779
8661135
8662553
8668336
8669632
8674496
8675898
8676207
8676237
8676551
8677628
8680728
8680989
8681922
8682532
8684233
8684412
8685473
8686613
8689161
8689164
8690159
8691036
8700191
8701297
8701901
8703311
8703833
8703994
8707910
8708354
8709938
8710146
8712624
8712771
8717747
8718025
8718637
8721228
8721434
8725529
8725774
8730766
8731173
8732995
8733140
8738825
8742523
8748326
8750700
8751213
8754226
8755544
8761031
8761402
8763572
8765114
8768299
8770435
8770634
8771490
8778734
8778891
8783067
8784421
8785540
8785919
8785938
8786335
8786791
8786981
8787095
8787451
8788194
8789159
8793792
8793804
8795078
8795543
8796719
8804398
8805602
8806476
8807166
8810658
8811565
8812345
8813209
8817500
8820526
8821785
8826016
8826338
8827940
8830340
8832721
8832900
8835204
8837568
8839884
8842125
8849908
8850578
8851358
8852525
8853974
8855582
8855886
8856743
8857028
8857751
8859734
8860271
8862844
8867191
8871772
8871913
8874293
8874563
8876203
8877120
8878072
8880052
8881111
8883996
8888511
8889662
8891513
8891999
8892251
8894297
8895814
8897236
8900578
8900816
8901099
8903243
8904757
8905930
8908875
8913043
8914306
8917250
8920506
8921015
8924524
8925237
8926207
8927745
8930655
8931288
8931504
8931614
8932314
8938448
8939909
8940422
8944348
8945029
8945556
8945787
8948117
8950238
8950987
8956378
8958468
8960088
8961037
8967863
8968225
8973461
8978898
8979578
8981691
8983923
8984763
8985473
8986015
8986158
8990421
8991822
8992709
9000085
9001480
9003297
9006594
9008476
9011574
9017724
9021219
9025344
9025573
9028485
9030668
9031959
9032103
9032907
9033323
9033686
9040145
9040958
9041852
9042611
9045451
9049711
9049966
9050646
9052954
9055937
9056004
9056027
9056497
9057357
9059558
9062367
9065062
9067528
9071395
9073669
9075525
9076451
9077426
9077627
9079650
9081008
9086053
9088143
9088218
9094380
9094468
9097303
9097368
9103960
9104378
9106512
9108949
9110735
9115930
9121378
9128701
9132005
9132537
9139348
9140759
9144631
9152510
9153893
9156966
9158858
9159091
9159409
9159960
9167635
9168201
9169095
9174662
9177967
9181047
9185373
9187794
9189051
9190012
9190133
9193473
9194051
9196041
9198655
9201317
9203311
9205083
9206557
9206669
9206897
9207806
9208379
9208660
9209712
9209752
9216550
9216947
9217404
9218329
9220123
9220764
9221407
9223117
9223624
9225292
9226674
9231651
9231766
9235977
9236020
9236667
9236810
9236957
9237327
9237972
9241183
9243184
9246714
9249781
9252035
9255022
9256381
9257621
9257643
9258152
9258212
9259635
9260233
9261438
9261847
9264589
9265147
9271698
9273419
9273451
9273946
9278460
9279752
9280622
9285854
9286626
9286867
9288885
9290845
9291759
9293506
9294432
9295408
9296682
9298930
9302135
9303165
9304667
9304908
9307756
9309961
9310688
9311605
9314155
9314398
9316709
9319975
9325459
9326886
9327655
9333862
9339297
9339904
9341447
9344678
9344770
9350283
9353334
9355575
9359990
9362262
9364858
9366572
9370405
9373530
9376304
9376775
9381897
9382973
9383555
9383589
9384746
9390638
9393507
9396415
9397607
9405183
9409962
9410197
9411829
9412538
9414955
9415472
9416368
9425240
9426093
9426781
9427742
9428916
9429332
9432245
9432728
9433192
9433780
9434001
9434703
9434737
9435338
9436083
9437293
9439386
9440053
9444682
9448098
9450411
9450531
9452850
9453788
9455295
9456511
9457151
9458749
9459534
9460493
9461177
9461643
9466643
9466733
9466894
9466957
9468266
9468840
9468940
9471089
9471368
9471592
9471662
9473563
9473951
9474607
9475111
9476287
9476689
9478838
9479410
9483326
9485758
9487381
9488451
9489365
9495502
9498439
9501824
9503174
9510709
9512913
9514617
9516867
9523607
9527676
9528757
9529459
9529548
9531056
9534567
9535161
9535284
9539233
9540425
9542765
9544132
9550373
9550471
9551724
9552453
9552569
9553770
9553851
9557194
9557565
9562130
9563773
9564107
9566504
9568508
9571534
9573333
9574898
9575295
9575897
9576493
9579355
9583863
9584564
9585743
9588060
9591762
9598482
9599376
9600587
9602264
9603356
9604448
9606109
9611257
9612115
9613873
9615724
9616471
9620713
9624187
9624403
9624606
9627125
9627275
9627898
9628474
9629160
9630509
9630631
9632028
9638408
9638455
9639030
9644282
9644506
9645157
9645928
9646358
9649523
9651210
9656128
9656809
9657659
9658024
9660906
9664327
9664852
9668450
9668500
9670003
9674823
9679471
9681561
9684204
9685637
9686971
9687047
9687920
9693897
9696413
9699286
9700201
9703258
9704517
9705349
9705855
9707005
9707460
9708995
9710662
9712539
9713065
9713880
9714980
9716184
9716465
9717266
9718390
9723982
9733203
9733490
9734841
9736550
9736715
9738453
9738551
9739180
9741705
9743856
9743970
9745573
9746163
9747635
9753596
9756464
9759890
9763833
9766356
9766444
9766626
9770036
9770653
9770734
9773162
9775318
9779753
9780056
9782230
9784791
9785330
9788450
9790472
9794815
9795270
9799378
9800456
9800857
9802668
9803578
9804632
9806024
9806456
9808127
9808334
9810184
9810337
9811631
9813883
9815313
9815582
9815878
9816519
9820275
9823880
9825468
9827007
9832840
9833277
9833356
9835155
9836163
9838186
9838686
9845857
9847214
9849709
9850125
9850326
9850443
9853221
9854631
9858797
9861825
9862868
9866058
9868242
9873368
9874982
9875143
9876986
9878203
9887430
9887742
9889858
9889978
9891347
9892072
9897489
9898913
9902318
9905314
9905408
9905496
9907484
9908155
9908238
9908679
9911373
9912535
9914041
9914974
9916359
9916552
9919217
9922804
9926977
9929629
9932481
9933630
9934773
9935077
9938750
9940258
9942591
9942966
9944647
9945719
9947356
9947651
9949855
9952720
9952804
9955199
9957107
9959856
9963999
9965280
9966200
9967095
9969994
9970574
9971103
9971423
9972267
9973149
9974485
9975379
9975500
9976933
9977066
9979967
9984583
9984905
9988633
9995059
9995063
9995831
9998083
9998841
10002936
10004608
10012143
10012203
10013207
10014360
10015677
10017845
10021424
10022646
10022731
10024475
10025571
10025933
10027915
10028383
10030646
10031406
10034454
10035786
10039638
10042343
10043551
10045900
10046852
10048940
10050073
10050836
10051208
10052934
10054249
10057557
10060835
10061257
10062230
10063022
10063705
10071668
10073254
10076484
10083236
10084862
10087839
10093745
10100961
10102368
10103436
10105380
10107073
10115322
10115567
10118875
10120946
10121462
10122578
10123493
10124425
10131487
10132101
10135377
10135406
10136399
10136755
10138123
10138764
10141317
10142598
10142756
10144170
10144705
10149815
10151990
10154478
10156370
10158559
10159098
10167065
10171713
10173423
10173512
10174368
10175201
10175754
10181804
10181987
10182113
10184264
10185037
10186751
10187161
10187873
10188100
10188626
10192891
10193772
10196389
10198770
10199819
10201030
10201915
10202436
10205239
10205479
10206421
10208097
10209008
10210029
10214017
10214447
10215099
10215279
10218385
10219534
10222169
10223385
10228926
10229453
10230823
10232228
10234635
10234713
10235701
10237726
10237958
10239451
10250919
10251072
10257152
10259160
10261388
10261710
10261998
10265267
10267260
10269478
10269723
10271641
10273413
10278402
10279454
10280439
10281526
10282874
10287262
10288018
10289862
10289918
10291074
10292098
10292373
10294904
10299259
10309801
10310628
10311104
10311614
10312876
10317038
10318337
10319731
10321178
10321555
10321721
10323676
10326906
10329111
10330235
10330525
10332041
10333588
10334384
10336286
10337972
10345770
10348577
10349032
10350118
10354136
10356519
10367728
10368072
10370968
10372409
10377054
10379839
10382404
10382515
10382827
10385565
10389259
10389988
10390008
10391306
10395144
10396172
10397557
10402356
10403467
10404231
10406949
10407424
10411728
10412719
10413014
10419720
10420887
10422744
10428173
10431860
10432079
10432463
10433034
10436794
10443341
10444862
10448916
10449292
10450023
10450109
10453388
10458625
10458846
10461647
10462318
10464176
10464542
10467212
10468555
10469422
10469958
10470234
10472998
10474018
10474357
10474397
10475059
10475545
10476798
10477821
10482355
10482756
10486822
10488468
10489191
10494794
10498130
10498342
10499332
10500952
10504545
10504677
10506693
10511259
10512675
10514681
10515809
10516391
10516579
10518193
10526393
10527402
10527877
10529674
10529900
10530148
10531028
10531497
10532824
10536754
10538614
10539724
10540770
10541692
10542314
10543787
10546559
10546971
10552624
10553986
10555746
10555787
10558902
10563886
10565643
10565647
10568334
10568833
10569041
10579483
10581402
10582231
10588320
10589122
10589636
10590665
10593740
10594633
10597126
10599192
10599520
10601703
10603575
10604392
10606082
10608780
10611831
10614174
10614615
10614660
10615185
10616039
10618507
10620501
10621922
10622270
10626152
10626560
10626720
10629761
10630397
10630725
10630887
10632658
10633001
10635235
10635388
10635476
10641422
10644776
10646358
10648070
10648110
10648120
10648217
10648904
10649716
10653536
10655218
10656808
10657679
10659447
10663560
10669299
10673088
10676741
10679923
10682225
10686960
10692683
10694014
10695941
10699242
10699420
10703020
10703441
10703641
10712366
10712938
10716152
10719179
10720948
10722904
10724696
10725027
10727720
10727879
10730473
10733045
10733598
10739928
10741711
10744000
10744788
10745139
10747451
10748079
10748895
10751086
10752920
10753839
10756261
10757764
10760908
10761537
10761543
10764609
10768584
10773770
10774459
10774690
10775542
10777064
10778204
10779085
10781302
10781638
10781786
10784386
10784721
10785255
10786586
10787460
10794798
10797342
10797915
10799835
10801150
10802896
10805939
10806852
10807394
10807623
10808937
10809535
10810435
10812133
10812535
10813258
10816195
10816702
10817132
10817952
10823212
10823480
10823889
10824581
10826425
10826629
10827168
10827451
10829827
10831829
10834134
10836864
10836897
10839724
10840063
10840336
10840502
10840773
10841229
10844266
10847133
10851134
10851670
10855349
10856092
10856214
10866193
10866758
10869433
10871304
10875321
10877480
10877708
10879841
10882401
10884115
10891183
10893381
10893872
10897594
10902092
10905147
10906785
10907176
10907323
10909129
10910638
10910838
10914608
10918212
10918275
10919842
10920211
10920563
10920830
10921404
10921450
10924501
10925740
10925930
10927602
10934359
10935261
10936991
10942485
10944622
10946141
10946442
10947729
10948080
10949374
10950660
10950700
10952981
10954471
10959116
10959292
10960246
10961210
10964512
10966319
10966520
10973936
10981589
10983766
10986199
10986888
10988817
10990804
10992243
10992806
10994787
10997311
10997485
10997908
10998393
11007524
11010330
11013455
11015736
11016309
11017099
11022155
11025200
11029032
11029541
11030349
11031905
11038054
11043104
11043710
11048816
11050490
11050904
11052846
11053467
11055098
11056488
11056728
11057343
11058224
11061678
11066095
11066831
11067161
11072630
11073479
11074381
11075562
11079882
11082595
11083762
11084243
11084602
11084890
11086129
11086847
11087260
11089249
11089485
11089842
11090564
11091611
11095861
11096055
11096078
11102567
11108242
11108898
11109743
11114254
11114323
11114406
11115820
11117646
11118652
11120731
11123821
11126927
11127821
11132439
11134078
11134813
11137494
11138253
11141044
11141882
11142060
11144026
11147665
11148082
11152016
11155706
11160528
11162550
11163597
11164487
11164991
11167065
11169403
11169591
11170167
11175256
11175658
11178129
11178875
11179541
11180744
11181056
11186674
11191428
11194179
11194707
11195162
11199558
11204658
11206357
11209737
11213256
11214947
11215210
11218347
11219589
11222079
11222504
11224038
11224071
11225944
11227265
11229130
11229186
11231070
11232618
11233453
11234365
11234923
11235215
11235366
11237316
11237959
11240333
11241494
11241945
11243634
11243959
11247185
11249235
11250369
11255304
11255692
11257016
11259926
11260390
11266080
11266171
11270597
11270646
11272523
11273566
11276623
11278556
11278661
11279403
11279819
11284143
11285271
11285819
11286147
11287572
11290471
11290616
11291631
11293599
11296631
11297857
11303200
11304006
11304917
11305349
11306067
11307034
11308674
11310298
11311634
11318540
11319335
11321622
11321930
11328405
11329326
11333463
11334066
11335758
11336510
11337601
11338033
11338538
11340756
11340776
11341732
11341982
11343472
11343936
11345001
11345492
11345613
11346107
11346423
11346432
11347442
11351606
11355681
11361235
11361813
11367616
11367850
11368123
11371123
11371954
11373381
11376396
11376447
11377505
11381852
11382274
11386849
11387155
11387459
11387858
11387886
11392753
11392784
11395920
11397168
11397285
11399373
11408112
11410720
11412095
11412777
11413784
11415162
11415800
11418466
11420564
11424687
11425926
11428982
11429057
11429363
11431023
11431989
11432412
11432925
11436939
11439495
11440454
11441149
11445139
11445718
11445808
11446257
11446747
11447987
11448348
11451493
11451935
11452633
11454277
11459030
11459295
11459395
11461042
11461129
11462133
11462841
11467176
11467870
11469699
11469851
11475954
11476137
11477395
11477772
11477784
11480663
11480932
11484028
11485149
11486917
11487430
11489420
11491794
11500860
11501529
11502397
11503973
11506829
11506908
11514461
11514663
11516921
11519059
11519084
11520504
11522296
11525515
11525833
11526185
11526975
11528826
11534033
11546667
11552836
11556044
11556259
11558522
11561056
11561286
11562285
11563177
11563208
11563940
11564259
11564848
11566093
11568646
11568773
11571808
11572004
11573056
11574531
11577162
11579294
11579819
11581166
11581803
11581910
11582696
11583886
11586377
11587650
11588432
11588954
11589390
11596213
11596345
11596486
11600132
11601057
11601379
11601413
11602545
11604471
11614001
11617652
11619814
11621024
11621302
11623290
11623581
11623598
11624106
11624317
11624882
11625032
11626274
11626623
11632062
11650440
11651771
11657559
11657767
11658075
11658379
11658710
11659277
11660276
11663066
11664799
11668174
11668236
11668545
11669498
11669709
11672006
11672766
11685154
11687405
11687457
11688238
11688673
11689942
11690646
11693369
11699219
11700892
11703886
11705029
11712753
11715752
11718379
11719497
11719737
11723552
11724332
11724562
11725207
11726076
11727129
11727488
11728103
11728748
11728938
11729320
11733734
11735192
11735475
11736290
11738454
11738890
11740237
11740422
11744786
11747375
11748122
11749388
11751442
11754760
11757051
11759668
11761913
11762838
11762925
11763214
11767174
11770492
11770942
11777208
11779645
11780779
11782003
11784335
11784512
11788683
11790343
11792026
11792211
11792404
11793320
11793378
11795042
11795910
11801223
11802902
11803032
11803822
11804012
11805182
11805254
11806782
11806793
11810310
11810381
11811743
11812786
11813745
11815108
11820132
11824529
11826768
11828463
11833782
11834691
11834970
11836519
11839459
11840469
11842257
11843350
11845129
11845264
11845282
11846586
11847937
11848586
11850163
11854072
11859429
11860197
11862086
11862967
11866087
11866614
11867851
11871131
11871427
11871751
11873359
11874478
11879676
11883313
11887643
11887882
11890141
11891219
11892949
11897530
11901269
11902316
11906664
11907764
11907914
11909740
11910794
11912441
11913106
11915585
11915840
11917307
11917766
11920704
11922294
11926871
11927832
11929967
11930343
11934258
11934812
11938427
11940070
11941526
11945079
11945658
11946107
11946853
11951333
11952750
11955680
11956595
11959194
11960760
11962536
11966133
11966413
11966415
11969889
11970797
11972707
11975060
11975422
11977263
11978848
11982432
11984613
11987935
11993773
11997680
11998297
12003983
12004879
12010380
12011530
12012812
12013925
12015046
12017358
12018645
12020217
12021564
12025964
12027737
12028802
12029037
12029553
12030830
12031863
12033079
12035172
12037454
12040262
12041808
12051965
12053476
12056340
12058568
12060395
12061203
12061382
12061663
12064788
12065786
12066362
12068141
12069091
12069804
12070172
12075444
12076015
12076340
12077898
12078074
12078311
12080300
12084980
12088379
12089036
12089575
12089854
12090346
12090862
12091999
12096882
12099915
12104624
12104660
12105021
12106261
12106469
12108113
12108645
12108776
12111460
12112418
12117128
12123994
12124537
12124595
12125963
12125984
12127206
12128274
12129789
12134227
12135032
12135462
12136918
12138046
12138461
12141475
12141647
12143909
12145242
12147833
12149574
12150129
12154272
12154618
12156244
12156359
12158434
12161322
12165166
12166672
12169767
12172829
12172946
12173436
12174115
12178409
12179989
12181433
12181679
12183130
12183337
12186474
12186681
12189911
12193158
12194207
12196547
12197024
12197025
12198073
12198561
12199982
12200679
12200818
12205056
12208836
12208894
12209579
12210266
12212233
12212581
12212775
12213317
12213545
12213567
12213715
12213787
12215300
12218094
12219614
12221506
12224573
12225395
12225828
12226664
12227834
12230371
12234345
12236708
12237831
12238175
12240630
12240658
12243627
12243761
12245157
12245591
12246674
12247795
12248771
12248973
12253511
12254854
12258512
12259308
12262415
12263903
12264721
12270460
12271159
12279322
12280185
12284319
12286133
12286256
12288232
12301018
12304484
12304723
12307684
12309462
12310237
12310884
12317217
12317847
12320978
12321449
12325256
12330490
12330710
12332726
12339428
12340134
12341411
12341907
12342383
12346117
12350689
12354776
12358151
12358817
12361343
12364775
12364937
12366394
12369713
12372286
12373294
12373819
12376258
12376883
12377160
12377177
12377645
12379510
12381484
12383488
12384641
12385694
12386530
12389676
12392415
12393397
12393496
12393632
12397418
12402236
12402845
12404251
12404450
12406369
12408521
12408668
12409936
12413480
12414108
12414354
12414629
12415635
12415865
12418241
12421035
12421905
12423072
12424929
12428069
12428309
12429464
12432310
12432388
12432951
12433069
12434647
12435257
12436537
12440610
12440779
12441775
12442702
12444436
12447572
12449148
12449177
12454762
12455383
12459547
12460380
12460894
12461317
12463379
12464375
12464441
12464449
12465184
12469264
12469605
12471430
12472442
12473642
12475202
12476483
12477319
12478547
12478638
12478874
12478955
12482880
12483012
12483724
12486130
12487991
12489839
12490078
12491210
12495807
12496629
12498338
12501581
12504029
12507768
12507806
12512320
12513497
12513961
12514662
12514685
12519735
12520600
12522724
12523518
12526910
12532162
12533087
12537325
12538997
12539577
12540531
12540694
12541016
12541018
12547983
12550250
12552887
12555956
12556107
12556728
12557576
12558868
12561712
12562846
12564934
12565164
12567647
12568223
12571241
12573658
12581500
12583049
12583653
12584468
12584503
12588011
12593007
12594631
12594910
12599966
12600054
12601736
12604589
12604759
12606274
12609507
12615218
12615648
12616265
12617777
12618903
12620728
12623797
12627122
12627654
12628386
12629018
12629199
12630243
12630391
12630830
12634196
12636777
12636965
12641471
12641837
12642589
12642806
12643887
12645706
12647809
12649170
12649621
12650273
12651137
12652251
12652372
12652767
12653432
12653484
12657185
12662645
12664484
12666250
12668884
12669978
12675994
12676494
12678050
12679630
12679880
12680308
12680539
12681432
12684455
12685954
12695492
12696431
12697994
12698013
12699672
12700505
12701622
12703003
12705173
12705362
12705571
12706379
12707086
12710344
12710609
12710929
12712448
12714078
12716232
12716312
12718900
12720114
12720645
12720960
12721621
12721821
12723952
12724135
12725592
12726817
12730785
12731999
12732770
12734047
12737188
12737424
12738049
12739523
12741819
12745648
12745817
12746998
12748553
12749188
12749520
12750386
12753107
12756232
12757836
12760936
12761397
12762468
12764875
12765509
12766005
12768600
12769827
12769992
12770470
12772850
12773251
12774357
12776060
12776819
12778152
12778196
12780162
12782644
12784213
12788667
12789696
12791085
12791574
12794665
12795703
12797814
12798217
12804841
12806519
12809248
12815124
12817073
12819032
12820687
12821576
12821751
12821840
12824442
12825805
12828663
12829753
12829980
12832017
12836233
12836335
12837589
12839688
12840294
12842120
12843347
12843896
12844659
12846356
12847842
12848135
12852178
12852286
12852460
12853532
12858899
12860264
12862803
12863288
12864684
12866898
12869434
12871837
12872952
12874479
12875480
12876544
12877509
12877831
12879578
12879579
12880622
12883846
12888785
12888937
12890473
12892896
12893384
12894364
12896243
12897628
12899436
12901835
12902639
12904841
12905920
12908650
12909232
12910919
12911706
12913033
12914855
12919735
12924448
12924469
12927323
12931286
12932586
12934409
12934590
12939242
12940006
12943425
12943604
12944555
12947239
12950110
12951484
12952259
12957694
12959975
12960427
12962104
12969709
12971729
12973174
12977573
12979295
12980221
12982415
12982435
12983768
12986862
12986912
12989058
12989820
12990166
12991275
12994926
12997177
12997306
13001233
13001777
13001780
13002793
13003175
13003371
13003943
13004652
13005189
13010306
13011522
13012497
13013308
13013603
13013814
13015637
13015767
13016295
13017311
13019099
13020070
13023864
13028877
13030515
13030743
13037274
13040404
13040488
13040704
13041747
13042700
13043264
13043496
13043824
13044423
13045108
13048701
13050574
13054525
13056443
13057360
13065115
13066957
13071608
13071840
13072050
13073122
13073393
13073435
13074812
13075529
13077835
13080416
13081846
13081969
13081992
13084255
13086331
13088525
13090308
13091267
13091653
13096920
13098764
13106815
13107713
13111953
13114579
13115688
13118096
13119175
13120766
13121143
13122643
13124969
13125999
13128341
13129721
13131202
13134988
13138477
13139263
13142421
13146072
13149010
13151201
13152481
13153835
13154010
13154814
13158005
13161596
13164346
13164370
13164400
13166879
13168205
13169704
13171185
13171603
13171772
13173169
13176869
13179070
13180020
13180695
13180775
13184976
13185935
13189128
13189156
13189952
13190258
13192060
13196740
13199890
13200016
13206929
13207450
13207710
13209094
13209150
13210709
13215940
13216843
13218951
13224908
13224987
13225850
13227275
13228056
13235742
13236260
13237158
13237776
13238123
13239698
13241336
13242593
13244127
13244379
13245491
13247393
13249727
13249965
13251164
13251232
13254271
13255929
13256896
13257201
13258286
13261931
13265971
13267595
13269090
13275633
13279707
13281599
13282576
13282948
13283428
13283930
13286449
13287604
13290170
13292632
13295104
13298662
13299300
13301997
13303361
13305057
13309138
13309426
13312386
13318459
13329142
13334024
13334629
13335343
13337249
13337777
13338295
13338644
13342986
13344358
13344607
13348268
13350496
13352027
13352989
13353222
13355703
13356126
13363544
13364453
13367281
13367679
13370112
13371549
13372462
13373296
13376770
13376771
13378175
13382345
13383778
13384007
13385444
13386205
13387051
13387266
13387838
13388013
13388941
13390814
13393579
13394118
13396422
13401796
13402090
13404147
13404742
13404780
13405727
13406187
13406435
13406800
13417113
13417115
13418156
13419003
13426710
13429330
13431852
13432013
13435294
13436010
13436629
13437445
13438427
13440630
13442407
13443851
13447371
13453066
13453152
13453375
13454550
13456128
13456770
13461329
13462663
13463555
13465751
13469036
13469749
13470155
13471701
13474633
13475214
13478559
13478750
13479182
13480135
13484166
13485055
13493023
13495005
13496673
13496974
13497615
13500889
13501278
13501386
13504718
13510667
13512634
13514868
13520920
13521038
13522561
13523499
13526296
13526962
13528652
13530705
13530984
13532966
13535945
13537013
13537172
13544429
13544611
13545296
13545413
13546957
13549634
13553296
13553750
13554291
13554344
13558338
13559564
13561751
13561832
13562972
13563564
13563578
13568028
13571371
13573586
13575582
13576414
13576531
13576553
13577218
13578655
13578896
13580537
13582090
13582341
13583036
13583848
13588612
13588621
13589632
13590721
13594614
13595459
13597291
13597424
13597990
13599294
13599822
13601095
13602001
13603528
13604654
13606291
13607133
13609971
13610081
13610214
13610360
13611195
13616085
13617067
13618809
13619804
13620250
13622504
13622794
13624442
13624451
13624901
13625700
13628842
13630536
13631237
13631736
13633121
13633489
13635415
13640623
13641016
13642781
13647094
13651546
13652064
13652542
13653387
13653619
13658750
13659055
13659190
13661689
13664932
13667769
13668903
13669714
13669875
13675029
13676507
13679393
13680868
13685061
13687888
13690775
13690836
13692162
13692401
13692472
13692739
13692844
13693229
13693550
13694699
13695220
13699766
13700328
13704512
13706156
13706790
13707861
13708338
13709283
13713476
13713658
13713954
13714043
13719989
13721487
13722502
13723776
13725496
13725952
13727104
13727839
13728288
13732661
13732732
13735494
13742541
13747258
13747668
13749976
13751143
13753425
13753668
13759530
13761376
13763638
13766292
13767669
13770357
13773513
13774585
13774945
13775657
13778364
13780988
13784418
13785782
13786136
13789067
13789457
13791997
13792010
13793696
13796543
13796766
13796934
13800613
13800796
13801823
13802749
13803161
13804578
13806283
13807763
13811812
13816217
13818702
13819617
13820117
13821082
13822522
13824218
13826102
13828156
13828875
13829353
13829377
13836399
13836786
13839236
13839449
13845854
13846629
13852819
13853588
13855039
13855434
13860197
13860587
13860695
13860826
13861495
13864538
13868037
13869663
13870045
13870574
13870703
13871300
13876742
13877459
13879011
13879923
13880104
13880801
13881676
13882901
13883949
13884901
13888574
13890790
13892088
13894407
13894639
13894757
13895105
13902863
13905795
13906102
13909248
13915462
13917267
13921335
13921674
13922811
13926904
13927131
13932694
13934171
13936622
13939809
13946804
13952909
13953435
13953943
13954069
13956306
13956364
13957842
13958949
13960375
13962263
13963411
13964636
13974413
13975100
13980509
13984652
13987239
13988309
13988345
13988523
13988924
13991063
13993614
13993834
13996660
13998499
14004111
14006957
14009145
14009779
14011620
14012429
14013254
14014163
14015416
14018283
14018364
14020079
14023062
14023538
14025745
14026681
14027729
14034113
14037244
14037532
14037680
14039408
14041570
14048167
14048796
14050080
14054056
14061113
14062870
14063206
14071790
14072076
14079205
14081253
14086438
14089715
14091194
14093447
14094521
14094651
14096520
14098336
14098444
14098537
14100221
14102097
14103981
14104784
14104957
14105645
14107939
14107978
14115161
14117534
14117593
14121277
14121884
14123527
14127793
14128768
14129177
14130593
14134012
14138005
14138200
14141195
14141225
14141410
14143292
14144117
14147589
14150600
14150674
14156658
14158105
14158928
14162137
14162327
14162668
14164939
14169691
14170145
14171249
14172499
14183601
14185644
14188469
14189073
14192409
14193826
14199257
14202779
14203490
14206211
14209900
14212552
14216516
14216555
14217350
14219927
14220074
14220746
14221469
14223449
14223740
14226656
14228264
14230615
14232291
14233773
14234860
14240522
14243187
14243354
14244325
14244467
14247239
14247857
14249113
14249449
14251261
14252242
14252445
14252951
14254419
14255526
14257258
14260018
14260678
14267582
14267637
14268738
14277581
14279235
14279603
14280740
14280958
14281562
14281852
14283065
14285248
14285940
14287597
14289246
14289552
14291664
14294392
14295576
14299785
14302950
14302967
14306559
14308647
14311530
14311642
14312944
14313148
14316109
14316907
14317592
14317707
14317718
14318531
14322710
14327357
14327513
14327775
14331295
14333434
14334697
14337670
14339125
14341476
14343144
14343389
14344887
14345336
14345754
14347079
14352149
14352611
14355063
14360240
14361243
14363021
14363622
14364743
14365270
14366420
14374111
14377347
14377435
14378852
14382526
14383539
14383857
14385736
14386727
14387645
14389390
14390348
14392127
14394221
14395179
14397143
14398765
14403601
14403825
14403869
14404347
14404610
14406345
14406562
14407151
14414745
14417292
14417811
14422750
14432291
14434087
14434467
14434675
14435760
14438623
14439305
14443091
14444612
14444653
14447778
14448270
14450364
14451656
14452313
14453022
14454657
14454751
14455005
14457572
14457660
14460131
14461997
14469265
14473694
14475184
14476348
14477485
14478482
14479279
14479650
14480689
14486106
14486954
14488871
14489745
14490480
14493112
14494453
14494566
14497173
14497701
14498132
14499425
14499935
14503569
14506176
14514389
14517155
14522668
14524005
14524882
14525173
14526809
14527690
14530068
14533855
14535341
14536934
14540225
14542388
14542939
14543074
14543298
14546860
14547379
14547427
14550743
14556299
14557463
14559485
14560395
14560822
14561057
14562639
14562827
14562941
14563576
14565319
14571240
14573588
14573840
14573935
14575398
14575627
14576136
14578225
14578660
14582536
14584066
14590461
14590906
14592935
14593175
14593650
14594395
14598691
14601154
14601184
14602590
14604746
14605475
14608552
14610027
14610530
14611521
14613273
14615285
14615530
14615697
14618220
14620979
14622707
14624211
14624335
14625246
14626119
14627593
14628411
14629731
14631026
14632450
14633452
14634034
14636972
14637879
14641551
14642223
14642794
14645398
14645828
14650522
14650827
14652131
14654077
14655039
14656756
14657711
14658900
14658918
14660029
14660246
14665056
14669270
14670235
14670364
14672388
14677746
14677928
14678528
14680390
14680740
14682595
14685070
14687296
14691044
14692541
14694325
14694339
14696466
14698490
14698629
14699489
14700025
14700658
14702062
14703646
14705748
14706236
14708618
14709055
14710637
14719306
14720456
14721680
14729573
14731121
14733065
14735921
14737639
14738900
14739032
14739084
14739157
14739744
14740564
14742928
14745587
14746471
14751088
14751135
14756020
14756574
14760189
14761321
14762872
14763307
14763847
14764252
14766360
14770502
14771970
14772947
14773492
14773913
14782368
14784935
14787583
14788304
14789119
14789397
14789409
14796754
14798357
14802072
14804240
14804441
14805506
14805788
14806116
14808998
14809367
14810438
14815163
14816806
14820059
14820322
14820745
14821412
14824624
14825585
14825887
14825980
14829203
14830824
14831215
14834773
14841219
14842690
14843361
14843663
14843677
14845135
14850625
14851726
14852190
14852734
14852899
14853046
14853444
14856117
14862418
14862802
14864228
14865010
14865772
14866567
14867011
14867529
14867922
14868954
14871831
14873832
14874222
14875207
14875768
14876624
14880347
14881376
14883832
14885230
14888488
14890573
14890647
14891542
14892018
14892225
14894045
14895032
14895685
14898113
14898788
14901761
14904493
14909311
14910053
14911068
14912090
14912415
14914756
14915513
14921275
14924456
14925193
14925611
14925840
14927932
14931611
14931999
14933430
14936289
14939697
14939947
14941036
14942653
14943787
14944644
14944846
14946827
14947681
14951213
14957638
14960729
14962197
14964866
14966204
14966908
14967629
14968119
14971381
14972283
14975947
14976023
14976613
14977072
14977852
14979147
14981787
14992100
14993619
14993882
14995508
14999291
15000665
15003732
15004547
15004736
15007802
15016219
15019138
15021241
15021984
15024233
15026030
15035683
15043278
15046706
15046855
15047061
15048816
15050526
15051041
15051307
15052805
15053342
15054819
15054915
15059787
15060272
15062401
15062850
15063148
15063481
15063938
15066459
15066669
15066686
15067117
15069936
15071895
15072002
15078105
15078390
15079445
15079453
15080906
15081384
15081655
15084457
15086126
15086416
15088093
15094003
15095068
15095125
15095613
15096295
15099338
15100663
15102564
15104132
15106822
15107136
15107198
15108248
15111354
15112881
15120269
15121270
15123056
15123436
15130090
15131215
15132719
15133921
15134803
15136011
15136930
15139931
15142520
15142757
15147886
15148952
15149348
15153015
15153257
15155498
15155520
15155837
15156543
15157566
15158690
15159640
15162717
15167344
15168207
15171233
15172766
15173501
15176072
15176787
15180706
15187882
15188925
15196674
15197929
15197976
15201969
15202752
15205395
15205669
15206465
15207413
15207632
15215708
15216451
15220893
15224506
15226156
15226389
15227792
15228311
15230043
15231139
15231502
15232060
15232211
15232389
15233482
15233681
15234784
15240238
15242735
15243106
15243314
15245334
15248838
15250024
15250830
15252528
15255885
15256783
15258686
15258743
15269366
15269870
15271221
15272088
15274380
15278057
15278420
15282211
15284356
15284705
15286946
15295551
15295700
15299847
15301528
15308657
15315427
15316079
15317958
15318663
15318869
15321502
15321555
15325265
15331143
15331447
15335883
15337290
15342312
15343284
15343687
15345497
15347467
15348767
15349760
15352643
15352837
15352841
15353961
15354592
15355963
15356371
15360032
15361058
15366811
15369119
15378254
15380859
15382957
15385280
15385444
15386610
15395504
15396496
15401106
15401197
15403789
15404842
15405016
15410833
15412072
15412420
15415545
15418713
15419017
15425078
15426873
15430360
15433332
15433641
15435341
15437217
15441701
15442814
15444776
15446971
15448559
15449417
15452522
15454879
15455180
15456125
15456350
15462000
15464005
15467390
15468706
15470186
15471412
15476910
15479209
15481369
15482983
15484357
15484418
15484790
15485523
15486963
15491223
15492681
15493086
15493118
15493788
15494293
15496997
15497499
15499180
15500033
15506385
15507690
15508200
15508781
15509758
15510047
15513894
15514339
15519621
15521396
15522369
15526211
15526720
15527316
15528348
15528703
15530060
15532801
15534003
15536402
15538419
15542830
15544872
15545011
15546581
15547933
15549947
15551787
15553009
15553785
15559780
15560022
15560275
15563359
15566359
15570740
15579834
15579988
15581417
15583128
15583201
15583299
15584137
15584660
15587214
15588114
15591137
15593228
15594166
15595348
15595375
15595916
15598112
15600587
15602991
15603658
15614169
15614822
15618480
15620090
15624299
15627822
15631293
15633934
15634703
15638283
15638450
15639559
15641750
15642160
15657224
15659329
15661863
15662645
15665495
15667342
15667603
15667971
15671228
15671635
15671665
15672253
15675903
15677976
15682376
15682599
15684015
15686386
15689396
15690230
15696759
15698543
15701285
15705373
15705971
15707825
15708532
15709707
15715170
15718890
15720287
15720444
15720997
15723917
15725879
15727440
15727675
15728264
15732233
15738277
15739342
15743406
15748697
15750258
15750477
15753039
15756455
15762655
15763323
15765655
15774204
15778732
15779530
15780943
15788025
15788276
15788751
15789130
15789661
15797687
15801187
15806991
15808190
15808352
15809277
15809850
15813264
15814877
15815663
15816428
15820456
15822550
15825544
15828271
15833286
15833790
15834194
15834952
15838279
15838707
15840671
15843311
15844550
15847473
15848181
15848498
15850798
15853521
15857908
15860390
15865160
15868473
15870311
15870577
15871949
15872055
15872240
15874396
15876876
15885739
15889569
15891141
15901988
15903229
15904448
15904618
15906963
15909578
15910089
15911323
15912294
15914957
15920132
15920213
15924108
15930887
15931809
15932142
15933862
15934377
15934501
15935184
15935689
15937548
15939295
15940122
15941806
15943077
15943474
15943534
15944953
15948160
15952127
15952462
15953190
15957081
15960665
15962359
15964189
15965400
15966564
15966735
15968776
15974670
15980066
15980517
15980925
15982759
15983133
15984670
15985836
15986178
15989874
15990074
15992646
15995939
15997844
16000600
16000689
16001258
16001566
16002140
16002431
16005767
16008354
16008967
16009229
16010570
16011770
16012773
16013633
16015132
16019621
16019683
16019839
16023705
16025052
16026077
16028877
16032141
16033342
16034413
16034686
16041018
16041620
16043408
16047149
16047459
16048181
16050208
16050583
16052459
16052755
16052775
16057784
16058492
16060099
16065353
16069887
16073194
16075373
16075931
16079440
16082126
16083593
16084130
16085655
16087064
16087304
16088489
16089077
16089291
16089301
16090424
16091691
16092652
16094958
16094993
16097103
16100074
16100376
16101358
16105948
16106565
16106567
16109185
16109289
16110421
16115425
16116348
16119125
16119260
16121091
16123512
16123817
16124158
16125415
16133389
16134924
16136159
16138866
16139619
16140751
16141053
16142274
16143517
16144220
16146328
16146352
16148984
16150938
16156430
16156529
16159490
16160447
16162632
16165508
16169459
16170217
16171814
16172652
16173544
16174245
16175083
16175474
16177082
16177561
16178820
16181200
16181324
16182208
16189568
16189694
16192529
16193100
16195479
16209664
16210042
16214013
16216381
16217860
16217866
16218340
16219197
16219295
16221647
16223092
16223857
16225514
16228142
16230784
16231181
16231387
16232740
16233484
16236894
16247165
16251804
16252035
16254347
16256625
16257377
16258207
16260272
16263170
16264855
16268565
16270669
16271060
16271990
16272309
16272862
16274224
16274558
16276007
16280648
16281992
16282197
16284652
16285223
16285665
16288012
16288713
16289344
16289399
16291321
16291546
16293652
16296841
16297107
16297715
16298125
16299528
16300939
16303077
16303448
16305945
16306821
16309604
16310186
16314421
16316194
16316834
16320132
16320701
16321552
16325968
16326040
16326078
16333471
16333507
16334015
16336644
16338247
16338830
16345316
16349039
16349429
16353736
16354407
16355166
16356442
16356532
16357361
16357828
16359736
16359924
16363013
16363941
16365619
16366583
16369388
16370157
16373160
16373335
16373675
16376997
16377458
16377572
16379001
16380386
16381175
16384712
16385109
16385296
16385547
16385918
16386325
16386678
16387525
16389575
16391238
16394846
16395572
16398160
16399338
16400053
16401338
16402570
16404368
16404696
16407763
16410784
16412371
16414539
16419609
16420409
16420917
16426256
16426266
16426844
16432320
16435197
16438672
16439355
16440554
16442291
16443698
16446099
16446879
16447730
16449317
16449805
16453573
16454640
16454941
16456717
16458927
16462782
16465651
16465733
16466964
16467797
16468601
16468987
16471090
16476142
16477046
16478890
16482703
16486477
16486798
16491096
16492654
16497348
16497680
16497701
16498988
16499296
16500991
16501170
16503055
16506353
16507629
16507750
16511416
16513869
16515161
16516895
16523351
16523760
16525431
16528935
16529687
16530098
16530794
16532789
16532805
16533894
16535514
16536799
16539393
16539602
16542428
16544785
16545091
16549709
16549717
16551026
16556940
16561145
16561398
16562067
16562916
16564577
16565213
16568634
16569007
16571404
16572593
16574302
16576626
16578417
16579312
16580347
16583348
16583959
16584662
16584829
16585720
16586173
16591284
16591505
16593116
16594385
16596472
16597042
16598087
16599366
16599730
16600042
16600171
16603445
16603673
16608097
16611012
16611932
16612045
16621644
16624886
16625090
16629173
16632822
16633388
16638570
16641556
16641734
16642831
16645132
16646564
16646739
16647081
16649425
16649766
16650352
16650608
16652176
16653891
16655391
16659451
16660547
16661462
16661915
16662946
16666180
16666928
16667185
16668795
16669631
16670085
16672086
16673799
16675123
16680488
16681063
16683553
16684598
16685229
16686733
16687630
16688184
16694195
16698257
16705821
16710119
16710989
16711115
16712039
16712502
16713329
16715074
16715364
16720513
16723200
16723687
16723980
16724083
16724785
16726520
16730012
16730325
16731645
16732854
16733700
16734700
16734840
16735790
16737920
16738233
16739979
16744516
16746495
16747685
16749835
16754151
16754351
16755917
16758063
16758295
16759172
16766502
16767378
16767741
16771860
16776749
16783269
16783777
16784754
16784903
16785731
16787124
16787346
16789783
16790010
16791831
16792421
16793749
16794140
16796716
16797547
16798468
16803213
16804890
16808791
16808933
16809408
16810119
16812381
16813930
16815834
16816036
16817248
16827404
16828744
16831982
16835301
16836306
16843007
16848959
16850652
16853567
16855131
16855707
16856887
16857059
16857111
16857790
16861014
16862465
16864952
16871275
16876039
16876231
16877720
16879143
16880312
16880808
16880890
16882732
16884751
16887172
16889115
16893623
16895390
16897515
16900064
16900828
16901055
16902666
16906397
16907016
16913450
16914636
16915843
16915963
16918741
16919102
16919293
16919503
16920522
16923618
16924037
16925270
16927889
16929394
16930614
16930869
16932733
16934324
16935482
16937947
16938238
16939057
16941298
16943749
16945101
16945829
16946206
16947087
16947386
16947527
16952024
16952695
16953075
16953248
16961705
16962888
16963160
16963805
16963821
16964599
16967445
16968644
16969374
16971130
16971545
16973113
16973175
16975357
16975574
16979442
16985858
16988601
16990025
16990046
16990817
16991268
16992327
16993443
16996152
17000915
17001004
17002378
17005450
17006560
17007797
17008482
17009411
17011191
17012343
17012498
17012915
17013108
17014529
17016265
17016367
17017042
17017975
17018322
17021336
17024103
17027486
17029202
17031225
17033483
17034269
17034462
17035163
17035375
17035791
17038236
17039650
17041569
17041711
17041856
17043324
17047748
17050014
17053302
17055567
17056378
17056556
17056597
17062079
17062836
17064583
17065641
17068017
17070429
17070936
17073279
17082545
17085850
17086129
17086775
17087293
17087743
17089518
17089599
17089967
17090466
17098146
17098364
17098988
17099992
17103619
17103950
17106069
17106746
17107115
17107204
17108094
17108611
17109492
17111003
17115172
17117804
17121715
17122218
17122260
17123249
17124849
17125961
17127836
17128210
17128516
17129532
17130799
17131408
17131743
17132951
17139337
17139922
17140656
17141179
17142492
17142925
17143989
17144842
17145913
17146618
17148186
17149647
17149758
17150968
17153242
17155732
17161080
17161773
17162206
17166721
17172092
17173082
17175249
17176238
17177913
17178316
17179425
17186881
17187933
17188777
17189901
17192430
17193169
17196071
17197481
17201493
17204460
17208926
17213519
17214895
17215418
17216049
17222121
17223862
17226410
17226452
17226888
17228157
17232329
17237346
17239338
17240167
17243456
17243905
17247469
17248018
17251764
17254235
17255058
17256060
17256532
17256744
17257640
17257907
17262775
17264761
17266869
17267951
17272873
17275944
17280369
17280655
17282039
17285269
17285676
17288100
17288359
17291219
17295206
17296665
17300284
17302512
17302598
17302612
17304391
17308150
17309912
17311256
17313643
17314692
17316834
17324089
17325554
17326343
17326477
17327577
17327629
17335422
17337151
17342890
17343118
17344610
17345458
17347443
17348512
17350059
17352100
17355186
17356012
17361345
17363361
17363377
17364654
17369727
17370758
17371072
17371098
17371188
17376970
17377269
17377452
17379255
17381254
17383658
17383724
17385840
17387244
17389195
17392011
17394336
17399852
17400510
17400677
17402099
17405057
17406690
17408024
17409556
17410428
17411606
17417779
17419389
17419507
17424301
17424687
17425664
17426918
17433538
17438794
17441442
17445545
17446131
17448023
17448050
17449051
17449277
17451251
17451417
17456958
17457572
17457785
17460009
17460184
17460508
17461262
17462037
17463138
17466100
17466179
17466865
17467383
17468539
17468898
17470684
17471987
17473620
17480081
17480574
17482462
17483544
17485763
17487166
17490492
17492098
17493172
17494115
17494368
17495184
17496374
17498974
17502609
17503436
17503912
17504697
17505381
17508743
17508953
17509844
17512758
17513284
17513366
17518147
17518583
17520745
17521919
17522085
17524089
17525544
17526132
17526178
17528084
17528254
17531415
17532791
17534594
17538073
17540268
17543081
17543396
17544621
17545435
17546630
17547132
17548129
17550247
17551634
17554280
17554999
17559056
17564236
17565347
17566682
17568179
17568473
17574141
17576453
17578181
17579106
17585919
17586469
17587455
17587493
17591614
17594879
17596842
17597155
17598219
17600977
17602091
17609486
17611016
17611497
17614170
17615517
17616187
17616707
17616994
17618283
17618343
17618606
17620650
17621191
17621683
17623376
17624993
17625259
17629480
17635763
17637291
17637708
17642684
17643722
17644617
17645210
17653178
17653679
17654495
17660051
17661017
17663450
17664588
17665656
17666161
17666602
17668336
17669724
17669903
17670294
17672617
17676560
17679053
17679186
17679866
17682070
17682292
17682974
17685549
17686825
17691839
17693036
17694696
17695365
17695816
17698557
17699231
17700307
17701783
17701896
17704843
17704937
17706193
17706413
17709641
17710195
17711661
17712315
17716416
17716814
17720494
17726615
17726902
17731023
17733736
17734299
17740214
17742988
17743175
17744103
17744618
17747909
17749321
17751570
17752728
17755142
17755704
17758360
17759410
17760643
17760745
17763735
17763897
17763977
17770033
17770166
17771561
17771662
17771938
17772186
17772351
17776026
17777207
17777902
17780535
17781363
17781451
17782187
17788810
17795049
17803305
17804005
17808192
17808909
17809316
17809813
17811276
17811518
17813269
17813480
17814705
17817838
17818743
17821720
17828206
17829882
17832244
17832356
17835255
17835465
17838948
17841078
17842228
17846829
17848671
17850115
17856206
17859078
17859648
17860332
17861083
17863520
17863720
17863954
17866127
17866174
17866620
17869225
17870970
17870977
17871143
17873751
17875925
17877017
17880048
17881033
17881642
17882579
17884886
17886962
17887690
17889078
17889749
17889980
17890928
17893089
17893632
17897656
17900763
17904168
17904432
17905646
17906627
17908477
17913206
17914475
17914491
17914537
17917261
17917402
17918738
17920331
17923975
17925510
17925896
17929174
17931604
17934742
17935378
17939755
17941183
17945653
17947016
17947848
17949453
17949716
17951913
17952188
17952926
17954112
17956402
17958868
17960669
17961626
17961826
17962200
17963975
17965420
17970383
17971161
17977906
17979108
17981561
17986230
17986413
17987175
17987289
17991797
17993000
17993516
17994156
17996418
17997678
17997909
17999184
17999752
18004352
18005577
18006754
18010850
18011785
18014358
18015111
18015960
18016331
18019654
18020901
18021500
18025496
18025519
18025604
18027242
18029084
18030770
18032659
18033537
18034333
18034657
18036584
18037394
18042974
18043442
18044116
18044394
18044774
18057645
18058075
18060968
18061975
18065998
18067024
18070039
18070107
18073898
18078050
18078359
18078559
18078597
18079499
18089913
18090028
18090798
18092786
18093972
18095365
18095877
18096522
18099787
18100776
18101063
18105567
18107747
18111444
18112911
18113225
18114326
18115595
18116435
18117832
18119022
18121450
18123120
18131981
18133245
18135137
18138239
18138819
18140143
18147413
18148355
18149859
18152540
18152553
18153602
18154458
18155878
18156977
18165687
18165778
18167680
18169941
18171255
18173313
18174232
18174550
18174568
18175123
18176491
18177280
18177300
18179328
18181373
18181801
18185872
18186554
18187439
18191915
18193829
18193884
18195051
18199357
18200057
18201672
18202474
18204827
18205608
18207782
18210112
18211346
18212546
18213863
18213893
18215246
18217388
18219656
18220639
18222546
18225623
18226839
18227038
18228167
18229363
18232418
18236105
18237379
18238108
18239537
18241679
18241682
18241898
18242172
18244181
18248203
18248541
18253123
18255314
18257708
18258153
18258582
18261986
18263887
18264256
18265919
18267565
18271948
18273835
18285882
18286792
18293427
18295316
18295996
18298511
18298800
18302398
18302458
18304944
18305916
18310235
18310404
18312991
18313761
18320738
18324950
18325892
18326372
18327936
18331021
18334504
18335477
18336580
18336843
18336989
18337984
18338777
18340880
18345212
18345468
18346116
18346431
18351375
18351684
18352040
18356231
18357868
18358974
18361003
18364475
18364525
18368547
18372697
18372717
18381037
18388385
18390425
18392330
18394100
18396036
18397454
18399485
18403159
18405725
18408049
18412539
18412876
18418074
18419504
18420137
18420194
18422175
18422737
18423522
18425699
18426101
18427512
18427981
18435893
18439374
18446772
18450112
18451101
18452224
18452305
18454103
18455947
18458197
18459564
18461410
18462059
18462900
18463347
18468416
18470696
18474227
18476788
18479798
18481185
18483629
18484298
18484992
18485229
18488013
18488034
18488393
18490839
18492690
18496959
18497921
18506863
18509743
18510291
18514256
18514966
18515688
18518097
18519168
18519305
18521426
18523357
18525222
18528253
18530434
18530709
18533741
18539738
18540832
18541470
18541674
18542426
18543934
18544135
18545761
18546181
18547843
18548348
18549093
18550905
18551314
18551634
18552938
18553753
18554683
18555039
18555769
18555900
18558455
18558511
18560578
18561373
18561536
18565490
18565989
18568229
18569928
18570133
18572123
18572785
18577433
18578569
18579766
18582677
18582759
18583195
18583378
18583759
18584580
