1133
3930
5715
11322
13098
14427
21490
22960
24903
25792
26212
27401
29639
29956
30430
30503
31878
32265
34207
34375
34625
34755
34972
37971
38764
39177
42699
45183
47723
48509
48756
51964
52672
55606
56079
58911
59022
59739
61526
65048
67514
71381
73655
76980
77302
85497
85532
86912
92771
94496
95658
96494
98761
101504
101793
103042
104164
105629
106714
109245
110040
110776
112089
115540
118138
121362
122824
124677
125363
128342
131338
131857
133109
134204
137158
140680
141562
143849
145529
147089
148427
148785
150860
153035
158888
160733
162650
163001
163468
163931
164472
167569
168586
171639
173540
174275
174583
175282
178795
178991
179261
181206
182846
184337
185158
185931
188137
190070
190810
191198
192864
195830
198169
199168
200082
204925
206005
209118
209976
210375
213234
215453
217788
220621
221442
221488
221797
221912
222057
223471
226291
227202
228312
229044
229477
232311
233396
239431
246188
248657
249480
251786
252201
253015
254845
255312
257372
257650
259290
260108
260350
261147
261426
262760
266133
269650
273225
273230
274497
275089
275728
275872
282827
291786
294359
294834
295265
297668
300398
302265
303676
305180
305887
307843
308657
308758
309246
309283
311671
311694
314748
319118
321002
322245
322329
322749
327694
328758
329266
329858
329943
331936
333990
336031
340825
346257
349519
350400
351731
353365
356812
359614
361495
363184
363292
367364
369181
370287
371211
371317
372575
373345
374034
375951
380518
382698
384420
385346
387540
387560
388893
391987
392037
394183
394945
395291
396400
397302
397443
399861
402487
402984
403986
407283
408881
409936
410203
412414
412642
418090
418891
422139
423640
425062
427256
428016
437883
438270
439152
439851
439862
440055
440517
444852
445807
446114
446150
448439
451590
453946
454468
458113
459749
462307
463248
469124
469243
469848
471866
474499
475739
479495
479606
482150
482914
484994
485060
487428
488598
491655
493409
494057
494741
495902
496586
497388
498701
500195
504986
505401
506483
506512
508054
513203
517811
519697
519810
522929
524291
525555
528214
531101
533067
533333
536953
542885
545266
545439
546154
550890
551863
554087
555615
556269
559077
559742
560432
564197
567767
568436
569606
569739
575879
576111
579502
583375
584041
586736
587132
588216
589622
590655
590943
591749
592044
593185
594602
600950
601016
601771
604544
605206
606146
607021
608316
608358
609275
609422
611635
613173
613812
618427
623059
623414
623876
626171
626353
626440
628054
630886
631375
632728
633107
637876
638917
641733
642120
643520
643597
643892
649904
650597
653250
658409
662215
662650
664935
671036
671368
671836
672890
673347
677762
679188
680611
680633
681175
681681
685535
687620
691434
693953
695557
696212
702224
704168
710823
712071
713861
718770
719348
720461
720670
722733
724259
728233
729428
730339
731501
736245
738835
739392
742152
745584
749600
749854
751881
756083
757766
757914
759884
760378
762267
765286
765612
766756
768291
773115
774507
774592
775221
779266
780304
780387
780955
782199
784286
785286
785400
789370
790394
793739
794788
799177
801338
802959
804500
809895
812288
814787
816598
820169
820346
823054
823473
825153
827672
831273
832920
835407
835762
836773
837963
838263
840719
841514
843801
844109
850584
851505
855741
858376
858592
860001
860354
860480
863811
864206
868272
869625
874505
875032
877833
880209
881664
885353
886014
890010
890506
890621
894167
894569
896018
897329
897864
898760
900063
908050
908329
910838
911082
911302
915386
917157
917550
920213
921723
921953
923719
925623
926676
927967
928567
930896
931459
937269
940926
943120
943804
954424
954641
958824
958969
960634
963486
967769
967992
968284
971141
972738
974444
975509
976082
976611
980544
980615
982940
985202
989468
993489
996454
997034
997064
1005923
1006347
1006562
1011408
1011676
1012358
1013757
1014012
1016331
1017848
1020332
1022310
1026424
1028235
1029716
1030190
1034333
1038016
1038364
1040325
1043682
1044387
1045385
1045644
1047609
1047812
1049716
1052620
1055487
1056871
1063707
1064835
1065895
1067255
1067507
1068399
1071712
1073401
1074635
1075349
1076107
1076411
1077455
1081505
1086889
1087252
1087672
1090976
1097342
1097771
1099884
1102307
1103406
1103696
1103697
1105112
1106659
1108562
1110564
1111130
1113397
1113404
1114977
1116168
1116615
1120628
1121765
1122834
1123509
1127857
1132683
1135967
1142155
1142464
1143444
1149641
1152069
1153386
1153433
1158046
1161492
1161531
1161991
1168103
1169636
1170588
1170788
1176073
1176314
1177742
1179396
1180167
1183514
1184257
1185847
1187913
1189184
1191650
1196026
1196935
1197802
1198878
1200498
1200708
1205550
1205966
1206412
1208524
1213195
1213851
1216059
1217380
1217668
1219438
1220930
1222180
1225002
1227756
1234757
1237861
1238048
1239300
1240289
1242124
1247208
1247653
1252935
1254710
1255683
1259525
1260034
1260630
1261662
1262017
1263374
1267128
1277227
1278923
1279327
1279972
1283943
1284597
1287199
1293321
1293665
1294650
1295287
1296300
1298729
1302118
1307825
1309155
1309744
1312847
1313700
1314458
1314869
1315389
1316285
1318552
1320185
1321320
1322817
1324711
1325709
1326378
1327336
1329760
1329772
1334094
1335896
1336193
1339607
1341471
1343229
1343998
1344494
1348980
1349527
1351293
1352435
1353424
1354699
1355264
1358280
1362349
1367814
1368019
1369840
1371270
1376180
1379744
1382660
1383219
1385944
1386360
1388379
1388978
1390646
1392916
1397483
1397929
1398390
1400084
1400796
1403867
1405940
1405974
1407899
1411106
1412580
1413680
1414583
1416454
1418372
1420223
1421251
1422489
1425551
1429773
1431008
1431650
1432264
1434741
1440221
1443824
1445803
1448511
1449501
1450021
1451366
1453902
1458919
1459238
1459455
1460887
1461258
1463069
1464872
1466638
1469588
1471049
1471866
1472115
1472325
1473751
1474983
1477965
1478454
1480697
1484665
1485177
1485802
1489249
1492992
1495487
1500847
1501702
1501964
1502510
1507206
1508401
1509579
1511951
1515346
1521382
1522576
1524268
1533631
1540158
1542409
1545123
1548697
1551730
1552731
1552959
1553213
1555010
1555700
1561593
1561904
1563915
1568206
1568600
1569328
1573944
1574432
1574523
1582515
1587428
1590221
1594923
1595284
1595307
1595460
1595605
1598441
1599582
1599953
1603244
1608926
1610159
1615195
1615418
1615822
1616001
1616356
1620516
1621942
1622261
1622385
1623387
1626430
1627346
1627914
1627940
1631995
1634110
1635183
1635425
1636579
1637301
1637484
1637717
1640763
1643589
1647742
1648533
1653943
1654389
1654493
1656034
1656428
1656452
1660074
1661412
1661514
1666037
1668391
1670839
1671195
1673543
1674774
1683820
1684411
1685967
1694400
1698474
1700366
1701343
1701715
1702195
1702697
1705216
1706371
1708937
1711399
1712032
1712260
1713752
1714600
1716585
1717654
1719201
1721242
1724328
1725154
1730487
1730987
1731145
1733636
1735094
1735165
1735627
1735808
1738108
1739899
1740843
1741613
1742728
1743291
1743597
1743723
1745066
1745146
1747301
1749638
1752858
1758277
1765374
1766800
1769521
1773149
1774486
1776477
1780431
1780916
1782425
1784009
1784112
1785506
1785549
1787142
1788481
1790973
1791100
1793454
1795770
1796113
1796549
1797175
1797305
1798517
1802249
1806159
1807643
1808290
1808294
1809071
1815504
1816228
1818491
1819501
1819844
1822596
1823572
1824422
1825809
1828972
1833361
1835652
1838770
1839305
1844997
1846734
1847449
1847682
1847979
1851099
1854797
1856995
1859316
1859475
1862272
1865415
1865987
1866383
1867486
1868495
1871204
1875967
1876056
1877430
1882655
1883370
1884166
1885342
1886164
1886842
1887178
1887247
1895419
1897903
1903388
1906384
1907004
1908118
1908370
1909505
1910639
1911795
1912148
1912566
1914171
1918090
1920287
1920678
1920796
1920932
1921698
1924117
1924513
1924650
1926403
1928925
1929533
1933674
1935784
1939537
1939749
1942250
1945087
1947788
1948714
1952239
1957929
1958444
1959090
1960170
1961712
1963111
1963983
1964245
1967951
1968986
1974181
1976917
1980594
1981291
1984365
1985062
1986863
1987541
1988479
1988872
1992925
1995644
1995893
1997185
1997936
2000674
2005655
2005767
2006554
2006909
2009833
2012503
2013320
2013595
2015829
2017832
2023050
2024225
2028040
2034331
2035708
2037424
2037473
2037939
2039581
2040077
2044985
2045226
2046667
2049651
2050378
2051735
2053568
2054404
2055257
2055373
2055531
2060579
2060687
2065893
2069503
2069978
2070622
2071215
2072952
2074045
2074620
2075416
2075557
2075615
2076395
2079056
2087121
2087336
2088698
2090381
2091057
2092873
2094137
2094603
2095114
2096115
2098615
2099492
2105372
2108450
2111931
2112144
2115787
2119347
2122131
2123928
2129243
2137373
2138873
2138987
2142122
2143870
2145080
2148435
2152785
2153250
2153370
2156532
2156871
2159853
2160295
2168814
2170729
2174880
2174924
2176493
2180331
2180759
2183661
2183992
2186475
2188252
2189538
2189629
2190675
2194083
2197349
2197523
2198923
2199819
2200050
2202415
2206001
2206372
2209392
2209595
2214070
2215728
2215900
2218367
2221009
2223091
2223897
2224622
2225023
2228592
2229002
2231991
2236070
2236342
2237619
2238428
2240211
2241409
2244092
2244219
2244291
2244679
2244924
2245928
2251684
2252356
2252524
2253020
2253158
2253247
2254840
2255799
2256474
2259380
2261939
2262190
2263111
2263167
2265307
2268597
2273422
2277179
2277702
2277867
2279090
2281869
2282034
2283068
2283354
2286483
2287071
2287838
2296890
2297565
2299333
2300704
2301675
2301710
2305969
2306217
2306663
2307211
2307450
2309811
2314847
2321208
2321791
2325329
2326187
2328782
2329630
2338277
2339481
2340036
2341447
2343352
2343716
2345421
2348795
2349028
2350036
2351557
2351601
2357860
2358251
2359293
2360732
2362304
2366791
2368133
2369131
2371532
2371899
2374554
2379900
2381378
2387760
2393601
2395313
2395974
2396514
2398229
2398895
2401451
2401486
2401859
2404326
2404662
2404907
2411998
2416052
2416286
2417407
2417999
2419050
2419426
2421709
2425552
2426911
2427186
2429120
2430620
2431611
2432102
2435017
2435805
2437374
2440912
2442452
2442832
2444147
2446104
2447789
2448616
2449123
2449566
2449627
2451319
2452679
2452825
2454581
2455470
2456272
2458206
2460648
2461500
2462408
2463396
2464351
2464722
2472100
2472149
2473277
2475716
2476341
2476618
2476635
2477103
2478968
2480942
2482946
2484099
2485152
2487837
2487952
2488401
2490558
2491161
2493082
2495621
2495739
2497997
2498987
2500660
2500738
2501952
2503436
2506095
2506473
2509326
2510220
2511292
2512788
2514118
2516214
2517499
2519935
2521454
2522059
2525497
2530918
2531848
2536243
2537199
2538170
2544134
2544308
2544756
2545204
2545341
2547392
2549038
2549074
2550086
2552382
2553557
2553569
2555915
2558407
2559253
2559914
2560387
2560731
2562073
2565106
2566990
2567618
2570004
2570698
2571769
2577882
2583496
2584935
2586015
2592772
2593674
2595404
2600825
2600869
2601263
2601296
2601775
2602692
2603287
2605580
2609148
2610581
2611111
2612360
2614649
2615903
2617913
2619746
2620189
2620543
2622648
2623905
2624443
2624760
2625082
2626934
2626949
2632487
2636525
2640639
2643203
2649412
2649493
2650951
2655558
2656384
2657731
2658086
2658177
2661484
2661507
2662712
2664781
2666121
2668495
2670203
2672058
2674720
2675860
2676349
2677532
2677583
2682544
2682559
2682917
2684110
2685617
2689127
2689435
2689937
2692028
2692672
2693416
2693686
2694306
2694697
2696615
2697449
2699173
2707516
2712858
2713623
2713686
2716454
2716846
2718266
2719317
2719479
2722623
2724456
2724803
2726095
2729293
2729363
2730585
2732679
2732864
2734434
2734621
2735933
2736940
2739370
2741377
2746223
2749329
2753068
2754415
2754640
2755313
2756834
2757908
2761101
2762313
2766696
2767154
2767516
2767911
2768270
2770580
2773429
2773723
2775517
2776608
2776863
2777675
2778103
2782922
2783748
2784926
2790455
2795775
2796438
2796706
2797029
2798364
2806460
2807506
2807893
2809388
2810854
2810857
2811750
2812013
2813320
2815603
2816170
2816311
2817152
2818764
2818992
2819124
2821863
2822426
2823109
2824942
2825431
2827273
2828358
2838777
2841926
2843601
2844485
2853183
2854698
2858552
2863524
2865970
2876855
2879285
2880170
2880996
2887887
2888024
2889709
2890738
2892728
2893261
2894801
2897421
2898768
2899793
2902593
2905857
2909746
2910895
2911793
2912431
2912557
2913668
2916747
2917493
2919264
2919706
2922199
2923033
2923177
2926006
2928093
2928366
2929499
2936154
2936406
2940398
2944853
2944875
2945586
2946502
2948106
2948869
2949614
2950481
2953377
2954438
2957761
2963525
2965066
2971299
2971872
2972110
2972962
2974552
2976967
2979280
2980703
2984502
2984594
2984633
2988365
2989243
2989696
2990958
2991034
2992525
2992761
2994961
3007148
3008164
3010562
3012069
3013239
3016425
3016972
3020506
3022858
3023660
3023916
3024321
3026858
3027542
3027875
3029742
3031130
3032003
3036452
3037052
3037158
3038302
3038323
3041647
3043143
3044301
3045288
3046629
3046849
3048978
3049569
3052856
3057826
3060642
3060781
3063094
3065309
3067879
3070207
3070437
3070590
3070755
3070775
3072109
3073986
3074172
3074766
3075804
3077156
3081524
3082063
3083088
3085922
3090407
3092685
3093176
3099944
3100594
3106883
3109707
3110354
3115827
3117943
3118960
3120616
3130120
3135264
3137348
3139387
3142646
3143418
3145656
3148635
3150692
3151361
3151455
3151859
3152664
3153743
3154436
3154968
3156598
3157213
3158416
3161222
3161240
3161808
3162625
3163733
3163804
3165536
3166936
3170365
3171638
3173400
3175301
3176675
3177702
3180338
3181525
3181976
3183274
3185665
3192464
3192660
3192817
3193886
3194197
3196062
3200663
3203724
3206737
3206974
3207829
3207947
3211749
3214420
3216409
3217127
3219102
3219341
3220344
3220749
3222420
3222931
3223053
3225244
3225413
3227096
3227532
3228305
3231716
3233908
3237115
3238467
3239905
3241924
3242883
3242927
3243288
3244452
3245797
3245800
3247383
3247870
3249830
3254305
3255199
3256685
3257521
3257873
3260149
3266737
3269651
3269962
3271737
3272519
3285974
3286410
3288812
3288851
3296585
3296946
3299646
3301758
3302582
3308035
3314572
3315440
3316406
3322267
3327990
3328284
3331845
3332709
3333441
3335439
3341693
3341894
3342644
3342962
3344716
3345628
3350751
3355097
3360038
3361625
3365697
3365703
3365843
3366208
3370370
3371594
3372133
3372174
3372627
3373244
3373936
3374856
3382467
3387804
3391148
3392391
3395100
3397605
3398589
3400514
3402866
3406125
3408210
3408619
3415386
3416003
3416469
3416932
3419286
3421921
3422518
3426925
3427732
3427929
3429089
3430585
3432500
3433145
3433319
3433518
3434605
3436834
3438778
3438920
3439876
3440649
3440784
3442746
3444397
3446207
3446734
3449836
3450115
3452302
3452943
3453113
3458856
3460083
3464200
3465629
3467389
3469448
3470134
3472218
3474592
3479688
3480631
3481048
3482578
3483727
3483828
3484037
3484278
3485724
3487587
3492216
3492329
3492599
3493035
3494548
3497284
3497362
3498644
3500786
3500903
3501377
3501881
3502941
3503577
3504290
3505696
3506467
3507309
3509592
3511008
3516762
3517304
3519772
3520235
3520251
3520475
3521330
3522082
3522491
3525065
3527013
3528103
3530355
3532403
3533424
3536832
3538447
3539447
3543050
3550440
3553496
3554337
3556191
3558139
3560704
3562462
3566668
3568581
3569301
3570004
3570158
3574024
3574698
3577629
3578779
3578983
3581186
3581497
3585236
3589273
3589501
3591733
3593178
3593234
3593278
3593281
3594694
3596236
3597512
3598589
3600122
3604232
3605925
3606441
3607208
3610047
3610806
3612130
3613525
3613864
3614192
3615941
3619666
3621148
3626092
3626186
3626311
3627735
3627997
3628656
3629362
3629771
3632189
3632777
3632815
3633452
3636531
3637936
3639027
3643599
3646145
3647716
3649274
3649718
3649733
3650000
3650968
3660611
3661232
3663019
3663862
3666588
3666989
3669707
3670637
3673425
3673552
3680265
3681419
3685508
3686059
3687459
3689138
3689509
3690743
3697961
3699654
3699849
3700863
3701140
3701953
3703697
3704744
3705079
3711017
3712674
3714545
3715713
3715991
3717235
3718323
3719104
3722283
3722515
3724379
3727920
3729950
3740541
3741093
3743397
3743401
3745704
3752168
3753575
3758883
3759815
3760646
3763040
3764255
3765181
3770015
3771608
3772711
3774566
3775777
3775944
3778135
3785427
3788708
3788816
3789497
3790090
3790473
3790499
3794211
3799345
3800281
3800789
3801683
3805174
3808380
3808624
3810709
3812821
3813242
3817872
3820758
3822053
3825800
3828145
3829047
3830169
3832458
3833635
3834909
3837089
3838565
3841325
3845773
3847456
3850654
3855915
3856606
3857869
3860570
3865266
3867171
3869004
3869036
3870656
3870874
3873704
3873830
3874062
3876186
3877653
3879411
3882637
3883098
3887623
3889970
3890226
3897186
3898811
3902144
3912866
3918146
3919556
3919807
3926664
3926681
3928613
3928701
3930779
3935508
3940691
3942649
3943031
3945527
3947823
3949223
3949291
3953023
3957212
3957579
3959322
3961218
3961255
3961767
3962571
3962994
3963446
3964324
3965486
3966569
3967233
3970502
3971050
3971097
3971288
3971369
3971581
3974003
3974207
3975420
3975610
3976053
3977504
3982643
3982981
3985920
3986016
3991847
3994393
3996052
3996107
3998298
3999636
3999840
4000600
4002014
4004946
4005366
4006195
4022462
4022778
4023174
4024191
4024584
4025685
4027150
4029773
4032265
4032981
4037233
4037743
4039754
4040121
4049759
4052798
4054426
4056226
4057392
4058167
4058509
4059153
4065059
4066625
4067925
4068670
4069268
4069577
4070527
4071299
4075913
4077290
4078223
4078957
4080688
4080883
4083604
4084500
4085124
4087504
4093510
4096503
4098882
4098929
4099568
4104154
4108721
4109230
4109777
4112060
4113531
4114597
4116174
4116437
4117916
4120189
4121773
4121949
4126280
4127953
4129596
4133134
4135765
4136074
4136830
4138113
4140468
4141666
4145491
4149251
4150685
4153605
4153801
4154396
4155943
4160965
4163874
4164489
4165143
4166123
4166405
4167017
4167796
4168173
4168451
4172404
4172741
4178494
4183526
4184793
4185097
4187964
4190706
4191921
4192693
4193254
4194156
4198192
4198556
4199954
4200585
4204731
4205237
4206863
4207252
4210608
4211660
4215261
4216301
4217776
4219845
4223082
4224450
4224661
4225221
4225821
4226591
4231232
4232014
4235544
4238243
4239530
4240000
4242114
4242224
4242568
4243611
4243911
4244621
4247688
4254122
4260067
4261664
4262465
4262712
4267834
4269760
4270755
4274273
4274290
4275177
4275703
4276037
4276087
4278715
4279005
4286239
4289488
4290924
4292936
4293606
4293741
4293840
4294992
4295822
4296288
4299630
4302099
4304270
4308103
4308936
4311038
4317811
4319813
4322081
4323137
4331352
4335409
4337806
4340147
4340721
4342346
4350797
4350834
4351422
4351767
4352629
4355437
4356819
4358456
4358940
4362205
4362372
4363719
4364255
4366923
4369694
4370370
4372690
4373446
4376635
4378104
4378287
4378955
4382502
4383058
4383251
4383764
4385551
4387973
4393382
4395031
4395574
4395794
4399895
4401959
4401988
4402937
4403725
4404104
4404985
4406031
4406895
4409127
4412369
4413750
4417233
4418056
4419677
4420173
4420787
4421019
4422346
4426337
4427410
4430499
4433924
4435744
4436777
4437925
4439903
4439913
4441189
4442382
4443561
4444279
4444307
4447117
4448963
4451587
4453776
4455958
4460149
4460917
4460933
4462240
4462537
4463966
4465683
4467176
4467989
4470176
4472626
4474486
4476399
4476852
4478187
4483015
4487083
4491553
4492057
4492125
4493191
4493328
4494060
4494221
4497527
4506373
4509019
4511529
4516807
4520235
4520384
4520590
4522345
4524423
4524703
4524893
4525179
4529760
4531174
4533954
4535681
4538660
4538963
4541066
4541072
4541298
4542212
4543856
4550561
4550750
4555264
4556011
4560551
4560890
4561216
4564708
4565792
4567355
4568829
4572593
4574150
4575208
4577215
4581552
4583614
4583884
4584548
4585318
4585961
4586290
4587474
4588458
4591045
4591416
4596650
4597225
4597478
4598293
4598341
4598835
4599090
4601697
4606659
4608395
4611159
4612274
4613847
4614401
4622636
4623261
4623283
4623394
4626465
4626628
4627572
4627825
4632255
4634287
4636100
4636681
4637168
4637241
4637552
4637638
4637761
4639759
4639926
4640472
4640779
4641839
4642808
4645533
4645988
4646960
4649507
4653198
4653813
4656894
4658132
4660370
4660626
4660977
4661961
4662123
4665793
4666623
4670292
4671270
4677355
4677719
4677978
4678606
4679520
4690915
4693841
4694006
4694323
4694568
4695001
4699711
4700106
4700421
4701106
4702017
4704809
4705713
4706338
4709179
4709194
4711801
4715577
4717684
4718380
4720175
4721842
4724326
4726641
4726660
4728319
4729152
4730269
4731650
4733820
4734009
4734218
4735026
4735733
4738991
4739256
4739576
4741095
4742725
4744032
4744123
4744508
4747278
4749080
4751511
4752857
4752870
4755133
4756443
4757837
4759690
4768388
4768988
4771724
4772281
4774840
4776483
4778672
4782275
4787164
4792495
4795050
4796703
4797070
4797312
4797682
4800437
4803208
4806100
4806656
4806901
4807165
4807716
4812256
4814561
4818997
4819502
4820225
4820813
4822857
4823222
4823543
4827179
4827983
4829108
4829807
4829963
4835721
4838339
4841659
4844098
4845255
4845458
4848143
4851208
4860145
4860210
4861183
4862731
4862801
4863145
4865535
4867801
4869161
4869598
4872628
4873772
4874292
4874955
4875233
4875792
4881841
4882170
4883025
4890251
4892299
4892335
4892790
4893548
4894826
4895210
4898226
4900293
4900535
4902467
4904508
4905457
4905481
4905488
4909821
4910710
4911978
4916577
4917059
4918519
4918813
4919922
4921553
4921742
4922364
4924306
4926210
4927512
4927630
4930308
4931900
4931952
4931976
4932337
4934503
4934965
4936829
4938089
4938197
4938247
4938632
4940039
4943048
4946870
4948458
4950377
4950976
4952240
4953673
4957659
4958863
4961546
4961843
4968213
4968761
4969828
4971724
4972858
4976601
4976952
4977799
4980157
4982868
4984159
4984782
4988785
4998241
5003194
5004288
5004637
5008020
5008513
5012490
5013656
5014769
5017288
5020468
5021339
5024704
5027239
5028982
5029904
5030912
5032242
5032775
5032974
5036624
5036765
5038542
5039391
5041617
5043944
5048321
5048351
5050840
5059407
5063551
5063924
5064004
5065692
5066459
5068179
5069118
5072448
5079578
5080124
5083273
5084226
5085184
5090841
5091494
5092202
5093043
5094963
5095432
5095515
5095702
5097282
5099823
5100519
5101317
5101949
5102432
5102601
5102864
5103471
5105622
5107151
5114691
5114951
5121715
5121819
5123261
5125856
5126555
5128731
5128789
5130329
5130438
5131215
5133728
5137753
5138639
5139393
5139445
5140698
5140877
5141855
5142718
5144586
5147665
5150001
5152976
5154048
5156917
5158345
5158768
5161713
5161807
5161958
5163071
5168700
5169973
5170292
5171213
5174128
5174361
5176844
5179265
5179620
5183322
5184037
5184303
5185714
5186261
5186273
5186421
5187569
5191113
5192220
5192600
5193796
5203286
5203962
5206448
5207128
5208427
5209053
5209900
5209934
5210177
5214658
5214800
5216759
5217349
5217940
5218448
5219993
5221414
5227321
5228219
5230820
5232846
5233099
5233953
5235445
5237562
5242899
5247827
5248043
5250380
5251690
5255008
5255392
5256028
5258384
5264222
5268173
5268574
5272302
5272364
5276338
5281160
5281164
5285764
5286550
5287658
5294781
5296847
5298450
5300351
5301643
5304019
5307224
5307764
5312513
5313795
5314167
5315970
5316423
5317554
5320434
5320505
5324994
5326074
5326160
5328547
5329818
5331280
5333940
5338786
5340886
5342097
5342193
5342397
5342526
5344918
5345807
5351551
5357910
5358435
5362109
5362133
5362426
5363536
5363929
5364303
5364920
5371043
5373564
5374771
5374776
5379990
5380701
5381147
5384608
5384653
5385256
5385810
5385946
5387921
5388939
5390869
5397139
5397734
5400897
5402629
5404345
5408260
5412904
5417378
5418422
5418667
5420197
5422042
5424391
5428765
5429362
5430441
5433993
5435224
5440080
5440523
5443200
5443958
5446588
5446800
5453080
5455229
5456994
5463645
5465588
5468817
5472855
5477363
5477614
5477755
5484531
5485233
5486518
5491985
5492361
5494118
5495729
5496330
5505310
5506333
5506678
5506962
5507046
5507818
5508949
5513112
5515540
5517361
5517999
5520277
5522754
5527189
5528677
5531810
5532429
5533021
5534126
5536592
5538642
5541481
5542770
5543376
5544511
5545744
5548118
5548517
5548541
5548617
5551741
5553329
5558962
5559563
5562248
5564335
5565502
5567371
5568416
5568495
5568866
5573515
5575875
5575968
5576674
5580672
5581315
5581800
5582496
5586212
5586594
5587571
5591089
5595728
5595959
5598271
5600549
5601301
5602131
5604196
5607094
5609594
5611197
5611316
5612037
5612713
5617773
5619260
5620733
5624708
5625149
5627886
5629098
5629373
5630025
5630830
5632086
5635054
5635502
5638627
5639150
5640356
5641645
5642358
5643685
5643912
5647249
5648733
5648742
5649047
5656342
5656912
5659254
5662811
5664925
5668322
5668349
5669884
5671296
5671307
5673745
5676583
5680443
5680770
5681812
5687780
5687899
5694295
5694360
5694696
5695495
5695555
5699060
5701473
5702700
5702939
5703400
5706682
5706746
5711817
5713155
5719420
5720652
5726828
5726912
5727783
5728157
5729854
5731475
5731870
5733725
5735977
5736417
5737145
5739078
5740037
5741293
5742948
5744781
5745817
5751242
5754070
5757433
5761127
5764777
5764903
5765309
5766412
5771473
5772427
5772846
5773257
5773612
5774421
5778539
5779444
5781501
5786899
5793161
5796060
5799683
5800818
5801356
5803433
5804091
5806717
5806726
5807205
5810151
5810758
5812955
5814931
5818742
5820032
5820286
5821421
5827262
5829865
5830930
5834991
5838059
5838507
5841634
5844119
5847340
5850505
5853589
5855648
5856523
5857020
5859690
5868872
5869210
5871940
5872259
5872485
5874436
5877467
5877657
5878521
5879030
5881581
5884325
5885417
5885617
5890396
5890999
5891919
5894327
5895661
5903809
5904015
5909925
5911401
5915970
5917306
5921068
5921832
5923136
5924731
5925570
5926381
5928316
5929702
5931282
5933795
5935625
5936975
5937632
5937776
5947963
5951909
5952057
5954171
5954633
5957201
5959738
5960646
5961317
5962620
5966180
5970681
5971714
5974619
5975723
5976049
5976938
5985490
5986133
5986432
5986944
5989564
5990396
5993910
5999098
6001739
6002056
6005700
6006566
6008255
6012388
6014571
6016055
6016830
6018864
6021076
6026009
6027257
6028676
6029587
6029958
6030124
6030909
6037249
6037495
6038734
6039420
6039730
6039956
6039958
6041032
6049554
6051771
6052781
6054955
6057678
6060923
6062139
6063288
6064878
6066570
6068739
6070625
6074344
6074992
6077115
6078176
6081411
6082474
6082527
6083170
6083423
6085867
6085916
6090013
6090285
6090370
6092337
6094199
6095639
6095667
6099740
6101523
6101803
6103376
6103883
6107480
6109762
6110261
6113548
6113713
6116106
6120894
6122236
6126018
6131205
6132418
6133685
6135914
6138026
6139237
6139827
6139920
6143674
6144581
6144915
6145066
6145072
6147638
6148754
6149084
6149336
6149933
6151093
6151542
6153990
6154891
6155646
6155853
6156312
6157976
6158923
6159243
6166985
6169845
6172718
6174737
6177702
6177970
6179385
6187396
6188120
6191091
6191244
6191797
6197659
6200849
6206493
6206861
6207704
6211322
6212284
6216247
6218394
6218429
6219092
6219638
6222498
6224055
6228329
6230303
6230476
6235577
6238181
6240089
6241352
6244128
6244564
6244589
6253506
6254315
6255764
6256503
6256881
6257580
6260996
6262985
6268126
6269735
6270442
6271685
6273082
6274882
6275680
6277061
6277449
6277722
6280820
6281744
6282731
6283374
6285427
6285768
6285806
6286150
6286204
6287769
6296019
6297814
6298118
6300020
6302726
6310640
6310737
6310955
6311096
6311502
6313124
6314691
6317769
6317829
6318870
6320721
6325928
6329602
6329735
6334864
6335540
6335813
6336923
6337940
6341295
6342251
6345304
6345729
6348954
6350653
6354910
6355429
6356519
6357257
6359001
6360743
6361383
6365464
6369488
6372644
6374771
6376119
6384566
6386241
6387373
6391529
6393630
6394071
6395064
6395612
6395870
6396654
6396675
6399628
6402401
6403147
6407291
6407477
6408728
6410294
6410614
6410726
6412533
6415158
6415601
6416633
6417052
6417730
6419090
6423991
6424545
6424870
6425143
6426620
6428359
6428708
6430154
6431651
6432206
6433177
6434711
6434963
6436075
6437977
6440311
6440549
6441748
6441816
6444855
6446513
6447480
6447785
6448870
6454339
6455227
6455747
6459033
6459087
6460236
6460907
6464142
6465044
6468224
6471790
6473508
6478853
6484702
6488394
6490251
6492696
6493899
6495499
6500769
6501833
6504239
6509289
6510521
6511463
6511817
6512867
6513263
6515622
6517952
6518047
6519258
6520653
6521579
6522246
6523612
6525634
6525877
6527906
6529643
6537408
6537796
6539773
6539917
6540565
6542315
6542546
6542558
6543971
6545510
6545757
6545911
6550856
6552852
6554043
6555750
6555794
6555869
6565165
6566998
6569413
6570162
6571085
6571708
6571890
6578136
6578268
6579002
6579071
6579132
6590655
6591624
6593395
6594712
6600132
6601574
6603244
6605365
6605550
6608442
6612927
6614905
6616662
6618969
6621443
6628014
6631552
6631982
6632578
6637567
6642143
6643797
6647130
6648455
6651120
6653434
6653908
6656626
6662479
6664033
6665135
6667329
6668278
6668745
6670389
6670906
6675319
6677835
6680416
6680604
6685110
6685476
6686228
6686445
6687526
6691398
6692507
6695029
6701133
6701633
6702281
6702588
6707234
6708882
6708921
6711628
6712629
6712661
6722603
6726987
6730642
6735574
6738958
6739998
6745792
6745824
6750387
6752840
6753265
6756593
6761077
6762481
6764446
6769364
6770095
6771737
6773590
6774755
6775798
6782777
6783480
6787871
6790434
6791426
6792687
6792833
6795167
6796546
6802157
6802762
6808757
6809879
6814296
6814435
6814788
6815100
6816268
6820122
6820507
6822412
6824182
6826118
6827536
6829567
6833241
6835807
6839582
6840502
6842864
6843828
6845657
6845743
6845833
6850361
6851147
6851550
6852135
6852176
6852542
6855302
6864770
6867555
6868449
6869224
6871099
6871840
6872141
6873750
6874693
6875568
6876955
6877260
6877595
6878337
6884221
6884867
6886068
6890701
6895012
6895501
6898923
6900244
6901554
6902113
6903027
6905555
6906098
6907436
6907619
6911818
6918828
6919732
6919876
6920997
6921104
6921398
6921978
6922290
6923614
6927180
6928064
6930661
6935746
6937394
6938247
6942609
6945076
6949267
6949464
6949686
6954387
6956433
6957226
6961159
6961868
6964555
6969686
6971651
6975081
6975475
6977633
6978418
6981197
6981799
6982477
6989431
6993514
6994590
6995228
7002412
7006204
7009847
7012585
7012939
7014028
7018906
7020221
7021617
7026317
7034203
7034886
7035345
7036630
7039594
7040029
7040452
7042311
7045137
7045640
7046076
7052688
7055620
7056159
7063812
7066216
7067327
7067758
7068152
7071556
7073133
7073612
7074433
7075093
7078000
7079489
7080768
7080914
7086165
7093561
7096552
7097915
7098315
7100335
7100876
7103295
7103402
7104353
7105776
7106147
7109303
7110001
7111350
7113110
7117532
7118877
7119997
7122246
7122758
7125103
7126462
7131803
7138123
7138410
7138608
7140127
7142631
7143231
7143283
7145996
7146274
7149780
7153032
7154576
7154735
7156738
7157105
7157183
7157261
7157654
7160045
7162613
7165543
7167430
7170689
7171122
7173511
7174770
7175732
7180934
7181339
7181871
7182944
7185972
7187839
7191313
7193776
7193984
7195966
7198189
7205199
7205714
7205832
7206716
7206836
7207383
7207626
7208393
7208693
7210199
7211551
7212279
7212656
7213537
7213836
7213977
7218474
7219145
7219525
7219698
7224623
7224923
7225340
7225935
7226913
7228125
7229259
7229999
7230842
7235410
7236125
7236358
7237108
7237633
7239128
7241032
7241300
7242515
7243676
7246297
7246701
7247067
7247963
7248474
7249407
7253436
7254256
7255209
7256618
7256993
7257479
7259384
7259676
7262187
7265885
7266547
7268573
7269093
7271700
7276328
7277787
7278200
7280729
7282554
7282570
7284416
7288277
7289007
7289562
7289751
7289789
7290416
7291198
7294315
7300927
7303331
7304272
7305582
7305666
7306798
7308681
7308774
7309230
7310173
7313137
7314050
7314226
7319333
7319848
7323212
7323463
7323586
7326868
7326926
7329549
7329887
7331881
7335103
7335876
7337690
7338061
7338267
7338313
7340254
7343194
7344055
7346655
7348035
7350816
7355272
7355589
7356994
7358037
7361296
7361688
7362258
7362541
7362619
7363617
7365248
7366051
7366805
7372942
7373827
7380707
7380825
7381291
7381574
7381690
7382281
7389869
7390748
7393916
7394064
7394826
7395393
7397312
7397792
7399338
7401708
7401976
7404293
7407369
7411490
7415850
7417829
7420942
7421753
7422279
7422791
7423131
7424928
7426724
7427933
7427944
7430082
7433126
7434135
7434999
7436212
7437016
7439983
7440642
7441758
7445176
7450698
7451224
7452004
7455047
7456121
7461108
7463332
7468237
7469109
7469592
7470149
7471346
7474296
7479900
7482183
7482479
7482834
7482894
7483092
7484234
7484426
7485986
7488812
7489241
7491299
7491514
7491979
7495385
7495837
7496496
7496861
7503007
7504163
7504431
7504502
7505759
7507119
7508045
7511574
7514400
7516174
7518877
7519938
7521316
7523085
7523820
7524255
7526370
7528921
7529343
7534648
7534777
7535003
7535218
7536688
7538095
7540876
7541122
7543529
7543534
7545522
7546964
7548338
7549629
7550237
7550366
7553010
7555275
7556440
7557154
7557430
7560448
7561712
7561885
7578626
7580143
7580271
7580570
7584075
7586918
7595072
7595750
7599946
7600532
7603104
7603537
7606513
7613042
7614439
7615960
7617681
7619951
7620325
7620652
7621295
7623800
7627969
7628766
7629684
7630074
7630234
7633725
7634829
7637816
7639509
7645838
7648259
7653863
7659781
7661050
7662437
7662748
7664438
7664563
7665285
7666150
7666566
7671858
7672325
7673400
7674572
7674637
7675141
7679357
7681699
7681821
7682101
7682337
7683397
7684037
7687305
7687467
7687547
7693603
7693736
7695131
7695232
7695508
7695756
7695921
7701158
7702961
7703312
7704557
7705067
7705664
7710209
7711771
7712250
7715802
7717763
7718673
7720805
7722157
7722778
7722845
7723282
7725415
7732195
7732348
7738291
7738380
7738639
7739435
7743892
7746410
7747245
7750948
7751723
7753110
7753507
7754495
7757175
7758912
7759579
7760983
7761355
7761833
7764726
7764848
7765820
7766522
7775000
7777157
7778112
7781243
7783941
7784343
7784958
7785792
7785960
7789496
7796718
7797015
7797702
7800683
7808299
7811171
7811732
7813609
7815054
7816542
7819193
7819671
7821647
7826988
7829195
7831784
7831854
7833042
7835258
7837328
7837381
7837498
7837751
7837981
7844238
7845626
7848867
7849499
7856459
7857873
7859603
7863287
7865385
7866252
7869056
7870971
7871968
7872810
7874223
7874853
7877017
7879060
7882059
7883305
7883859
7884570
7887456
7893909
7896388
7902587
7908321
7911010
7913205
7916736
7920524
7923114
7924253
7926359
7926487
7927552
7932835
7933324
7944386
7944445
7944692
7945183
7947554
7949000
7949097
7950149
7951575
7951987
7953151
7955421
7960363
7960464
7962649
7962834
7962869
7964274
7967028
7975831
7977609
7979446
7980353
7980810
7982734
7982845
7984445
7984953
7987070
7990549
7992436
7993004
7993387
7996460
7996828
7997278
8001630
8003843
8006170
8011869
8012290
8017107
8019133
8019943
8022197
8023686
8024102
8024806
8026848
8027006
8027473
8028225
8029414
8029936
8032217
8032698
8033807
8034249
8036223
8036902
8036982
8040866
8041400
8045975
8046578
8046806
8050675
8050767
8055577
8060607
8062638
8063607
8067834
8069207
8070864
8073196
8073899
8079171
8080195
8081951
8090160
8092459
8094619
8096233
8097607
8097668
8098040
8098773
8100213
8104473
8105931
8106336
8106368
8107265
8107312
8107948
8108818
8109006
8112834
8113379
8117093
8122146
8127074
8131047
8131733
8132496
8134094
8134888
8135149
8135679
8138024
8138193
8138250
8138899
8139141
8139817
8139847
8141100
8141294
8142558
8144663
8148148
8150950
8153355
8154027
8155305
8160762
8166329
8167232
8169340
8175297
8175376
8176239
8177592
8179649
8181965
8182133
8184761
8185605
8186759
8187463
8188001
8189381
8189509
8189630
8190077
8192200
8192843
8193000
8193295
8193391
8200974
8202792
8204723
8218783
8219718
8220505
8221303
8222260
8224990
8225635
8232490
8234343
8234998
8238561
8238774
8243529
8243552
8243884
8244802
8245487
8248711
8249448
8253813
8255027
8255920
8259293
8259799
8261769
8263550
8268036
8269896
8272293
8273165
8277614
8280903
8281617
8286082
8286180
8289018
8289500
8291324
8292523
8295691
8296849
8300042
8300902
8301239
8301503
8304138
8308532
8309675
8319878
8320548
8321422
8325544
8327225
8327484
8329032
8330814
8333309
8333772
8334879
8336818
8338695
8338960
8340654
8341535
8342105
8342287
8346593
8346820
8346828
8347252
8348444
8353013
8356987
8361411
8363239
8363982
8365304
8368750
8370695
8373218
8373479
8376999
8378621
8378849
8379441
8380164
8385749
8386331
8386473
8387987
8388538
8388758
8395840
8396171
8398346
8398638
8402084
8403808
8404109
8405816
8407388
8407990
8412177
8413664
8417917
8418533
8424786
8425002
8425639
8427544
8427698
8430033
8430043
8430076
8434684
8435703
8440119
8440340
8442242
8443726
8444667
8444883
8446600
8449113
8454677
8458393
8460556
8463987
8469069
8471491
8479048
8480361
8480631
8481354
8481577
8482058
8483348
8488570
8489424
8489996
8491504
8495750
8497886
8498174
8501194
8505180
8507180
8508695
8512051
8513565
8514101
8514663
8516592
8520407
8521119
8527655
8528108
8531680
8532804
8532906
8533677
8533958
8534700
8541383
8543484
8546141
8550301
8550656
8553064
8555103
8558588
8559306
8560094
8560989
8562501
8565019
8565184
8565279
8565800
8567707
8571661
8573399
8573469
8574728
8576572
8577911
8578114
8578210
8580695
8582657
8588094
8589780
8592285
8592682
8597895
8598012
8600600
8600950
8602221
8605123
8605543
8608954
8610130
8611852
8613907
8617275
8620321
8620437
8620472
8622299
8623657
8625620
8626409
8633741
8635291
8635622
8636031
8636555
8636625
8638437
8640074
8644818
8645765
8646170
8649988
8653085
8655689
8659159
8659894
8662397
8663282
8664777
8666845
8669157
8670293
8670560
8670713
8671359
8671692
8672938
8673593
8674292
8676148
8677630
8677889
8678245
8679663
8685446
8686742
8691606
8693008
8693317
8693347
8693661
8694738
8697838
8698099
8699032
8699642
8701343
8701522
8702583
8703723
8706271
8706274
8707269
8708146
8717301
8718407
8719011
8720421
8720943
8721104
8725020
8725464
8727048
8727256
8729734
8729881
8734857
8735135
8735747
8738338
8738544
8742639
8742884
8747876
8748283
8750105
8750250
8755935
8759633
8765436
8767810
8768323
8771336
8772654
8778141
8778512
8780682
8782224
8785409
8787545
8787744
8788600
8795844
8796001
8800177
8801531
8802650
8803029
8803048
8803445
8803901
8804091
8804205
8804561
8805304
8806269
8810902
8810914
8812188
8812653
8813829
8821508
8822712
8823586
8824276
8827768
8828675
8829455
8830319
8834610
8837636
8838895
8843126
8843448
8845050
8847450
8849831
8850010
8852314
8854678
8856994
8859235
8867018
8867688
8868468
8869635
8871084
8872692
8872996
8873853
8874138
8874861
8876844
8877381
8879954
8884301
8888882
8889023
8891403
8891673
8893313
8894230
8895182
8897162
8898221
8901106
8905621
8906772
8908623
8909109
8909361
8911407
8912924
8914346
8917688
8917926
8918209
8920353
8921867
8923040
8925985
8930153
8931416
8934360
8937616
8938125
8941634
8942347
8943317
8944855
8947765
8948398
8948614
8948724
8949424
8955558
8957019
8957532
8961458
8962139
8962666
8962897
8965227
8967348
8968097
8973488
8975578
8977198
8978147
8984274
8984450
8985404
8986368
8989670
8991477
8991678
8998195
8998875
9000988
9003220
9004060
9004770
9005312
9005455
9009718
9011119
9012006
9019382
9020777
9022594
9025891
9027773
9030871
9037021
9040516
9044641
9044870
9047782
9049965
9051256
9051400
9052204
9052620
9052983
9059442
9060255
9061149
9061908
9064748
9069008
9069263
9069943
9072251
9075234
9075301
9075324
9075794
9076654
9078855
9081664
9083433
9084880
9085584
9090206
9090644
9091358
9091545
9092224
9092996
9093618
9094404
9095623
9098744
9099670
9100645
9100846
9102869
9104227
9109272
9111362
9111437
9117599
9117687
9120522
9120587
9127179
9127597
9129731
9132168
9133954
9139149
9144597
9151920
9155224
9155756
9162567
9163978
9167850
9175729
9177112
9180185
9182077
9182310
9182628
9183179
9190854
9191420
9192314
9197881
9201186
9204266
9208592
9211013
9212270
9213231
9213352
9216692
9217270
9219260
9221874
9224536
9226530
9228302
9229776
9229888
9230116
9231025
9231598
9231879
9232931
9232971
9239769
9240166
9240623
9241548
9243342
9243983
9244626
9246336
9246843
9248511
9249893
9254870
9254985
9259196
9259239
9259886
9260029
9260176
9260546
9261191
9264402
9266403
9269933
9273000
9275254
9278241
9279600
9280840
9280862
9281371
9281431
9282854
9283452
9284657
9285066
9287808
9288366
9294917
9296638
9296670
9297165
9301679
9302971
9303841
9309073
9309845
9310086
9312104
9314064
9314978
9316725
9317651
9318627
9319901
9322149
9325354
9326384
9327886
9328127
9330975
9333180
9333907
9334824
9337374
9337617
9339928
9343194
9348678
9350105
9350874
9357081
9362516
9363123
9364666
9367897
9367989
9373502
9376553
9378794
9383209
9385481
9388077
9389791
9393624
9396749
9399523
9399994
9405116
9406192
9406774
9406808
9407965
9413857
9416726
9419634
9420826
9428402
9433181
9433416
9435048
9435757
9438174
9438691
9439587
9448459
9449312
9450000
9450961
9452135
9452551
9455464
9455947
9456411
9456999
9457220
9457922
9457956
9458557
9459302
9460512
9462605
9463272
9467901
9471317
9473630
9473750
9476069
9477007
9478514
9479730
9480370
9481968
9482753
9483712
9484396
9484862
9489862
9489952
9490113
9490176
9491485
9492059
9492159
9494308
9494587
9494811
9494881
9496782
9497170
9497826
9498330
9499506
9499908
9502057
9502629
9506545
9508977
9510600
9511670
9512584
9518721
9521658
9525043
9526393
9533928
9536132
9537836
9540086
9546826
9550895
9551976
9552678
9552767
9554275
9557786
9558380
9558503
9562452
9563644
9565984
9567351
9573592
9573690
9574943
9575672
9575788
9576989
9577070
9580413
9580784
9585349
9586992
9587326
9589723
9591727
9594753
9596552
9598117
9598514
9599116
9599712
9602574
9607082
9607783
9608962
9611279
9614981
9621701
9622595
9623806
9625483
9626575
9627667
9629328
9634476
9635334
9637092
9638943
9639690
9643932
9647406
9647622
9647825
9650344
9650494
9651117
9651693
9652379
9653728
9653850
9655247
9661627
9661674
9662249
9667501
9667725
9668376
9669147
9669577
9672742
9674429
9679347
9680028
9680878
9681243
9684125
9687546
9688071
9691669
9691719
9693222
9698042
9702690
9704780
9707423
9708856
9710190
9710266
9711139
9717116
9719632
9722505
9723420
9726477
9727736
9728568
9729074
9730224
9730679
9732214
9733881
9735758
9736284
9737099
9738199
9739403
9739684
9740485
9741609
9747201
9756422
9756709
9758060
9759769
9759934
9761672
9761770
9762399
9764924
9767075
9767189
9768792
9769382
9770854
9776815
9779683
9783109
9787052
9789575
9789663
9789845
9793255
9793872
9793953
9796381
9798537
9802972
9803275
9805449
9808010
9808549
9811669
9813691
9818034
9818489
9822597
9823675
9824076
9825887
9826797
9827851
9829243
9829675
9831346
9831553
9833403
9833556
9834850
9837102
9838532
9838801
9839097
9839738
9843494
9847099
9848687
9850226
9856059
9856496
9856575
9858374
9859382
9861405
9861905
9869076
9870433
9872928
9873344
9873545
9873662
9876440
9877850
9882016
9885044
9886087
9889277
9891461
9896587
9898201
9898362
9900205
9901422
9910649
9910961
9913077
9913197
9914566
9915291
9920708
9922132
9925537
9928533
9928627
9928715
9930703
9931374
9931457
9931898
9934592
9935754
9937260
9938193
9939578
9939771
9942436
9946023
9950196
9952848
9955700
9956849
9957992
9958296
9961969
9963477
9965810
9966185
9967866
9968938
9970575
9970870
9973074
9975939
9976023
9978418
9980326
9983075
9987218
9988499
9989419
9990314
9993213
9993793
9994322
9994642
9995486
9996368
9997704
9998598
9998719
10000152
10000285
10003186
10007802
10008124
10011852
10018278
10018282
10019050
10021302
10022060
10026155
10027827
10035362
10035422
10036426
10037579
10038896
10041064
10044643
10045865
10045950
10047694
10048790
10049152
10051134
10051602
10053865
10054625
10057673
10059005
10062440
10066102
10066556
10067097
10067150
10071144
10072370
10074557
10074638
10075778
10076370
10076384
10079407
10082715
10085993
10086415
10087388
10088180
10088863
10096826
10098412
10101642
10108394
10110020
10112997
10118903
10126119
10127526
10128594
10130538
10132231
10140480
10140725
10144033
10146104
10146620
10147736
10148651
10149583
10156645
10157259
10160535
10160564
10161557
10161913
10163281
10163922
10166475
10167756
10167914
10169328
10169863
10174973
10177148
10179636
10181528
10183717
10184256
10192223
10196871
10198581
10198670
10199526
10200359
10200912
10206962
10207145
10207271
10209422
10210195
10211909
10212319
10213031
10213258
10213784
10218049
10218930
10221547
10223928
10224977
10226188
10227073
10227594
10230397
10230637
10231579
10233255
10234166
10235187
10239175
10239605
10240257
10240437
10243543
10244692
10247327
10248543
10254084
10254611
10255981
10257386
10259793
10259871
10260859
10262884
10263116
10264609
10276077
10276230
10282310
10284318
10286546
10286868
10287156
10290425
10292418
10294636
10294881
10296799
10298571
10303560
10304612
10305597
10306684
10308032
10312420
10313176
10315020
10315076
10316232
10317256
10317531
10320062
10324417
10334959
10335786
10336262
10336772
10338034
10342196
10343495
10344889
10346336
10346713
10346879
10348834
10352064
10354269
10355393
10355683
10357199
10358746
10359542
10361444
10363130
10370928
10373735
10374190
10375276
10379294
10381677
10392886
10393230
10396126
10397567
10402212
10404997
10407562
10407673
10407985
10410723
10414417
10415146
10415166
10416464
10420302
10421330
10422715
10427514
10428625
10429389
10432107
10432582
10436886
10437877
10438172
10444878
10446045
10447902
10453331
10457018
10457237
10457621
10458192
10461952
10468499
10470020
10474074
10474450
10475181
10475267
10478546
10483783
10484004
10486805
10487476
10489334
10489700
10492370
10493713
10494580
10495116
10495392
10498156
10499176
10499515
10499555
10500217
10500703
10501956
10502979
10507513
10507914
10511980
10513626
10514349
10519952
10523288
10523500
10524490
10526110
10529703
10529835
10531851
10536417
10537833
10539839
10540967
10541549
10541737
10543351
10551551
10552560
10553035
10554832
10555058
10555306
10556186
10556655
10557982
10561912
10563772
10564882
10565928
10566850
10567472
10568945
10571717
10572129
10577782
10579144
10580904
10580945
10584060
10589044
10590801
10590805
10593492
10593991
10594199
10604641
10606560
10607389
10613478
10614280
10614794
10615823
10618898
10619791
10622284
10624350
10624678
10626861
10628733
10629550
10631240
10633938
10636989
10639332
10639773
10639818
10640343
10641197
10643665
10645659
10647080
10647428
10651310
10651718
10651878
10654919
10655555
10655883
10656045
10657816
10658159
10660393
10660546
10660634
10666580
10669934
10671516
10673228
10673268
10673278
10673375
10674062
10674874
10678694
10680376
10681966
10682837
10684605
10688718
10694457
10698246
10701899
10705081
10707383
10712118
10717841
10719172
10721099
10724400
10724578
10728178
10728599
10728799
10737524
10738096
10741310
10744337
10746106
10748062
10749854
10750185
10752878
10753037
10755631
10758203
10758756
10765086
10766869
10769158
10769946
10770297
10772609
10773237
10774053
10776244
10778078
10778997
10781419
10782922
10786066
10786695
10786701
10789767
10793742
10798928
10799617
10799848
10800700
10802222
10803362
10804243
10806460
10806796
10806944
10809544
10809879
10810413
10811744
10812618
10819956
10822500
10823073
10824993
10826308
10828054
10831097
10832010
10832552
10832781
10834095
10834693
10835593
10837291
10837693
10838416
10841353
10841860
10842290
10843110
10848370
10848638
10849047
10849739
10851583
10851787
10852326
10852609
10854985
10856987
10859292
10862022
10862055
10864882
10865221
10865494
10865660
10865931
10866387
10869424
10872291
10876292
10876828
10880507
10881250
10881372
10891351
10891916
10894591
10896462
10900479
10902638
10902866
10904999
10907559
10909273
10916341
10918539
10919030
10922752
10927250
10930305
10931943
10932334
10932481
10934287
10935796
10935996
10939766
10943370
10943433
10945000
10945369
10945721
10945988
10946562
10946608
10949659
10950898
10951088
10952827
10953022
10956017
10956047
10956232
10958114
10958939
10962935
10965072
10966591
10966892
10968179
10968530
10969824
10971110
10971150
10973431
10974921
10980265
10980627
10985863
10992199
10999852
11002029
11004462
11005151
11007080
11009067
11010506
11011069
11013050
11015574
11015748
11016171
11016656
11025787
11028593
11031718
11033999
11034572
11035362
11040418
11043463
11047295
11047804
11048612
11050168
11056317
11061367
11061973
11067079
11068753
11069167
11071109
11071730
11073361
11074751
11074991
11075606
11076487
11079941
11084358
11085094
11085424
11090893
11091742
11092644
11093825
11098145
11100858
11102025
11102506
11102865
11103153
11104392
11105110
11105523
11107512
11107748
11108105
11108827
11109874
11114124
11114318
11114341
11120830
11126505
11127161
11128006
11132517
11132586
11132669
11134083
11135909
11136915
11138994
11142084
11145190
11146084
11150702
11152341
11153076
11155757
11156516
11159307
11160145
11160323
11162289
11165928
11166345
11170279
11173969
11178791
11180813
11181860
11182750
11183254
11185328
11187666
11187854
11188430
11193519
11193921
11196392
11197138
11197804
11199007
11199319
11204937
11209691
11212442
11212970
11213425
11217821
11222921
11224620
11228000
11231519
11233210
11233473
11236610
11237852
11240342
11240767
11242301
11242334
11244207
11245528
11247393
11247449
11249333
11250881
11251716
11252628
11253186
11253478
11253629
11255579
11256222
11258596
11259757
11260208
11261897
11262222
11265448
11267498
11268632
11273567
11273955
11275279
11278189
11278653
11284343
11284434
11288860
11288909
11290786
11291829
11294886
11296819
11296924
11297666
11298082
11302406
11303534
11304082
11304410
11305835
11308734
11308879
11309894
11311862
11314894
11316120
11321463
11322269
11323180
11323612
11324330
11325297
11326937
11328561
11329897
11337131
11337903
11339731
11342842
11344271
11345882
11346658
11348355
11348857
11349210
11351484
11353250
11354302
11354905
11356597
11357349
11358440
11358872
11359377
11361595
11361615
11362571
11362821
11364311
11364775
11365840
11366331
11366452
11366946
11367262
11367271
11368281
11372445
11376520
11382074
11382652
11388455
11388689
11388962
11391962
11392793
11394220
11397235
11397286
11398344
11402691
11403113
11407688
11407994
11408298
11408697
11408725
11413592
11413623
11416759
11418007
11418124
11420212
11428951
11431559
11432934
11433616
11434623
11436001
11436639
11439305
11441403
11445526
11446765
11449821
11449896
11450202
11451862
11452828
11453251
11453764
11457778
11460334
11461293
11461988
11465978
11466557
11466647
11467096
11467586
11468826
11469187
11472332
11472774
11473472
11475116
11479869
11480134
11480234
11481881
11481968
11482972
11483680
11488015
11488709
11490538
11490690
11496793
11496976
11498234
11498611
11498623
11501502
11501771
11504867
11505988
11507756
11508269
11510259
11512633
11521699
11522368
11523236
11524812
11527668
11527747
11535300
11535502
11537760
11539898
11539923
11541343
11543135
11546354
11546672
11547024
11550290
11552041
11553175
11554050
11556606
11558844
11570632
11576801
11580009
11580224
11582487
11585021
11585251
11586250
11587142
11587173
11587905
11588224
11588813
11590058
11592611
11592738
11595773
11595969
11597021
11598496
11601127
11603259
11603784
11605131
11605768
11605875
11606661
11607851
11610342
11611615
11612397
11612919
11613355
11620178
11620310
11620451
11624097
11625022
11625344
11625378
11626510
11628436
11637966
11641617
11643779
11644989
11645267
11647255
11647546
11647563
11648071
11648282
11648847
11648997
11650239
11650588
11656027
11674405
11675736
11681524
11681732
11682040
11682344
11682675
11683242
11684241
11687031
11688764
11692139
11692201
11692510
11693463
11693674
11695971
11696731
11709119
11711370
11711422
11712203
11712638
11713907
11714611
11717334
11723184
11724857
11727851
11728994
11736718
11739717
11742344
11743462
11743702
11747517
11748297
11748527
11749172
11750041
11751094
11751453
11752068
11752713
11752903
11753285
11757699
11759157
11759440
11760255
11762419
11762855
11764202
11764387
11768751
11771340
11772087
11773353
11775407
11778725
11781016
11783633
11785878
11786803
11786890
11787179
11791139
11794457
11794907
11801173
11803610
11804744
11805968
11808300
11808477
11812648
11814308
11815991
11816176
11816369
11817285
11817343
11819007
11819875
11825188
11826867
11826997
11827787
11827977
11829147
11829219
11830747
11830758
11834275
11834346
11835708
11836751
11837710
11839073
11844097
11848494
11850733
11852428
11857747
11858656
11858935
11860484
11863424
11864434
11866222
11867315
11869094
11869229
11869247
11870551
11871902
11872551
11874128
11878037
11883394
11884162
11886051
11886932
11890052
11890579
11891816
11895096
11895392
11895716
11897324
11898443
11903641
11907278
11911608
11911847
11914106
11915184
11916914
11921495
11925234
11926281
11930629
11931729
11931879
11933705
11934759
11936406
11937071
11939550
11939805
11941272
11941731
11944669
11946259
11950836
11951797
11953932
11954308
11958223
11958777
11962392
11964035
11965491
11969044
11969623
11970072
11970818
11975298
11976715
11979645
11980560
11983159
11984725
11986501
11990098
11990378
11990380
11993854
11994762
11996672
11999025
11999387
12001228
12002813
12006397
12008578
12011900
12017738
12021645
12022262
12027948
12028844
12034345
12035495
12036777
12037890
12039011
12041323
12042610
12044182
12045529
12049929
12051702
12052767
12053002
12053518
12054795
12055828
12057044
12059137
12061419
12064227
12065773
12075930
12077441
12080305
12082533
12084360
12085168
12085347
12085628
12088753
12089751
12090327
12092106
12093056
12093769
12094137
12099409
12099980
12100305
12101863
12102039
12102276
12104265
12108945
12112344
12113001
12113540
12113819
12114311
12114827
12115964
12120847
12123880
12128589
12128625
12128986
12130226
12130434
12132078
12132610
12132741
12135425
12136383
12141093
12147959
12148502
12148560
12149928
12149949
12151171
12152239
12153754
12158192
12158997
12159427
12160883
12162011
12162426
12165440
12165612
12167874
12169207
12171798
12173539
12174094
12178237
12178583
12180209
12180324
12182399
12185287
12189131
12190637
12193732
12196794
12196911
12197401
12198080
12202374
12203954
12205398
12205644
12207095
12207302
12210439
12210646
12213876
12217123
12218172
12220512
12220989
12220990
12222038
12222526
12223947
12224644
12224783
12229021
12232801
12232859
12233544
12234231
12236198
12236546
12236740
12237282
12237510
12237532
12237680
12237752
12239265
12242059
12243579
12245471
12248538
12249360
12249793
12250629
12251799
12254336
12258310
12260673
12261796
12262140
12264595
12264623
12267592
12267726
12269122
12269556
12270639
12271760
12272736
12272938
12277476
12278819
12282477
12283273
12286380
12287868
12288686
12294425
12295124
12303287
12304150
12308284
12310098
12310221
12312197
12324983
12328449
12328688
12331649
12333427
12334202
12334849
12341182
12341812
12344943
12345414
12349221
12354455
12354675
12356691
12363393
12364099
12365376
12365872
12366348
12370082
12374654
12378741
12380050
12381524
12383820
12387649
12387818
12388999
12390554
12391189
12391521
12392387
12395108
12399053
12399204
12399825
12400673
12401965
12404809
12405943
12408031
12408261
12410744
12411320
12414338
12420314
12421952
12422180
12427711
12435553
12437102
12437706
12438521
12438556
12442064
12447060
12451568
12452597
12453986
12454475
12457566
12458860
12460554
12461255
12461754
12463139
12463507
12465433
12470641
12471034
12472799
12473986
12474628
12479187
12480521
12481413
12485383
12485385
12486426
12487273
12496251
12499078
12501965
12502026
12503352
12503591
12503662
12503929
12504034
12504419
12504740
12505889
12506410
12509164
12510298
12511109
12511270
12516424
12517902
12520788
12522263
12524966
12526182
12527157
12527968
12528263
12528474
12530297
12530427
12530955
12531971
12533759
12534730
12538524
12541205
12543047
12547698
12547930
12548140
12549212
12549483
12549525
12550902
12551619
12553925
12556506
12564288
12569170
12569775
12570489
12571163
12573024
12574872
12575111
12576243
12580840
12581662
12583371
12586614
12589523
12589746
12589914
12593593
12593776
12594803
12595729
12596141
12597558
12598532
12601152
12603674
12603835
12607116
12607832
12608451
12612089
12615578
12616364
12619522
12623173
12624872
12625151
12630207
12630295
12631977
12634830
12635000
12636515
12639474
12644120
12644834
12646741
12647609
12647959
12649598
12650698
12652225
12654384
12656223
12657989
12660623
12661717
12667733
12668233
12669789
12671369
12671619
12672047
12672278
12673171
12674115
12676226
12676629
12683253
12684931
12687848
12690076
12691607
12692569
12692802
12695283
12695706
12699784
12701282
12702297
12703571
12705291
12705747
12706899
12707634
12708083
12712456
12712527
12713409
12714391
12716594
12718371
12719815
12723335
12729030
12729116
12729339
12730514
12731578
12735618
12737242
12738737
12746276
12749601
12750133
12750865
12751497
12751678
12752722
12752870
12753309
12756191
12756382
12756814
12757767
12761798
12762687
12770655
12778990
12779899
12782727
12783125
12785558
12786995
12787908
12789340
12792045
12793253
12795602
12796554
12798642
12799775
12800538
12800910
12802636
12806745
12808244
12817782
12818721
12819459
12820896
12821137
12822778
12824331
12824582
12825277
12826089
12830853
12830862
12831873
12832962
12836855
12838651
12840131
12844180
12848292
12848872
12849826
12849989
12850311
12850313
12857278
12859545
12862182
12864562
12867708
12870447
12871429
12871528
12871664
12875450
12880268
12880877
12887983
12890003
12891448
12896965
12900115
12900241
12907154
12907675
12907935
12909319
12909375
12910934
12914456
12915535
12917126
12917503
12919003
12921329
12922359
12924701
12926081
12927562
12929931
12930011
12932599
12933813
12934344
12934659
12935320
12935520
12937651
12937834
12941119
12941989
12943156
12945013
12948153
12948393
12949548
12952394
12952472
12953035
12953153
12954731
12955341
12956621
12960707
12963457
12963481
12963511
12965990
12967316
12968815
12970296
12970714
12970883
12972280
12974920
12976145
12980113
12981327
12982098
12983375
12986516
12986752
12987902
12988696
12992088
12997340
12998265
13002503
13004215
13007500
13008213
13008619
13010165
13013097
13013678
13018661
13022400
13022438
13026952
13028129
13028593
13029294
13029317
13034367
13035232
13037618
13038146
13038664
13039013
13043355
13044727
13044976
13048408
13049721
13052409
13052874
13060977
13061022
13061173
13061674
13062254
13065261
13065867
13067693
13068920
13069469
13070232
13071929
13073415
13073708
13077866
13081424
13082062
13084759
13086123
13087819
13091900
13092188
13095557
13099508
13101426
13102343
13110964
13111072
13111246
13112318
13117685
13119050
13122089
13128162
13132666
13135796
13135880
13136096
13137139
13138092
13138656
13138888
13139216
13139815
13140500
13144093
13144960
13146127
13148409
13148652
13154514
13156360
13158622
13162439
13169949
13171791
13178431
13180916
13181831
13182331
13183296
13184736
13186432
13188202
13190305
13191666
13192117
13192769
13193633
13194747
13194868
13195263
13195928
13195980
13199681
13204646
13209359
13209380
13212234
13216715
13217200
13218596
13220810
13223346
13225749
13226864
13229348
13229458
13229591
13229737
13230572
13235462
13236444
13238186
13239181
13239627
13241881
13242171
13243819
13243828
13244278
13245077
13248394
13256445
13257343
13261583
13264209
13265318
13266892
13268560
13268861
13269502
13272776
13273165
13273273
13276605
13278840
13280796
13286672
13288621
13290580
13292235
13293124
13293299
13293388
13296954
13297349
13302112
13302502
13302610
13302741
13303410
13306453
13310324
13310523
13312442
13314594
13314741
13316009
13319553
13320181
13320427
13320702
13321708
13321938
13324314
13326955
13329044
13329253
13331187
13332004
13343704
13345895
13347175
13348529
13348704
13349508
13352747
13353685
13356482
13357148
13358838
13360891
13361170
13363152
13363771
13365375
13368475
13368936
13370007
13372414
13373048
13373544
13376139
13377366
13377531
13378009
13380389
13380790
13381790
13382869
13385599
13386181
13387868
13388655
13389982
13391804
13400287
13404739
13405257
13405735
13406580
13406812
13408775
13410294
13410298
13410846
13413903
13414153
13414507
13415474
13423812
13428373
13432705
13433626
13434053
13434531
13435763
13438323
13439391
13439550
13446807
13446989
13447674
13447791
13449335
13451870
13453702
13453835
13454401
13455705
13456233
13457506
13458412
13459939
13461065
13462702
13463544
13467592
13467761
13468757
13469684
13471418
13474554
13476130
13476159
13476812
13478866
13479585
13480063
13480087
13487109
13487496
13489946
13490159
13493955
13494621
13497147
13500579
13500741
13502198
13505517
13508090
13509098
13509272
13511097
13512109
13513309
13514869
13516150
13516986
13518214
13518305
13518541
13518622
13522547
13522679
13523391
13528803
13531054
13531183
13535110
13535654
13535657
13536670
13537052
13537248
13537820
13538529
13539066
13547891
13548080
13554054
13556796
13557474
13558331
13563097
13563692
13563730
13564677
13565137
13565385
13565750
13576085
13583132
13587849
13588259
13590850
13590973
13590996
13593259
13595335
13597529
13599312
13600271
13600657
13605924
13610321
13610473
13612009
13614432
13614920
13615900
13617779
13619164
13620972
13623371
13624175
13629345
13629650
13629785
13632284
13635527
13638287
13641761
13641762
13643166
13647336
13648769
13648998
13650435
13651196
13655394
13657361
13659595
13665647
13665765
13668326
13671669
13673884
13675880
13676712
13676829
13676851
13677996
13680620
13684050
13685414
13685768
13688699
13689089
13691629
13691642
13693328
13696185
13701478
13701597
13701766
13704222
13704437
13705009
13705184
13706112
13707985
13710750
13711289
13713593
13718967
13719261
13725927
13726702
13732892
13733661
13735475
13737676
13738626
13739301
13739381
13743582
13744541
13747734
13747762
13748558
13748864
13750666
13753405
13759116
13759546
13760163
13761675
13762801
13764626
13771796
13772417
13776581
13777414
13777928
13778351
13780413
13781409
13781475
13781483
13782218
13786298
13788401
13788963
13793147
13794791
13795425
13796496
13796973
13797918
13802111
13802293
13802589
13802678
13805681
13806981
13808804
13808985
13813637
13814401
13817820
13817999
13818950
13820459
13822162
13822921
13824254
13824298
13826264
13828746
13830315
13831384
13832165
13839851
13840369
13841267
13841885
13842232
13843807
13845445
13848645
13850022
13852710
13855866
13856938
13857298
13858010
13860261
13861624
13864482
13865572
13865799
13867836
13872052
13872154
13873408
13876499
13879370
13880744
13881519
13886954
13889235
13889687
13891364
13892897
13894523
13894905
13895434
13895563
13896160
13901602
13902319
13903871
13904783
13904964
13905661
13906536
13907761
13908809
13909761
13913434
13915650
13916948
13919267
13919499
13919617
13919965
13927723
13930655
13930962
13934108
13940322
13942127
13946195
13946534
13947671
13951764
13951991
13957554
13959031
13961482
13964669
13971664
13977769
13978295
13978803
13978929
13981166
13981224
13982702
13983809
13985235
13987123
13988271
13989496
13999273
13999960
14005369
14009512
14012099
14013169
14013205
14013383
14013784
14015923
14018474
14018694
14021520
14023359
14028971
14031817
14034005
14034639
14036480
14037289
14038114
14039023
14040276
14043143
14043224
14044939
14047922
14048398
14050605
14051541
14052589
14058973
14062104
14062392
14062540
14064268
14066430
14073027
14073656
14074940
14078916
14085973
14087730
14088066
14096650
14096936
14104065
14106113
14111298
14114575
14116054
14118307
14119381
14119511
14121380
14123196
14123304
14123397
14125081
14126957
14128841
14129644
14129817
14130505
14132799
14132838
14140021
14142394
14142453
14146137
14146744
14148387
14152653
14153628
14154037
14155453
14158872
14164685
14171535
14171902
14172358
14173076
14173947
14176958
14177032
14183016
14184463
14185286
14188495
14188685
14189026
14191297
14196049
14196503
14197607
14198857
14209959
14212002
14214827
14215431
14218767
14220184
14225615
14229137
14229848
14232569
14236258
14238910
14242874
14242913
14243708
14246285
14246432
14247104
14247827
14249807
14250098
14253014
14254622
14256973
14258649
14260131
14261218
14266880
14269545
14269712
14270683
14270825
14273597
14274215
14275471
14275807
14277619
14278600
14278803
14279309
14280777
14281884
14283616
14286376
14287036
14293940
14293995
14295096
14303939
14305593
14305961
14307098
14307316
14307920
14308210
14309423
14311606
14312298
14313955
14315604
14315910
14318022
14320750
14321934
14326143
14329308
14329325
14332917
14335005
14337888
14338000
14339302
14339506
14342467
14343265
14343950
14344065
14344076
14344889
14349068
14353715
14353871
14354133
14357653
14359792
14361055
14364028
14365483
14367834
14369502
14369747
14371245
14371694
14372112
14373437
14378507
14378969
14381421
14386598
14387601
14389379
14389980
14391101
14391628
14392778
14400469
14403705
14403793
14405210
14408884
14409897
14410215
14412094
14413085
14414003
14415748
14416706
14418485
14420579
14421537
14423501
14425123
14429959
14430183
14430227
14430705
14430968
14432703
14432920
14433509
14441103
14443650
14444169
14449108
14458649
14460445
14460825
14461033
14462118
14464981
14465663
14469449
14470970
14471011
14472711
14475330
14477014
14479314
14489174
14493603
14495093
14496257
14497394
14498391
14499188
14499559
14500598
14506015
14506863
14508780
14509654
14510389
14513021
14514362
14514475
14517082
14517610
14518041
14519334
14519844
14523478
14526085
14534298
14537064
14542577
14543914
14544791
14545082
14546718
14547599
14549977
14553764
14555250
14556843
14560134
14562297
14562848
14562983
14563207
14566769
14567288
14567336
14570652
14576208
14577372
14579394
14580304
14580731
14580966
14582548
14582736
14582850
14583485
14585228
14591149
14593497
14593749
14593844
14595307
14595536
14596045
14598134
14598569
14602445
14603975
14610370
14610815
14612844
14613084
14613559
14614304
14618600
14621063
14621093
14622499
14624655
14625384
14628461
14629936
14630439
14631430
14633182
14635194
14635439
14635606
14638129
14640888
14642616
14644120
14644244
14645155
14646028
14647502
14648320
14649640
14650935
14652359
14653361
14653943
14656881
14657788
14661460
14662132
14662703
14665307
14665737
14670431
14670736
14672040
14673986
14674948
14676665
14677620
14678809
14678827
14679938
14680155
14684965
14689179
14690144
14690273
14692297
14697655
14697837
14698437
14700299
14700649
14702504
14704979
14707205
14710953
14712450
14714234
14714248
14716375
14718399
14718538
14719398
14719934
14720567
14721971
14723555
14725657
14726145
14728527
14728964
14730546
14739215
14740365
14741589
14749482
14751030
14752974
14755830
14757548
14758809
14758941
14758993
14759066
14759653
14760473
14762837
14765496
14766380
14770997
14771044
14775929
14776483
14780098
14781230
14782781
14783216
14783756
14784161
14786269
14790411
14791879
14792856
14793401
14793822
14802277
14804844
14807492
14808213
14809028
14809306
14809318
14816663
14818266
14821981
14824149
14824350
14825415
14825697
14826025
14828907
14829276
14830347
14835072
14836715
14839968
14840231
14840654
14841321
14844533
14845494
14845796
14845889
14849112
14850733
14851124
14854682
14861128
14862599
14863270
14863572
14863586
14865044
14870534
14871635
14872099
14872643
14872808
14872955
14873353
14876026
14882327
14882711
14884137
14884919
14885681
14886476
14886920
14887438
14887831
14888863
14891740
14893741
14894131
14895116
14895677
14896533
14900256
14901285
14903741
14905139
14908397
14910482
14910556
14911451
14911927
14912134
14913954
14914941
14915594
14918022
14918697
14921670
14924402
14929220
14929962
14930977
14931999
14932324
14934665
14935422
14941184
14944365
14945102
14945520
14945749
14947841
14951520
14951908
14953339
14956198
14959606
14959856
14960945
14962562
14963696
14964553
14964755
14966736
14967590
14971122
14977547
14980638
14982106
14984775
14986113
14986817
14987538
14988028
14991290
14992192
14995856
14995932
14996522
14996981
14997761
14999056
15001696
15012009
15013528
15013791
15015417
15019200
15020574
15023641
15024456
15024645
15027711
15036128
15039047
15041150
15041893
15044142
15045939
15055592
15060529
15062199
15071060
15072324
15074216
15076135
15076650
15076916
15078414
15078951
15080428
15080524
15085396
15085881
15088010
15088459
15088757
15089090
15089547
15092068
15092278
15092295
15092726
15095545
15097504
15097611
15103714
15103999
15105054
15105062
15106515
15106993
15107264
15110066
15111735
15112025
15113702
15119612
15120677
15120734
15121222
15121904
15124947
15126272
15128173
15129741
15132431
15132745
15132807
15133857
15136963
15138490
15145878
15146879
15148665
15149045
15155699
15156824
15158328
15159530
15160412
15161620
15162539
15165540
15168129
15168366
15173495
15174561
15174957
15178624
15178866
15181107
15181129
15181446
15182152
15183175
15184299
15185249
15188326
15192953
15193816
15196842
15198375
15199110
15201681
15202396
15206315
15213491
15214534
15222283
15223538
15223585
15227578
15228361
15231004
15231278
15232074
15233022
15233241
15241317
15242060
15246502
15250115
15251765
15251998
15253401
15253920
15255652
15256748
15257111
15257669
15257820
15257998
15259091
15259290
15260393
15265847
15268344
15268715
15268923
15270943
15274447
15275633
15276439
15278137
15281494
15282392
15284295
15284352
15294975
15295479
15296830
15297697
15299989
15303666
15304029
15307820
15309965
15310314
15312555
15321160
15321309
15325456
15327137
15334266
15341036
15341688
15343567
15344272
15344478
15347111
15347164
15350874
15356752
15357056
15361492
15362899
15367921
15368893
15369296
15371106
15373076
15374376
15375369
15378252
15378446
15378450
15379570
15380201
15381572
15381980
15385641
15386667
15392420
15394728
15403863
15406468
15408566
15410889
15411053
15412219
15421113
15422105
15426715
15426806
15429398
15430451
15430625
15436442
15437681
15438029
15441154
15444322
15444626
15450687
15452482
15455969
15458941
15459250
15460950
15462826
15467310
15468423
15470385
15472580
15474168
15475026
15478131
15480488
15480789
15481734
15481959
15487609
15489614
15492999
15494315
15495795
15497021
15502041
15502232
15505505
15507775
15509638
15511749
15512254
15514958
15515460
15517141
15517994
15524346
15525651
15526161
15526742
15527719
15528008
15535952
15536309
15544024
15547875
15549077
15551476
15553493
15557904
15559946
15560085
15561655
15563007
15565021
15566861
15568083
15568859
15574854
15575096
15575349
15578433
15581433
15585814
15594908
15595062
15596491
15598202
15598275
15598373
15599211
15599734
15602288
15603188
15606211
15608302
15609240
15610422
15610449
15610990
15613186
15615661
15618065
15618732
15629243
15629896
15633554
15635164
15639373
15642896
15646367
15649008
15649777
15653357
15653524
15654633
15656824
15657234
15672298
15674403
15676937
15677719
15680569
15682416
15682677
15683045
15686302
15686709
15686739
15687327
15690977
15693050
15697450
15697673
15699089
15701460
15704470
15705304
15711833
15713617
15716359
15720447
15721045
15722899
15723606
15724781
15730244
15733964
15735361
15735518
15736071
15738991
15740953
15742514
15742749
15743338
15747307
15753351
15754416
15758480
15763771
15765332
15765551
15768113
15771529
15777729
15778397
15780729
15789278
15793806
15794604
15796017
15803099
15803350
15803825
15804204
15804735
15812761
15816261
15822065
15823264
15823426
15824351
15824924
15828338
15829951
15830737
15831502
15835530
15837624
15840618
15843345
15848360
15848864
15849268
15850026
15853353
15853781
15855745
15858385
15859624
15862547
15863255
15863572
15865872
15868595
15872982
15875464
15880234
15883547
15885385
15885651
15887023
15887129
15887314
15889470
15891950
15900813
15904643
15906215
15917062
15918303
15919522
15919692
15922037
15924652
15925163
15926397
15927368
15930031
15935206
15935287
15939182
15945961
15946883
15947216
15948936
15949451
15949575
15950258
15950763
15952622
15954369
15955196
15956880
15958151
15958548
15958608
15960027
15963234
15967201
15967536
15968264
15972155
15975739
15977433
15979263
15980474
15981638
15981809
15983850
15989744
15995140
15995591
15995999
15997833
15998207
15999744
16000910
16001252
16004948
16005148
16007720
16011013
16012918
16015674
16015763
16016332
16016640
16017214
16017505
16020841
16023428
16024041
16024303
16025644
16026844
16027847
16028707
16030206
16034695
16034757
16034913
16042325
16044364
16044582
16046978
16048475
16048848
16048872
16049147
16050648
16051719
16051992
16058324
16058926
16060714
16064455
16064765
16065487
16067514
16067889
16069765
16070061
16070081
16075090
16075798
16077405
16082659
16087193
16090500
16092679
16093237
16096746
16099432
16100899
16101436
16102961
16104370
16104610
16105795
16106383
16106597
16106607
16107730
16108997
16109958
16112264
16112299
16114409
16117380
16117682
16118664
16123254
16123871
16123873
16126491
16126595
16127727
16132731
16133654
16136431
16136566
16138397
16140818
16141123
16141464
16142721
16150695
16152230
16153465
16156172
16156925
16158057
16158359
16159580
16160823
16161526
16163634
16163658
16166290
16168244
16173736
16173835
16176796
16177753
16179938
16182814
16186765
16187523
16189120
16189958
16190850
16191551
16192389
16192780
16194388
16194867
16196126
16198506
16198630
16199514
16206874
16207000
16209835
16210406
16212785
16226970
16227348
16231319
16233687
16235166
16235172
16235646
16236503
16236601
16238953
16240398
16241163
16242820
16245448
16248090
16248487
16248693
16250046
16250790
16254200
16265443
16265506
16266174
16269687
16277581
16281291
16283395
16283786
16284716
16285035
16285588
16286950
16287284
16288733
16293374
16294718
16294923
16297378
16297949
16298391
16300738
16301439
16302070
16302125
16304047
16304272
16306378
16309567
16309833
16310441
16310851
16312254
16313665
16315803
16316174
16318671
16319547
16322330
16322912
16327147
16328920
16329560
16332858
16333427
16334278
16338694
16338766
16338804
16346197
16346233
16346741
16349370
16350973
16351556
16358042
16361765
16362155
16366462
16367133
16367892
16369168
16369258
16370087
16370554
16372462
16372650
16375739
16376667
16378345
16379309
16382114
16382883
16385886
16386061
16386401
16389723
16390184
16390298
16391727
16393112
16393901
16397438
16397835
16398022
16398273
16398644
16399051
16399404
16400251
16402301
16403964
16407572
16408298
16410886
16412064
16412779
16414064
16415296
16417094
16417422
16420489
16423510
16425097
16427265
16432335
16433135
16433643
16438982
16438992
16439570
16445046
16447923
16451398
16452081
16453280
16455017
16456424
16458825
16459605
16460456
16462043
16462531
16466299
16467366
16467667
16469443
16471653
16475508
16478377
16478459
16479690
16480523
16481327
16481713
16483816
16488868
16489772
16491616
16495429
16499203
16499524
16503822
16505380
16510074
16510406
16510427
16511714
16512022
16513717
16513896
16515781
16519079
16520355
16520476
16524142
16526595
16527887
16529621
16536077
16536486
16538157
16541661
16542413
16542824
16543520
16545515
16545531
16546620
16548240
16549525
16552119
16552328
16555154
16557511
16557817
16562435
16562443
16563752
16569666
16573871
16574124
16574793
16575642
16577303
16577939
16581360
16581733
16584130
16585319
16587028
16589352
16591143
16592038
16593073
16596074
16596685
16597388
16597555
16598446
16598899
16604010
16604231
16605842
16607111
16609198
16609768
16610813
16612092
16612456
16612768
16612897
16616171
16616399
16620823
16623738
16624658
16624771
16634370
16637612
16637816
16641899
16645548
16646114
16651296
16654282
16654460
16655557
16657858
16659290
16659465
16659807
16662151
16662492
16663078
16663334
16664902
16666617
16668117
16672177
16673273
16674188
16674641
16675672
16678906
16679654
16679911
16681521
16682357
16682811
16684812
16686525
16687849
16693214
16693789
16696279
16697324
16697955
16699459
16700356
16700910
16706921
16710983
16718547
16722845
16723715
16723841
16724765
16725228
16726055
16727800
16728090
16733239
16735926
16736413
16736706
16736809
16737511
16739246
16742738
16743051
16744371
16745580
16746426
16747426
16747566
16748516
16750646
16750959
16752705
16757242
16759221
16760411
16762561
16766877
16767077
16768643
16770789
16771021
16771898
16779228
16780104
16780467
16784586
16789475
16795995
16796503
16797480
16797629
16798457
16799850
16800072
16802509
16802736
16804557
16805147
16806475
16806866
16809442
16810273
16811194
16815939
16817616
16821517
16821659
16822134
16822845
16825107
16826656
16828560
16828762
16829974
16840130
16841470
16844708
16848027
16849032
16855733
16861685
16863378
16866293
16867857
16868433
16869613
16869785
16869837
16870516
16873740
16875191
16877678
16884001
16888765
16888957
16890446
16891869
16893038
16893534
16893616
16895458
16897477
16899898
16901841
16906349
16908116
16910241
16912790
16913554
16913781
16915392
16919123
16919742
16926176
16927362
16928569
16928689
16931467
16931828
16932019
16932229
16933248
16936344
16936763
16937996
16940615
16942120
16943340
16943595
16945459
16947050
16948208
16950673
16950964
16951783
16954024
16957236
16959310
16960208
16960688
16961197
16972087
16973270
16973542
16974187
16974203
16974981
16977827
16979026
16979756
16981512
16981927
16983495
16983557
16985739
16985956
16989824
16996240
16998983
17000407
17000428
17001199
17001650
17002709
17004340
17004832
17006926
17008218
17008875
17009584
17011219
17011313
17011567
17014134
17014222
17016693
17018559
17021846
17022956
17024193
17024878
17025807
17027587
17028739
17028894
17029311
17029504
17030925
17032661
17032763
17033438
17034371
17034718
17037732
17040499
17043882
17045598
17047621
17049879
17050665
17050858
17051559
17051771
17052187
17054632
17056046
17057965
17058107
17058252
17059720
17064144
17066410
17069698
17071963
17072774
17072952
17072993
17078475
17079232
17080979
17082037
17084413
17086825
17087332
17089675
17098941
17102246
17102525
17103171
17103689
17104139
17105914
17105995
17106363
17106862
17114542
17114760
17115384
17116388
17120015
17120346
17122465
17123142
17123511
17123600
17124490
17125007
17125888
17127399
17131568
17134200
17138111
17138614
17138656
17139645
17141245
17142357
17144232
17144606
17144912
17145928
17147195
17147804
17148139
17149347
17155733
17156318
17157052
17157575
17158888
17159321
17160385
17161238
17162309
17163014
17164582
17166043
17166154
17167364
17169638
17172128
17177476
17178169
17178602
17183117
17188488
17189478
17191645
17192634
17194309
17194712
17195821
17203277
17204329
17205173
17206297
17208826
17209565
17212467
17213877
17217889
17220856
17225322
17229915
17231291
17231814
17232445
17238517
17240258
17242806
17242848
17243284
17244553
17248725
17253742
17255734
17256563
17259852
17260301
17263865
17264414
17268160
17270631
17271454
17272456
17272928
17273140
17274036
17274303
17279171
17281157
17283265
17284347
17289269
17292340
17296765
17297051
17298435
17301665
17302072
17304496
17304755
17307615
17311602
17313061
17316680
17318908
17318994
17319008
17320787
17324546
17326308
17327652
17330039
17331088
17333230
17340485
17341950
17342739
17342873
17343973
17344025
17351818
17353547
17360022
17361325
17366652
17367902
17370955
17370971
17372248
17377321
17378352
17378666
17378692
17378782
17384564
17384863
17385046
17386849
17388848
17391252
17391318
17393434
17394838
17396789
17399605
17401930
17407446
17408104
17408271
17409693
17412651
17414284
17415618
17417150
17418022
17419200
17425373
17426983
17427101
17431895
17432281
17433258
17434512
17441132
17446388
17449036
17453139
17453725
17455617
17455644
17456645
17456871
17458845
17459011
17464552
17465166
17465379
17467603
17467778
17468102
17468856
17469631
17470732
17473694
17473773
17474459
17474977
17476133
17476492
17478278
17479581
17481214
17487675
17488168
17490056
17491138
17493357
17494760
17498086
17499692
17500766
17501709
17501962
17502778
17503968
17506568
17510203
17511030
17511506
17512291
17512975
17516337
17516547
17517438
17520352
17520878
17520960
17525741
17526177
17528339
17529513
17529679
17531683
17533138
17533726
17533772
17535678
17535848
17539009
17540385
17542188
17545667
17547862
17550675
17550990
17552215
17553029
17554224
17554726
17555723
17557841
17559228
17561874
17562593
17566650
17571830
17572941
17574276
17575773
17576067
17581735
17584047
17585775
17586700
17593513
17594063
17595049
17595087
17599208
17602473
17604436
17604749
17605813
17608571
17609685
17617080
17618610
17619091
17621764
17623111
17623781
17624301
17624588
17625877
17625937
17626200
17628244
17628785
17629277
17630970
17632587
17632853
17637074
17643357
17644885
17645302
17650278
17651316
17652211
17652804
17660772
17661273
17662089
17667645
17668611
17671044
17672182
17673250
17673755
17674196
17675930
17677318
17677497
17677888
17680211
17684154
17686647
17686780
17687460
17689664
17689886
17690568
17693143
17694419
17699433
17700630
17702290
17702959
17703410
17706151
17706825
17707901
17709377
17709490
17712437
17712531
17713787
17714007
17717235
17717789
17719255
17719909
17724010
17724408
17728088
17734209
17734496
17738617
17741330
17741893
17747808
17750582
17750769
17751697
17752212
17755503
17756915
17759164
17760322
17762736
17763298
17765954
17767004
17768237
17768339
17771458
17775249
17776536
17777927
17780456
17783013
17784194
17784889
17787522
17788350
17788438
17789174
17795797
17802036
17810292
17810992
17815179
17815896
17816303
17816800
17818263
17818505
17820256
17820467
17821692
17824825
17825730
17828707
17835193
17836869
17839231
17839343
17842242
17842452
17845935
17848065
17849215
17853816
17855658
17857102
17863193
17866065
17866635
17867319
17868070
17870507
17870707
17870941
17873114
17873161
17873607
17876212
17877957
17877964
17878130
17880738
17882912
17884004
17887035
17888020
17888629
17889566
17891873
17893949
17894677
17896065
17896736
17896967
17897915
17900076
17900619
17904643
17907750
17911155
17911419
17912633
17913614
17915464
17920193
17921462
17921478
17921524
17924248
17924389
17925725
17927318
17930962
17932497
17932883
17936161
17938591
17941729
17942365
17946742
17948170
17952640
17954003
17954835
17956440
17956703
17958900
17959175
17959913
17961099
17963389
17965855
17967656
17968613
17968813
17969187
17970962
17972407
17977370
17978148
17984893
17986095
17988548
17993217
17993400
17994162
17994276
17998784
17999987
18000503
18001143
18003405
18004665
18004896
18006171
18006739
18011339
18012564
18013741
18017837
18018772
18021345
18022098
18022947
18023318
18026641
18027888
18028487
18032483
18032506
18032591
18034229
18036071
18037757
18039646
18040524
18041320
18041644
18043571
18044381
18049961
18050429
18051103
18051381
18051761
18064632
18065062
18067955
18068962
18072985
18074011
18077026
18077094
18080885
18085037
18085346
18085546
18085584
18086486
18096900
18097015
18097785
18099773
18100959
18102352
18102864
18103509
18106774
18107763
18108050
18112554
18114734
18118431
18119898
18120212
18121313
18122582
18123422
18124819
18126009
18127373
18128374
18129438
18130403
18130725
18132472
18132473
18133516
18136740
18140107
18140687
18142011
18149281
18150223
18151727
18154408
18154421
18155470
18156326
18157746
18158845
18167555
18167646
18169548
18171809
18173123
18175181
18176100
18176418
18176436
18176991
18178359
18179148
18179168
18181196
18183241
18183669
18187740
18188422
18189307
18193783
18195697
18195752
18196919
18201225
18201925
18203540
18204342
18206695
18207476
18209650
18211980
18213214
18214414
18215731
18215761
18217114
18219256
18221524
18222507
18224414
18227491
18228707
18228906
18230035
18231231
18234286
18237973
18239247
18239976
18241405
18243547
18243550
18243766
18244040
18246049
18250071
18250409
18254991
18257182
18259576
18260021
18260450
18263854
18265755
18266124
18267787
18269433
18273816
18275703
18287750
18288660
18295295
18297184
18297864
18300379
18300668
18304266
18304326
18306812
18307784
18312103
18312272
18314859
18315629
18322606
18326818
18327760
18328240
18329804
18332889
18336372
18337345
18338448
18338711
18338857
18339852
18340645
18342748
18347080
18347336
18347984
18348299
18353243
18353552
18353908
18358099
18359736
18360842
18362871
18366343
18366393
18370415
18374565
18374585
18382905
18390253
18397547
18397826
18399347
18400419
18404626
18408049
18412539
18412876
18418074
18419504
18420137
18420194
18422175
18422737
18423522
18425699
18426101
18427512
18427981
18435893
18439374
18446772
18450112
18451101
18452224
18452305
18454103
18455947
18458197
18459564
18461410
18462059
18462900
18463347
18468416
18470696
18474227
18476788
18479798
18481185
18483629
18484298
18484992
18485229
18488013
18488034
18488393
18490839
18492690
18496959
18497921
18506863
18509743
18510291
18514256
18514966
18515688
18518097
18519168
18519305
18521426
18523357
18525222
18528253
18530434
18530709
18533741
18539738
18540832
18541470
18541674
18542426
18543934
18544135
18545761
18546181
18547843
18548348
18549093
18550905
18551314
18551634
18552938
18553753
18554683
18555039
18555769
18555900
18558455
18558511
18560578
18561373
18561536
18565490
18565989
18568229
18569928
18570133
18572123
18572785
18577433
18578569
18579766
18582677
18582759
18583195
18583378
18583759
18584580
