1133
3930
5715
11322
13098
14427
21490
22960
24903
25792
26212
27401
29639
29956
30430
30503
31878
32265
34207
34375
34625
34755
34972
37971
38764
39177
42699
45183
47723
48509
48756
51964
52672
55606
56079
58911
59022
59739
61526
65048
67514
71381
73655
76980
77302
85497
85532
86912
92771
94496
95658
96494
98761
101504
101793
103042
104164
105629
106714
109245
110040
110776
112089
115540
118138
121362
122824
124677
125363
128342
131338
131857
133109
134204
137158
140680
141562
143849
145529
147089
148427
148785
150860
153035
158888
160733
162650
163001
163468
163931
164472
167569
168586
171639
173540
174275
174583
175282
178795
178991
179261
181206
182846
184337
185158
185931
188137
190070
190810
191198
192864
195830
198169
199168
200082
204925
206005
209118
209976
210375
213234
215453
217788
220621
221442
221488
221797
221912
222057
223471
226291
227202
228312
229044
229477
232311
233396
239431
246188
248657
249480
251786
252201
253015
254845
255312
257372
257650
259290
260108
260350
261147
261426
262760
266133
269650
273225
273230
274497
275089
275728
275872
282827
291786
294359
294834
295265
297668
300398
302265
303676
305180
305887
307843
308657
308758
309246
309283
311671
311694
314748
319118
321002
322245
322329
322749
327694
328758
329266
329858
329943
331936
333990
336031
340825
346257
349519
350400
351731
353365
356812
359614
361495
363184
363292
367364
369181
370287
371211
371317
372575
373345
374034
375951
380518
382698
384420
385346
387540
387560
388893
391987
392037
394183
394945
395291
396400
397302
397443
399861
402487
402984
403986
407283
408881
409936
410203
412414
412642
418090
418891
422139
423640
425062
427256
428016
437883
438270
439152
439851
439862
440055
440517
444852
445807
446114
446150
448439
451590
453946
454468
458113
459749
462307
463248
469124
469243
469848
471866
474499
475739
479495
479606
482150
482914
484994
485060
487428
488598
491655
493409
494057
494741
495902
496586
497388
498701
500195
504986
505401
506483
506512
508054
513203
517811
519697
519810
522929
524291
525555
528214
531101
533067
533333
536953
542885
545266
545439
546154
550890
551863
554087
555615
556269
559077
559742
560432
564197
567767
568436
569606
569739
575879
576111
579502
583375
584041
586736
587132
588216
589622
590655
590943
591749
592044
593185
594602
600950
601016
601771
604544
605206
606146
607021
608316
608358
609275
609422
611635
613173
613812
618427
623059
623414
623876
626171
626353
626440
628054
630886
631375
632728
633107
637876
638917
641733
642120
643520
643597
643892
649904
650597
653250
658409
662215
662650
664935
671036
671368
671836
672890
673347
677762
679188
680611
680633
681175
681681
685535
687620
691434
693953
695557
696212
702224
704168
710823
712071
713861
718770
719348
720461
720670
722733
724259
728233
729428
730339
731501
736245
738835
739392
742152
745584
749600
749854
751881
756083
757766
757914
759884
760378
762267
765286
765612
766756
768291
773115
774507
774592
775221
779266
780304
780387
780955
782199
784286
785286
785400
789370
790394
793739
794788
799177
801338
802959
804500
809895
812288
814787
816598
820169
820346
823054
823473
825153
827672
831273
832920
835407
835762
836773
837963
838263
840719
841514
843801
844109
850584
851505
855741
858376
858592
860001
860354
860480
863811
864206
868272
869625
874505
875032
877833
880209
881664
885353
886014
890010
890506
890621
894167
894569
896018
897329
897864
898760
900063
908050
908329
910838
911082
911302
915386
917157
917550
920213
921723
921953
923719
925623
926676
927967
928567
930896
931459
937269
940926
943120
943804
954424
954641
958824
958969
960634
963486
967769
967992
968284
971141
972738
974444
975509
976082
976611
980544
980615
982940
985202
989468
993489
996454
997034
997064
1005923
1006347
1006562
1011408
1011676
1012358
1013757
1014012
1016331
1017848
1020332
1022310
1026424
1028235
1029716
1030190
1034333
1038016
1038364
1040325
1043682
1044387
1045385
1045644
1047609
1047812
1049716
1052620
1055487
1056871
1063707
1064835
1065895
1067255
1067507
1068399
1071712
1073401
1074635
1075349
1076107
1076411
1077455
1081505
1086889
1087252
1087672
1090976
1097342
1097771
1099884
1102307
1103406
1103696
1103697
1105112
1106659
1108562
1110564
1111130
1113397
1113404
1114977
1116168
1116615
1120628
1121765
1122834
1123509
1127857
1132683
1135967
1142155
1142464
1143444
1149641
1152069
1153386
1153433
1158046
1161492
1161531
1161991
1168103
1169636
1170588
1170788
1176073
1176314
1177742
1179396
1180167
1183514
1184257
1185847
1187913
1189184
1191650
1196026
1196935
1197802
1198878
1200498
1200708
1205550
1205966
1206412
1208524
1213195
1213851
1216059
1217380
1217668
1219438
1220930
1222180
1225002
1227756
1234757
1237861
1238048
1239300
1240289
1242124
1247208
1247653
1252935
1254710
1255683
1259525
1260034
1260630
1261662
1262017
1263374
1267128
1277227
1278598
1279732
1280543
1280704
1285858
1287336
1290222
1291697
1294868
1295212
1296197
1296834
1297847
1300276
1303665
1309372
1310702
1311291
1314394
1315247
1316005
1316416
1316936
1317832
1320099
1321732
1322867
1324364
1326258
1327256
1327925
1328883
1331307
1331319
1335641
1337443
1337740
1341154
1343018
1344776
1345545
1346041
1350527
1351074
1352840
1353982
1354971
1356246
1356811
1359827
1363896
1369361
1369566
1371387
1372817
1377727
1381291
1384207
1384766
1387491
1387907
1389926
1390525
1392193
1394463
1399030
1399476
1399937
1401631
1402343
1405414
1407487
1407521
1409446
1412653
1414127
1415227
1416130
1418001
1419919
1421770
1422798
1424036
1427098
1431320
1432555
1433197
1433811
1436288
1441768
1445371
1447350
1450058
1451048
1451568
1452913
1455449
1460466
1460785
1461002
1462434
1462805
1464616
1466419
1468185
1471135
1472596
1473413
1473662
1473872
1475298
1476530
1479512
1480001
1482244
1486212
1486724
1487349
1490796
1494539
1497034
1502394
1503249
1503511
1504057
1508753
1509948
1511126
1513498
1516893
1522929
1524123
1525815
1535178
1541705
1543956
1546670
1550244
1553277
1554278
1554506
1554760
1556557
1557247
1563140
1563451
1565462
1569753
1570147
1570875
1575491
1575979
1576070
1584062
1588975
1591768
1596470
1596831
1596854
1597007
1597152
1599988
1601129
1601500
1604791
1610473
1611706
1616742
1616965
1617369
1617548
1617903
1622063
1623489
1623808
1623932
1624934
1627977
1628893
1629461
1629487
1633542
1635657
1636730
1636972
1638126
1638848
1639031
1639264
1642310
1645136
1649289
1650080
1655490
1655936
1656040
1657581
1657975
1657999
1661621
1662959
1663061
1667584
1669938
1672386
1672742
1675090
1676321
1685367
1685958
1687514
1695947
1700021
1701913
1702890
1703262
1703742
1704244
1706763
1707918
1710484
1712946
1713579
1713807
1715299
1716147
1718132
1719201
1720748
1722789
1725875
1726701
1732034
1732534
1732692
1735183
1736641
1736712
1737174
1737355
1739655
1741446
1742390
1743160
1744275
1744838
1745144
1745270
1746613
1746693
1748848
1751185
1754405
1759824
1766921
1768347
1771068
1774696
1776033
1778024
1781978
1782463
1783972
1785556
1785659
1787053
1787096
1788689
1790028
1792520
1792647
1795001
1797317
1797660
1798096
1798722
1798852
1800064
1803796
1807706
1809190
1809837
1809841
1810618
1817051
1817775
1820038
1821048
1821391
1824143
1825119
1825969
1827356
1830519
1834908
1837199
1840317
1840852
1846544
1848281
1848996
1849229
1849526
1852646
1856344
1858542
1860863
1861022
1863819
1866962
1867534
1867930
1869033
1870042
1872751
1877514
1877603
1878977
1884202
1884917
1885713
1886889
1887711
1888389
1888725
1888794
1896966
1899450
1904935
1907931
1908551
1909665
1909917
1911052
1912186
1913342
1913695
1914113
1915718
1919637
1921834
1922225
1922343
1922479
1923245
1925664
1926060
1926197
1927950
1930472
1931080
1935221
1937331
1941084
1941296
1943797
1946634
1949335
1950261
1953786
1959476
1959991
1960637
1961717
1963259
1964658
1965530
1965792
1969498
1970533
1975728
1978464
1982141
1982838
1985912
1986609
1988410
1989088
1990026
1990419
1994472
1997191
1997440
1998732
1999483
2002221
2007202
2007314
2008101
2008456
2011380
2014050
2014867
2015142
2017376
2019379
2024597
2025772
2029587
2035878
2037255
2038971
2039020
2039486
2041128
2041624
2046532
2046773
2048214
2051198
2051925
2053282
2055115
2055951
2056804
2056920
2057078
2062126
2062234
2067440
2071050
2071525
2072169
2072762
2074499
2075592
2076167
2076963
2077104
2077162
2077942
2080603
2088668
2088883
2090245
2091928
2092604
2094420
2095684
2096150
2096661
2097662
2100162
2101039
2106919
2109997
2113478
2113691
2117334
2120894
2123678
2125475
2130790
2138920
2140420
2140534
2143669
2145417
2146627
2149982
2154332
2154797
2154917
2158079
2158418
2161400
2161842
2170361
2172276
2176427
2176471
2178040
2181878
2182306
2185208
2185539
2188022
2189799
2191085
2191176
2192222
2195630
2198896
2199070
2200470
2201366
2201597
2203962
2207548
2207919
2210939
2211142
2215617
2217275
2217447
2219914
2222556
2224638
2225444
2226169
2226570
2230139
2230549
2233538
2237617
2237889
2239166
2239975
2241758
2242956
2245639
2245766
2245838
2246226
2246471
2247475
2253231
2253903
2254071
2254567
2254705
2254794
2256387
2257346
2258021
2260927
2263486
2263737
2264658
2264714
2266854
2270144
2274969
2278726
2279249
2279414
2280637
2283416
2283581
2284615
2284901
2288030
2288618
2289385
2298437
2299112
2300880
2302251
2303222
2303257
2307516
2307764
2308210
2308758
2308997
2311358
2316394
2322755
2323338
2326876
2327734
2330329
2331177
2339824
2341028
2341583
2342994
2344899
2345263
2346968
2350342
2350575
2351583
2353104
2353148
2359407
2359798
2360840
2362279
2363851
2368338
2369680
2370678
2373079
2373446
2376101
2381447
2382925
2389307
2395148
2396860
2397521
2398061
2399776
2400442
2402998
2403033
2403406
2405873
2406209
2406454
2413545
2417599
2417833
2418954
2419546
2420597
2420973
2423256
2427099
2428458
2428733
2430667
2432167
2433158
2433649
2436564
2437352
2438921
2442459
2443999
2444379
2445694
2447651
2449336
2450163
2450670
2451113
2451174
2452866
2454226
2454372
2456128
2457017
2457819
2459753
2462195
2463047
2463955
2464943
2465898
2466269
2473647
2473696
2474824
2477263
2477888
2478165
2478182
2478650
2480515
2482489
2484493
2485646
2486699
2489384
2489499
2489948
2492105
2492708
2494629
2497168
2497286
2499544
2500534
2502207
2502285
2503499
2504983
2507642
2508020
2510873
2511767
2512839
2514335
2515665
2517761
2519046
2521482
2523001
2523606
2527044
2532465
2533395
2537790
2538746
2539717
2545681
2545855
2546303
2546751
2546888
2548939
2550585
2550621
2551633
2553929
2555104
2555116
2557462
2559954
2560800
2561461
2561934
2562278
2563620
2566653
2568537
2569165
2571551
2572245
2573316
2579429
2585043
2586482
2587562
2594319
2595221
2596951
2602372
2602416
2602810
2602843
2603322
2604239
2604834
2607127
2610695
2612128
2612658
2613907
2616196
2617450
2619460
2621293
2621736
2622090
2624195
2625452
2625990
2626307
2626629
2628481
2628496
2634034
2638072
2642186
2644750
2650959
2651040
2652498
2657105
2657931
2659278
2659633
2659724
2663031
2663054
2664259
2666328
2667668
2670042
2671750
2673605
2676267
2677407
2677896
2679079
2679130
2684091
2684106
2684464
2685657
2687164
2690674
2690982
2691484
2693575
2694219
2694963
2695233
2695853
2696244
2698162
2698996
2700720
2709063
2716996
2720719
2721109
2725416
2727178
2727248
2728470
2730564
2730749
2732319
2732506
2733818
2734825
2737255
2739262
2744108
2747214
2750953
2752300
2752525
2753198
2754719
2755793
2758986
2760198
2764581
2765039
2765401
2765796
2766155
2768465
2771314
2771608
2773402
2774493
2774748
2775560
2775988
2780807
2781633
2782811
2788340
2793660
2794323
2794591
2794914
2796249
2804345
2805391
2805778
2807273
2808739
2808742
2809635
2809898
2811205
2813488
2814055
2814196
2815037
2816649
2816877
2817009
2819748
2820311
2820994
2822827
2823316
2825158
2826243
2836662
2839811
2841486
2842370
2851068
2852583
2856437
2861409
2863855
2874740
2877170
2878055
2878881
2885772
2885909
2887594
2888623
2890613
2891146
2892686
2895306
2896653
2897678
2900478
2903742
2907631
2908780
2909678
2910316
2910442
2911553
2914632
2915378
2917149
2917591
2920084
2920918
2921062
2923891
2925978
2926251
2927384
2934039
2934291
2938283
2942738
2942760
2943471
2944387
2945991
2946754
2947499
2948366
2951262
2952323
2955646
2961410
2962951
2969184
2969757
2969995
2970847
2972437
2974852
2977165
2978588
2982387
2982479
2982518
2986250
2987128
2987581
2988843
2988919
2990410
2990646
2992846
3005033
3006049
3008447
3009954
3011124
3014310
3014857
3018391
3020743
3021545
3021801
3022206
3024743
3025427
3025760
3027627
3029015
3029888
3034337
3034937
3035043
3036187
3036208
3039532
3041028
3042186
3043173
3044514
3044734
3046863
3047454
3050741
3055711
3058527
3058666
3060979
3063194
3065764
3068092
3068322
3068475
3068640
3068660
3069994
3071871
3072057
3072651
3073689
3075041
3079409
3079948
3080973
3083807
3088292
3090570
3091061
3097829
3098479
3104768
3107592
3108239
3113712
3115828
3116845
3118501
3128005
3133149
3135233
3137272
3140531
3141303
3143541
3146520
3148577
3149246
3149340
3149744
3150549
3151628
3152321
3152853
3154483
3155098
3156301
3159107
3159125
3159693
3160510
3161618
3161689
3163421
3164821
3168250
3169523
3171285
3173186
3174560
3175587
3178223
3179410
3179861
3181159
3183550
3190349
3190545
3190702
3191771
3192082
3193947
3198548
3201609
3204622
3204859
3205714
3205832
3209634
3212305
3214294
3215012
3216987
3217226
3218229
3218634
3220305
3220816
3220938
3223129
3223298
3224981
3225417
3226190
3229601
3231793
3235000
3236352
3237790
3239809
3240768
3240812
3241173
3242337
3243682
3243685
3245268
3245755
3247715
3252190
3253084
3254570
3255406
3255758
3258034
3264622
3267536
3267847
3269622
3270404
3283859
3284295
3286697
3286736
3291675
3292636
3294771
3295147
3299062
3299616
3303231
3304874
3311534
3312402
3313368
3319229
3324952
3325246
3328807
3329671
3330403
3332401
3338655
3338856
3339606
3339924
3341678
3342590
3347713
3352059
3357000
3358587
3362659
3362665
3362805
3363170
3367332
3368556
3369095
3369136
3369589
3370206
3370898
3371818
3379429
3384766
3388110
3389353
3392062
3394567
3395551
3397476
3399828
3403087
3405172
3405581
3412348
3412965
3413431
3413894
3416248
3418883
3419480
3423887
3424694
3424891
3426051
3427547
3429462
3430107
3430281
3430480
3431567
3433796
3435740
3435882
3436838
3437611
3437746
3439708
3441359
3443169
3443696
3446798
3447077
3449264
3449905
3450075
3455818
3457045
3461162
3462591
3464351
3466410
3467096
3469180
3471554
3476650
3477593
3478010
3479540
3480689
3480790
3480999
3481240
3482686
3484549
3489178
3489291
3489561
3489997
3491510
3494246
3494324
3495606
3497748
3497865
3498339
3498843
3499903
3500539
3501252
3502658
3503429
3504271
3506554
3507970
3513724
3514266
3516734
3517197
3517213
3517437
3518292
3519044
3519453
3522027
3523975
3525065
3527317
3529365
3530386
3533794
3535409
3536409
3540012
3547402
3550458
3551299
3553153
3555101
3557666
3559424
3563630
3565543
3566263
3566966
3567120
3570986
3571660
3574591
3575741
3575945
3578148
3578459
3582198
3586235
3586463
3588695
3590140
3590196
3590240
3590243
3591656
3593198
3594474
3595551
3597084
3601194
3602887
3603403
3604170
3607009
3607768
3609092
3610487
3610826
3611154
3612903
3616628
3618110
3623054
3623148
3623273
3624697
3624959
3625618
3626324
3626733
3629151
3629739
3629777
3630414
3633493
3634898
3635989
3640561
3643107
3644678
3646236
3646680
3646695
3646962
3647930
3657573
3658194
3659981
3660824
3663550
3663951
3666669
3667599
3670387
3670514
3677227
3678381
3682470
3683021
3684421
3686100
3686471
3687705
3694923
3696616
3696811
3697825
3698102
3698915
3700659
3701706
3702041
3707979
3709636
3711507
3712675
3712953
3714197
3715285
3716066
3719245
3719477
3721341
3724882
3726912
3737503
3738055
3740359
3740363
3742666
3749130
3750537
3755845
3756777
3757608
3760002
3761217
3762143
3766977
3768570
3769673
3771528
3772739
3772906
3775097
3782389
3785670
3785778
3786459
3787052
3787435
3787461
3791173
3796307
3797243
3797751
3798645
3802136
3805342
3805586
3807671
3809783
3810204
3814834
3817720
3819015
3822762
3825107
3826009
3827131
3829420
3830597
3831871
3834051
3835527
3838287
3842735
3844418
3847616
3852877
3853568
3854831
3857532
3862228
3864133
3865966
3865998
3867618
3867836
3870666
3870792
3871024
3873148
3874615
3876373
3879599
3880060
3884585
3886932
3887188
3894148
3895773
3899106
3909828
3915108
3916518
3916769
3923626
3923643
3925575
3925663
3927741
3932470
3937653
3939611
3939993
3942489
3944785
3946185
3946253
3949985
3954174
3954541
3956284
3958180
3958217
3958729
3959533
3959956
3960408
3961286
3962448
3963531
3964195
3967464
3968012
3968059
3968250
3968331
3968543
3970965
3971169
3972382
3972572
3973015
3974466
3979605
3979943
3982882
3982978
3988809
3991355
3993014
3993069
3995260
3996598
3996802
3997562
3998976
4001908
4002328
4003157
4019424
4019740
4020136
4021153
4021546
4022647
4024112
4026735
4029227
4029943
4034195
4034705
4036716
4037083
4046721
4049760
4051388
4053188
4054354
4055129
4055471
4056115
4062021
4063587
4064887
4065632
4066230
4066539
4067489
4068261
4072875
4074252
4075185
4075919
4077650
4077845
4080566
4081462
4082086
4084466
4090472
4093465
4095844
4095891
4096530
4101116
4105683
4106192
4106739
4109022
4110493
4111559
4113136
4113399
4114878
4117151
4118735
4118911
4123242
4124915
4126558
4130096
4132727
4133036
4133792
4135075
4137430
4138628
4142453
4146213
4147647
4150567
4150763
4151358
4152905
4157927
4160836
4161451
4162105
4163085
4163367
4163979
4164758
4165135
4165413
4169366
4169703
4175456
4180488
4181755
4182059
4184926
4187668
4188883
4189655
4190216
4191118
4195154
4195518
4196916
4197547
4201693
4202199
4203825
4204214
4207570
4208622
4212223
4213263
4214738
4216807
4220044
4221412
4221623
4222183
4222783
4223553
4228194
4228976
4232506
4235205
4236492
4236962
4239076
4239186
4239530
4240573
4240873
4241583
4244650
4251084
4257029
4258626
4259427
4259674
4264796
4266722
4267717
4271235
4271252
4272139
4272665
4272999
4273049
4275677
4275967
4283201
4286450
4287886
4289898
4290568
4290703
4290802
4291954
4292784
4293250
4296592
4299061
4301232
4305065
4305898
4308000
4314773
4316775
4319043
4320099
4328314
4332371
4334768
4337109
4337683
4339308
4347759
4347796
4348384
4348729
4349591
4352399
4353781
4355418
4355902
4359167
4359334
4360681
4361217
4363885
4366656
4367332
4369652
4370408
4373597
4375066
4375249
4375917
4379464
4380020
4380213
4380726
4382513
4384935
4388520
4390819
4392979
4394593
4395967
4396028
4396400
4397133
4398573
4402833
4404291
4404696
4404728
4406924
4406953
4407902
4408690
4409069
4409950
4410996
4411860
4414092
4417334
4418715
4422198
4423021
4424642
4425138
4425752
4425984
4427311
4431302
4432375
4435464
4438889
4440709
4441742
4442890
4444868
4444878
4446154
4447347
4448526
4449244
4449272
4452082
4453928
4456552
4458741
4460923
4465114
4465882
4465898
4467205
4467502
4468931
4470648
4472141
4472954
4475141
4477591
4479451
4481364
4481817
4483152
4487980
4492048
4496518
4497022
4497090
4498156
4498293
4499025
4499186
4502492
4511338
4513984
4516494
4521772
4525200
4525349
4525555
4527310
4529388
4529668
4529858
4530144
4534725
4536139
4538919
4540646
4543625
4543928
4546031
4546037
4546263
4547177
4548821
4555526
4555715
4560229
4560976
4565516
4565855
4566181
4569673
4570757
4572320
4573794
4577558
4579115
4580173
4582180
4586517
4588579
4588849
4589513
4590283
4590926
4591255
4592439
4593423
4596010
4596381
4601615
4602190
4602443
4603258
4603306
4603800
4604055
4606662
4611624
4613360
4616124
4617239
4618812
4619366
4627601
4628226
4628248
4628359
4631430
4631593
4632537
4632790
4637220
4639252
4641065
4641646
4642133
4642206
4642517
4642603
4642726
4644724
4644891
4645437
4645744
4646804
4647773
4650498
4650953
4651925
4654472
4658163
4658778
4661859
4663097
4665335
4665591
4665942
4666926
4667088
4670758
4671588
4675257
4676235
4682320
4682684
4682943
4683571
4684485
4695880
4698806
4698971
4699288
4699533
4699966
4704676
4705071
4705386
4706071
4706982
4709774
4710678
4711303
4714144
4714159
4716766
4720542
4722649
4723345
4725140
4726807
4729291
4731606
4731625
4733284
4734117
4735234
4736615
4738785
4738974
4739183
4739991
4740698
4743956
4744221
4744541
4746060
4747690
4748997
4749088
4749473
4752243
4754045
4756476
4757822
4757835
4760098
4761408
4762802
4764655
4773353
4773953
4776689
4777246
4779805
4781448
4783637
4787240
4792129
4797460
4800015
4801668
4802035
4802277
4802647
4805402
4808173
4811065
4811621
4811866
4812130
4812681
4817221
4819526
4823962
4824467
4825190
4825778
4827822
4828187
4828508
4832144
4832948
4834073
4834772
4834928
4840686
4843304
4846624
4849063
4850220
4850423
4853108
4856173
4865110
4865175
4866148
4867696
4867766
4868110
4870500
4872766
4874126
4874563
4877593
4878737
4879257
4879920
4880198
4880757
4886806
4887135
4887990
4895216
4897264
4897300
4897755
4898513
4899791
4900175
4903191
4905258
4905500
4907432
4909473
4910422
4910446
4910453
4914786
4915675
4916943
4921542
4922024
4923484
4923778
4924887
4926518
4926707
4927329
4929271
4931175
4932477
4932595
4935273
4936865
4936917
4936941
4937302
4939468
4939930
4941794
4943054
4943162
4943212
4943597
4945004
4948013
4951835
4953423
4955342
4955941
4957205
4958638
4962624
4963828
4966511
4966808
4973178
4973726
4974793
4976689
4977823
4981566
4981917
4982764
4985122
4987833
4989124
4989747
4993750
5003206
5008159
5009253
5009602
5012985
5013478
5017455
5018621
5019734
5022253
5025433
5026304
5029669
5032204
5033947
5034869
5035877
5037207
5037740
5037939
5041589
5041730
5043507
5044356
5046582
5048909
5053286
5053316
5055805
5064372
5068516
5068889
5068969
5070657
5071424
5073144
5074083
5077413
5084543
5085089
5088238
5089191
5090149
5095806
5096459
5097167
5098008
5099928
5100397
5100480
5100667
5102247
5104788
5105484
5106282
5106914
5107397
5107566
5107829
5108436
5110587
5112116
5119656
5119916
5126680
5126784
5128226
5130821
5131520
5133696
5133754
5135294
5135403
5136180
5138693
5142718
5143604
5144358
5144410
5145663
5145842
5146820
5147683
5149551
5152630
5154966
5157941
5159013
5161882
5163310
5163733
5166678
5166772
5166923
5168036
5173665
5174938
5175257
5176178
5179093
5179326
5181809
5184230
5184585
5188287
5189002
5189268
5190679
5191226
5191238
5191386
5192534
5196078
5197185
5197565
5198761
5208251
5208927
5211413
5212093
5213392
5214018
5214865
5214899
5215142
5219623
5219765
5221724
5222314
5222905
5223413
5224958
5226379
5232286
5233184
5235785
5237811
5238064
5238918
5240410
5242527
5247864
5252792
5253008
5255345
5256655
5259973
5260357
5260993
5263349
5269187
5273138
5273539
5277267
5277329
5281303
5286125
5286129
5290729
5291515
5292623
5299746
5301812
5303415
5305316
5306608
5308984
5312189
5312729
5317478
5318760
5319132
5320935
5321388
5322519
5325399
5325470
5329959
5331039
5331125
5333512
5334783
5336245
5338905
5343751
5345851
5347062
5347158
5347362
5347491
5349883
5350772
5356516
5362875
5363400
5367074
5367098
5367391
5368501
5368894
5369268
5369885
5376008
5378529
5379736
5379741
5384955
5385666
5386112
5389573
5389618
5390221
5390775
5390911
5392886
5393904
5395834
5402104
5402699
5405862
5407594
5409310
5413225
5417869
5422343
5423387
5423632
5425162
5427007
5429356
5433730
5434327
5435406
5438958
5440189
5445045
5445488
5448165
5448923
5451553
5451765
5458045
5460194
5461959
5468610
5470553
5473782
5477820
5482328
5482579
5482720
5489496
5490198
5491483
5496950
5497326
5499083
5500694
5501295
5510275
5511298
5511643
5511927
5512011
5512783
5513914
5518077
5520505
5522326
5522964
5525242
5527719
5532154
5533642
5536775
5537394
5537986
5539091
5541557
5543607
5546446
5547735
5548341
5549476
5550709
5553083
5553482
5553506
5553582
5556706
5558294
5563927
5564528
5567213
5569300
5570467
5572336
5573381
5573460
5573831
5578480
5580840
5580933
5581639
5585637
5586280
5586765
5587461
5591177
5591559
5592536
5596054
5600693
5600924
5603236
5605514
5606266
5607096
5609161
5612059
5614559
5616162
5616281
5617002
5617678
5622738
5624225
5625698
5629673
5630114
5632851
5634063
5634338
5634990
5635795
5637051
5640019
5640467
5643592
5644115
5645321
5646610
5647323
5648650
5648877
5652214
5653698
5653707
5654012
5661307
5661877
5664219
5667776
5669890
5673287
5673314
5674849
5676261
5676272
5678710
5681548
5685408
5685735
5686777
5692745
5692864
5699260
5699325
5699661
5700460
5700520
5704025
5706438
5707665
5707904
5708365
5711647
5711711
5716782
5718120
5724385
5725617
5731793
5731877
5732748
5733122
5734819
5736440
5736835
5738690
5740942
5741382
5742110
5744043
5745002
5746258
5747913
5749746
5750782
5756207
5759035
5762398
5766092
5769742
5769868
5770274
5771377
5776438
5777392
5777811
5778222
5778577
5779386
5783504
5784409
5786466
5791864
5798126
5801025
5804648
5805783
5806321
5808398
5809056
5811682
5811691
5812170
5815116
5815723
5817920
5819896
5823707
5824997
5825251
5826386
5832227
5834830
5835895
5839956
5843024
5843472
5846599
5849084
5852305
5855470
5858554
5860613
5861488
5861985
5864655
5873837
5874175
5876905
5877224
5877450
5879401
5882432
5882622
5883486
5883995
5886546
5889290
5890382
5890582
5895361
5895964
5896884
5899292
5900626
5903355
5905023
5905324
5905965
5909239
5909628
5909736
5913068
5916220
5919982
5920746
5922050
5923645
5924484
5925295
5927230
5928616
5930196
5932709
5934539
5935889
5936546
5936690
5946877
5950823
5950971
5953085
5953547
5956115
5958652
5959560
5960231
5961534
5965094
5969595
5970628
5973533
5974637
5974963
5975852
5984404
5985047
5985346
5985858
5988478
5989310
5992824
5998012
6000653
6000970
6004614
6005480
6007169
6011302
6013485
6014969
6015744
6017778
6019990
6024923
6026171
6027590
6028501
6028872
6029038
6029823
6036163
6036409
6037648
6038334
6038644
6038870
6038872
6039946
6048468
6050685
6051695
6053869
6056592
6059837
6061053
6062202
6063792
6065484
6067653
6069539
6073258
6073906
6076029
6077090
6080325
6081388
6081441
6082084
6082337
6084781
6084830
6088927
6089199
6089284
6091251
6093113
6094553
6094581
6098654
6100437
6100717
6102290
6102797
6106394
6108676
6109175
6112462
6112627
6115020
6119808
6121150
6124932
6130119
6131332
6132599
6134828
6136940
6138151
6138741
6138834
6142588
6143495
6143829
6143980
6143986
6146552
6147668
6147998
6148250
6148847
6150007
6150456
6152904
6153805
6154560
6154767
6155226
6156890
6157837
6158157
6165899
6168759
6171632
6173651
6176616
6176884
6178299
6186310
6187034
6190005
6190158
6190711
6196573
6199763
6205407
6205775
6206618
6210236
6211198
6215161
6217308
6217343
6218006
6218552
6221412
6222969
6227243
6229217
6229390
6234491
6237095
6239003
6240266
6243042
6243478
6243503
6252420
6253229
6254678
6255417
6255795
6256494
6259910
6261899
6267040
6268649
6269356
6270599
6271996
6273796
6274594
6275975
6276363
6276636
6279734
6280658
6281645
6282288
6284341
6284682
6284720
6285064
6285118
6286683
6294933
6296728
6297032
6298934
6301640
6309554
6309651
6309869
6310010
6310416
6312038
6313605
6316683
6316743
6317784
6319635
6324842
6328516
6328649
6333778
6334454
6334727
6335837
6336854
6340209
6341165
6344218
6344643
6347868
6349567
6353824
6354343
6355433
6356171
6357915
6359657
6360297
6364378
6368402
6371558
6373685
6375033
6383480
6385155
6386287
6390443
6392544
6392985
6393978
6394526
6394784
6395568
6395589
6398542
6401315
6402061
6406205
6406391
6407642
6409208
6409528
6409640
6411447
6414072
6414515
6415547
6415966
6416644
6418004
6422905
6423459
6423784
6424057
6425534
6427273
6427622
6429068
6430565
6431120
6432091
6433625
6433877
6434989
6436891
6439225
6439463
6440662
6440730
6443769
6445427
6446394
6446699
6447784
6453253
6454141
6454661
6457947
6458001
6459150
6459821
6463056
6463958
6467138
6470704
6472422
6475671
6479224
6479803
6480252
6480998
6485382
6487239
6489684
6490887
6492487
6497757
6498821
6501227
6506277
6507509
6508451
6508805
6509855
6510251
6512610
6514940
6515035
6516246
6517641
6518567
6519234
6520600
6522622
6522865
6524894
6526631
6534396
6534784
6536761
6536905
6537553
6539303
6539534
6539546
6540959
6542498
6542745
6542899
6547844
6549840
6551031
6552738
6552782
6552857
6562153
6563986
6566401
6567150
6568073
6568696
6568878
6575124
6575256
6575990
6576059
6576120
6587643
6588612
6590383
6591700
6597120
6598562
6600232
6602353
6602538
6605430
6609915
6611893
6613650
6615957
6618431
6625002
6628540
6628970
6629566
6634555
6639131
6640785
6644118
6645443
6648108
6650422
6650896
6653614
6659467
6661021
6662123
6664317
6665266
6665733
6667377
6667894
6672307
6674823
6677404
6677592
6682098
6682464
6683216
6683433
6684514
6688386
6689495
6692017
6698121
6698621
6699269
6699576
6704222
6705870
6705909
6708616
6709617
6709649
6719591
6723975
6727630
6732562
6735946
6736986
6742780
6742812
6748554
6752334
6752392
6753077
6753764
6755731
6756079
6756273
6756815
6757043
6757065
6757213
6757285
6758798
6763824
6764555
6766197
6768050
6769215
6770258
6777237
6777940
6782331
6784894
6785886
6787147
6787293
6789627
6791006
6796617
6797222
6803217
6804339
6808756
6808895
6809248
6809560
6810728
6814582
6814967
6816872
6818642
6820578
6821996
6824027
6827701
6830267
6834042
6834962
6837324
6838288
6840117
6840203
6840293
6844821
6845607
6846010
6846595
6846636
6847002
6849762
6859230
6862015
6862909
6863684
6865559
6866300
6866601
6868210
6869153
6870028
6871415
6871720
6872055
6872797
6878681
6879327
6880528
6885161
6889472
6889961
6893383
6894704
6896014
6896573
6897487
6900015
6900558
6901896
6902079
6906278
6913288
6914192
6914336
6915457
6915564
6915858
6916438
6916750
6918074
6921640
6922524
6925121
6930206
6931854
6932707
6937069
6939536
6943727
6943924
6944146
6948847
6950893
6951686
6955619
6956328
6959015
6964146
6966111
6969541
6969935
6972093
6972878
6975657
6976259
6976937
6983891
6987974
6989050
6989688
6996872
7000664
7004307
7007045
7007399
7008488
7013366
7014681
7016077
7020777
7028663
7029346
7029805
7031090
7034054
7034489
7034912
7036771
7039597
7040100
7040536
7047148
7050080
7050619
7058272
7060676
7061787
7062218
7062612
7066016
7067593
7068072
7068893
7069553
7072460
7073949
7075228
7075374
7080625
7088021
7091012
7092375
7092775
7094795
7095336
7097755
7097862
7098813
7100236
7100607
7103763
7104461
7105810
7107570
7111992
7113337
7114457
7116706
7117218
7119563
7120922
7126263
7132583
7132870
7133068
7134587
7137091
7137691
7137743
7140456
7140734
7144240
7147492
7149036
7149195
7151198
7151565
7151643
7151721
7152114
7154505
7157073
7160003
7161890
7165149
7165582
7167971
7169230
7170192
7177655
7178072
7182006
7185696
7187726
7189949
7196959
7197474
7197592
7198476
7198596
7199143
7199386
7200153
7200453
7201959
7203311
7204039
7204416
7205297
7205596
7205737
7210234
7210905
7211285
7211458
7216383
7216683
7217100
7217695
7218673
7219885
7221019
7221759
7222602
7227170
7227885
7228118
7228868
7229393
7230888
7232792
7233060
7234275
7235436
7238057
7238461
7238827
7239723
7240234
7241167
7245196
7246016
7246969
7248378
7248753
7249239
7251144
7251436
7253947
7257645
7258307
7260333
7260853
7263460
7268088
7269547
7269960
7272489
7274314
7274330
7276176
7280037
7280767
7281322
7281511
7281549
7282176
7282958
7286075
7292687
7295091
7296032
7297342
7297426
7298558
7300441
7300534
7300990
7301933
7304897
7305810
7305986
7311093
7311608
7314972
7315223
7315346
7318628
7318686
7321309
7321647
7323641
7326863
7327636
7329450
7329821
7330027
7330073
7332014
7334954
7335815
7338415
7339795
7342576
7347032
7347349
7348754
7349797
7353056
7353448
7354018
7354301
7354379
7355377
7357008
7357811
7358565
7364702
7365587
7372467
7372585
7373051
7373334
7373450
7374041
7381629
7382508
7385676
7385824
7386586
7387153
7389072
7389552
7391098
7393468
7393736
7396053
7399129
7403250
7407610
7409589
7412702
7413513
7414039
7414551
7414891
7416688
7418484
7419693
7419704
7421842
7424886
7425895
7426759
7427972
7428776
7431743
7432402
7433518
7436936
7442458
7442984
7443764
7446807
7447881
7452868
7455092
7459997
7460869
7461352
7461909
7463106
7466056
7471660
7473943
7474239
7474594
7474654
7474852
7475994
7476186
7477746
7480572
7481001
7483059
7483274
7483739
7487145
7487597
7488256
7488621
7494767
7495923
7496191
7496262
7497519
7498879
7499805
7503334
7506160
7507934
7510637
7511698
7513076
7514845
7515580
7516015
7518130
7520681
7521103
7526408
7526537
7526763
7526978
7528448
7529855
7532636
7532882
7535289
7535294
7537282
7538724
7540098
7541389
7541997
7542126
7544770
7547035
7548200
7548914
7549190
7552208
7553472
7553645
7570386
7571903
7572031
7572330
7575835
7578678
7586832
7587510
7591706
7592292
7594864
7595297
7598273
7604802
7606199
7607720
7609441
7611711
7612085
7612412
7613055
7615560
7619729
7620526
7621444
7621834
7621994
7625485
7626589
7629576
7631269
7637598
7640019
7645623
7651541
7652810
7654197
7654508
7656198
7656323
7657045
7657910
7658326
7663618
7664085
7665160
7666332
7666397
7666901
7671117
7673459
7673581
7673861
7674097
7675157
7675797
7679065
7679227
7679307
7685363
7685496
7686891
7686992
7687268
7687516
7687681
7692918
7694721
7695072
7696317
7696827
7697424
7701969
7703531
7704010
7707562
7709523
7710433
7712565
7713917
7714538
7714605
7715042
7717175
7723955
7724108
7730051
7730140
7730399
7731195
7735652
7738170
7739005
7742708
7743483
7744870
7745267
7746255
7748935
7750672
7751339
7752743
7753115
7753593
7756486
7756608
7757580
7758282
7766760
7768917
7769872
7773003
7775701
7776103
7776718
7777552
7777720
7781256
7788478
7788775
7789462
7792443
7800059
7802931
7803492
7805369
7806814
7808302
7810953
7811431
7813407
7818748
7820955
7823544
7823614
7824802
7827018
7829088
7829141
7829258
7829511
7829741
7835998
7837386
7840627
7841259
7848219
7849633
7851363
7855047
7857145
7858012
7860816
7862731
7863728
7864570
7865983
7866613
7868777
7870820
7873819
7875065
7875619
7876330
7879216
7885669
7888148
7894347
7900081
7902770
7904965
7908496
7912284
7914874
7916013
7918119
7918247
7919312
7924595
7925084
7936146
7936205
7936452
7936943
7939314
7940760
7940857
7941909
7943335
7943747
7944911
7947181
7952123
7952224
7954409
7954594
7954629
7956034
7958788
7967591
7969369
7971206
7972113
7972570
7974494
7974605
7976205
7976713
7978830
7982309
7984196
7984764
7985147
7988220
7988588
7989038
7993390
7995603
7997930
8003629
8004050
8008867
8010893
8011703
8013957
8015446
8015862
8016566
8018608
8018766
8019233
8019985
8021174
8021696
8023977
8024458
8025567
8026009
8027983
8028662
8028742
8032626
8033160
8037735
8038338
8038566
8042435
8042527
8047337
8052367
8054398
8055367
8059594
8060967
8062624
8064956
8065659
8070931
8071955
8073711
8083744
8085393
8085936
8086156
8090257
8091022
8091069
8091705
8092575
8092763
8096591
8097136
8100850
8105903
8110831
8114804
8115490
8116253
8117851
8118645
8118906
8119436
8121781
8121950
8122007
8122656
8122898
8123574
8123604
8124857
8125051
8126315
8128420
8131905
8134707
8137112
8137784
8139062
8144519
8150086
8150989
8153097
8159054
8159133
8159996
8161349
8163406
8165722
8165890
8168518
8169362
8170516
8171220
8171758
8173138
8173266
8173387
8173834
8175957
8176600
8176757
8177052
8177148
8184731
8186549
8188480
8202540
8203475
8204262
8205060
8206017
8208747
8209392
8216247
8218100
8218755
8222318
8222531
8227286
8227309
8227641
8228559
8229244
8232468
8233205
8237570
8238784
8239677
8243050
8243556
8245526
8247307
8251793
8253653
8256050
8256922
8261371
8264660
8265374
8269839
8269937
8272775
8273257
8275081
8276280
8279448
8280606
8283799
8284659
8284996
8285260
8287895
8292289
8293432
8303635
8304305
8305179
8309301
8310982
8311241
8312789
8314571
8317066
8317529
8318636
8320575
8322452
8322717
8324411
8325292
8325862
8326044
8330350
8330577
8330585
8331009
8332201
8336770
8340744
8345168
8346996
8347739
8349061
8352507
8354452
8356975
8357236
8360756
8362378
8362606
8363198
8363921
8369506
8370088
8370230
8371744
8372295
8372515
8379597
8379928
8382103
8382395
8385841
8387565
8387866
8389573
8391145
8391747
8395934
8397421
8401674
8402290
8408543
8408759
8409396
8411301
8411455
8413790
8413800
8413833
8418441
8419460
8423876
8424097
8425999
8427483
8428424
8428640
8430357
8432870
8438434
8442150
8444313
8447744
8452826
8455248
8462805
8464118
8464388
8465111
8465334
8465815
8467105
8472327
8473181
8473753
8475261
8479507
8481643
8481931
8484951
8488937
8490937
8492452
8495808
8497322
8497858
8498420
8500349
8504164
8504876
8511412
8511865
8515437
8516561
8516663
8517434
8517715
8518457
8525140
8527241
8529898
8534058
8534413
8536821
8538860
8542345
8543063
8543851
8544746
8546258
8548776
8548941
8549036
8549557
8551464
8555418
8557156
8557226
8558485
8560329
8561668
8561871
8561967
8564452
8566414
8571851
8573537
8576042
8576439
8581652
8581769
8584357
8584707
8585978
8588880
8589300
8592711
8593887
8595609
8597664
8601032
8604078
8604194
8604229
8606056
8607414
8609377
8610166
8617498
8619048
8619379
8619788
8620312
8620382
8622194
8623831
8628575
8629522
8629927
8633745
8636842
8639446
8642916
8643651
8646154
8647039
8648534
8650602
8652914
8654050
8654317
8654470
8655116
8655449
8656695
8657350
8658049
8659905
8661387
8661646
8662002
8663420
8669203
8670499
8675363
8676765
8677074
8677104
8677418
8678495
8681595
8681856
8682789
8683399
8685100
8685279
8686340
8687480
8690028
8690031
8691026
8691903
8701058
8702164
8702768
8704178
8704700
8704861
8708777
8709221
8710805
8711013
8713491
8713638
8718614
8718892
8719504
8722095
8722301
8726396
8726641
8731633
8732040
8733862
8734007
8739692
8743390
8749193
8751567
8752080
8755093
8756411
8761898
8762269
8764439
8765981
8769166
8771302
8771501
8772357
8779601
8779758
8783934
8785288
8786407
8786786
8786805
8787202
8787658
8787848
8787962
8788318
8789061
8790026
8794659
8794671
8795945
8796410
8797586
8805265
8806469
8807343
8808033
8811525
8812432
8813212
8814076
8818367
8821393
8822652
8826883
8827205
8828807
8831207
8833588
8833767
8836071
8838435
8840751
8842992
8850775
8851445
8852225
8853392
8854841
8856449
8856753
8857610
8857895
8858618
8860601
8861138
8863711
8868058
8872639
8872780
8875160
8875430
8877070
8877987
8878939
8880919
8881978
8884863
8889378
8890529
8892380
8892866
8893118
8895164
8896681
8898103
8901445
8901683
8901966
8904110
8905624
8906797
8909742
8913910
8915173
8918117
8921373
8921882
8925391
8926104
8927074
8928612
8931522
8932155
8932371
8932481
8933181
8939315
8940776
8941289
8945215
8945896
8946423
8946654
8948984
8951105
8951854
8957245
8959335
8960955
8961904
8968031
8968207
8969161
8970125
8973427
8975234
8975435
8981952
8982632
8984745
8986977
8987817
8988527
8989069
8989212
8993475
8994876
8995763
9003139
9004534
9006351
9009648
9011530
9014628
9020778
9024273
9028398
9028627
9031539
9033722
9035013
9035157
9035961
9036377
9036740
9043199
9044012
9044906
9045665
9048505
9052765
9053020
9053700
9056008
9058991
9059058
9059081
9059551
9060411
9062612
9065421
9067190
9068637
9069341
9073963
9074401
9075115
9075302
9075981
9076753
9077375
9078161
9079380
9082501
9083427
9084402
9084603
9086626
9087984
9093029
9095119
9095194
9101356
9101444
9104279
9104344
9110936
9111354
9113488
9115925
9117711
9122906
9128354
9135677
9138981
9139513
9146324
9147735
9151607
9159486
9160869
9163942
9165834
9166067
9166385
9166936
9174611
9175177
9176071
9181638
9184943
9188023
9192349
9194770
9196027
9196988
9197109
9200449
9201027
9203017
9205631
9208293
9210287
9212059
9213533
9213645
9213873
9214782
9215355
9215636
9216688
9216728
9223526
9223923
9224380
9225305
9227099
9227740
9228383
9230093
9230600
9232268
9233650
9238627
9238742
9242953
9242996
9243643
9243786
9243933
9244303
9244948
9248159
9250160
9253690
9256757
9259011
9261998
9263357
9264597
9264619
9265128
9265188
9266611
9267209
9268414
9268823
9271565
9272123
9278674
9280395
9280427
9280922
9285436
9286728
9287598
9292830
9293602
9293843
9295861
9297821
9298735
9300482
9301408
9302384
9303658
9305906
9309111
9310141
9311643
9311884
9314732
9316937
9317664
9318581
9321131
9321374
9323685
9326951
9332435
9333862
9334631
9340838
9346273
9346880
9348423
9351654
9351746
9357259
9360310
9362551
9366966
9369238
9371834
9373548
9377381
9380506
9383280
9383751
9388873
9389949
9390531
9390565
9391722
9397614
9400483
9403391
9404583
9412159
9416938
9417173
9418805
9419514
9421931
9422448
9423344
9432216
9433069
9433757
9434718
9435892
9436308
9439221
9439704
9440168
9440756
9440977
9441679
9441713
9442314
9443059
9444269
9446362
9447029
9451658
9455074
9457387
9457507
9459826
9460764
9462271
9463487
9464127
9465725
9466510
9467469
9468153
9468619
9473619
9473709
9473870
9473933
9475242
9475816
9475916
9478065
9478344
9478568
9478638
9480539
9480927
9481583
9482087
9483263
9483665
9485814
9486386
9490302
9492734
9494357
9495427
9496341
9502478
9505415
9508800
9510150
9517685
9519889
9521593
9523843
9530583
9534652
9535733
9536435
9536524
9538032
9541543
9542137
9542260
9546209
9547401
9549741
9551108
9557349
9557447
9558700
9559429
9559545
9560746
9560827
9564170
9564541
9569106
9570749
9571083
9573480
9575484
9578510
9580309
9581874
9582271
9582873
9583469
9586331
9590839
9591540
9592719
9595036
9598738
9605458
9606352
9607563
9609240
9610332
9611424
9613085
9618233
9619091
9620849
9622700
9623447
9627689
9631163
9631379
9631582
9634101
9634251
9634874
9635450
9636136
9637485
9637607
9639004
9645384
9645431
9646006
9651258
9651482
9652133
9652904
9653334
9656499
9658186
9663104
9663785
9664635
9665000
9667882
9671303
9671828
9675426
9675476
9676979
9681799
9686447
9688537
9691180
9692613
9693947
9694023
9694896
9700873
9703389
9706262
9707177
9710234
9711493
9712325
9712831
9713981
9714436
9715971
9717638
9719515
9720041
9720856
9721956
9723160
9723441
9724242
9725366
9730958
9740179
9740466
9741817
9743526
9743691
9745429
9745527
9746156
9748681
9750832
9750946
9752549
9753139
9754611
9760572
9763440
9766866
9770809
9773332
9773420
9773602
9777012
9777629
9777710
9780138
9782294
9786729
9787032
9789206
9791767
9792306
9795426
9797448
9801791
9802246
9806354
9807432
9807833
9809644
9810554
9811608
9813000
9813432
9815103
9815310
9817160
9817313
9818607
9820859
9822289
9822558
9822854
9823495
9827251
9830856
9832444
9833983
9839816
9840253
9840332
9842131
9843139
9845162
9845662
9852833
9854190
9856685
9857101
9857302
9857419
9860197
9861607
9865773
9868801
9869844
9873034
9875218
9880344
9881958
9882119
9883962
9885179
9894406
9894718
9896834
9896954
9898323
9899048
9904465
9905889
9909294
9912290
9912384
9912472
9914460
9915131
9915214
9915655
9918349
9919511
9921017
9921950
9923335
9923528
9926193
9929780
9933953
9936605
9939457
9940606
9941749
9942053
9945726
9947234
9949567
9949942
9951623
9952695
9954332
9954627
9956831
9959696
9959780
9962175
9964083
9966832
9970975
9972256
9973176
9974071
9976970
9977550
9978079
9978399
9979243
9980125
9981461
9982355
9982476
9983909
9984042
9986943
9991559
9991881
9995609
10002035
10002039
10002807
10005059
10005817
10009912
10011584
10019119
10019179
10020183
10021336
10022653
10024821
10028400
10029622
10029707
10031451
10032547
10032909
10034891
10035359
10037622
10038382
10041430
10042762
10046197
10049859
10050313
10050854
10050907
10054901
10056127
10058314
10058395
10059535
10060127
10060141
10063164
10066472
10069750
10070172
10071145
10071937
10072620
10080583
10082169
10085399
10092151
10093777
10096754
10102660
10109876
10111283
10112351
10114295
10115988
10124237
10124482
10127790
10129861
10130377
10131493
10132408
10133340
10140402
10141016
10144292
10144321
10145314
10145670
10147038
10147679
10150232
10151513
10151671
10153085
10153620
10158730
10160905
10163393
10165285
10167474
10168013
10175980
10180628
10182338
10182427
10183283
10184116
10184669
10190719
10190902
10191028
10193179
10193952
10195666
10196076
10196788
10197015
10197541
10201806
10202687
10205304
10207685
10208734
10209945
10210830
10211351
10214154
10214394
10215336
10217012
10217923
10218944
10222932
10223362
10224014
10224194
10227300
10228449
10231084
10232300
10237841
10238368
10239738
10241143
10243550
10243628
10244616
10246641
10246873
10248366
10259834
10259987
10266067
10268075
10270303
10270625
10270913
10274182
10276175
10278393
10278638
10280556
10282328
10287317
10288369
10289354
10290441
10291789
10296177
10296933
10298777
10298833
10299989
10301013
10301288
10303819
10308174
10318716
10319543
10320019
10320529
10321791
10325953
10327252
10328646
10330093
10330470
10330636
10332591
10335821
10338026
10339150
10339440
10340956
10342503
10343299
10345201
10346887
10354685
10357492
10357947
10359033
10363051
10365434
10376643
10376987
10379883
10381324
10385969
10388754
10391319
10391430
10391742
10394480
10398174
10398903
10398923
10400221
10404059
10405087
10406472
10411271
10412382
10413146
10415864
10416339
10420643
10421634
10421929
10428635
10429802
10431659
10437088
10440775
10440994
10441378
10441949
10445709
10452256
10453777
10457831
10458207
10458938
10459024
10462303
10467540
10467761
10470562
10471233
10473091
10473457
10476127
10477470
10478337
10478873
10479149
10481913
10482933
10483272
10483312
10483974
10484460
10485713
10486736
10491270
10491671
10495737
10497383
10498106
10503709
10507045
10507257
10508247
10509867
10513460
10513592
10515608
10520174
10521590
10523596
10524724
10525306
10525494
10527108
10535308
10536317
10536792
10538589
10538815
10539063
10539943
10540412
10541739
10545669
10547529
10548639
10549685
10550607
10551229
10552702
10555474
10555886
10561539
10562901
10564661
10564702
10567817
10572801
10574558
10574562
10577249
10577748
10577956
10588398
10590317
10591146
10597235
10598037
10598551
10599580
10602655
10603548
10606041
10608107
10608435
10610618
10612490
10613307
10614997
10617695
10620746
10623089
10623530
10623575
10624100
10624954
10627422
10629416
10630837
10631185
10635067
10635475
10635635
10638676
10639312
10639640
10639802
10641573
10641916
10644150
10644303
10644391
10650337
10653691
10655273
10656985
10657025
10657035
10657132
10657819
10658631
10662451
10664133
10665723
10666594
10668362
10672475
10678214
10682003
10685656
10688838
10691140
10695875
10701598
10702929
10704856
10708157
10708335
10711935
10712356
10712556
10721281
10721853
10725067
10728094
10729863
10731819
10733611
10733942
10736635
10736794
10739388
10741960
10742513
10748843
10750626
10752915
10753703
10754054
10756366
10756994
10757810
10760001
10761835
10762754
10765176
10766679
10769823
10770452
10770458
10773524
10777499
10782685
10783374
10783605
10784457
10785979
10787119
10788000
10790217
10790553
10790701
10793301
10793636
10794170
10795501
10796375
10803713
10806257
10806830
10808750
10810065
10811811
10814854
10815767
10816309
10816538
10817852
10818450
10819350
10821048
10821450
10822173
10825110
10825617
10826047
10826867
10832127
10832395
10832804
10833496
10835340
10835544
10836083
10836366
10838742
10840744
10843049
10845779
10845812
10848639
10848978
10849251
10849417
10849688
10850144
10853181
10856048
10860049
10860585
10864264
10865007
10865129
10875108
10875673
10878348
10880219
10884236
10886395
10886623
10888756
10891316
10893030
10900098
10902296
10902787
10906509
10911007
10914062
10915700
10916091
10916238
10918044
10919553
10919753
10923523
10927127
10927190
10928757
10929126
10929478
10929745
10930319
10930365
10933416
10934655
10934845
10936584
10936779
10939774
10939804
10939989
10941871
10942696
10946692
10948829
10950348
10950649
10951936
10952287
10953581
10954867
10954907
10957188
10958678
10964022
10964384
10969620
10975956
10983609
10985786
10988219
10988908
10990837
10992824
10994263
10994826
10996807
10999331
10999505
10999928
11000413
11009544
11012350
11015475
11017756
11018329
11019119
11024175
11027220
11031052
11031561
11032369
11033925
11040074
11045124
11045730
11050836
11052510
11052924
11054866
11055487
11057118
11058508
11058748
11059363
11060244
11063698
11068115
11068851
11069181
11074650
11075499
11076401
11077582
11081902
11084615
11085782
11086263
11086622
11086910
11088149
11088867
11089280
11091269
11091505
11091862
11092584
11093631
11097881
11098075
11098098
11104587
11110262
11110918
11111763
11116274
11116343
11116426
11117840
11119666
11120672
11122751
11125841
11128947
11129841
11134459
11136098
11136833
11139514
11140273
11143064
11143902
11144080
11146046
11147424
11147829
11148361
11149434
11152462
11154329
11157803
11160266
11160474
11165248
11167270
11168317
11169207
11169711
11171785
11174123
11174311
11174887
11179976
11180378
11182849
11183595
11184261
11185464
11185776
11191394
11196148
11198899
11199427
11199882
11204278
11209378
11211077
11214457
11217976
11219667
11219930
11223067
11224309
11226799
11227224
11228758
11228791
11230664
11231985
11233850
11233906
11235790
11237338
11238173
11239085
11239643
11239935
11240086
11242036
11242679
11245053
11246214
11246665
11248354
11248679
11251905
11253955
11255089
11260024
11260412
11261736
11264646
11265110
11270800
11270891
11275317
11275366
11277243
11278286
11281343
11283276
11283381
11284123
11284539
11288863
11289991
11290539
11290867
11292292
11295191
11295336
11296351
11298319
11301351
11302577
11307920
11308726
11309637
11310069
11310787
11311754
11313394
11315018
11316354
11323588
11324360
11326188
11329299
11330728
11332339
11333115
11334812
11335314
11335667
11337941
11339707
11340759
11341362
11343054
11343806
11344897
11345329
11345834
11348052
11348072
11349028
11349278
11350768
11351232
11352297
11352788
11352909
11353403
11353719
11353728
11354738
11358902
11362977
11368531
11369109
11374912
11375146
11375419
11378419
11379250
11380677
11383692
11383743
11384801
11389148
11389570
11394145
11394451
11394755
11395154
11395182
11400049
11400080
11403216
11404464
11404581
11406669
11415408
11418016
11419391
11420073
11421080
11422458
11423096
11425762
11427860
11431983
11433222
11436278
11436353
11436659
11438319
11439285
11439708
11440221
11444235
11446791
11447750
11448445
11452435
11453014
11453104
11453553
11454043
11455283
11455644
11458789
11459231
11459929
11461573
11466326
11466591
11466691
11468338
11468425
11469429
11470137
11474472
11475166
11476995
11477147
11483250
11483433
11484691
11485068
11485080
11487959
11488228
11491324
11492445
11494213
11494726
11496716
11499090
11508156
11508825
11509693
11511269
11514125
11514204
11521757
11521959
11524217
11526355
11526380
11527800
11529592
11532811
11533129
11533481
11536747
11538498
11539632
11540507
11543063
11545301
11557089
11563258
11566466
11566681
11568944
11571478
11571708
11572707
11573599
11573630
11574362
11574681
11575270
11576515
11579068
11579195
11582230
11582426
11583478
11584953
11587584
11589716
11590241
11591588
11592225
11592332
11593118
11594308
11596799
11598072
11598854
11599376
11599812
11606635
11606767
11606908
11610554
11611479
11611801
11611835
11612967
11614893
11624423
11628074
11630236
11631446
11631724
11633712
11634003
11634020
11634528
11634739
11635304
11635454
11636696
11637045
11642484
11660862
11662193
11667981
11668189
11668497
11668801
11669132
11669699
11670698
11673488
11675221
11678596
11678658
11678967
11679920
11680131
11682428
11683188
11695576
11697827
11697879
11698660
11699095
11700364
11701068
11703791
11709641
11711314
11714308
11715451
11723175
11726174
11728801
11729919
11730159
11733974
11734754
11734984
11735629
11736498
11737551
11737910
11738525
11739170
11739360
11739742
11744156
11745614
11745897
11746712
11748876
11749312
11750659
11750844
11755208
11757797
11758544
11759810
11761864
11765182
11767473
11770090
11772335
11773260
11773347
11773636
11777596
11780914
11781364
11787630
11790067
11791201
11792425
11794757
11794934
11799105
11800765
11802448
11802633
11802826
11803742
11803800
11805464
11806332
11811645
11813324
11813454
11814244
11814434
11815604
11815676
11817204
11817215
11820732
11820803
11822165
11823208
11824167
11825530
11830554
11834951
11837190
11838885
11844204
11845113
11845392
11846941
11849881
11850891
11852679
11853772
11855551
11855686
11855704
11857008
11858359
11859008
11860585
11864494
11869851
11870619
11872508
11873389
11876509
11877036
11878273
11881553
11881849
11882173
11883781
11884900
11890098
11893735
11898065
11898304
11900563
11901641
11903371
11907952
11911691
11912738
11917086
11918186
11918336
11920162
11921216
11922863
11923528
11926007
11926262
11927729
11928188
11931126
11932716
11940088
11940449
11943149
11945261
11946085
11951538
11954967
11960816
11964604
11966021
11968951
11969866
11972465
11974031
11975807
11979404
11979684
11979686
11983160
11984068
11985978
11988331
11988693
11990534
11992119
11995703
11997884
12001206
12007044
12010951
12011568
12017254
12018150
12023651
12024801
12026083
12027196
12028317
12030629
12031916
12033488
12034835
12039235
12041008
12042073
12042308
12042824
12044101
12045134
12046350
12048443
12050725
12053533
12055079
12065236
12066747
12069611
12071839
12073666
12074474
12074653
12074934
12078059
12079057
12079633
12081412
12082362
12083075
12083443
12088715
12089286
12089611
12091169
12091345
12091582
12093571
12098251
12101650
12102307
12102846
12103125
12103617
12104133
12105270
12110153
12113186
12117895
12117931
12118292
12119532
12119740
12121384
12121916
12122047
12124731
12125689
12130399
12137265
12137808
12137866
12139234
12139255
12140477
12141545
12143060
12147498
12148303
12148733
12150189
12151317
12151732
12154746
12154918
12157180
12158513
12161104
12162845
12163400
12167543
12167889
12169515
12169630
12171705
12174593
12178437
12179943
12183038
12186100
12186217
12186707
12187386
12191680
12193260
12194704
12194950
12196401
12196608
12199745
12199952
12203182
12206429
12207478
12209818
12210295
12210296
12211344
12211832
12213253
12213950
12214089
12217148
12219601
12220026
12223354
12227838
12229242
12231207
12233893
12235413
12237305
12240372
12241194
12241627
12242463
12243633
12246170
12250144
12252507
12253630
12253974
12256429
12256457
12259426
12259560
12260956
12261390
12262473
12263594
12264570
12264772
12269310
12270653
12274311
12275107
12278214
12279702
12280520
12286259
12286958
12295121
12295984
12300118
12301932
12302055
12304031
12316817
12320283
12320522
12323483
12325261
12326036
12326683
12333016
12333646
12336777
12337248
12341055
12346289
12346509
12348525
12355227
12355933
12357210
12357706
12358182
12361916
12366488
12370575
12371884
12373358
12375654
12379483
12379652
12380833
12382388
12383023
12383355
12384221
12386942
12390887
12391038
12391659
12392507
12393799
12396643
12397777
12399865
12400095
12402578
12403154
12406172
12412148
12413786
12414014
12419545
12427387
12428936
12429540
12430355
12430390
12433898
12438894
12443402
12444431
12445820
12446309
12449400
12450694
12452388
12453089
12453588
12454973
12455341
12457267
12462475
12462868
12464633
12465820
12466462
12471021
12472355
12473247
12477217
12477219
12478260
12479107
12488085
12490912
12493799
12493860
12495186
12495425
12495496
12495763
12495868
12496253
12496574
12497723
12498244
12501323
12501727
12502372
12506343
12506997
12509599
12515253
12516469
12517444
12518255
12518550
12518761
12520584
12520714
12521242
12522258
12524046
12525017
12528811
12531492
12533334
12537985
12538217
12538427
12539499
12539770
12539812
12541189
12541906
12544212
12546793
12554575
12559457
12560062
12560776
12561450
12563311
12565159
12565398
12566530
12571127
12571949
12573658
12576901
12579810
12580033
12580201
12583880
12584063
12585090
12586016
12586428
12587845
12588819
12591439
12593961
12594122
12597403
12598119
12598738
12602376
12605865
12606651
12609809
12613460
12615159
12615438
12620494
12620582
12622264
12625117
12625287
12626802
12629761
12634407
12635121
12637028
12637896
12638246
12639885
12640985
12642512
12644671
12646510
12648276
12650910
12652004
12658020
12658520
12660076
12661656
12661906
12662334
12662565
12663458
12664402
12666513
12666916
12673540
12675218
12678135
12680363
12681894
12682856
12683089
12685570
12685993
12690071
12691569
12692584
12693858
12695578
12696034
12697186
12697921
12698370
12702743
12702814
12703696
12704678
12706881
12708658
12710102
12713622
12719317
12719403
12719626
12720801
12721865
12725905
12727529
12729024
12736563
12739888
12740420
12741152
12741784
12741965
12743009
12743157
12743596
12746478
12746669
12747101
12748054
12752085
12752974
12760942
12769277
12770186
12773014
12773412
12775845
12777282
12778195
12779627
12782332
12783540
12785889
12786841
12788929
12790062
12790825
12791197
12792923
12797032
12798531
12808069
12809008
12809746
12811183
12811424
12813065
12814618
12814869
12815564
12816376
12821140
12821149
12822160
12823249
12827142
12828938
12830418
12834467
12838579
12839159
12840113
12840276
12840598
12840600
12847565
12849832
12852469
12854849
12857995
12860734
12861716
12861815
12861951
12865737
12870555
12871164
12878270
12880290
12881735
12887252
12890402
12890528
12897441
12897962
12898222
12899606
12899662
12901221
12904743
12905822
12907413
12907790
12909290
12911616
12912646
12914988
12916368
12917849
12920218
12920298
12922886
12924100
12924631
12924946
12925607
12925807
12927938
12928121
12931406
12932276
12933443
12935300
12938440
12938680
12939835
12942681
12942759
12943322
12943440
12945018
12945628
12946908
12950994
12953744
12953768
12953798
12956277
12957603
12959102
12960583
12961001
12961170
12962567
12965207
12966432
12970400
12971614
12972385
12973662
12976803
12977039
12978189
12978983
12982375
12987627
12988552
12992790
12994502
12997787
12998500
12998906
13000452
13003384
13003965
13008948
13012687
13012725
13017239
13018416
13018880
13019581
13019604
13024654
13025519
13027905
13028433
13028951
13029300
13033642
13035014
13035263
13038695
13040008
13042696
13043161
13051264
13051309
13051460
13051961
13052541
13055548
13056154
13057980
13059207
13059756
13060519
13062216
13063702
13063995
13068153
13071711
13072349
13075046
13076410
13078106
13082187
13082475
13085844
13089795
13091713
13092630
13101251
13101359
13101533
13102605
13107972
13109337
13112376
13118449
13122953
13126083
13126167
13126383
13127426
13128379
13128943
13129175
13129503
13130102
13130787
13134380
13135247
13136414
13138696
13138939
13144801
13146647
13148909
13152726
13160236
13162078
13168718
13171203
13172118
13172618
13173583
13175023
13176719
13178489
13180592
13181953
13182404
13183056
13183920
13185034
13185155
13185550
13186215
13186267
13189968
13194933
13199646
13199667
13202521
13207002
13207487
13208883
13211097
13213633
13216036
13217151
13219635
13219745
13219878
13220024
13220859
13225749
13226731
13228473
13229468
13229914
13232168
13232458
13234106
13234115
13234565
13235364
13238681
13246732
13247630
13251870
13254496
13255605
13262598
13262804
13268714
13270190
13274759
13275178
13277134
13283010
13284959
13286918
13288573
13289462
13289637
13289726
13293292
13293687
13298450
13298840
13298948
13299079
13299748
13302791
13306662
13306861
13308780
13310932
13311079
13312347
13315891
13316519
13316765
13317040
13318046
13318276
13320652
13323293
13325382
13325591
13327525
13328342
13340042
13342233
13343513
13344867
13345042
13345846
13349085
13350023
13352820
13353486
13355176
13357229
13357508
13359490
13360109
13361713
13364813
13365274
13366345
13368752
13369386
13369882
13372477
13373704
13373869
13374347
13376727
13377128
13378128
13379207
13381937
13382519
13384206
13384993
13386320
13388142
13396625
13401077
13401595
13402073
13402918
13403150
13405113
13406632
13406636
13407184
13410241
13410491
13410845
13411812
13420150
13424711
13429043
13429964
13430391
13430869
13432101
13434661
13435729
13435888
13443145
13443327
13444012
13444129
13445673
13448208
13450040
13450173
13450739
13452043
13452571
13453844
13454750
13456277
13457403
13459040
13459882
13463930
13464099
13465095
13466022
13467756
13470892
13472468
13472497
13473150
13475204
13475923
13476401
13476425
13483447
13483834
13486284
13486497
13490293
13490959
13493485
13496917
13497079
13498536
13501855
13504428
13505436
13505610
13507435
13508447
13509647
13511207
13512488
13513324
13514552
13514643
13514879
13514960
13518885
13519017
13519729
13525141
13527392
13527521
13531448
13531992
13531995
13533008
13533390
13533586
13534158
13534867
13535404
13544229
13544418
13550392
13553134
13553812
13554669
13559435
13560030
13560068
13561015
13561475
13561723
13562088
13572423
13579470
13584187
13584597
13587188
13587311
13587334
13589597
13591673
13593867
13595650
13596609
13596995
13602262
13606659
13606811
13608347
13610770
13611258
13612238
13614117
13615502
13617310
13619709
13620513
13625683
13625988
13626123
13628622
13631865
13634625
13638099
13638100
13639504
13643674
13645107
13645336
13646773
13647534
13651732
13653699
13655933
13661985
13662103
13664664
13668007
13670222
13672218
13673050
13673167
13673189
13674334
13676958
13680388
13681752
13682106
13685037
13685427
13687967
13687980
13689666
13692523
13697816
13697935
13698104
13700560
13700775
13701347
13701522
13702450
13704323
13707088
13707627
13709931
13715305
13715599
13722265
13723040
13729230
13729999
13731813
13734014
13734964
13735639
13735719
13739920
13740879
13744072
13744100
13744896
13745202
13747004
13749743
13755454
13755884
13756501
13758013
13759139
13760964
13768134
13768755
13772919
13773752
13774266
13774689
13776751
13777747
13777813
13777821
13778556
13782636
13784739
13785301
13789485
13791129
13791763
13792834
13793311
13794256
13798449
13798631
13798927
13799016
13802019
13803319
13805142
13805323
13809975
13810739
13814158
13814337
13815288
13816797
13818500
13819259
13820592
13820636
13822602
13825084
13826653
13827722
13828503
13836189
13836707
13837605
13838223
13838570
13840145
13841783
13844983
13846360
13849048
13852204
13853276
13853636
13854348
13856599
13857962
13860820
13861910
13862137
13864174
13868390
13868492
13869746
13872837
13875708
13877082
13877857
13883292
13885573
13886025
13887702
13889235
13890861
13891243
13891772
13891901
13892498
13897940
13898657
13900209
13901121
13901302
13901999
13902874
13904099
13905147
13906099
13909772
13911988
13913286
13915605
13915837
13915955
13916303
13924061
13926993
13927300
13930446
13936660
13938465
13942533
13942872
13944009
13948102
13948329
13953892
13955369
13957820
13961007
13968002
13974107
13974633
13975141
13975267
13977504
13977562
13979040
13980147
13981573
13983461
13984609
13985834
13995611
13996298
14001707
14005850
14008437
14009507
14009543
14009721
14010122
14012261
14014812
14015032
14017858
14019697
14025309
14028155
14030343
14030977
14032818
14033627
14034452
14035361
14036614
14039481
14039562
14041277
14044260
14044736
14046943
14047879
14048927
14055311
14058442
14058730
14058878
14060606
14062768
14069365
14069994
14071278
14075254
14082311
14084068
14084404
14092988
14093274
14100403
14102451
14107636
14110913
14112392
14114645
14115719
14115849
14117718
14119534
14119642
14119735
14121419
14123295
14125179
14125982
14126155
14126843
14129137
14129176
14136359
14138732
14138791
14142475
14143082
14144725
14148991
14149966
14150375
14151791
14155210
14161023
14167873
14168240
14168696
14169414
14170285
14173296
14173370
14179354
14180801
14181624
14184833
14185023
14185364
14187635
14192387
14192841
14193945
14195195
14206297
14208340
14211165
14211769
14215105
14216522
14221953
14225475
14226186
14228907
14232596
14235248
14239212
14239251
14240046
14242623
14242770
14243442
14244165
14246145
14246436
14249352
14250960
14253311
14254987
14256469
14257556
14263218
14265883
14266050
14267021
14267163
14269935
14270553
14271809
14272145
14273957
14274938
14275141
14275647
14277115
14278222
14279954
14282714
14283374
14290278
14290333
14291434
14300277
14301931
14302299
14303436
14303654
14304258
14304548
14305761
14307944
14308636
14310293
14311942
14312248
14314360
14317088
14318272
14322481
14325646
14325663
14329255
14331343
14334226
14334338
14335640
14335844
14338805
14339603
14340288
14340403
14340414
14341227
14345406
14350053
14350209
14350471
14353991
14356130
14357393
14360366
14361821
14364172
14365840
14366085
14367583
14368032
14368450
14369775
14374845
14375307
14377759
14382936
14383939
14385717
14386318
14387439
14387966
14389116
14396807
14400043
14400131
14401548
14405222
14406235
14406553
14408432
14409423
14410341
14412086
14413044
14414823
14416917
14417875
14419839
14421461
14426297
14426521
14426565
14427043
14427306
14429041
14429258
14429847
14437441
14439988
14440507
14445446
14454987
14456783
14457163
14457371
14458456
14461319
14462001
14465787
14467308
14467349
14469049
14471668
14473352
14475652
14485512
14489941
14491431
14492595
14493732
14494729
14495526
14495897
14496936
14502353
14503201
14505118
14505992
14506727
14509359
14510700
14510813
14513420
14513948
14514379
14515672
14516182
14519816
14522423
14530636
14533402
14538915
14540252
14541129
14541420
14543056
14543937
14546315
14550102
14551588
14553181
14556472
14558635
14559186
14559321
14559545
14563107
14563626
14563674
14566990
14572546
14573710
14575732
14576642
14577069
14577304
14578886
14579074
14579188
14579823
14581566
14587487
14589835
14590087
14590182
14591645
14591874
14592383
14594472
14594907
14598783
14600313
14606708
14607153
14609182
14609422
14609897
14610642
14614938
14617401
14617431
14618837
14620993
14621722
14624799
14626274
14626777
14627768
14629520
14631532
14631777
14631944
14634467
14637226
14638954
14640458
14640582
14641493
14642366
14643840
14644658
14645978
14647273
14648697
14649699
14650281
14653219
14654126
14657798
14658470
14659041
14661645
14662075
14666769
14667074
14668378
14670324
14671286
14673003
14673958
14675147
14675165
14676276
14676493
14681303
14685517
14686482
14686611
14688635
14693993
14694175
14694775
14696637
14696987
14698842
14701317
14703543
14707291
14708788
14710572
14710586
14712713
14714737
14714876
14715736
14716272
14716905
14718309
14719893
14721995
14722483
14724865
14725302
14726884
14735553
14736703
14737927
14745820
14747368
14749312
14752168
14753886
14755147
14755279
14755331
14755404
14755991
14756811
14759175
14761834
14762718
14767335
14767382
14772267
14772821
14776436
14777568
14779119
14779554
14780094
14780499
14782607
14786749
14788217
14789194
14789739
14790160
14798615
14801182
14803830
14804551
14805366
14805644
14805656
14813001
14814604
14818319
14820487
14820688
14821753
14822035
14822363
14825245
14825614
14826685
14831410
14833053
14836306
14836569
14836992
14837659
14840871
14841832
14842134
14842227
14845450
14847071
14847462
14851020
14857466
14858937
14859608
14859910
14859924
14861382
14866872
14867973
14868437
14868981
14869146
14869293
14869691
14872364
14878665
14879049
14880475
14881257
14882019
14882814
14883258
14883776
14884169
14885201
14888078
14890079
14890469
14891454
14892015
14892871
14896594
14897623
14900079
14901477
14904735
14906820
14906894
14907789
14908265
14908472
14910292
14911279
14911932
14914360
14915035
14918008
14920740
14925558
14926300
14927315
14928337
14928662
14931003
14931760
14937522
14940703
14941440
14941858
14942087
14944179
14947858
14948246
14949677
14952536
14955944
14956194
14957283
14958900
14960034
14960891
14961093
14963074
14963928
14967460
14973885
14976976
14978444
14981113
14982451
14983155
14983876
14984366
14987628
14988530
14992194
14992270
14992860
14993319
14994099
14995394
14998034
15008347
15009866
15010129
15011755
15015538
15016912
15019979
15020794
15020983
15024049
15032466
15035385
15037488
15038231
15040480
15042277
15051930
15056867
15058537
15067398
15068662
15070554
15072473
15072988
15073254
15074752
15075289
15076766
15076862
15081734
15082219
15084348
15084797
15085095
15085428
15085885
15088406
15088616
15088633
15089064
15091883
15093842
15093949
15100052
15100337
15101392
15101400
15102853
15103331
15103602
15106404
15108073
15108363
15110040
15115950
15117015
15117072
15117560
15118242
15121285
15122610
15124511
15126079
15128769
15129083
15129145
15130195
15133301
15134828
15142216
15143217
15145003
15145383
15152037
15153162
15154666
15155868
15156750
15157958
15158877
15161878
15164467
15164704
15169833
15170899
15171295
15174962
15175204
15177445
15177467
15177784
15178490
15179513
15180637
15181587
15184664
15189291
15190154
15193180
15194713
15195448
15198019
15198734
15202653
15209829
15210872
15218621
15219876
15219923
15223916
15224699
15227342
15227616
15228412
15229360
15229579
15237655
15238398
15242840
15246453
15248103
15248336
15249739
15250258
15251990
15253086
15253449
15254007
15254158
15254336
15255429
15255628
15256731
15262185
15264682
15265053
15265261
15267281
15270785
15271971
15272777
15274475
15277832
15278730
15280633
15280690
15291313
15291817
15293168
15294035
15296327
15300004
15300367
15304158
15306303
15306652
15308893
15317498
15317647
15321794
15323475
15330604
15337374
15338026
15339905
15340610
15340816
15343449
15343502
15347212
15353090
15353394
15357830
15359237
15364259
15365231
15365634
15367444
15369414
15370714
15371707
15374590
15374784
15374788
15375908
15376539
15377910
15378318
15381979
15383005
15388758
15391066
15400201
15402806
15404904
15407227
15407391
15408557
15417451
15418443
15423053
15423144
15425736
15426789
15426963
15432780
15434019
15434367
15437492
15440660
15440964
15447025
15448820
15452307
15455279
15455588
15457288
15459164
15463648
15464761
15466723
15468918
15470506
15471364
15474469
15476826
15477127
15478072
15478297
15483947
15485952
15489337
15490653
15492133
15493359
15498379
15498570
15501843
15504113
15505976
15508087
15508592
15511296
15511798
15513479
15514332
15520684
15521989
15522499
15523080
15524057
15524346
15532290
15532647
15540362
15544213
15545415
15547814
15549831
15554242
15556284
15556423
15557993
15559345
15561359
15563199
15564421
15565197
15571192
15571434
15571687
15574771
15577771
15582152
15591246
15591400
15592829
15594540
15594613
15594711
15595549
15596072
15598626
15599526
15602549
15604640
15605578
15606760
15606787
15607328
15609524
15611999
15614403
15615070
15625581
15626234
15629892
15631502
15635711
15639234
15642705
15645346
15646115
15649695
15649862
15650971
15653162
15653572
15668636
15670741
15673275
15674057
15676907
15678754
15679015
15679383
15682640
15683047
15683077
15683665
15687315
15689388
15693788
15694011
15695427
15697798
15700808
15701642
15708171
15709955
15712697
15716785
15717383
15719237
15719944
15721119
15726582
15730302
15731699
15731856
15732409
15735329
15737291
15738852
15739087
15739676
15743645
15749689
15750754
15754818
15760109
15761670
15761889
15764451
15767867
15774067
15774735
15777067
15785616
15790144
15790942
15792355
15799437
15799688
15800163
15800542
15801073
15809099
15812599
15818403
15819602
15819764
15820689
15821262
15824676
15826289
15827075
15827840
15831868
15833962
15836956
15839683
15844698
15845202
15845606
15846364
15849691
15850119
15852083
15854723
15855962
15858885
15859593
15859910
15862210
15864933
15869320
15871802
15876572
15879885
15881723
15881989
15883361
15883467
15883652
15885808
15888288
15897151
15900981
15902553
15913400
15914641
15915860
15916030
15918375
15920990
15921501
15922735
15923706
15926369
15931544
15931625
15935520
15942299
15943221
15943554
15945274
15945789
15945913
15946596
15947101
15948960
15950707
15951534
15953218
15954489
15954886
15954946
15956365
15959572
15963539
15963874
15964602
15968493
15972077
15973771
15975601
15976812
15977976
15978147
15980188
15986082
15991478
15991929
15992337
15994171
15994545
15996082
15997248
15997590
16001286
16001486
16004058
16007351
16009256
16012012
16012101
16012670
16012978
16013552
16013843
16017179
16019766
16020379
16020641
16021982
16023182
16024185
16025045
16026544
16031033
16031095
16031251
16038663
16040702
16040920
16043316
16044813
16045186
16045210
16045485
16046986
16048057
16048330
16054662
16055264
16057052
16060793
16061103
16061825
16063852
16064227
16066103
16066399
16066419
16071428
16072136
16073743
16078997
16083531
16086838
16089017
16089575
16093084
16095770
16097237
16097774
16099299
16100708
16100948
16102133
16102721
16102935
16102945
16104068
16105335
16106296
16108602
16108637
16110747
16113718
16114020
16115002
16119592
16120209
16120211
16122829
16122933
16124065
16129069
16129992
16132769
16132904
16134735
16137156
16137461
16137802
16139059
16147033
16148568
16149803
16152510
16153263
16154395
16154697
16155918
16157161
16157864
16159972
16159996
16162628
16164582
16170074
16170173
16173134
16174091
16176276
16179152
16183103
16183861
16185458
16186296
16187188
16187889
16188727
16189118
16190726
16191205
16192464
16194844
16194968
16195852
16203212
16203338
16206173
16206744
16209123
16223308
16223686
16227657
16230025
16231504
16231510
16231984
16232841
16232939
16235291
16236736
16237501
16239158
16241786
16244428
16244825
16245031
16246384
16247128
16250538
16261781
16261844
16262512
16266025
16273919
16277629
16279733
16280124
16281054
16281373
16281926
16283288
16283622
16285071
16289712
16291056
16291261
16293716
16294287
16294729
16297076
16297777
16298408
16298463
16300385
16300610
16302716
16305905
16306171
16306779
16307189
16308592
16310003
16312141
16312512
16315009
16315885
16318668
16319250
16323485
16325258
16325898
16329196
16329765
16330616
16335032
16335104
16335142
16342535
16342571
16343079
16345708
16347311
16347894
16351789
16352554
16352617
16355385
16355777
16357197
16358248
16358410
16361554
16363387
16363734
16365026
16367133
16367892
16369168
16369258
16370087
16370554
16372462
16372650
16375739
16376667
16378345
16379309
16382114
16382883
16385886
16386061
16386401
16389723
16390184
16390298
16391727
16393112
16393901
16397438
16397835
16398022
16398273
16398644
16399051
16399404
16400251
16402301
16403964
16407572
16408298
16410886
16412064
16412779
16414064
16415296
16417094
16417422
16420489
16423510
16425097
16427265
16432335
16433135
16433643
16438982
16438992
16439570
16445046
16447923
16451398
16452081
16453280
16455017
16456424
16458825
16459605
16460456
16462043
16462531
16466299
16467366
16467667
16469443
16471653
16475508
16478377
16478459
16479690
16480523
16481327
16481713
16483816
16488868
16489772
16491616
16495429
16499203
16499524
16503822
16505380
16510074
16510406
16510427
16511714
16512022
16513717
16513896
16515781
16519079
16520355
16520476
16524142
16526595
16527887
16529621
16536077
16536486
16538157
16541661
16542413
16542824
16543520
16545515
16545531
16546620
16548240
16549525
16552119
16552328
16555154
16557511
16557817
16562435
16562443
16563752
16569666
16573871
16574124
16574793
16575642
16577303
16577939
16581360
16581733
16584130
16585319
16587028
16589352
16591143
16592038
16593073
16596074
16596685
16597388
16597555
16598446
16598899
16604010
16604231
16605842
16607111
16609198
16609768
16610813
16612092
16612456
16612768
16612897
16616171
16616399
16620823
16623738
16624658
16624771
16634370
16637612
16637816
16641899
16645548
16646114
16651296
16654282
16654460
16655557
16657858
16659290
16659465
16659807
16662151
16662492
16663078
16663334
16664902
16666617
16668117
16672177
16673273
16674188
16674641
16675672
16678906
16679654
16679911
16681521
16682357
16682811
16684812
16686525
16687849
16693214
16693789
16696279
16697324
16697955
16699459
16700356
16700910
16706921
16710983
16718547
16722845
16723715
16723841
16724765
16725228
16726055
16727800
16728090
16733239
16735926
16736413
16736706
16736809
16737511
16739246
16742738
16743051
16744371
16745580
16746426
16747426
16747566
16748516
16750646
16750959
16752705
16757242
16759221
16760411
16762561
16766877
16767077
16768643
16770789
16771021
16771898
16779228
16780104
16780467
16784586
16789475
16795995
16796503
16797480
16797629
16798457
16799850
16800072
16802509
16802736
16804557
16805147
16806475
16806866
16809442
16810273
16811194
16815939
16817616
16821517
16821659
16822134
16822845
16825107
16826656
16828560
16828762
16829974
16840130
16841470
16844708
16848027
16849032
16855733
16861685
16863378
16866293
16867857
16868433
16869613
16869785
16869837
16870516
16873740
16875191
16877678
16884001
16888765
16888957
16890446
16891869
16893038
16893534
16893616
16895458
16897477
16899898
16901841
16906349
16908116
16910241
16912790
16913554
16913781
16915392
16919123
16919742
16926176
16927362
16928569
16928689
16931467
16931828
16932019
16932229
16933248
16936344
16936763
16937996
16940615
16942120
16943340
16943595
16945459
16947050
16948208
16950673
16950964
16951783
16954024
16957236
16959310
16960208
16960688
16961197
16972087
16973270
16973542
16974187
16974203
16974981
16977827
16979026
16979756
16981512
16981927
16983495
16983557
16985739
16985956
16989824
16996240
16998983
17000407
17000428
17001199
17001650
17002709
17004340
17004832
17006926
17008218
17008875
17009584
17011219
17011313
17011567
17014134
17014222
17016693
17018559
17021846
17022956
17024193
17024878
17025807
17027587
17028739
17028894
17029311
17029504
17030925
17032661
17032763
17033438
17034371
17034718
17037732
17040499
17043882
17045598
17047621
17049879
17050665
17050858
17051559
17051771
17052187
17054632
17056046
17057965
17058107
17058252
17059720
17064144
17066410
17069698
17071963
17072774
17072952
17072993
17078475
17079232
17080979
17082037
17084413
17086825
17087332
17089675
17098941
17102246
17102525
17103171
17103689
17104139
17105914
17105995
17106363
17106862
17114542
17114760
17115384
17116388
17120015
17120346
17122465
17123142
17123511
17123600
17124490
17125007
17125888
17127399
17131568
17134200
17138111
17138614
17138656
17139645
17141245
17142357
17144232
17144606
17144912
17145928
17147195
17147804
17148139
17149347
17155733
17156318
17157052
17157575
17158888
17159321
17160385
17161238
17162309
17163014
17164582
17166043
17166154
17167364
17169638
17172128
17177476
17178169
17178602
17183117
17188488
17189478
17191645
17192634
17194309
17194712
17195821
17203277
17204329
17205173
17206297
17208826
17209565
17212467
17213877
17217889
17220856
17225322
17229915
17231291
17231814
17232445
17238517
17240258
17242806
17242848
17243284
17244553
17248725
17253742
17255734
17256563
17259852
17260301
17263865
17264414
17268160
17270631
17271454
17272456
17272928
17273140
17274036
17274303
17279171
17281157
17283265
17284347
17289269
17292340
17296765
17297051
17298435
17301665
17302072
17304496
17304755
17307615
17311602
17313061
17316680
17318908
17318994
17319008
17320787
17324546
17326308
17327652
17330039
17331088
17333230
17340485
17341950
17342739
17342873
17343973
17344025
17351818
17353547
17360022
17361325
17366652
17367902
17370955
17370971
17372248
17377321
17378352
17378666
17378692
17378782
17384564
17384863
17385046
17386849
17388848
17391252
17391318
17393434
17394838
17396789
17399605
17401930
17407446
17408104
17408271
17409693
17412651
17414284
17415618
17417150
17418022
17419200
17425373
17426983
17427101
17431895
17432281
17433258
17434512
17441132
17446388
17449036
17453139
17453725
17455617
17455644
17456645
17456871
17458845
17459011
17464552
17465166
17465379
17467603
17467778
17468102
17468856
17469631
17470732
17473694
17473773
17474459
17474977
17476133
17476492
17478278
17479581
17481214
17487675
17488168
17490056
17491138
17493357
17494760
17498086
17499692
17500766
17501709
17501962
17502778
17503968
17506568
17510203
17511030
17511506
17512291
17512975
17516337
17516547
17517438
17520352
17520878
17520960
17525741
17526177
17528339
17529513
17529679
17531683
17533138
17533726
17533772
17535678
17535848
17539009
17540385
17542188
17545667
17547862
17550675
17550990
17552215
17553029
17554224
17554726
17555723
17557841
17559228
17561874
17562593
17566650
17571830
17572941
17574276
17575773
17576067
17581735
17584047
17585775
17586700
17593513
17594063
17595049
17595087
17599208
17602473
17604436
17604749
17605813
17608571
17609685
17617080
17618610
17619091
17621764
17623111
17623781
17624301
17624588
17625877
17625937
17626200
17628244
17628785
17629277
17630970
17632587
17632853
17637074
17643357
17644885
17645302
17650278
17651316
17652211
17652804
17660772
17661273
17662089
17667645
17668611
17671044
17672182
17673250
17673755
17674196
17675930
17677318
17677497
17677888
17680211
17684154
17686647
17686780
17687460
17689664
17689886
17690568
17693143
17694419
17699433
17700630
17702290
17702959
17703410
17706151
17706825
17707901
17709377
17709490
17712437
17712531
17713787
17714007
17717235
17717789
17719255
17719909
17724010
17724408
17728088
17734209
17734496
17738617
17741330
17741893
17747808
17750582
17750769
17751697
17752212
17755503
17756915
17759164
17760322
17762736
17763298
17765954
17767004
17768237
17768339
17771458
17775249
17776536
17777927
17780456
17783013
17784194
17784889
17787522
17788350
17788438
17789174
17795797
17802036
17810292
17810992
17815179
17815896
17816303
17816800
17818263
17818505
17820256
17820467
17821692
17824825
17825730
17828707
17835193
17836869
17839231
17839343
17842242
17842452
17845935
17848065
17849215
17853816
17855658
17857102
17863193
17866065
17866635
17867319
17868070
17870507
17870707
17870941
17873114
17873161
17873607
17876212
17877957
17877964
17878130
17880738
17882912
17884004
17887035
17888020
17888629
17889566
17891873
17893949
17894677
17896065
17896736
17896967
17897915
17900076
17900619
17904643
17907750
17911155
17911419
17912633
17913614
17915464
17920193
17921462
17921478
17921524
17924248
17924389
17925725
17927318
17930962
17932497
17932883
17936161
17938591
17941729
17942365
17946742
17948170
17952640
17954003
17954835
17956440
17956703
17958900
17959175
17959913
17961099
17963389
17965855
17967656
17968613
17968813
17969187
17970962
17972407
17977370
17978148
17984893
17986095
17988548
17993217
17993400
17994162
17994276
17998784
17999987
18000503
18001143
18003405
18004665
18004896
18006171
18006739
18011339
18012564
18013741
18017837
18018772
18021345
18022098
18022947
18023318
18026641
18027888
18028487
18032483
18032506
18032591
18034229
18036071
18037757
18039646
18040524
18041320
18041644
18043571
18044381
18049961
18050429
18051103
18051381
18051761
18064632
18065062
18067955
18068962
18072985
18074011
18077026
18077094
18080885
18085037
18085346
18085546
18085584
18086486
18096900
18097015
18097785
18099773
18100959
18102352
18102864
18103509
18106774
18107763
18108050
18112554
18114734
18118431
18119898
18120212
18121313
18122582
18123422
18124819
18126009
18127373
18128374
18129438
18130403
18130725
18132472
18132473
18133516
18136740
18140107
18140687
18142011
18149281
18150223
18151727
18154408
18154421
18155470
18156326
18157746
18158845
18167555
18167646
18169548
18171809
18173123
18175181
18176100
18176418
18176436
18176991
18178359
18179148
18179168
18181196
18183241
18183669
18187740
18188422
18189307
18193783
18195697
18195752
18196919
18201225
18201925
18203540
18204342
18206695
18207476
18209650
18211980
18213214
18214414
18215731
18215761
18217114
18219256
18221524
18222507
18224414
18227491
18228707
18228906
18230035
18231231
18234286
18237973
18239247
18239976
18241405
18243547
18243550
18243766
18244040
18246049
18250071
18250409
18254991
18257182
18259576
18260021
18260450
18263854
18265755
18266124
18267787
18269433
18273816
18275703
18287750
18288660
18295295
18297184
18297864
18300379
18300668
18304266
18304326
18306812
18307784
18312103
18312272
18314859
18315629
18322606
18326818
18327760
18328240
18329804
18332889
18336372
18337345
18338448
18338711
18338857
18339852
18340645
18342748
18347080
18347336
18347984
18348299
18353243
18353552
18353908
18358099
18359736
18360842
18362871
18366343
18366393
18370415
18374565
18374585
18382905
18390253
18397547
18397826
18399347
18400419
18404626
18408049
18412539
18412876
18418074
18419504
18420137
18420194
18422175
18422737
18423522
18425699
18426101
18427512
18427981
18435893
18439374
18446772
18450112
18451101
18452224
18452305
18454103
18455947
18458197
18459564
18461410
18462059
18462900
18463347
18468416
18470696
18474227
18476788
18479798
18481185
18483629
18484298
18484992
18485229
18488013
18488034
18488393
18490839
18492690
18496959
18497921
18506863
18509743
18510291
18514256
18514966
18515688
18518097
18519168
18519305
18521426
18523357
18525222
18528253
18530434
18530709
18533741
18539738
18540832
18541470
18541674
18542426
18543934
18544135
18545761
18546181
18547843
18548348
18549093
18550905
18551314
18551634
18552938
18553753
18554683
18555039
18555769
18555900
18558455
18558511
18560578
18561373
18561536
18565490
18565989
18568229
18569928
18570133
18572123
18572785
18577433
18578569
18579766
18582677
18582759
18583195
18583378
18583759
18584580
