1133
3930
5715
11322
13098
14427
21490
22960
24903
25792
26212
27401
29639
29956
30430
30503
31878
32265
34207
34375
34625
34755
34972
37971
38764
39177
42699
45183
47723
48509
48756
51964
52672
55606
56079
58911
59022
59739
61526
65048
67514
71381
73655
76980
77302
85497
85532
86912
92771
94496
95658
96494
98761
101504
101793
103042
104164
105629
106714
109245
110040
110776
112089
115540
118138
121362
122824
124677
125363
128342
131338
131857
133109
134204
137158
140680
141562
143849
145529
147089
148427
148785
150860
153035
158888
160733
162650
163001
163468
163931
164472
167569
168586
171639
173540
174275
174583
175282
178795
178991
179261
181206
182846
184337
185158
185931
188137
190070
190810
191198
192864
195830
198169
199168
200082
204925
206005
209118
209976
210375
213234
215453
217788
220621
221442
221488
221797
221912
222057
223471
226291
227202
228312
229044
229477
232311
233396
239431
246188
248657
249480
251786
252201
253015
254845
255312
257372
257650
259290
260108
260350
261147
261426
262760
266133
269650
273225
273230
274497
275089
275728
275872
282827
291786
294359
294834
295265
297668
300398
302265
303676
305180
305887
307843
308657
308758
309246
309283
311671
311694
314748
319118
321002
322245
322329
322749
327694
328758
329266
329858
329943
331936
333990
336031
340825
346257
349519
350400
351731
353365
356812
359614
361495
363184
363292
367364
369181
370287
371211
371317
372575
373345
374034
375951
380518
382698
384420
385346
387540
387560
388893
391987
392037
394183
394945
395291
396400
397302
397443
399861
402487
402984
403986
407283
408881
409936
410203
412414
412642
418090
418891
422139
423640
425062
427256
428016
437883
438270
439152
439851
439862
440055
440517
444852
445807
446114
446150
448439
451590
453946
454468
458113
459749
462307
463248
469124
469243
469848
471866
474499
475739
479495
479606
482150
482914
484994
485060
487428
488598
491655
493409
494057
494741
495902
496586
497388
498701
500195
504986
505401
506483
506512
508054
513203
517811
519697
519810
522929
524291
525555
528214
531101
533067
533333
536953
542885
545266
545439
546154
550890
551863
554087
555615
556269
559077
559742
560432
564197
567767
568436
569606
569739
575879
576111
579502
583375
584041
586736
587132
588216
589622
590655
590943
591749
592044
593185
594602
600950
601016
601771
604544
605206
606146
607021
608316
608358
609275
609422
611635
613173
613812
618427
623059
623414
623876
626171
626353
626440
628054
630886
631375
632728
633107
637876
638917
641733
642120
643520
643597
643892
649904
650597
653250
658409
662215
662650
664935
671036
671368
671836
672890
673347
677762
679188
680611
680633
681175
681681
685535
687620
691434
693953
695557
696212
702224
704168
710823
712071
713861
718770
719348
720461
720670
722733
724259
728233
729428
730339
731501
736245
738835
739392
742152
745584
749600
749854
751881
756083
757766
757914
759884
760378
762267
765286
765612
766756
768291
773115
774507
774592
775221
779266
780304
780387
780955
782199
784286
785286
785400
789370
790394
793739
794788
799177
801338
802959
804500
809895
812288
814787
816598
820169
820346
823054
823473
825153
827672
831273
832920
835407
835762
836773
837963
838263
840719
841514
843801
844109
850584
851505
855741
858376
858592
860001
860354
860480
863811
864206
868272
869625
874505
875032
877833
880209
881664
885353
886014
890010
890506
890621
894167
894569
896018
897329
897864
898760
900063
908050
908329
910838
911082
911302
915386
917157
917550
920213
921723
921953
923719
925623
926676
927967
928567
930896
931459
937269
940926
943120
943804
954424
954641
958824
958969
960634
963486
967769
967992
968284
971141
972738
974444
975509
976082
976611
980544
980615
982940
985202
989468
993489
996454
997034
997064
1005923
1006347
1006562
1011408
1011676
1012358
1013757
1014012
1016331
1017848
1020332
1022310
1026424
1028235
1029716
1030190
1034333
1038016
1038364
1040325
1043682
1044387
1045385
1045644
1047609
1047812
1049716
1052620
1055487
1056871
1063707
1064835
1065895
1067255
1067507
1068399
1071712
1073401
1074635
1075349
1076107
1076411
1077455
1081505
1086889
1087252
1087672
1090976
1097342
1097771
1099884
1102307
1103406
1103696
1103697
1105112
1106659
1108562
1110564
1111130
1113397
1113404
1114977
1116168
1116615
1120628
1121765
1122834
1123509
1127857
1132683
1135967
1142155
1142464
1143444
1149641
1152069
1153386
1153433
1158046
1161492
1161531
1161991
1168103
1169636
1170588
1170788
1176073
1176314
1177742
1179396
1180167
1183514
1184257
1185847
1187913
1189184
1191650
1196026
1196935
1197802
1198878
1200498
1200708
1205550
1205966
1206412
1208524
1213195
1213851
1216059
1217380
1217668
1219438
1220930
1222180
1225002
1227756
1234757
1237861
1238048
1239300
1240289
1242124
1247208
1247653
1252935
1254710
1255683
1259525
1260034
1260630
1261662
1262017
1263374
1267128
1277227
1278598
1279732
1280543
1280704
1285858
1287336
1290222
1291697
1294868
1295212
1296197
1296834
1297847
1300276
1303665
1309372
1310702
1311291
1314394
1315247
1316005
1316416
1316936
1317832
1320099
1321732
1322867
1324364
1326258
1327256
1327925
1328883
1331307
1331319
1335641
1337443
1337740
1341154
1343018
1344776
1345545
1346041
1350527
1351074
1352840
1353982
1354971
1356246
1356811
1359827
1363896
1369361
1369566
1371387
1372817
1377727
1381291
1384207
1384766
1387491
1387907
1389926
1390525
1392193
1394463
1399030
1399476
1399937
1401631
1402343
1405414
1407487
1407521
1409446
1412653
1414127
1415227
1416130
1418001
1419919
1421770
1422798
1424036
1427098
1431320
1432555
1433197
1433811
1436288
1441768
1445371
1447350
1450058
1451048
1451568
1452913
1455449
1460466
1460785
1461002
1462434
1462805
1464616
1466419
1468185
1471135
1472596
1473413
1473662
1473872
1475298
1476530
1479512
1480001
1482244
1486212
1486724
1487349
1490796
1494539
1497034
1502394
1503249
1503511
1504057
1508753
1509948
1511126
1513498
1516893
1522929
1524123
1525815
1535178
1541705
1543956
1546670
1550244
1553277
1554278
1554506
1554760
1556557
1557247
1563140
1563451
1565462
1569753
1570147
1570875
1575491
1575979
1576070
1584062
1588975
1591768
1596470
1596831
1596854
1597007
1597152
1599988
1601129
1601500
1604791
1610473
1611706
1616742
1616965
1617369
1617548
1617903
1622063
1623489
1623808
1623932
1624934
1627977
1628893
1629461
1629487
1633542
1635657
1636730
1636972
1638126
1638848
1639031
1639264
1642310
1645136
1649289
1650080
1655490
1655936
1656040
1657581
1657975
1657999
1661621
1662959
1663061
1667584
1669938
1672386
1672742
1675090
1676321
1685367
1685958
1687514
1695947
1700021
1701913
1702890
1703262
1703742
1704244
1706763
1707918
1710484
1712946
1713579
1713807
1715299
1716147
1718132
1719201
1720748
1722789
1725875
1726701
1732034
1732534
1732692
1735183
1736641
1736712
1737174
1737355
1739655
1741446
1742390
1743160
1744275
1744838
1745144
1745270
1746613
1746693
1748848
1751185
1754405
1759824
1766921
1768347
1771068
1774696
1776033
1778024
1781978
1782463
1783972
1785556
1785659
1787053
1787096
1788689
1790028
1792520
1792647
1795001
1797317
1797660
1798096
1798722
1798852
1800064
1803796
1807706
1809190
1809837
1809841
1810618
1817051
1817775
1820038
1821048
1821391
1824143
1825119
1825969
1827356
1830519
1834908
1837199
1840317
1840852
1846544
1848281
1848996
1849229
1849526
1852646
1856344
1858542
1860863
1861022
1863819
1866962
1867534
1867930
1869033
1870042
1872751
1877514
1877603
1878977
1884202
1884917
1885713
1886889
1887711
1888389
1888725
1888794
1896966
1899450
1904935
1907931
1908551
1909665
1909917
1911052
1912186
1913342
1913695
1914113
1915718
1919637
1921834
1922225
1922343
1922479
1923245
1925664
1926060
1926197
1927950
1930472
1931080
1935221
1937331
1941084
1941296
1943797
1946634
1949335
1950261
1953786
1959476
1959991
1960637
1961717
1963259
1964658
1965530
1965792
1969498
1970533
1975728
1978464
1982141
1982838
1985912
1986609
1988410
1989088
1990026
1990419
1994472
1997191
1997440
1998732
1999483
2002221
2007202
2007314
2008101
2008456
2011380
2014050
2014867
2015142
2017376
2019379
2024597
2025772
2029587
2035878
2037255
2038971
2039020
2039486
2041128
2041624
2046532
2046773
2048214
2051198
2051925
2053282
2055115
2055951
2056804
2056920
2057078
2062126
2062234
2067440
2071050
2071525
2072169
2072762
2074499
2075592
2076167
2076963
2077104
2077162
2077942
2080603
2088668
2088883
2090245
2091928
2092604
2094420
2095684
2096150
2096661
2097662
2100162
2101039
2106919
2109997
2113478
2113691
2117334
2120894
2123678
2125475
2130790
2138920
2140420
2140534
2143669
2145417
2146627
2149982
2154332
2154797
2154917
2158079
2158418
2161400
2161842
2170361
2172276
2176427
2176471
2178040
2181878
2182306
2185208
2185539
2188022
2189799
2191085
2191176
2192222
2195630
2198896
2199070
2200470
2201366
2201597
2203962
2207548
2207919
2210939
2211142
2215617
2217275
2217447
2219914
2222556
2224638
2225444
2226169
2226570
2230139
2230549
2233538
2237617
2237889
2239166
2239975
2241758
2242956
2245639
2245766
2245838
2246226
2246471
2247475
2253231
2253903
2254071
2254567
2254705
2254794
2256387
2257346
2258021
2260927
2263486
2263737
2264658
2264714
2266854
2270144
2274969
2278726
2279249
2279414
2280637
2283416
2283581
2284615
2284901
2288030
2288618
2289385
2298437
2299112
2300880
2302251
2303222
2303257
2307516
2307764
2308210
2308758
2308997
2311358
2316394
2322755
2323338
2326876
2327734
2330329
2331177
2339824
2341028
2341583
2342994
2344899
2345263
2346968
2350342
2350575
2351583
2353104
2353148
2359407
2359798
2360840
2362279
2363851
2368338
2369680
2370678
2373079
2373446
2376101
2381447
2382925
2389307
2395148
2396860
2397521
2398061
2399776
2400442
2402998
2403033
2403406
2405873
2406209
2406454
2413545
2417599
2417833
2418954
2419546
2420597
2420973
2423256
2427099
2428458
2428733
2430667
2432167
2433158
2433649
2436564
2437352
2438921
2442459
2443999
2444379
2445694
2447651
2449336
2450163
2450670
2451113
2451174
2452866
2454226
2454372
2456128
2457017
2457819
2459753
2462195
2463047
2463955
2464943
2465898
2466269
2473647
2473696
2474824
2477263
2477888
2478165
2478182
2478650
2480515
2482489
2484493
2485646
2486699
2489384
2489499
2489948
2492105
2492708
2494629
2497168
2497286
2499544
2500534
2502207
2502285
2503499
2504983
2507642
2508020
2510873
2511767
2512839
2514335
2515665
2517761
2519046
2521482
2523001
2523606
2527044
2532465
2533395
2537790
2538746
2539717
2545681
2545855
2546303
2546751
2546888
2548939
2550585
2550621
2551633
2553929
2555104
2555116
2557462
2559954
2560800
2561461
2561934
2562278
2563620
2566653
2568537
2569165
2571551
2572245
2573316
2579429
2585043
2586482
2587562
2594319
2595221
2596951
2602372
2602416
2602810
2602843
2603322
2604239
2604834
2607127
2610695
2612128
2612658
2613907
2616196
2617450
2619460
2621293
2621736
2622090
2624195
2625452
2625990
2626307
2626629
2628481
2628496
2634034
2638072
2642186
2644750
2650959
2651040
2652498
2657105
2657931
2659278
2659633
2659724
2663031
2663054
2664259
2666328
2667668
2670042
2671750
2673605
2676267
2677407
2677896
2679079
2679130
2684091
2684106
2684464
2685657
2687164
2690674
2690982
2691484
2693575
2694219
2694963
2695233
2695853
2696244
2698162
2698996
2700720
2709063
2714405
2715170
2715233
2718001
2718393
2719813
2720864
2721026
2724170
2726003
2726350
2727642
2730840
2730910
2732132
2734226
2734411
2735981
2736168
2737480
2738487
2740917
2742924
2747770
2750876
2754615
2755962
2756187
2756860
2758381
2759455
2762648
2763860
2768243
2768701
2769063
2769458
2769817
2772127
2774976
2775270
2777064
2778155
2778410
2779222
2779650
2784469
2785295
2786473
2792002
2797322
2797985
2798253
2798576
2799911
2808007
2809053
2809440
2810935
2812401
2812404
2813297
2813560
2814867
2817150
2817717
2817858
2818699
2820311
2820539
2820671
2823410
2823973
2824656
2826489
2826978
2828820
2829905
2840324
2843473
2845148
2846032
2854730
2856245
2860099
2865071
2867517
2878402
2880832
2881717
2882543
2889434
2889571
2891256
2892285
2894275
2894808
2896348
2898968
2900315
2901340
2904140
2907404
2911293
2912442
2913340
2913978
2914104
2915215
2918294
2919040
2920811
2921253
2923746
2924580
2924724
2927553
2929640
2929913
2931046
2937701
2937953
2941945
2946400
2946422
2947133
2948049
2949653
2950416
2951161
2952028
2954924
2955985
2959308
2965072
2966613
2972846
2973419
2973657
2974509
2976099
2978514
2980827
2982250
2986049
2986141
2986180
2989912
2990790
2991243
2992505
2992581
2994072
2994308
2996508
3008695
3009711
3012109
3013616
3014786
3017972
3018519
3022053
3024405
3025207
3025463
3025868
3028405
3029089
3029422
3031289
3032677
3033550
3037999
3038599
3038705
3039849
3039870
3043194
3044690
3045848
3046835
3048176
3048396
3050525
3051116
3054403
3059373
3062189
3062328
3064641
3066856
3069426
3071754
3071984
3072137
3072302
3072322
3073656
3075533
3075719
3076313
3077351
3078703
3083071
3083610
3084635
3087469
3091954
3094232
3094723
3101491
3102141
3108430
3111254
3111901
3117374
3119490
3120507
3122163
3131667
3136811
3138895
3140934
3144193
3144965
3147203
3150182
3152239
3152908
3153002
3153406
3154211
3155290
3155983
3156515
3158145
3158760
3159963
3162769
3162787
3163355
3164172
3165280
3165351
3167083
3168483
3171912
3173185
3174947
3176848
3178222
3179249
3181885
3183072
3183523
3184821
3187212
3194011
3194207
3194364
3195433
3195744
3197609
3202210
3205271
3208284
3208521
3209376
3209494
3213296
3215967
3217956
3218674
3220649
3220888
3221891
3222296
3223967
3224478
3224600
3226791
3226960
3228643
3229079
3229852
3233263
3235455
3238662
3240014
3241452
3243471
3244430
3244474
3244835
3245999
3247344
3247347
3248930
3249417
3251377
3255852
3256746
3258232
3259068
3259420
3261696
3268284
3271198
3271509
3273284
3274066
3287521
3287957
3290359
3290398
3298132
3298493
3301193
3303305
3304129
3309582
3316119
3316987
3317953
3323814
3329537
3329831
3333392
3334256
3334988
3336986
3343240
3343441
3344191
3344509
3346263
3347175
3352298
3356644
3361585
3363172
3367244
3367250
3367390
3367755
3371917
3373141
3373680
3373721
3374174
3374791
3375483
3376403
3384014
3389351
3392695
3393938
3396647
3399152
3400136
3402061
3404413
3407672
3409757
3410166
3416933
3417550
3418016
3418479
3420833
3423468
3424065
3428472
3429279
3429476
3430636
3432132
3434047
3434692
3434866
3435065
3436152
3438381
3440325
3440467
3441423
3442196
3442331
3444293
3445944
3447754
3448281
3451383
3451662
3453849
3454490
3454660
3460403
3461630
3465747
3467176
3468936
3470995
3471681
3473765
3476139
3481235
3482178
3482595
3484125
3485274
3485375
3485584
3485825
3487271
3489134
3493763
3493876
3494146
3494582
3496095
3498831
3498909
3500191
3502333
3502450
3502924
3503428
3504488
3505124
3505837
3507243
3508014
3508856
3511139
3512555
3518309
3518851
3521319
3521782
3521798
3522022
3522877
3523629
3524038
3526612
3528560
3529650
3531902
3533950
3534971
3538379
3539994
3540994
3544597
3551987
3555043
3555884
3557738
3559686
3562251
3564009
3568215
3570128
3570848
3571551
3571705
3575571
3576245
3579176
3580326
3580530
3582733
3583044
3586783
3590820
3591048
3593280
3594725
3594781
3594825
3594828
3596241
3597783
3599059
3600136
3601669
3605779
3607472
3607988
3608755
3611594
3612353
3613677
3615072
3615411
3615739
3617488
3621213
3622695
3627639
3627733
3627858
3629282
3629544
3630203
3630909
3631318
3633736
3634324
3634362
3634999
3638078
3639483
3640574
3645146
3647692
3649263
3650821
3651265
3651280
3651547
3652515
3662158
3662779
3664566
3665409
3668135
3668536
3671254
3672184
3674972
3675099
3681812
3682966
3687055
3687606
3689006
3690685
3691056
3692290
3699508
3701201
3701396
3702410
3702687
3703500
3705244
3706291
3706626
3712564
3714221
3716092
3717260
3717538
3718782
3719870
3720651
3723830
3724062
3725926
3729467
3731497
3742088
3742640
3744944
3744948
3747251
3753715
3755122
3760430
3761362
3762193
3764587
3765802
3766728
3771562
3773155
3774258
3776113
3777324
3777491
3779682
3786974
3790255
3790363
3791044
3791637
3792020
3792046
3795758
3800892
3801828
3802336
3803230
3806721
3809927
3810171
3812256
3814368
3814789
3819419
3822305
3823600
3827347
3829692
3830594
3831716
3834005
3835182
3836456
3838636
3840112
3842872
3847320
3849003
3852201
3857462
3858153
3859416
3862117
3866813
3868718
3870551
3870583
3872203
3872421
3875251
3875377
3875609
3877733
3879200
3880958
3884184
3884645
3889170
3891517
3891773
3898733
3900358
3903691
3914413
3919693
3921103
3921354
3928211
3928228
3930160
3930248
3932326
3937055
3942238
3944196
3944578
3947074
3949370
3950770
3950838
3954570
3958759
3959126
3960869
3962765
3962802
3963314
3964118
3964541
3964993
3965871
3967033
3968116
3968780
3972049
3972597
3972644
3972835
3972916
3973128
3975550
3975754
3976967
3977157
3977600
3979051
3984190
3984528
3987467
3987563
3993394
3995940
3997599
3997654
3999845
4001183
4001387
4002147
4003561
4006493
4006913
4007742
4024009
4024325
4024721
4025738
4026131
4027232
4028697
4031320
4033812
4034528
4038780
4039290
4041301
4041668
4051306
4054345
4055973
4057773
4058939
4059714
4060056
4060700
4066606
4068172
4069472
4070217
4070815
4071124
4072074
4072846
4077460
4078837
4079770
4080504
4082235
4082430
4085151
4086047
4086671
4089051
4095057
4098050
4100429
4100476
4101115
4105701
4110268
4110777
4111324
4113607
4115078
4116144
4117721
4117984
4119463
4121736
4123320
4123496
4127827
4129500
4131143
4134681
4137312
4137621
4138377
4139660
4142015
4143213
4147038
4150798
4152232
4155152
4155348
4155943
4157490
4162512
4165421
4166036
4166690
4167670
4167952
4168564
4169343
4169720
4169998
4173951
4174288
4180041
4185073
4186340
4186644
4189511
4192253
4193468
4194240
4194801
4195703
4199739
4200103
4201501
4202132
4206278
4206784
4208410
4208799
4212155
4213207
4216808
4217848
4219323
4221392
4224629
4225997
4226208
4226768
4227368
4228138
4232779
4233561
4237091
4239790
4241077
4241547
4243661
4243771
4244115
4245158
4245458
4246168
4249235
4255669
4261614
4263211
4264012
4264259
4269381
4271307
4272302
4275820
4275837
4276724
4277250
4277584
4277634
4280262
4280552
4287786
4291035
4292471
4294483
4295153
4295288
4295387
4296539
4297369
4297835
4301177
4303646
4305817
4309650
4310483
4312585
4319358
4321360
4323628
4324684
4332899
4336956
4339353
4341694
4342268
4343893
4352344
4352381
4352969
4353314
4354176
4356984
4358366
4360003
4360487
4363752
4363919
4365266
4365802
4368470
4371241
4371917
4374237
4374993
4378182
4379651
4379834
4380502
4384049
4384605
4384798
4385311
4387098
4389520
4393105
4395404
4397564
4399178
4400552
4400613
4400985
4401718
4403158
4407418
4408876
4409281
4409313
4411509
4411538
4412487
4413275
4413654
4414535
4415581
4416445
4418677
4421919
4423300
4426783
4427606
4429227
4429723
4430337
4430569
4431896
4435887
4436960
4440049
4443474
4445294
4446327
4447475
4449453
4449463
4450739
4451932
4453111
4453829
4453857
4456667
4458513
4461137
4463326
4465508
4469699
4470467
4470483
4471790
4472087
4473516
4475233
4476726
4477539
4479726
4482176
4484036
4485949
4486402
4487737
4492565
4496633
4501103
4501607
4501675
4502741
4502878
4503610
4503771
4507077
4515923
4518569
4521079
4526357
4529785
4529934
4530140
4531895
4533973
4534253
4534443
4534729
4539310
4540724
4543504
4545231
4548210
4548513
4550616
4550622
4550848
4551762
4553406
4560111
4560300
4564814
4565561
4570101
4570440
4570766
4574258
4575342
4576905
4578379
4582143
4583700
4584758
4586765
4591102
4593164
4593434
4594098
4594868
4595511
4595840
4597024
4598008
4600595
4600966
4606200
4606775
4607028
4607843
4607891
4608385
4608640
4611247
4616209
4617945
4620709
4621824
4623397
4623951
4632186
4632811
4632833
4632944
4636015
4636178
4637122
4637375
4641805
4643837
4645650
4646231
4646718
4646791
4647102
4647188
4647311
4649309
4649476
4650022
4650329
4651389
4652358
4655083
4655538
4656510
4659057
4662748
4663363
4666444
4667682
4669920
4670176
4670527
4671511
4671673
4675343
4676173
4679842
4680820
4686905
4687269
4687528
4688156
4689070
4700465
4703391
4703556
4703873
4704118
4704551
4709261
4709656
4709971
4710656
4711567
4714359
4715263
4715888
4718729
4718744
4721351
4725127
4727234
4727930
4729725
4731392
4733876
4736191
4736210
4737869
4738702
4739819
4741200
4743370
4743559
4743768
4744576
4745283
4748541
4748806
4749126
4750645
4752275
4753582
4753673
4754058
4756828
4758630
4761061
4762407
4762420
4764683
4765993
4767387
4769240
4777938
4778538
4781274
4781831
4784390
4786033
4788222
4791825
4796714
4802045
4804600
4806253
4806620
4806862
4807232
4809987
4812758
4815650
4816206
4816451
4816715
4817266
4821806
4824111
4828547
4829052
4829775
4830363
4832407
4832772
4833093
4836729
4837533
4838658
4839357
4839513
4845271
4847889
4851209
4853648
4854805
4855008
4857693
4860758
4869695
4869760
4870733
4872281
4872351
4872695
4875085
4877351
4878711
4879148
4882178
4883322
4883842
4884505
4884783
4885342
4891391
4891720
4892575
4899801
4901849
4901885
4902340
4903098
4904376
4904760
4907776
4909843
4910085
4912017
4914058
4915007
4915031
4915038
4919371
4920260
4921528
4926127
4926609
4928069
4928363
4929472
4931103
4931292
4931914
4933856
4935760
4937062
4937180
4939858
4941450
4941502
4941526
4941887
4944053
4944515
4946379
4947639
4947747
4947797
4948182
4949589
4952598
4956420
4958008
4959927
4960526
4961790
4963223
4967209
4968413
4971096
4971393
4977763
4978311
4979378
4981274
4982408
4986151
4986502
4987349
4989707
4992418
4993709
4994332
4998335
5007791
5012744
5013838
5014187
5017570
5018063
5022040
5023206
5024319
5026838
5030018
5030889
5034254
5036789
5038532
5039454
5040462
5041792
5042325
5042524
5046174
5046315
5048092
5048941
5051167
5053494
5057871
5057901
5060390
5068957
5073101
5073474
5073554
5075242
5076009
5077729
5078668
5081998
5089128
5089674
5092823
5093776
5094734
5100391
5101044
5101752
5102593
5104513
5104982
5105065
5105252
5106832
5109373
5110069
5110867
5111499
5111982
5112151
5112414
5113021
5115172
5116701
5124241
5124501
5131265
5131369
5132811
5135406
5136105
5138281
5138339
5139879
5139988
5140765
5143278
5147303
5148189
5148943
5148995
5150248
5150427
5151405
5152268
5154136
5157215
5159551
5162526
5163598
5166467
5167895
5168318
5171263
5171357
5171508
5172621
5178250
5179523
5179842
5180763
5183678
5183911
5186394
5188815
5189170
5192872
5193587
5193853
5195264
5195811
5195823
5195971
5197119
5200663
5201770
5202150
5203346
5212836
5213512
5215998
5216678
5217977
5218603
5219450
5219484
5219727
5224208
5224350
5226309
5226899
5227490
5227998
5229543
5230964
5236871
5237769
5240370
5242396
5242649
5243503
5244995
5247112
5252449
5257377
5257593
5259930
5261240
5264558
5264942
5265578
5267934
5273772
5277723
5278124
5281852
5281914
5285888
5290710
5290714
5295314
5296100
5297208
5304331
5306397
5308000
5309901
5311193
5313569
5316774
5317314
5322063
5323345
5323717
5325520
5325973
5327104
5329984
5330055
5334544
5335624
5335710
5338097
5339368
5340830
5343490
5348336
5350436
5351647
5351743
5351947
5352076
5354468
5355357
5361101
5367460
5367985
5371659
5371683
5371976
5373086
5373479
5373853
5374470
5380593
5383114
5384321
5384326
5389540
5390251
5390697
5394158
5394203
5394806
5395360
5395496
5397471
5398489
5400419
5406689
5407284
5410447
5412179
5413895
5417810
5422454
5426928
5427972
5428217
5429747
5431592
5433941
5438315
5438912
5439991
5443543
5444774
5449630
5450073
5452750
5453508
5456138
5456350
5462630
5464779
5466544
5473195
5475138
5478367
5482405
5486913
5487164
5487305
5494081
5494783
5496068
5501535
5501911
5503668
5505279
5505880
5514860
5515883
5516228
5516512
5516596
5517368
5518499
5522662
5525090
5526911
5527549
5529827
5532304
5536739
5538227
5541360
5541979
5542571
5543676
5546142
5548192
5551031
5552320
5552926
5554061
5555294
5557668
5558067
5558091
5558167
5561291
5562879
5568512
5569113
5571798
5573885
5575052
5576921
5577966
5578045
5578416
5583065
5585425
5585518
5586224
5590222
5590865
5591350
5592046
5595762
5596144
5597121
5600639
5605278
5605509
5607821
5610099
5610851
5611681
5613746
5616644
5619144
5620747
5620866
5621587
5622263
5627323
5628810
5630283
5634258
5634699
5637436
5638648
5638923
5639575
5640380
5641636
5644604
5645052
5648177
5648700
5649906
5651195
5651908
5653235
5653462
5656799
5658283
5658292
5658597
5665892
5666462
5668804
5672361
5674475
5677872
5677899
5679434
5680846
5680857
5683295
5686133
5689993
5690320
5691362
5697330
5697449
5703845
5703910
5704246
5705045
5705105
5708610
5711023
5712250
5712489
5712950
5716232
5716296
5721367
5722705
5728970
5730202
5736378
5736462
5737333
5737707
5739404
5741025
5741420
5743275
5745527
5745967
5746695
5748628
5749587
5750843
5752498
5754331
5755367
5760792
5763620
5766983
5770677
5774327
5774453
5774859
5775962
5781023
5781977
5782396
5782807
5783162
5783971
5788089
5788994
5791051
5796449
5802711
5805610
5809233
5810368
5810906
5812983
5813641
5816267
5816276
5816755
5819701
5820308
5822505
5824481
5828292
5829582
5829836
5830971
5836812
5839415
5840480
5844541
5847609
5848057
5851184
5853669
5856890
5860055
5863139
5865198
5866073
5866570
5869240
5878422
5878760
5881490
5881809
5882035
5883986
5887017
5887207
5888071
5888580
5891131
5893875
5894967
5895167
5899946
5900549
5901469
5903877
5905211
5907940
5909608
5909909
5910550
5913824
5914213
5914321
5917653
5920805
5924567
5925331
5926635
5928230
5929069
5929880
5931815
5933201
5934781
5937294
5939124
5940474
5941131
5941275
5951462
5955408
5955556
5957670
5958132
5960700
5963237
5964145
5964816
5966119
5969679
5974180
5975213
5978118
5979222
5979548
5980437
5988989
5989632
5989931
5990443
5993063
5993895
5997409
6002597
6005238
6005555
6009199
6010065
6011754
6015887
6018070
6019554
6020329
6022363
6024575
6029508
6030756
6032175
6033086
6033457
6033623
6034408
6040748
6040994
6042233
6042919
6043229
6043455
6043457
6044531
6053053
6055270
6056280
6058454
6061177
6064422
6065638
6066787
6068377
6070069
6072238
6074124
6077843
6078491
6080614
6081675
6084910
6085973
6086026
6086669
6086922
6089366
6089415
6093512
6093784
6093869
6095836
6097698
6099138
6099166
6103239
6105022
6105302
6106875
6107382
6110979
6113261
6113760
6117047
6117212
6119605
6124393
6125735
6129517
6134704
6135917
6137184
6139413
6141525
6142736
6143326
6143419
6147173
6148080
6148414
6148565
6148571
6151137
6152253
6152583
6152835
6153432
6154592
6155041
6157489
6158390
6159145
6159352
6159811
6161475
6162422
6162742
6170484
6173344
6176217
6178236
6181201
6181469
6182884
6190895
6191619
6194590
6194743
6195296
6201158
6204348
6209992
6210360
6211203
6214821
6215783
6219746
6221893
6221928
6222591
6223137
6225997
6227554
6231828
6233802
6233975
6239076
6241680
6243588
6244851
6247627
6248063
6248088
6257005
6257814
6259263
6260002
6260380
6261079
6264495
6266484
6271625
6273234
6273941
6275184
6276581
6278381
6279179
6280560
6280948
6281221
6284319
6285243
6286230
6286873
6288926
6289267
6289305
6289649
6289703
6291268
6299518
6301313
6301617
6303519
6306225
6314139
6314236
6314454
6314595
6315001
6316623
6318190
6321268
6321328
6322369
6324220
6329427
6333101
6333234
6338363
6339039
6339312
6340422
6341439
6344794
6345750
6348803
6349228
6352453
6354152
6358409
6358928
6360018
6360756
6362500
6364242
6364882
6368963
6372987
6376143
6378270
6379618
6388065
6389740
6390872
6395028
6397129
6397570
6398563
6399111
6399369
6400153
6400174
6403127
6405900
6406646
6410790
6410976
6412227
6413793
6414113
6414225
6416032
6418657
6419100
6420132
6420551
6421229
6422589
6427490
6428044
6428369
6428642
6430119
6431858
6432207
6433653
6435150
6435705
6436676
6438210
6438462
6439574
6441476
6443810
6444048
6445247
6445315
6448354
6450012
6450979
6451284
6452369
6457838
6458726
6459246
6462532
6462586
6463735
6464406
6467641
6468543
6471723
6475289
6477007
6482352
6488201
6491893
6493750
6496195
6497398
6498998
6504268
6505332
6507738
6512788
6514020
6514962
6515316
6516366
6516762
6519121
6521451
6521546
6522757
6524152
6525078
6525745
6527111
6529133
6529376
6531405
6533142
6540907
6541295
6543272
6543416
6544064
6545814
6546045
6546057
6547470
6549009
6549256
6549410
6554355
6556351
6557542
6559249
6559293
6559368
6568664
6570497
6572912
6573661
6574584
6575207
6575389
6581635
6581767
6582501
6582570
6582631
6594154
6595123
6596894
6598211
6603631
6605073
6606743
6608864
6609049
6611941
6616426
6618404
6620161
6622468
6624942
6631513
6635051
6635481
6636077
6641066
6645642
6647296
6650629
6651954
6654619
6656933
6657407
6660125
6665978
6667532
6668634
6670828
6671777
6672244
6673888
6674405
6678818
6681334
6683915
6684103
6688609
6688975
6689727
6689944
6691025
6694897
6696006
6698528
6704632
6705132
6705780
6706087
6710733
6712381
6712420
6715127
6716128
6716160
6726102
6730486
6734141
6739073
6742457
6743497
6749291
6749323
6755065
6758845
6758903
6759588
6760275
6762242
6762590
6762784
6763326
6763554
6763576
6763724
6763796
6765309
6770335
6771066
6772708
6774561
6775726
6776769
6783748
6784451
6788842
6791405
6792397
6793658
6793804
6796138
6797517
6803128
6803733
6809728
6810850
6815267
6815406
6815759
6816071
6817239
6821093
6821478
6823383
6825153
6827089
6828507
6830538
6834212
6836778
6840553
6841473
6843835
6844799
6846628
6846714
6846804
6851332
6852118
6852521
6853106
6853147
6853513
6856273
6865741
6868526
6869420
6870195
6872070
6872811
6873112
6874721
6875664
6876539
6877926
6878231
6878566
6879308
6885192
6885838
6887039
6891672
6895983
6896472
6899894
6901215
6902525
6903084
6903998
6906526
6907069
6908407
6908590
6912789
6919799
6920703
6920847
6921968
6922075
6922369
6922949
6923261
6924585
6928151
6929035
6931632
6936717
6938365
6939218
6943580
6946047
6950238
6950435
6950657
6955358
6957404
6958197
6962130
6962839
6965526
6970657
6972622
6976052
6976446
6978604
6979389
6982168
6982770
6983448
6990402
6994485
6995561
6996199
7003383
7007175
7010818
7013556
7013910
7014999
7019877
7021192
7022588
7027288
7035174
7035857
7036316
7037601
7040565
7041000
7041423
7043282
7046108
7046611
7047047
7053659
7056591
7057130
7064783
7067187
7068298
7068729
7069123
7072527
7074104
7074583
7075404
7076064
7078971
7080460
7081739
7081885
7087136
7094532
7097523
7098886
7099286
7101306
7101847
7104266
7104373
7105324
7106747
7107118
7110274
7110972
7112321
7114081
7118503
7119848
7120968
7123217
7123729
7126074
7127433
7132774
7139094
7139381
7139579
7141098
7143602
7144202
7144254
7146967
7147245
7150751
7154003
7155547
7155706
7157709
7158076
7158154
7158232
7158625
7161016
7163584
7166514
7168401
7171660
7172093
7174482
7175741
7176703
7181905
7182310
7182842
7183915
7186943
7188810
7192284
7194747
7194955
7196937
7199160
7206170
7206685
7206803
7207687
7207807
7208354
7208597
7209364
7209664
7211170
7212522
7213250
7213627
7214508
7214807
7214948
7219445
7220116
7220496
7220669
7225594
7225894
7226311
7226906
7227884
7229096
7230230
7230970
7231813
7236381
7237096
7237329
7238079
7238604
7240099
7242003
7242271
7243486
7244647
7247268
7247672
7248038
7248934
7249445
7250378
7254407
7255227
7256180
7257589
7257964
7258450
7260355
7260647
7263158
7266856
7267518
7269544
7270064
7272671
7277299
7278758
7279171
7281700
7283525
7283541
7285387
7289248
7289978
7290533
7290722
7290760
7291387
7292169
7295286
7301898
7304302
7305243
7306553
7306637
7307769
7309652
7309745
7310201
7311144
7314108
7315021
7315197
7320304
7320819
7324183
7324434
7324557
7327839
7327897
7330520
7330858
7332852
7336074
7336847
7338661
7339032
7339238
7339284
7341225
7344165
7345026
7347626
7349006
7351787
7356243
7356560
7357965
7359008
7362267
7362659
7363229
7363512
7363590
7364588
7366219
7367022
7367776
7373913
7374798
7381678
7381796
7382262
7382545
7382661
7383252
7390840
7391719
7394887
7395035
7395797
7396364
7398283
7398763
7400309
7402679
7402947
7405264
7408340
7412461
7416821
7418800
7421913
7422724
7423250
7423762
7424102
7425899
7427695
7428904
7428915
7431053
7434097
7435106
7435970
7437183
7437987
7440954
7441613
7442729
7446147
7451669
7452195
7452975
7456018
7457092
7462079
7464303
7469208
7470080
7470563
7471120
7472317
7475267
7480871
7483154
7483450
7483805
7483865
7484063
7485205
7485397
7486957
7489783
7490212
7492270
7492485
7492950
7496356
7496808
7497467
7497832
7503978
7505134
7505402
7505473
7506730
7508090
7509016
7512545
7515371
7517145
7519848
7520909
7522287
7524056
7524791
7525226
7527341
7529892
7530314
7535619
7535748
7535974
7536189
7537659
7539066
7541847
7542093
7544500
7544505
7546493
7547935
7549309
7550600
7551208
7551337
7553981
7556246
7557411
7558125
7558401
7561419
7562683
7562856
7579597
7581114
7581242
7581541
7585046
7587889
7596043
7596721
7600917
7601503
7604075
7604508
7607484
7614013
7615410
7616931
7618652
7620922
7621296
7621623
7622266
7624771
7628940
7629737
7630655
7631045
7631205
7634696
7635800
7638787
7640480
7646809
7649230
7654834
7660752
7662021
7663408
7663719
7665409
7665534
7666256
7667121
7667537
7672829
7673296
7674371
7675543
7675608
7676112
7680328
7682670
7682792
7683072
7683308
7684368
7685008
7688276
7688438
7688518
7694574
7694707
7696102
7696203
7696479
7696727
7696892
7702129
7703932
7704283
7705528
7706038
7706635
7711180
7712742
7713221
7716773
7718734
7719644
7721776
7723128
7723749
7723816
7724253
7726386
7733166
7733319
7739262
7739351
7739610
7740406
7744863
7747381
7748216
7751919
7752694
7754081
7754478
7755466
7758146
7759883
7760550
7761954
7762326
7762804
7765697
7765819
7766791
7767493
7775971
7778128
7779083
7782214
7784912
7785314
7785929
7786763
7786931
7790467
7797689
7797986
7798673
7801654
7809270
7812142
7812703
7814580
7816025
7817513
7820164
7820642
7822618
7827959
7830166
7832755
7832825
7834013
7836229
7838299
7838352
7838469
7838722
7838952
7845209
7846597
7849838
7850470
7857430
7858844
7860574
7864258
7866356
7867223
7870027
7871942
7872939
7873781
7875194
7875824
7877988
7880031
7883030
7884276
7884830
7885541
7888427
7894880
7897359
7903558
7909292
7911981
7914176
7917707
7921495
7924085
7925224
7927330
7927458
7928523
7933806
7934295
7945357
7945416
7945663
7946154
7948525
7949971
7950068
7951120
7952546
7952958
7954122
7956392
7961334
7961435
7963620
7963805
7963840
7965245
7967999
7976802
7978580
7980417
7981324
7981781
7983705
7983816
7985416
7985924
7988041
7991520
7993407
7993975
7994358
7997431
7997799
7998249
8002601
8004814
8007141
8012840
8013261
8018078
8020104
8020914
8023168
8024657
8025073
8025777
8027819
8027977
8028444
8029196
8030385
8030907
8033188
8033669
8034778
8035220
8037194
8037873
8037953
8041837
8042371
8046946
8047549
8047777
8051646
8051738
8056548
8061578
8063609
8064578
8068805
8070178
8071835
8074167
8074870
8080142
8081166
8082922
8092955
8094604
8095147
8095367
8099468
8100233
8100280
8100916
8101786
8101974
8105802
8106347
8110061
8115114
8120042
8124015
8124701
8125464
8127062
8127856
8128117
8128647
8130992
8131161
8131218
8131867
8132109
8132785
8132815
8134068
8134262
8135526
8137631
8141116
8143918
8146323
8146995
8148273
8153730
8159297
8160200
8162308
8168265
8168344
8169207
8170560
8172617
8174933
8175101
8177729
8178573
8179727
8180431
8180969
8182349
8182477
8182598
8183045
8185168
8185811
8185968
8186263
8186359
8193942
8195760
8197691
8211751
8212686
8213473
8214271
8215228
8217958
8218603
8225458
8227311
8227966
8231529
8231742
8236497
8236520
8236852
8237770
8238455
8241679
8242416
8246781
8247995
8248888
8252261
8252767
8254737
8256518
8261004
8262864
8265261
8266133
8270582
8273871
8274585
8279050
8279148
8281986
8282468
8284292
8285491
8288659
8289817
8293010
8293870
8294207
8294471
8297106
8301500
8302643
8312846
8313516
8314390
8318512
8320193
8320452
8322000
8323782
8326277
8326740
8327847
8329786
8331663
8331928
8333622
8334503
8335073
8335255
8339561
8339788
8339796
8340220
8341412
8345981
8349955
8354379
8356207
8356950
8358272
8361718
8363663
8366186
8366447
8369967
8371589
8371817
8372409
8373132
8378717
8379299
8379441
8380955
8381506
8381726
8388808
8389139
8391314
8391606
8395052
8396776
8397077
8398784
8400356
8400958
8405145
8406632
8410885
8411501
8417754
8417970
8418607
8420512
8420666
8423001
8423011
8423044
8427652
8428671
8433087
8433308
8435210
8436694
8437635
8437851
8439568
8442081
8447645
8451361
8453524
8456955
8462037
8464459
8472016
8473329
8473599
8474322
8474545
8475026
8476316
8481538
8482392
8482964
8484472
8488718
8490854
8491142
8494162
8498148
8500148
8501663
8505019
8506533
8507069
8507631
8509560
8513375
8514087
8520623
8521076
8524648
8525772
8525874
8526645
8526926
8527668
8534351
8536452
8539109
8543269
8543624
8546032
8548071
8551556
8552274
8553062
8553957
8555469
8557987
8558152
8558247
8558768
8560675
8564629
8566367
8566437
8567696
8569540
8570879
8571082
8571178
8573663
8575625
8581062
8582748
8585253
8585650
8590863
8590980
8593568
8593918
8595189
8598091
8598511
8601922
8603098
8604820
8606875
8610243
8613289
8613405
8613440
8615267
8616625
8618588
8619377
8626709
8628259
8628590
8628999
8629523
8629593
8631405
8633042
8637786
8638733
8639138
8642956
8646053
8648657
8652127
8652862
8655365
8656250
8657745
8659813
8662125
8663261
8663528
8663681
8664327
8664660
8665906
8666561
8667260
8669116
8670598
8670857
8671213
8672631
8678414
8679710
8684574
8685976
8686285
8686315
8686629
8687706
8690806
8691067
8692000
8692610
8694311
8694490
8695551
8696691
8699239
8699242
8700237
8701114
8710269
8711375
8711979
8713389
8713911
8714072
8717988
8718432
8720016
8720224
8722702
8722849
8727825
8728103
8728715
8731306
8731512
8735607
8735852
8740844
8741251
8743073
8743218
8748903
8752601
8758404
8760778
8761291
8764304
8765622
8771109
8771480
8773650
8775192
8778377
8780513
8780712
8781568
8788812
8788969
8793145
8794499
8795618
8795997
8796016
8796413
8796869
8797059
8797173
8797529
8798272
8799237
8803870
8803882
8805156
8805621
8806797
8814476
8815680
8816554
8817244
8820736
8821643
8822423
8823287
8827578
8830604
8831863
8836094
8836416
8838018
8840418
8842799
8842978
8845282
8847646
8849962
8852203
8859986
8860656
8861436
8862603
8864052
8865660
8865964
8866821
8867106
8867829
8869812
8870349
8872922
8877269
8881850
8881991
8884371
8884641
8886281
8887198
8888150
8890130
8891189
8894074
8898589
8899740
8901591
8902077
8902329
8904375
8905892
8907314
8910656
8910894
8911177
8913321
8914835
8916008
8918953
8923121
8924384
8927328
8930584
8931093
8934602
8935315
8936285
8937823
8940733
8941366
8941582
8941692
8942392
8948526
8949987
8950500
8954426
8955107
8955634
8955865
8958195
8960316
8961065
8966456
8968546
8970166
8971115
8977242
8977418
8978372
8979336
8982638
8984445
8984646
8991163
8991843
8993956
8996188
8997028
8997738
8998280
8998423
9002686
9004087
9004974
9012350
9013745
9015562
9018859
9020741
9023839
9029989
9033484
9037609
9037838
9040750
9042933
9044224
9044368
9045172
9045588
9045951
9052410
9053223
9054117
9054876
9057716
9061976
9062231
9062911
9065219
9068202
9068269
9068292
9068762
9069622
9071823
9074632
9076401
9077848
9078552
9083174
9083612
9084326
9084513
9085192
9085964
9086586
9087372
9088591
9091712
9092638
9093613
9093814
9095837
9097195
9102240
9104330
9104405
9110567
9110655
9113490
9113555
9120147
9120565
9122699
9125136
9126922
9132117
9137565
9144888
9148192
9148724
9155535
9156946
9160818
9168697
9170080
9173153
9175045
9175278
9175596
9176147
9183822
9184388
9185282
9190849
9194154
9197234
9201560
9203981
9205238
9206199
9206320
9209660
9210238
9212228
9214842
9217504
9219498
9221270
9222744
9222856
9223084
9223993
9224566
9224847
9225899
9225939
9232737
9233134
9233591
9234516
9236310
9236951
9237594
9239304
9239811
9241479
9242861
9247838
9247953
9252164
9252207
9252854
9252997
9253144
9253514
9254159
9257370
9259371
9262901
9265968
9268222
9271209
9272568
9273808
9273830
9274339
9274399
9275822
9276420
9277625
9278034
9280776
9281334
9287885
9289606
9289638
9290133
9294647
9295939
9296809
9302041
9302813
9303054
9305072
9307032
9307946
9309693
9310619
9311595
9312869
9315117
9318322
9319352
9320854
9321095
9323943
9326148
9326875
9327792
9330342
9330585
9332896
9336162
9341646
9343073
9343842
9350049
9355484
9356091
9357634
9360865
9360957
9366470
9369521
9371762
9376177
9378449
9381045
9382759
9386592
9389717
9392491
9392962
9398084
9399160
9399742
9399776
9400933
9406825
9409694
9412602
9413794
9421370
9426149
9426384
9428016
9428725
9431142
9431659
9432555
9441427
9442280
9442968
9443929
9445103
9445519
9448432
9448915
9449379
9449967
9450188
9450890
9450924
9451525
9452270
9453480
9455573
9456240
9460869
9464285
9466598
9466718
9469037
9469975
9471482
9472698
9473338
9474936
9475721
9476680
9477364
9477830
9482830
9482920
9483081
9483144
9484453
9485027
9485127
9487276
9487555
9487779
9487849
9489750
9490138
9490794
9491298
9492474
9492876
9495025
9495597
9499513
9501945
9503568
9504638
9505552
9511689
9514626
9518011
9519361
9526896
9529100
9530804
9533054
9539794
9543863
9544944
9545646
9545735
9547243
9550754
9551348
9551471
9555420
9556612
9558952
9560319
9566560
9566658
9567911
9568640
9568756
9569957
9570038
9573381
9573752
9578317
9579960
9580294
9582691
9584695
9587721
9589520
9591085
9591482
9592084
9592680
9595542
9600050
9600751
9601930
9604247
9607949
9614669
9615563
9616774
9618451
9619543
9620635
9622296
9627444
9628302
9630060
9631911
9632658
9636900
9640374
9640590
9640793
9643312
9643462
9644085
9644661
9645347
9646696
9646818
9648215
9654595
9654642
9655217
9660469
9660693
9661344
9662115
9662545
9665710
9667397
9672315
9672996
9673846
9674211
9677093
9680514
9681039
9684637
9684687
9686190
9691010
9695658
9697748
9700391
9701824
9703158
9703234
9704107
9710084
9712600
9715473
9716388
9719445
9720704
9721536
9722042
9723192
9723647
9725182
9726849
9728726
9729252
9730067
9731167
9732371
9732652
9733453
9734577
9740169
9749390
9749677
9751028
9752737
9752902
9754640
9754738
9755367
9757892
9760043
9760157
9761760
9762350
9763822
9769783
9772651
9776077
9780020
9782543
9782631
9782813
9786223
9786840
9786921
9789349
9791505
9795940
9796243
9798417
9800978
9801517
9804637
9806659
9811002
9811457
9815565
9816643
9817044
9818855
9819765
9820819
9822211
9822643
9824314
9824521
9826371
9826524
9827818
9830070
9831500
9831769
9832065
9832706
9836462
9840067
9841655
9843194
9849027
9849464
9849543
9851342
9852350
9854373
9854873
9862044
9863401
9865896
9866312
9866513
9866630
9869408
9870818
9874984
9878012
9879055
9882245
9884429
9889555
9891169
9891330
9893173
9894390
9903617
9903929
9906045
9906165
9907534
9908259
9913676
9915100
9918505
9921501
9921595
9921683
9923671
9924342
9924425
9924866
9927560
9928722
9930228
9931161
9932546
9932739
9935404
9938991
9943164
9945816
9948668
9949817
9950960
9951264
9954937
9956445
9958778
9959153
9960834
9961906
9963543
9963838
9966042
9968907
9968991
9971386
9973294
9976043
9980186
9981467
9982387
9983282
9986181
9986761
9987290
9987610
9988454
9989336
9990672
9991566
9991687
9993120
9993253
9996154
10000770
10001092
10004820
10011246
10011250
10012018
10014270
10015028
10019123
10020795
10028330
10028390
10029394
10030547
10031864
10034032
10037611
10038833
10038918
10040662
10041758
10042120
10044102
10044570
10046833
10047593
10050641
10051973
10055408
10059070
10059524
10060065
10060118
10064112
10065338
10067525
10067606
10068746
10069338
10069352
10072375
10075683
10078961
10079383
10080356
10081148
10081831
10089794
10091380
10094610
10101362
10102988
10105965
10111871
10119087
10120494
10121562
10123506
10125199
10133448
10133693
10137001
10139072
10139588
10140704
10141619
10142551
10149613
10150227
10153503
10153532
10154525
10154881
10156249
10156890
10159443
10160724
10160882
10162296
10162831
10167941
10170116
10172604
10174496
10176685
10177224
10185191
10189839
10191549
10191638
10192494
10193327
10193880
10199930
10200113
10200239
10202390
10203163
10204877
10205287
10205999
10206226
10206752
10211017
10211898
10214515
10216896
10217945
10219156
10220041
10220562
10223365
10223605
10224547
10226223
10227134
10228155
10232143
10232573
10233225
10233405
10236511
10237660
10240295
10241511
10247052
10247579
10248949
10250354
10252761
10252839
10253827
10255852
10256084
10257577
10269045
10269198
10275278
10277286
10279514
10279836
10280124
10283393
10285386
10287604
10287849
10289767
10291539
10296528
10297580
10298565
10299652
10301000
10305388
10306144
10307988
10308044
10309200
10310224
10310499
10313030
10317385
10327927
10328754
10329230
10329740
10331002
10335164
10336463
10337857
10339304
10339681
10339847
10341802
10345032
10347237
10348361
10348651
10350167
10351714
10352510
10354412
10356098
10363896
10366703
10367158
10368244
10372262
10374645
10385854
10386198
10389094
10390535
10395180
10397965
10400530
10400641
10400953
10403691
10407385
10408114
10408134
10409432
10413270
10414298
10415683
10420482
10421593
10422357
10425075
10425550
10429854
10430845
10431140
10437846
10439013
10440870
10446299
10449986
10450205
10450589
10451160
10454920
10461467
10462988
10467042
10467418
10468149
10468235
10471514
10476751
10476972
10479773
10480444
10482302
10482668
10485338
10486681
10487548
10488084
10488360
10491124
10492144
10492483
10492523
10493185
10493671
10494924
10495947
10500481
10500882
10504948
10506594
10507317
10512920
10516256
10516468
10517458
10519078
10522671
10522803
10524819
10529385
10530801
10532807
10533935
10534517
10534705
10536319
10544519
10545528
10546003
10547800
10548026
10548274
10549154
10549623
10550950
10554880
10556740
10557850
10558896
10559818
10560440
10561913
10564685
10565097
10570750
10572112
10573872
10573913
10577028
10582012
10583769
10583773
10586460
10586959
10587167
10597609
10599528
10600357
10606446
10607248
10607762
10608791
10611866
10612759
10615252
10617318
10617646
10619829
10621701
10622518
10624208
10626906
10629957
10632300
10632741
10632786
10633311
10634165
10636633
10638627
10640048
10640396
10644278
10644686
10644846
10647887
10648523
10648851
10649013
10650784
10651127
10653361
10653514
10653602
10659548
10662902
10664484
10666196
10666236
10666246
10666343
10667030
10667842
10671662
10673344
10674934
10675805
10677573
10681686
10687425
10691214
10694867
10698049
10700351
10705086
10710809
10712140
10714067
10717368
10717546
10721146
10721567
10721767
10730492
10731064
10734278
10737305
10739074
10741030
10742822
10743153
10745846
10746005
10748599
10751171
10751724
10758054
10759837
10762126
10762914
10763265
10765577
10766205
10767021
10769212
10771046
10771965
10774387
10775890
10779034
10779663
10779669
10782735
10786710
10791896
10792585
10792816
10793668
10795190
10796330
10797211
10799428
10799764
10799912
10802512
10802847
10803381
10804712
10805586
10812924
10815468
10816041
10817961
10819276
10821022
10824065
10824978
10825520
10825749
10827063
10827661
10828561
10830259
10830661
10831384
10834321
10834828
10835258
10836078
10841338
10841606
10842015
10842707
10844551
10844755
10845294
10845577
10847953
10849955
10852260
10854990
10855023
10857850
10858189
10858462
10858628
10858899
10859355
10862392
10865259
10869260
10869796
10873475
10874218
10874340
10884319
10884884
10887559
10889430
10893447
10895606
10895834
10897967
10900527
10902241
10909309
10911507
10911998
10915720
10920218
10923273
10924911
10925302
10925449
10927255
10928764
10928964
10932734
10936338
10936401
10937968
10938337
10938689
10938956
10939530
10939576
10942627
10943866
10944056
10945795
10945990
10948985
10949015
10949200
10951082
10951907
10955903
10958040
10959559
10959860
10961147
10961498
10962792
10964078
10964118
10966399
10967889
10973233
10973595
10978831
10985167
10992820
10994997
10997430
10998119
11000048
11002035
11003474
11004037
11006018
11008542
11008716
11009139
11009624
11018755
11021561
11024686
11026967
11027540
11028330
11033386
11036431
11040263
11040772
11041580
11043136
11049285
11054335
11054941
11060047
11061721
11062135
11064077
11064698
11066329
11067719
11067959
11068574
11069455
11072909
11077326
11078062
11078392
11083861
11084710
11085612
11086793
11091113
11093826
11094993
11095474
11095833
11096121
11097360
11098078
11098491
11100480
11100716
11101073
11101795
11102842
11107092
11107286
11107309
11113798
11119473
11120129
11120974
11125485
11125554
11125637
11127051
11128877
11129883
11131962
11135052
11138158
11139052
11143670
11145309
11146044
11148725
11149484
11152275
11153113
11153291
11155257
11158896
11159313
11163247
11166937
11171759
11173781
11174828
11175718
11176222
11178296
11180634
11180822
11181398
11186487
11186889
11189360
11190106
11190772
11191975
11192287
11197905
11202659
11205410
11205938
11206393
11210789
11215889
11217588
11220968
11224487
11226178
11226441
11229578
11230820
11233310
11233735
11235269
11235302
11237175
11238496
11240361
11240417
11242301
11243849
11244684
11245596
11246154
11246446
11246597
11248547
11249190
11251564
11252725
11253176
11254865
11255190
11258416
11260466
11261600
11266535
11266923
11268247
11271157
11271621
11277311
11277402
11281828
11281877
11283754
11284797
11287854
11289787
11289892
11290634
11291050
11295374
11296502
11297050
11297378
11298803
11301702
11301847
11302862
11304830
11307862
11309088
11314431
11315237
11316148
11316580
11317298
11318265
11319905
11321529
11322865
11330099
11330871
11332699
11335810
11337239
11338850
11339626
11341323
11341825
11342178
11344452
11346218
11347270
11347873
11349565
11350317
11351408
11351840
11352345
11354563
11354583
11355539
11355789
11357279
11357743
11358808
11359299
11359420
11359914
11360230
11360239
11361249
11365413
11369488
11375042
11375620
11381423
11381657
11381930
11384930
11385761
11387188
11390203
11390254
11391312
11395659
11396081
11400656
11400962
11401266
11401665
11401693
11406560
11406591
11409727
11410975
11411092
11413180
11421919
11424527
11425902
11426584
11427591
11428969
11429607
11432273
11434371
11438494
11439733
11442789
11442864
11443170
11444830
11445796
11446219
11446732
11450746
11453302
11454261
11454956
11458946
11459525
11459615
11460064
11460554
11461794
11462155
11465300
11465742
11466440
11468084
11472837
11473102
11473202
11474849
11474936
11475940
11476648
11480983
11481677
11483506
11483658
11489761
11489944
11491202
11491579
11491591
11494470
11494739
11497835
11498956
11500724
11501237
11503227
11505601
11514667
11515336
11516204
11517780
11520636
11520715
11528268
11528470
11530728
11532866
11532891
11534311
11536103
11539322
11539640
11539992
11543258
11545009
11546143
11547018
11549574
11551812
11563600
11569769
11572977
11573192
11575455
11577989
11578219
11579218
11580110
11580141
11580873
11581192
11581781
11583026
11585579
11585706
11588741
11588937
11589989
11591464
11594095
11596227
11596752
11598099
11598736
11598843
11599629
11600819
11603310
11604583
11605365
11605887
11606323
11613146
11613278
11613419
11617065
11617990
11618312
11618346
11619478
11621404
11630934
11634585
11636747
11637957
11638235
11640223
11640514
11640531
11641039
11641250
11641815
11641965
11643207
11643556
11648995
11667373
11668704
11674492
11674700
11675008
11675312
11675643
11676210
11677209
11679999
11681732
11685107
11685169
11685478
11686431
11686642
11688939
11689699
11702087
11704338
11704390
11705171
11705606
11706875
11707579
11710302
11716152
11717825
11720819
11721962
11729686
11732685
11735312
11736430
11736670
11740485
11741265
11741495
11742140
11743009
11744062
11744421
11745036
11745681
11745871
11746253
11750667
11752125
11752408
11753223
11755387
11755823
11757170
11757355
11761719
11764308
11765055
11766321
11768375
11771693
11773984
11776601
11778846
11779771
11779858
11780147
11784107
11787425
11787875
11794141
11796578
11797712
11798936
11801268
11801445
11805616
11807276
11808959
11809144
11809337
11810253
11810311
11811975
11812843
11818156
11819835
11819965
11820755
11820945
11822115
11822187
11823715
11823726
11827243
11827314
11828676
11829719
11830678
11832041
11837065
11841462
11843701
11845396
11850715
11851624
11851903
11853452
11856392
11857402
11859190
11860283
11862062
11862197
11862215
11863519
11864870
11865519
11867096
11871005
11876362
11877130
11879019
11879900
11883020
11883547
11884784
11888064
11888360
11888684
11890292
11891411
11896609
11900246
11904576
11904815
11907074
11908152
11909882
11914463
11918202
11919249
11923597
11924697
11924847
11926673
11927727
11929374
11930039
11932518
11932773
11934240
11934699
11937637
11939227
11943804
11944765
11946900
11947276
11951191
11951745
11955360
11957003
11958459
11962012
11962591
11963040
11963786
11968266
11969683
11972613
11973528
11976127
11977693
11979469
11983066
11983346
11983348
11986822
11987730
11989640
11991993
11992355
11994196
11995781
11999365
12001546
12004868
12010706
12014613
12015230
12020916
12021812
12027313
12028463
12029745
12030858
12031979
12034291
12035578
12037150
12038497
12042897
12044670
12045735
12045970
12046486
12047763
12048796
12050012
12052105
12054387
12057195
12058741
12068898
12070409
12073273
12075501
12077328
12078136
12078315
12078596
12081721
12082719
12083295
12085074
12086024
12086737
12087105
12092377
12092948
12093273
12094831
12095007
12095244
12097233
12101913
12105312
12105969
12106508
12106787
12107279
12107795
12108932
12113815
12116848
12121557
12121593
12121954
12123194
12123402
12125046
12125578
12125709
12128393
12129351
12134061
12140927
12141470
12141528
12142896
12142917
12144139
12145207
12146722
12151160
12151965
12152395
12153851
12154979
12155394
12158408
12158580
12160842
12162175
12164766
12166507
12167062
12171205
12171551
12173177
12173292
12175367
12178255
12182099
12183605
12186700
12189762
12189879
12190369
12191048
12195342
12196922
12198366
12198612
12200063
12200270
12203407
12203614
12206844
12210091
12211140
12213480
12213957
12213958
12215006
12215494
12216915
12217612
12217751
12220810
12223263
12223688
12227016
12231500
12232904
12234869
12237555
12239075
12240967
12244034
12244856
12245289
12246125
12247295
12249832
12253806
12256169
12257292
12257636
12260091
12260119
12263088
12263222
12264618
12265052
12266135
12267256
12268232
12268434
12272972
12274315
12277973
12278769
12281876
12283364
12284182
12289921
12290620
12298783
12299646
12303780
12305594
12305717
12307693
12320479
12323945
12324184
12327145
12328923
12329698
12330345
12336678
12337308
12340439
12340910
12344717
12349951
12350171
12352187
12358889
12359595
12360872
12361368
12361844
12365578
12370150
12374237
12375546
12377020
12379316
12383145
12383314
12384495
12386050
12386685
12387017
12387883
12390604
12394549
12394700
12395321
12396169
12397461
12400305
12401439
12403527
12403757
12406240
12406816
12409834
12415810
12417448
12417676
12423207
12431049
12432598
12433202
12434017
12434052
12437560
12442556
12447064
12448093
12449482
12449971
12453062
12454356
12456050
12456751
12457250
12458635
12459003
12460929
12466137
12466530
12468295
12469482
12470124
12474683
12476017
12476909
12480879
12480881
12481922
12482769
12491747
12494574
12497461
12497522
12498848
12499087
12499158
12499425
12499530
12499915
12500236
12501385
12501906
12504985
12505389
12506034
12510005
12510659
12513261
12518915
12520131
12521106
12521917
12522212
12522423
12524246
12524376
12524904
12525920
12527708
12528679
12532473
12535154
12536996
12541647
12541879
12542089
12543161
12543432
12543474
12544851
12545568
12547874
12550455
12558237
12563119
12563724
12564438
12565112
12566973
12568821
12569060
12570192
12574789
12575611
12577320
12580563
12583472
12583695
12583863
12587542
12587725
12588752
12589678
12590090
12591507
12592481
12595101
12597623
12597784
12601065
12601781
12602400
12606038
12609527
12610313
12613471
12617122
12618821
12619100
12624156
12624244
12625926
12628779
12628949
12630464
12633423
12638069
12638783
12640690
12641558
12641908
12643547
12644647
12646174
12648333
12650172
12651938
12654572
12655666
12661682
12662182
12663738
12665318
12665568
12665996
12666227
12667120
12668064
12670175
12670578
12677202
12678880
12681797
12684025
12685556
12686518
12686751
12689232
12689655
12693733
12695231
12696246
12697520
12699240
12699696
12700848
12701583
12702032
12706405
12706476
12707358
12708340
12710543
12712320
12713764
12717284
12722979
12723065
12723288
12724463
12725527
12729567
12731191
12732686
12740225
12743550
12744082
12744814
12745446
12745627
12746671
12746819
12747258
12750140
12750331
12750763
12751716
12755747
12756636
12764604
12772939
12773848
12776676
12777074
12779507
12780944
12781857
12783289
12785994
12787202
12789551
12790503
12792591
12793724
12794487
12794859
12796585
12800694
12802193
12811731
12812670
12813408
12814845
12815086
12816727
12818280
12818531
12819226
12820038
12824802
12824811
12825822
12826911
12830804
12832600
12834080
12838129
12842241
12842821
12843775
12843938
12844260
12844262
12851227
12853494
12856131
12858511
12861657
12864396
12865378
12865477
12865613
12869399
12874217
12874826
12881932
12883952
12885397
12890914
12894064
12894190
12901103
12901624
12901884
12903268
12903324
12904883
12908405
12909484
12911075
12911452
12912952
12915278
12916308
12918650
12920030
12921511
12923880
12923960
12926548
12927762
12928293
12928608
12929269
12929469
12931600
12931783
12935068
12935938
12937105
12938962
12942102
12942342
12943497
12946343
12946421
12946984
12947102
12948680
12949290
12950570
12954656
12957406
12957430
12957460
12959939
12961265
12962764
12964245
12964663
12964832
12966229
12968869
12970094
12974062
12975276
12976047
12977324
12980465
12980701
12981851
12982645
12986037
12991289
12992214
12996452
12998164
13001449
13002162
13002568
13004114
13007046
13007627
13012610
13016349
13016387
13020901
13022078
13022542
13023243
13023266
13028316
13029181
13031567
13032095
13032613
13032962
13037304
13038676
13038925
13042357
13043670
13046358
13046823
13054926
13054971
13055122
13055623
13056203
13059210
13059816
13061642
13062869
13063418
13064181
13065878
13067364
13067657
13071815
13075373
13076011
13078708
13080072
13081768
13085849
13086137
13089506
13093457
13095375
13096292
13104913
13105021
13105195
13106267
13111634
13112999
13116038
13122111
13126615
13129745
13129829
13130045
13131088
13132041
13132605
13132837
13133165
13133764
13134449
13138042
13138909
13140076
13142358
13142601
13148463
13150309
13152571
13156388
13163898
13165740
13172380
13174865
13175780
13176280
13177245
13178685
13180381
13182151
13184254
13185615
13186066
13186718
13187582
13188696
13188817
13189212
13189877
13189929
13193630
13198595
13203308
13203329
13206183
13210664
13211149
13212545
13214759
13217295
13219698
13220813
13223297
13223407
13223540
13223686
13224521
13229411
13230393
13232135
13233130
13233576
13235830
13236120
13237768
13237777
13238227
13239026
13242343
13250394
13251292
13255532
13258158
13259267
13266260
13266466
13272376
13273852
13278421
13278840
13280796
13286672
13288621
13290580
13292235
13293124
13293299
13293388
13296954
13297349
13302112
13302502
13302610
13302741
13303410
13306453
13310324
13310523
13312442
13314594
13314741
13316009
13319553
13320181
13320427
13320702
13321708
13321938
13324314
13326955
13329044
13329253
13331187
13332004
13343704
13345895
13347175
13348529
13348704
13349508
13352747
13353685
13356482
13357148
13358838
13360891
13361170
13363152
13363771
13365375
13368475
13368936
13370007
13372414
13373048
13373544
13376139
13377366
13377531
13378009
13380389
13380790
13381790
13382869
13385599
13386181
13387868
13388655
13389982
13391804
13400287
13404739
13405257
13405735
13406580
13406812
13408775
13410294
13410298
13410846
13413903
13414153
13414507
13415474
13423812
13428373
13432705
13433626
13434053
13434531
13435763
13438323
13439391
13439550
13446807
13446989
13447674
13447791
13449335
13451870
13453702
13453835
13454401
13455705
13456233
13457506
13458412
13459939
13461065
13462702
13463544
13467592
13467761
13468757
13469684
13471418
13474554
13476130
13476159
13476812
13478866
13479585
13480063
13480087
13487109
13487496
13489946
13490159
13493955
13494621
13497147
13500579
13500741
13502198
13505517
13508090
13509098
13509272
13511097
13512109
13513309
13514869
13516150
13516986
13518214
13518305
13518541
13518622
13522547
13522679
13523391
13528803
13531054
13531183
13535110
13535654
13535657
13536670
13537052
13537248
13537820
13538529
13539066
13547891
13548080
13554054
13556796
13557474
13558331
13563097
13563692
13563730
13564677
13565137
13565385
13565750
13576085
13583132
13587849
13588259
13590850
13590973
13590996
13593259
13595335
13597529
13599312
13600271
13600657
13605924
13610321
13610473
13612009
13614432
13614920
13615900
13617779
13619164
13620972
13623371
13624175
13629345
13629650
13629785
13632284
13635527
13638287
13641761
13641762
13643166
13647336
13648769
13648998
13650435
13651196
13655394
13657361
13659595
13665647
13665765
13668326
13671669
13673884
13675880
13676712
13676829
13676851
13677996
13680620
13684050
13685414
13685768
13688699
13689089
13691629
13691642
13693328
13696185
13701478
13701597
13701766
13704222
13704437
13705009
13705184
13706112
13707985
13710750
13711289
13713593
13718967
13719261
13725927
13726702
13732892
13733661
13735475
13737676
13738626
13739301
13739381
13743582
13744541
13747734
13747762
13748558
13748864
13750666
13753405
13759116
13759546
13760163
13761675
13762801
13764626
13771796
13772417
13776581
13777414
13777928
13778351
13780413
13781409
13781475
13781483
13782218
13786298
13788401
13788963
13793147
13794791
13795425
13796496
13796973
13797918
13802111
13802293
13802589
13802678
13805681
13806981
13808804
13808985
13813637
13814401
13817820
13817999
13818950
13820459
13822162
13822921
13824254
13824298
13826264
13828746
13830315
13831384
13832165
13839851
13840369
13841267
13841885
13842232
13843807
13845445
13848645
13850022
13852710
13855866
13856938
13857298
13858010
13860261
13861624
13864482
13865572
13865799
13867836
13872052
13872154
13873408
13876499
13879370
13880744
13881519
13886954
13889235
13889687
13891364
13892897
13894523
13894905
13895434
13895563
13896160
13901602
13902319
13903871
13904783
13904964
13905661
13906536
13907761
13908809
13909761
13913434
13915650
13916948
13919267
13919499
13919617
13919965
13927723
13930655
13930962
13934108
13940322
13942127
13946195
13946534
13947671
13951764
13951991
13957554
13959031
13961482
13964669
13971664
13977769
13978295
13978803
13978929
13981166
13981224
13982702
13983809
13985235
13987123
13988271
13989496
13999273
13999960
14005369
14009512
14012099
14013169
14013205
14013383
14013784
14015923
14018474
14018694
14021520
14023359
14028971
14031817
14034005
14034639
14036480
14037289
14038114
14039023
14040276
14043143
14043224
14044939
14047922
14048398
14050605
14051541
14052589
14058973
14062104
14062392
14062540
14064268
14066430
14073027
14073656
14074940
14078916
14085973
14087730
14088066
14096650
14096936
14104065
14106113
14111298
14114575
14116054
14118307
14119381
14119511
14121380
14123196
14123304
14123397
14125081
14126957
14128841
14129644
14129817
14130505
14132799
14132838
14140021
14142394
14142453
14146137
14146744
14148387
14152653
14153628
14154037
14155453
14158872
14164685
14171535
14171902
14172358
14173076
14173947
14176958
14177032
14183016
14184463
14185286
14188495
14188685
14189026
14191297
14196049
14196503
14197607
14198857
14209959
14212002
14214827
14215431
14218767
14220184
14225615
14229137
14229848
14232569
14236258
14238910
14242874
14242913
14243708
14246285
14246432
14247104
14247827
14249807
14250098
14253014
14254622
14256973
14258649
14260131
14261218
14266880
14269545
14269712
14270683
14270825
14273597
14274215
14275471
14275807
14277619
14278600
14278803
14279309
14280777
14281884
14283616
14286376
14287036
14293940
14293995
14295096
14303939
14305593
14305961
14307098
14307316
14307920
14308210
14309423
14311606
14312298
14313955
14315604
14315910
14318022
14320750
14321934
14326143
14329308
14329325
14332917
14335005
14337888
14338000
14339302
14339506
14342467
14343265
14343950
14344065
14344076
14344889
14349068
14353715
14353871
14354133
14357653
14359792
14361055
14364028
14365483
14367834
14369502
14369747
14371245
14371694
14372112
14373437
14378507
14378969
14381421
14386598
14387601
14389379
14389980
14391101
14391628
14392778
14400469
14403705
14403793
14405210
14408884
14409897
14410215
14412094
14413085
14414003
14415748
14416706
14418485
14420579
14421537
14423501
14425123
14429959
14430183
14430227
14430705
14430968
14432703
14432920
14433509
14441103
14443650
14444169
14449108
14458649
14460445
14460825
14461033
14462118
14464981
14465663
14469449
14470970
14471011
14472711
14475330
14477014
14479314
14489174
14493603
14495093
14496257
14497394
14498391
14499188
14499559
14500598
14506015
14506863
14508780
14509654
14510389
14513021
14514362
14514475
14517082
14517610
14518041
14519334
14519844
14523478
14526085
14534298
14537064
14542577
14543914
14544791
14545082
14546718
14547599
14549977
14553764
14555250
14556843
14560134
14562297
14562848
14562983
14563207
14566769
14567288
14567336
14570652
14576208
14577372
14579394
14580304
14580731
14580966
14582548
14582736
14582850
14583485
14585228
14591149
14593497
14593749
14593844
14595307
14595536
14596045
14598134
14598569
14602445
14603975
14610370
14610815
14612844
14613084
14613559
14614304
14618600
14621063
14621093
14622499
14624655
14625384
14628461
14629936
14630439
14631430
14633182
14635194
14635439
14635606
14638129
14640888
14642616
14644120
14644244
14645155
14646028
14647502
14648320
14649640
14650935
14652359
14653361
14653943
14656881
14657788
14661460
14662132
14662703
14665307
14665737
14670431
14670736
14672040
14673986
14674948
14676665
14677620
14678809
14678827
14679938
14680155
14684965
14689179
14690144
14690273
14692297
14697655
14697837
14698437
14700299
14700649
14702504
14704979
14707205
14710953
14712450
14714234
14714248
14716375
14718399
14718538
14719398
14719934
14720567
14721971
14723555
14725657
14726145
14728527
14728964
14730546
14739215
14740365
14741589
14749482
14751030
14752974
14755830
14757548
14758809
14758941
14758993
14759066
14759653
14760473
14762837
14765496
14766380
14770997
14771044
14775929
14776483
14780098
14781230
14782781
14783216
14783756
14784161
14786269
14790411
14791879
14792856
14793401
14793822
14802277
14804844
14807492
14808213
14809028
14809306
14809318
14816663
14818266
14821981
14824149
14824350
14825415
14825697
14826025
14828907
14829276
14830347
14835072
14836715
14839968
14840231
14840654
14841321
14844533
14845494
14845796
14845889
14849112
14850733
14851124
14854682
14861128
14862599
14863270
14863572
14863586
14865044
14870534
14871635
14872099
14872643
14872808
14872955
14873353
14876026
14882327
14882711
14884137
14884919
14885681
14886476
14886920
14887438
14887831
14888863
14891740
14893741
14894131
14895116
14895677
14896533
14900256
14901285
14903741
14905139
14908397
14910482
14910556
14911451
14911927
14912134
14913954
14914941
14915594
14918022
14918697
14921670
14924402
14929220
14929962
14930977
14931999
14932324
14934665
14935422
14941184
14944365
14945102
14945520
14945749
14947841
14951520
14951908
14953339
14956198
14959606
14959856
14960945
14962562
14963696
14964553
14964755
14966736
14967590
14971122
14977547
14980638
14982106
14984775
14986113
14986817
14987538
14988028
14991290
14992192
14995856
14995932
14996522
14996981
14997761
14999056
15001696
15012009
15013528
15013791
15015417
15019200
15020574
15023641
15024456
15024645
15027711
15036128
15039047
15041150
15041893
15044142
15045939
15055592
15060529
15062199
15071060
15072324
15074216
15076135
15076650
15076916
15078414
15078951
15080428
15080524
15085396
15085881
15088010
15088459
15088757
15089090
15089547
15092068
15092278
15092295
15092726
15095545
15097504
15097611
15103714
15103999
15105054
15105062
15106515
15106993
15107264
15110066
15111735
15112025
15113702
15119612
15120677
15120734
15121222
15121904
15124947
15126272
15128173
15129741
15132431
15132745
15132807
15133857
15136963
15138490
15145878
15146879
15148665
15149045
15155699
15156824
15158328
15159530
15160412
15161620
15162539
15165540
15168129
15168366
15173495
15174561
15174957
15178624
15178866
15181107
15181129
15181446
15182152
15183175
15184299
15185249
15188326
15192953
15193816
15196842
15198375
15199110
15201681
15202396
15206315
15213491
15214534
15222283
15223538
15223585
15227578
15228361
15231004
15231278
15232074
15233022
15233241
15241317
15242060
15246502
15250115
15251765
15251998
15253401
15253920
15255652
15256748
15257111
15257669
15257820
15257998
15259091
15259290
15260393
15265847
15268344
15268715
15268923
15270943
15274447
15275633
15276439
15278137
15281494
15282392
15284295
15284352
15294975
15295479
15296830
15297697
15299989
15303666
15304029
15307820
15309965
15310314
15312555
15321160
15321309
15325456
15327137
15334266
15341036
15341688
15343567
15344272
15344478
15347111
15347164
15350874
15356752
15357056
15361492
15362899
15367921
15368893
15369296
15371106
15373076
15374376
15375369
15378252
15378446
15378450
15379570
15380201
15381572
15381980
15385641
15386667
15392420
15394728
15403863
15406468
15408566
15410889
15411053
15412219
15421113
15422105
15426715
15426806
15429398
15430451
15430625
15436442
15437681
15438029
15441154
15444322
15444626
15450687
15452482
15455969
15458941
15459250
15460950
15462826
15467310
15468423
15470385
15472580
15474168
15475026
15478131
15480488
15480789
15481734
15481959
15487609
15489614
15492999
15494315
15495795
15497021
15502041
15502232
15505505
15507775
15509638
15511749
15512254
15514958
15515460
15517141
15517994
15524346
15525651
15526161
15526742
15527719
15528008
15535952
15536309
15544024
15547875
15549077
15551476
15553493
15557904
15559946
15560085
15561655
15563007
15565021
15566861
15568083
15568859
15574854
15575096
15575349
15578433
15581433
15585814
15594908
15595062
15596491
15598202
15598275
15598373
15599211
15599734
15602288
15603188
15606211
15608302
15609240
15610422
15610449
15610990
15613186
15615661
15618065
15618732
15629243
15629896
15633554
15635164
15639373
15642896
15646367
15649008
15649777
15653357
15653524
15654633
15656824
15657234
15672298
15674403
15676937
15677719
15680569
15682416
15682677
15683045
15686302
15686709
15686739
15687327
15690977
15693050
15697450
15697673
15699089
15701460
15704470
15705304
15711833
15713617
15716359
15720447
15721045
15722899
15723606
15724781
15730244
15733964
15735361
15735518
15736071
15738991
15740953
15742514
15742749
15743338
15747307
15753351
15754416
15758480
15763771
15765332
15765551
15768113
15771529
15777729
15778397
15780729
15789278
15793806
15794604
15796017
15803099
15803350
15803825
15804204
15804735
15812761
15816261
15822065
15823264
15823426
15824351
15824924
15828338
15829951
15830737
15831502
15835530
15837624
15840618
15843345
15848360
15848864
15849268
15850026
15853353
15853781
15855745
15858385
15859624
15862547
15863255
15863572
15865872
15868595
15872982
15875464
15880234
15883547
15885385
15885651
15887023
15887129
15887314
15889470
15891950
15900813
15904643
15906215
15917062
15918303
15919522
15919692
15922037
15924652
15925163
15926397
15927368
15930031
15935206
15935287
15939182
15945961
15946883
15947216
15948936
15949451
15949575
15950258
15950763
15952622
15954369
15955196
15956880
15958151
15958548
15958608
15960027
15963234
15967201
15967536
15968264
15972155
15975739
15977433
15979263
15980474
15981638
15981809
15983850
15989744
15995140
15995591
15995999
15997833
15998207
15999744
16000910
16001252
16004948
16005148
16007720
16011013
16012918
16015674
16015763
16016332
16016640
16017214
16017505
16020841
16023428
16024041
16024303
16025644
16026844
16027847
16028707
16030206
16034695
16034757
16034913
16042325
16044364
16044582
16046978
16048475
16048848
16048872
16049147
16050648
16051719
16051992
16058324
16058926
16060714
16064455
16064765
16065487
16067514
16067889
16069765
16070061
16070081
16075090
16075798
16077405
16082659
16087193
16090500
16092679
16093237
16096746
16099432
16100899
16101436
16102961
16104370
16104610
16105795
16106383
16106597
16106607
16107730
16108997
16109958
16112264
16112299
16114409
16117380
16117682
16118664
16123254
16123871
16123873
16126491
16126595
16127727
16132731
16133654
16136431
16136566
16138397
16140818
16141123
16141464
16142721
16150695
16152230
16153465
16156172
16156925
16158057
16158359
16159580
16160823
16161526
16163634
16163658
16166290
16168244
16173736
16173835
16176796
16177753
16179938
16182814
16186765
16187523
16189120
16189958
16190850
16191551
16192389
16192780
16194388
16194867
16196126
16198506
16198630
16199514
16206874
16207000
16209835
16210406
16212785
16226970
16227348
16231319
16233687
16235166
16235172
16235646
16236503
16236601
16238953
16240398
16241163
16242820
16245448
16248090
16248487
16248693
16250046
16250790
16254200
16265443
16265506
16266174
16269687
16277581
16281291
16283395
16283786
16284716
16285035
16285588
16286950
16287284
16288733
16293374
16294718
16294923
16297378
16297949
16298391
16300738
16301439
16302070
16302125
16304047
16304272
16306378
16309567
16309833
16310441
16310851
16312254
16313665
16315803
16316174
16318671
16319547
16322330
16322912
16327147
16328920
16329560
16332858
16333427
16334278
16338694
16338766
16338804
16346197
16346233
16346741
16349370
16350973
16351556
16358042
16361765
16362155
16366462
16367133
16367892
16369168
16369258
16370087
16370554
16372462
16372650
16375739
16376667
16378345
16379309
16382114
16382883
16385886
16386061
16386401
16389723
16390184
16390298
16391727
16393112
16393901
16397438
16397835
16398022
16398273
16398644
16399051
16399404
16400251
16402301
16403964
16407572
16408298
16410886
16412064
16412779
16414064
16415296
16417094
16417422
16420489
16423510
16425097
16427265
16432335
16433135
16433643
16438982
16438992
16439570
16445046
16447923
16451398
16452081
16453280
16455017
16456424
16458825
16459605
16460456
16462043
16462531
16466299
16467366
16467667
16469443
16471653
16475508
16478377
16478459
16479690
16480523
16481327
16481713
16483816
16488868
16489772
16491616
16495429
16499203
16499524
16503822
16505380
16510074
16510406
16510427
16511714
16512022
16513717
16513896
16515781
16519079
16520355
16520476
16524142
16526595
16527887
16529621
16536077
16536486
16538157
16541661
16542413
16542824
16543520
16545515
16545531
16546620
16548240
16549525
16552119
16552328
16555154
16557511
16557817
16562435
16562443
16563752
16569666
16573871
16574124
16574793
16575642
16577303
16577939
16581360
16581733
16584130
16585319
16587028
16589352
16591143
16592038
16593073
16596074
16596685
16597388
16597555
16598446
16598899
16604010
16604231
16605842
16607111
16609198
16609768
16610813
16612092
16612456
16612768
16612897
16616171
16616399
16620823
16623738
16624658
16624771
16634370
16637612
16637816
16641899
16645548
16646114
16651296
16654282
16654460
16655557
16657858
16659290
16659465
16659807
16662151
16662492
16663078
16663334
16664902
16666617
16668117
16672177
16673273
16674188
16674641
16675672
16678906
16679654
16679911
16681521
16682357
16682811
16684812
16686525
16687849
16693214
16693789
16696279
16697324
16697955
16699459
16700356
16700910
16706921
16710983
16718547
16722845
16723715
16723841
16724765
16725228
16726055
16727800
16728090
16733239
16735926
16736413
16736706
16736809
16737511
16739246
16742738
16743051
16744371
16745580
16746426
16747426
16747566
16748516
16750646
16750959
16752705
16757242
16759221
16760411
16762561
16766877
16767077
16768643
16770789
16771021
16771898
16779228
16780104
16780467
16784586
16789475
16795995
16796503
16797480
16797629
16798457
16799850
16800072
16802509
16802736
16804557
16805147
16806475
16806866
16809442
16810273
16811194
16815939
16817616
16821517
16821659
16822134
16822845
16825107
16826656
16828560
16828762
16829974
16840130
16841470
16844708
16848027
16849032
16855733
16861685
16863378
16866293
16867857
16868433
16869613
16869785
16869837
16870516
16873740
16875191
16877678
16884001
16888765
16888957
16890446
16891869
16893038
16893534
16893616
16895458
16897477
16899898
16901841
16906349
16908116
16910241
16912790
16913554
16913781
16915392
16919123
16919742
16926176
16927362
16928569
16928689
16931467
16931828
16932019
16932229
16933248
16936344
16936763
16937996
16940615
16942120
16943340
16943595
16945459
16947050
16948208
16950673
16950964
16951783
16954024
16957236
16959310
16960208
16960688
16961197
16972087
16973270
16973542
16974187
16974203
16974981
16977827
16979026
16979756
16981512
16981927
16983495
16983557
16985739
16985956
16989824
16996240
16998983
17000407
17000428
17001199
17001650
17002709
17004340
17004832
17006926
17008218
17008875
17009584
17011219
17011313
17011567
17014134
17014222
17016693
17018559
17021846
17022956
17024193
17024878
17025807
17027587
17028739
17028894
17029311
17029504
17030925
17032661
17032763
17033438
17034371
17034718
17037732
17040499
17043882
17045598
17047621
17049879
17050665
17050858
17051559
17051771
17052187
17054632
17056046
17057965
17058107
17058252
17059720
17064144
17066410
17069698
17071963
17072774
17072952
17072993
17078475
17079232
17080979
17082037
17084413
17086825
17087332
17089675
17098941
17102246
17102525
17103171
17103689
17104139
17105914
17105995
17106363
17106862
17114542
17114760
17115384
17116388
17120015
17120346
17122465
17123142
17123511
17123600
17124490
17125007
17125888
17127399
17131568
17134200
17138111
17138614
17138656
17139645
17141245
17142357
17144232
17144606
17144912
17145928
17147195
17147804
17148139
17149347
17155733
17156318
17157052
17157575
17158888
17159321
17160385
17161238
17162309
17163014
17164582
17166043
17166154
17167364
17169638
17172128
17177476
17178169
17178602
17183117
17188488
17189478
17191645
17192634
17194309
17194712
17195821
17203277
17204329
17205173
17206297
17208826
17209565
17212467
17213877
17217889
17220856
17225322
17229915
17231291
17231814
17232445
17238517
17240258
17242806
17242848
17243284
17244553
17248725
17253742
17255734
17256563
17259852
17260301
17263865
17264414
17268160
17270631
17271454
17272456
17272928
17273140
17274036
17274303
17279171
17281157
17283265
17284347
17289269
17292340
17296765
17297051
17298435
17301665
17302072
17304496
17304755
17307615
17311602
17313061
17316680
17318908
17318994
17319008
17320787
17324546
17326308
17327652
17330039
17331088
17333230
17340485
17341950
17342739
17342873
17343973
17344025
17351818
17353547
17360022
17361325
17366652
17367902
17370955
17370971
17372248
17377321
17378352
17378666
17378692
17378782
17384564
17384863
17385046
17386849
17388848
17391252
17391318
17393434
17394838
17396789
17399605
17401930
17407446
17408104
17408271
17409693
17412651
17414284
17415618
17417150
17418022
17419200
17425373
17426983
17427101
17431895
17432281
17433258
17434512
17441132
17446388
17449036
17453139
17453725
17455617
17455644
17456645
17456871
17458845
17459011
17464552
17465166
17465379
17467603
17467778
17468102
17468856
17469631
17470732
17473694
17473773
17474459
17474977
17476133
17476492
17478278
17479581
17481214
17487675
17488168
17490056
17491138
17493357
17494760
17498086
17499692
17500766
17501709
17501962
17502778
17503968
17506568
17510203
17511030
17511506
17512291
17512975
17516337
17516547
17517438
17520352
17520878
17520960
17525741
17526177
17528339
17529513
17529679
17531683
17533138
17533726
17533772
17535678
17535848
17539009
17540385
17542188
17545667
17547862
17550675
17550990
17552215
17553029
17554224
17554726
17555723
17557841
17559228
17561874
17562593
17566650
17571830
17572941
17574276
17575773
17576067
17581735
17584047
17585775
17586700
17593513
17594063
17595049
17595087
17599208
17602473
17604436
17604749
17605813
17608571
17609685
17617080
17618610
17619091
17621764
17623111
17623781
17624301
17624588
17625877
17625937
17626200
17628244
17628785
17629277
17630970
17632587
17632853
17637074
17643357
17644885
17645302
17650278
17651316
17652211
17652804
17660772
17661273
17662089
17667645
17668611
17671044
17672182
17673250
17673755
17674196
17675930
17677318
17677497
17677888
17680211
17684154
17686647
17686780
17687460
17689664
17689886
17690568
17693143
17694419
17699433
17700630
17702290
17702959
17703410
17706151
17706825
17707901
17709377
17709490
17712437
17712531
17713787
17714007
17717235
17717789
17719255
17719909
17724010
17724408
17728088
17734209
17734496
17738617
17741330
17741893
17747808
17750582
17750769
17751697
17752212
17755503
17756915
17759164
17760322
17762736
17763298
17765954
17767004
17768237
17768339
17771458
17775249
17776536
17777927
17780456
17783013
17784194
17784889
17787522
17788350
17788438
17789174
17795797
17802036
17810292
17810992
17815179
17815896
17816303
17816800
17818263
17818505
17820256
17820467
17821692
17824825
17825730
17828707
17835193
17836869
17839231
17839343
17842242
17842452
17845935
17848065
17849215
17853816
17855658
17857102
17863193
17866065
17866635
17867319
17868070
17870507
17870707
17870941
17873114
17873161
17873607
17876212
17877957
17877964
17878130
17880738
17882912
17884004
17887035
17888020
17888629
17889566
17891873
17893949
17894677
17896065
17896736
17896967
17897915
17900076
17900619
17904643
17907750
17911155
17911419
17912633
17913614
17915464
17920193
17921462
17921478
17921524
17924248
17924389
17925725
17927318
17930962
17932497
17932883
17936161
17938591
17941729
17942365
17946742
17948170
17952640
17954003
17954835
17956440
17956703
17958900
17959175
17959913
17961099
17963389
17965855
17967656
17968613
17968813
17969187
17970962
17972407
17977370
17978148
17984893
17986095
17988548
17993217
17993400
17994162
17994276
17998784
17999987
18000503
18001143
18003405
18004665
18004896
18006171
18006739
18011339
18012564
18013741
18017837
18018772
18021345
18022098
18022947
18023318
18026641
18027888
18028487
18032483
18032506
18032591
18034229
18036071
18037757
18039646
18040524
18041320
18041644
18043571
18044381
18049961
18050429
18051103
18051381
18051761
18064632
18065062
18067955
18068962
18072985
18074011
18077026
18077094
18080885
18085037
18085346
18085546
18085584
18086486
18096900
18097015
18097785
18099773
18100959
18102352
18102864
18103509
18106774
18107763
18108050
18112554
18114734
18118431
18119898
18120212
18121313
18122582
18123422
18124819
18126009
18127373
18128374
18129438
18130403
18130725
18132472
18132473
18133516
18136740
18140107
18140687
18142011
18149281
18150223
18151727
18154408
18154421
18155470
18156326
18157746
18158845
18167555
18167646
18169548
18171809
18173123
18175181
18176100
18176418
18176436
18176991
18178359
18179148
18179168
18181196
18183241
18183669
18187740
18188422
18189307
18193783
18195697
18195752
18196919
18201225
18201925
18203540
18204342
18206695
18207476
18209650
18211980
18213214
18214414
18215731
18215761
18217114
18219256
18221524
18222507
18224414
18227491
18228707
18228906
18230035
18231231
18234286
18237973
18239247
18239976
18241405
18243547
18243550
18243766
18244040
18246049
18250071
18250409
18254991
18257182
18259576
18260021
18260450
18263854
18265755
18266124
18267787
18269433
18273816
18275703
18287750
18288660
18295295
18297184
18297864
18300379
18300668
18304266
18304326
18306812
18307784
18312103
18312272
18314859
18315629
18322606
18326818
18327760
18328240
18329804
18332889
18336372
18337345
18338448
18338711
18338857
18339852
18340645
18342748
18347080
18347336
18347984
18348299
18353243
18353552
18353908
18358099
18359736
18360842
18362871
18366343
18366393
18370415
18374565
18374585
18382905
18390253
18397547
18397826
18399347
18400419
18404626
18408049
18412539
18412876
18418074
18419504
18420137
18420194
18422175
18422737
18423522
18425699
18426101
18427512
18427981
18435893
18439374
18446772
18450112
18451101
18452224
18452305
18454103
18455947
18458197
18459564
18461410
18462059
18462900
18463347
18468416
18470696
18474227
18476788
18479798
18481185
18483629
18484298
18484992
18485229
18488013
18488034
18488393
18490839
18492690
18496959
18497921
18506863
18509743
18510291
18514256
18514966
18515688
18518097
18519168
18519305
18521426
18523357
18525222
18528253
18530434
18530709
18533741
18539738
18540832
18541470
18541674
18542426
18543934
18544135
18545761
18546181
18547843
18548348
18549093
18550905
18551314
18551634
18552938
18553753
18554683
18555039
18555769
18555900
18558455
18558511
18560578
18561373
18561536
18565490
18565989
18568229
18569928
18570133
18572123
18572785
18577433
18578569
18579766
18582677
18582759
18583195
18583378
18583759
18584580
