1133
3930
5715
11322
13098
14427
21490
22960
24903
25792
26212
27401
29639
29956
30430
30503
31878
32265
34207
34375
34625
34755
34972
37971
38764
39177
42699
45183
47723
48509
48756
51964
52672
55606
56079
58911
59022
59739
61526
65048
67514
71381
73655
76980
77302
85497
85532
86912
92771
94496
95658
96494
98761
101504
101793
103042
104164
105629
106714
109245
110040
110776
112089
115540
118138
121362
122824
124677
125363
128342
131338
131857
133109
134204
137158
140680
141562
143849
145529
147089
148427
148785
150860
153035
158888
160733
162650
163001
163468
163931
164472
167569
168586
171639
173540
174275
174583
175282
178795
178991
179261
181206
182846
184337
185158
185931
188137
190070
190810
191198
192864
195830
198169
199168
200082
204925
206005
209118
209976
210375
213234
215453
217788
220621
221442
221488
221797
221912
222057
223471
226291
227202
228312
229044
229477
232311
233396
239431
246188
248657
249480
251786
252201
253015
254845
255312
257372
257650
259290
260108
260350
261147
261426
262760
266133
269650
273225
273230
274497
275089
275728
275872
282827
291786
294359
294834
295265
297668
300398
302265
303676
305180
305887
307843
308657
308758
309246
309283
311671
311694
314748
319118
321002
322245
322329
322749
327694
328758
329266
329858
329943
331936
333990
336031
340825
346257
349519
350400
351731
353365
356812
359614
361495
363184
363292
367364
369181
370287
371211
371317
372575
373345
374034
375951
380518
382698
384420
385346
387540
387560
388893
391987
392037
394183
394945
395291
396400
397302
397443
399861
402487
402984
403986
407283
408881
409936
410203
412414
412642
418090
418891
422139
423640
425062
427256
428016
437883
438270
439152
439851
439862
440055
440517
444852
445807
446114
446150
448439
451590
453946
454468
458113
459749
462307
463248
469124
469243
469848
471866
474499
475739
479495
479606
482150
482914
484994
485060
487428
488598
491655
493409
494057
494741
495902
496586
497388
498701
500195
504986
505401
506483
506512
508054
513203
517811
519697
519810
522929
524291
525555
528214
531101
533067
533333
536953
542885
545266
545439
546154
550890
551863
554087
555615
556269
559077
559742
560432
564197
567767
568436
569606
569739
575879
576111
579502
583375
584041
586736
587132
588216
589622
590655
590943
591749
592044
593185
594602
600950
601016
601771
604544
605206
606146
607021
608316
608358
609275
609422
611635
613173
613812
618427
623059
623414
623876
626171
626353
626440
628054
630886
631375
632728
633107
637876
638917
641733
642120
643520
643597
643892
649904
650597
653250
658409
662215
662650
664935
671036
671368
671836
672890
673347
677762
679188
680611
680633
681175
681681
685535
687620
691434
693953
695557
696212
702224
704168
710823
712071
713861
718770
719348
720461
720670
722733
724259
728233
729428
730339
731501
736245
738835
739392
742152
745584
749600
749854
751881
756083
757766
757914
759884
760378
762267
765286
765612
766756
768291
773115
774507
774592
775221
779266
780304
780387
780955
782199
784286
785286
785400
789370
790394
793739
794788
799177
801338
802959
804500
809895
812288
814787
816598
820169
820346
823054
823473
825153
827672
831273
832920
835407
835762
836773
837963
838263
840719
841514
843801
844109
850584
851505
855741
858376
858592
860001
860354
860480
863811
864206
868272
869625
874505
875032
877833
880209
881664
885353
886014
890010
890506
890621
894167
894569
896018
897329
897864
898760
900063
908050
908329
910838
911082
911302
915386
917157
917550
920213
921723
921953
923719
925623
926676
927967
928567
930896
931459
937269
940926
943120
943804
954424
954641
958824
958969
960634
963486
967769
967992
968284
971141
972738
974444
975509
976082
976611
980544
980615
982940
985202
989468
993489
996454
997034
997064
1005923
1006347
1006562
1011408
1011676
1012358
1013757
1014012
1016331
1017848
1020332
1022310
1026424
1028235
1029716
1030190
1034333
1038016
1038364
1040325
1043682
1044387
1045385
1045644
1047609
1047812
1049716
1052620
1055487
1056871
1063707
1064835
1065895
1067255
1067507
1068399
1071712
1073401
1074635
1075349
1076107
1076411
1077455
1081505
1086889
1087252
1087672
1090976
1097342
1097771
1099884
1102307
1103406
1103696
1103697
1105112
1106659
1108562
1110564
1111130
1113397
1113404
1114977
1116168
1116615
1120628
1121765
1122834
1123509
1127857
1132683
1135967
1142155
1142464
1143444
1149641
1152069
1153386
1153433
1158046
1161492
1161531
1161991
1168103
1169636
1170588
1170788
1176073
1176314
1177742
1179396
1180167
1183514
1184257
1185847
1187913
1189184
1191650
1196026
1196935
1197802
1198878
1200498
1200708
1205550
1205966
1206412
1208524
1213195
1213851
1216059
1217380
1217668
1219438
1220930
1222180
1225002
1227756
1234757
1237861
1238048
1239300
1240289
1242124
1247208
1247653
1252935
1254710
1255683
1259525
1260034
1260630
1261662
1262017
1263374
1267128
1277227
1278923
1279327
1279972
1283943
1284597
1287199
1293321
1293665
1294650
1295287
1296300
1298729
1302118
1307825
1309155
1309744
1312847
1313700
1314458
1314869
1315389
1316285
1318552
1320185
1321320
1322817
1324711
1325709
1326378
1327336
1329760
1329772
1334094
1335896
1336193
1339607
1341471
1343229
1343998
1344494
1348980
1349527
1351293
1352435
1353424
1354699
1355264
1358280
1362349
1367814
1368019
1369840
1371270
1376180
1379744
1382660
1383219
1385944
1386360
1388379
1388978
1390646
1392916
1397483
1397929
1398390
1400084
1400796
1403867
1405940
1405974
1407899
1411106
1412580
1413680
1414583
1416454
1418372
1420223
1421251
1422489
1425551
1429773
1431008
1431650
1432264
1434741
1440221
1443824
1445803
1448511
1449501
1450021
1451366
1453902
1458919
1459238
1459455
1460887
1461258
1463069
1464872
1466638
1469588
1471049
1471866
1472115
1472325
1473751
1474983
1477965
1478454
1480697
1484665
1485177
1485802
1489249
1492992
1495487
1500847
1501702
1501964
1502510
1507206
1508401
1509579
1511951
1515346
1521382
1522576
1524268
1533631
1540158
1542409
1545123
1548697
1551730
1552731
1552959
1553213
1555010
1555700
1561593
1561904
1563915
1568206
1568600
1569328
1573944
1574432
1574523
1582515
1587428
1590221
1594923
1595284
1595307
1595460
1595605
1598441
1599582
1599953
1603244
1608926
1610159
1615195
1615418
1615822
1616001
1616356
1620516
1621942
1622261
1622385
1623387
1626430
1627346
1627914
1627940
1631995
1634110
1635183
1635425
1636579
1637301
1637484
1637717
1640763
1643589
1647742
1648533
1653943
1654389
1654493
1656034
1656428
1656452
1660074
1661412
1661514
1666037
1668391
1670839
1671195
1673543
1674774
1683820
1684411
1685967
1694400
1698474
1700366
1701343
1701715
1702195
1702697
1705216
1706371
1708937
1711399
1712032
1712260
1713752
1714600
1716585
1717654
1719201
1721242
1724328
1725154
1730487
1730987
1731145
1733636
1735094
1735165
1735627
1735808
1738108
1739899
1740843
1741613
1742728
1743291
1743597
1743723
1745066
1745146
1747301
1749638
1752858
1758277
1765374
1766800
1769521
1773149
1774486
1776477
1780431
1780916
1782425
1784009
1784112
1785506
1785549
1787142
1788481
1790973
1791100
1793454
1795770
1796113
1796549
1797175
1797305
1798517
1802249
1806159
1807643
1808290
1808294
1809071
1815504
1816228
1818491
1819501
1819844
1822596
1823572
1824422
1825809
1828972
1833361
1835652
1838770
1839305
1844997
1846734
1847449
1847682
1847979
1851099
1854797
1856995
1859316
1859475
1862272
1865415
1865987
1866383
1867486
1868495
1871204
1875967
1876056
1877430
1882655
1883370
1884166
1885342
1886164
1886842
1887178
1887247
1895419
1897903
1903388
1906384
1907004
1908118
1908370
1909505
1910639
1911795
1912148
1912566
1914171
1918090
1920287
1920678
1920796
1920932
1921698
1924117
1924513
1924650
1926403
1928925
1929533
1933674
1935784
1939537
1939749
1942250
1945087
1947788
1948714
1952239
1957929
1958444
1959090
1960170
1961712
1963111
1963983
1964245
1967951
1968986
1974181
1976917
1980594
1981291
1984365
1985062
1986863
1987541
1988479
1988872
1992925
1995644
1995893
1997185
1997936
2000674
2005655
2005767
2006554
2006909
2009833
2012503
2013320
2013595
2015829
2017832
2023050
2024225
2028040
2034331
2035708
2037424
2037473
2037939
2039581
2040077
2044985
2045226
2046667
2049651
2050378
2051735
2053568
2054404
2055257
2055373
2055531
2060579
2060687
2065893
2069503
2069978
2070622
2071215
2072952
2074045
2074620
2075416
2075557
2075615
2076395
2079056
2087121
2087336
2088698
2090381
2091057
2092873
2094137
2094603
2095114
2096115
2098615
2099492
2105372
2108450
2111931
2112144
2115787
2119347
2122131
2123928
2129243
2137373
2138873
2138987
2142122
2143870
2145080
2148435
2152785
2153250
2153370
2156532
2156871
2159853
2160295
2168814
2170729
2174880
2174924
2176493
2180331
2180759
2183661
2183992
2186475
2188252
2189538
2189629
2190675
2194083
2197349
2197523
2198923
2199819
2200050
2202415
2206001
2206372
2209392
2209595
2214070
2215728
2215900
2218367
2221009
2223091
2223897
2224622
2225023
2228592
2229002
2231991
2236070
2236342
2237619
2238428
2240211
2241409
2244092
2244219
2244291
2244679
2244924
2245928
2251684
2252356
2252524
2253020
2253158
2253247
2254840
2255799
2256474
2259380
2261939
2262190
2263111
2263167
2265307
2268597
2273422
2277179
2277702
2277867
2279090
2281869
2282034
2283068
2283354
2286483
2287071
2287838
2296890
2297565
2299333
2300704
2301675
2301710
2305969
2306217
2306663
2307211
2307450
2309811
2314847
2321208
2321791
2325329
2326187
2328782
2329630
2338277
2339481
2340036
2341447
2343352
2343716
2345421
2348795
2349028
2350036
2351557
2351601
2357860
2358251
2359293
2360732
2362304
2366791
2368133
2369131
2371532
2371899
2374554
2379900
2381378
2387760
2393601
2395313
2395974
2396514
2398229
2398895
2401451
2401486
2401859
2404326
2404662
2404907
2411998
2416052
2416286
2417407
2417999
2419050
2419426
2421709
2425552
2426911
2427186
2429120
2430620
2431611
2432102
2435017
2435805
2437374
2440912
2442452
2442832
2444147
2446104
2447789
2448616
2449123
2449566
2449627
2451319
2452679
2452825
2454581
2455470
2456272
2458206
2460648
2461500
2462408
2463396
2464351
2464722
2472100
2472149
2473277
2475716
2476341
2476618
2476635
2477103
2478968
2480942
2482946
2484099
2485152
2487837
2487952
2488401
2490558
2491161
2493082
2495621
2495739
2497997
2498987
2500660
2500738
2501952
2503436
2506095
2506473
2509326
2510220
2511292
2512788
2514118
2516214
2517499
2519935
2521454
2522059
2525497
2530918
2531848
2536243
2537199
2538170
2544134
2544308
2544756
2545204
2545341
2547392
2549038
2549074
2550086
2552382
2553557
2553569
2555915
2558407
2559253
2559914
2560387
2560731
2562073
2565106
2566990
2567618
2570004
2570698
2571769
2577882
2583496
2584935
2586015
2592772
2593674
2595404
2600825
2600869
2601263
2601296
2601775
2602692
2603287
2605580
2609148
2610581
2611111
2612360
2614649
2615903
2617913
2619746
2620189
2620543
2622648
2623905
2624443
2624760
2625082
2626934
2626949
2632487
2636525
2640639
2643203
2649412
2649493
2650951
2655558
2656384
2657731
2658086
2658177
2661484
2661507
2662712
2664781
2666121
2668495
2670203
2672058
2674720
2675860
2676349
2677532
2677583
2682544
2682559
2682917
2684110
2685617
2689127
2689435
2689937
2692028
2692672
2693416
2693686
2694306
2694697
2696615
2697449
2699173
2707516
2712858
2713623
2713686
2716454
2716846
2718266
2719317
2719479
2722623
2724456
2724803
2726095
2729293
2729363
2730585
2732679
2732864
2734434
2734621
2735933
2736940
2739370
2741377
2746223
2749329
2753068
2754415
2754640
2755313
2756834
2757908
2761101
2762313
2766696
2767154
2767516
2767911
2768270
2770580
2773429
2773723
2775517
2776608
2776863
2777675
2778103
2782922
2783748
2784926
2790455
2795775
2796438
2796706
2797029
2798364
2806460
2807506
2807893
2809388
2810854
2810857
2811750
2812013
2813320
2815603
2816170
2816311
2817152
2818764
2818992
2819124
2821863
2822426
2823109
2824942
2825431
2827273
2828358
2838777
2841926
2843601
2844485
2853183
2854698
2858552
2863524
2865970
2876855
2879285
2880170
2880996
2887887
2888024
2889709
2890738
2892728
2893261
2894801
2897421
2898768
2899793
2902593
2905857
2909746
2910895
2911793
2912431
2912557
2913668
2916747
2917493
2919264
2919706
2922199
2923033
2923177
2926006
2928093
2928366
2929499
2936154
2936406
2940398
2944853
2944875
2945586
2946502
2948106
2948869
2949614
2950481
2953377
2954438
2957761
2963525
2965066
2971299
2971872
2972110
2972962
2974552
2976967
2979280
2980703
2984502
2984594
2984633
2988365
2989243
2989696
2990958
2991034
2992525
2992761
2994961
3007148
3008164
3010562
3012069
3013239
3016425
3016972
3020506
3022858
3023660
3023916
3024321
3026858
3027542
3027875
3029742
3031130
3032003
3036452
3037052
3037158
3038302
3038323
3041647
3043143
3044301
3045288
3046629
3046849
3048978
3049569
3052856
3057826
3060642
3060781
3063094
3065309
3067879
3070207
3070437
3070590
3070755
3070775
3072109
3073986
3074172
3074766
3075804
3077156
3081524
3082063
3083088
3085922
3090407
3092685
3093176
3099944
3100594
3106883
3109707
3110354
3115827
3117943
3118960
3120616
3130120
3135264
3137348
3139387
3142646
3143418
3145656
3148635
3150692
3151361
3151455
3151859
3152664
3153743
3154436
3154968
3156598
3157213
3158416
3161222
3161240
3161808
3162625
3163733
3163804
3165536
3166936
3170365
3171638
3173400
3175301
3176675
3177702
3180338
3181525
3181976
3183274
3185665
3192464
3192660
3192817
3193886
3194197
3196062
3200663
3203724
3206737
3206974
3207829
3207947
3211749
3214420
3216409
3217127
3219102
3219341
3220344
3220749
3222420
3222931
3223053
3225244
3225413
3227096
3227532
3228305
3231716
3233908
3237115
3238467
3239905
3241924
3242883
3242927
3243288
3244452
3245797
3245800
3247383
3247870
3249830
3254305
3255199
3256685
3257521
3257873
3260149
3266737
3269651
3269962
3271737
3272519
3285974
3286410
3288812
3288851
3296585
3296946
3299646
3301758
3302582
3308035
3314572
3315440
3316406
3322267
3327990
3328284
3331845
3332709
3333441
3335439
3341693
3341894
3342644
3342962
3344716
3345628
3350751
3355097
3360038
3361625
3365697
3365703
3365843
3366208
3370370
3371594
3372133
3372174
3372627
3373244
3373936
3374856
3382467
3387804
3391148
3392391
3395100
3397605
3398589
3400514
3402866
3406125
3408210
3408619
3415386
3416003
3416469
3416932
3419286
3421921
3422518
3426925
3427732
3427929
3429089
3430585
3432500
3433145
3433319
3433518
3434605
3436834
3438778
3438920
3439876
3440649
3440784
3442746
3444397
3446207
3446734
3449836
3450115
3452302
3452943
3453113
3458856
3460083
3464200
3465629
3467389
3469448
3470134
3472218
3474592
3479688
3480631
3481048
3482578
3483727
3483828
3484037
3484278
3485724
3487587
3492216
3492329
3492599
3493035
3494548
3497284
3497362
3498644
3500786
3500903
3501377
3501881
3502941
3503577
3504290
3505696
3506467
3507309
3509592
3511008
3516762
3517304
3519772
3520235
3520251
3520475
3521330
3522082
3522491
3525065
3527013
3528103
3530355
3532403
3533424
3536832
3538447
3539447
3543050
3550440
3553496
3554337
3556191
3558139
3560704
3562462
3566668
3568581
3569301
3570004
3570158
3574024
3574698
3577629
3578779
3578983
3581186
3581497
3585236
3589273
3589501
3591733
3593178
3593234
3593278
3593281
3594694
3596236
3597512
3598589
3600122
3604232
3605925
3606441
3607208
3610047
3610806
3612130
3613525
3613864
3614192
3615941
3619666
3621148
3626092
3626186
3626311
3627735
3627997
3628656
3629362
3629771
3632189
3632777
3632815
3633452
3636531
3637936
3639027
3643599
3646145
3647716
3649274
3649718
3649733
3650000
3650968
3660611
3661232
3663019
3663862
3666588
3666989
3669707
3670637
3673425
3673552
3680265
3681419
3685508
3686059
3687459
3689138
3689509
3690743
3697961
3699654
3699849
3700863
3701140
3701953
3703697
3704744
3705079
3711017
3712674
3714545
3715713
3715991
3717235
3718323
3719104
3722283
3722515
3724379
3727920
3729950
3740541
3741093
3743397
3743401
3745704
3752168
3753575
3758883
3759815
3760646
3763040
3764255
3765181
3770015
3771608
3772711
3774566
3775777
3775944
3778135
3785427
3788708
3788816
3789497
3790090
3790473
3790499
3794211
3799345
3800281
3800789
3801683
3805174
3808380
3808624
3810709
3812821
3813242
3817872
3820758
3822053
3825800
3828145
3829047
3830169
3832458
3833635
3834909
3837089
3838565
3841325
3845773
3847456
3850654
3855915
3856606
3857869
3860570
3865266
3867171
3869004
3869036
3870656
3870874
3873704
3873830
3874062
3876186
3877653
3879411
3882637
3883098
3887623
3889970
3890226
3897186
3898811
3902144
3912866
3918146
3919556
3919807
3926664
3926681
3928613
3928701
3930779
3935508
3940691
3942649
3943031
3945527
3947823
3949223
3949291
3953023
3957212
3957579
3959322
3961218
3961255
3961767
3962571
3962994
3963446
3964324
3965486
3966569
3967233
3970502
3971050
3971097
3971288
3971369
3971581
3974003
3974207
3975420
3975610
3976053
3977504
3982643
3982981
3985920
3986016
3991847
3994393
3996052
3996107
3998298
3999636
3999840
4000600
4002014
4004946
4005366
4006195
4022462
4022778
4023174
4024191
4024584
4025685
4027150
4029773
4032265
4032981
4037233
4037743
4039754
4040121
4049759
4052798
4054426
4056226
4057392
4058167
4058509
4059153
4065059
4066625
4067925
4068670
4069268
4069577
4070527
4071299
4075913
4077290
4078223
4078957
4080688
4080883
4083604
4084500
4085124
4087504
4093510
4096503
4098882
4098929
4099568
4104154
4108721
4109230
4109777
4112060
4113531
4114597
4116174
4116437
4117916
4120189
4121773
4121949
4126280
4127953
4129596
4133134
4135765
4136074
4136830
4138113
4140468
4141666
4145491
4149251
4150685
4153605
4153801
4154396
4155943
4160965
4163874
4164489
4165143
4166123
4166405
4167017
4167796
4168173
4168451
4172404
4172741
4178494
4183526
4184793
4185097
4187964
4190706
4191921
4192693
4193254
4194156
4198192
4198556
4199954
4200585
4204731
4205237
4206863
4207252
4210608
4211660
4215261
4216301
4217776
4219845
4223082
4224450
4224661
4225221
4225821
4226591
4231232
4232014
4235544
4238243
4239530
4240000
4242114
4242224
4242568
4243611
4243911
4244621
4247688
4254122
4260067
4261664
4262465
4262712
4267834
4269760
4270755
4274273
4274290
4275177
4275703
4276037
4276087
4278715
4279005
4286239
4289488
4290924
4292936
4293606
4293741
4293840
4294992
4295822
4296288
4299630
4302099
4304270
4308103
4308936
4311038
4317811
4319813
4322081
4323137
4331352
4335409
4337806
4340147
4340721
4342346
4350797
4350834
4351422
4351767
4352629
4355437
4356819
4358456
4358940
4362205
4362372
4363719
4364255
4366923
4369694
4370370
4372690
4373446
4376635
4378104
4378287
4378955
4382502
4383058
4383251
4383764
4385551
4387973
4391558
4393857
4396017
4397631
4399005
4399066
4399438
4400171
4401611
4405871
4407329
4407734
4407766
4409962
4409991
4410940
4411728
4412107
4412988
4414034
4414898
4417130
4420372
4421753
4425236
4426059
4427680
4428176
4428790
4429022
4430349
4434340
4435413
4438502
4441927
4443747
4444780
4445928
4447906
4447916
4449192
4450385
4451564
4452282
4452310
4455120
4456966
4459590
4461779
4463961
4468152
4468920
4468936
4470243
4470540
4471969
4473686
4475179
4475992
4478179
4480629
4482489
4484402
4484855
4486190
4491018
4495086
4499556
4500060
4500128
4501194
4501331
4502063
4502224
4505530
4514376
4517022
4519532
4524810
4528238
4528387
4528593
4530348
4532426
4532706
4532896
4533182
4537763
4539177
4541957
4543684
4546663
4546966
4549069
4549075
4549301
4550215
4551859
4558564
4558753
4563267
4564014
4568554
4568893
4569219
4572711
4573795
4575358
4576832
4580596
4582153
4583211
4585218
4589555
4591617
4591887
4592551
4593321
4593964
4594293
4595477
4596461
4599048
4599419
4604653
4605228
4605481
4606296
4606344
4606838
4607093
4609700
4614662
4616398
4619162
4620277
4621850
4622404
4630639
4631264
4631286
4631397
4634468
4634631
4635575
4635828
4640258
4642290
4644103
4644684
4645171
4645244
4645555
4645641
4645764
4647762
4647929
4648475
4648782
4649842
4650811
4653536
4653991
4654963
4657510
4661201
4661816
4664897
4666135
4668373
4668629
4668980
4669964
4670126
4673796
4674626
4678295
4679273
4685358
4685722
4685981
4686609
4687523
4698918
4701844
4702009
4702326
4702571
4703004
4707714
4708109
4708424
4709109
4710020
4712812
4713716
4714341
4717182
4717197
4719804
4723580
4725687
4726383
4728178
4729845
4732329
4734644
4734663
4736322
4737155
4738272
4739653
4741823
4742012
4742221
4743029
4743736
4746994
4747259
4747579
4749098
4750728
4752035
4752126
4752511
4755281
4757083
4759514
4760860
4760873
4763136
4764446
4765840
4767693
4776391
4776991
4779727
4780284
4782843
4784486
4786675
4790278
4795167
4800498
4803053
4804706
4805073
4805315
4805685
4808440
4811211
4814103
4814659
4814904
4815168
4815719
4820259
4822564
4827000
4827505
4828228
4828816
4830860
4831225
4831546
4835182
4835986
4837111
4837810
4837966
4843724
4846342
4849662
4852101
4853258
4853461
4856146
4859211
4868148
4868213
4869186
4870734
4870804
4871148
4873538
4875804
4877164
4877601
4880631
4881775
4882295
4882958
4883236
4883795
4889844
4890173
4891028
4898254
4900302
4900338
4900793
4901551
4902829
4903213
4906229
4908296
4908538
4910470
4912511
4913460
4913484
4913491
4917824
4918713
4919981
4924580
4925062
4926522
4926816
4927925
4929556
4929745
4930367
4932309
4934213
4935515
4935633
4938311
4939903
4939955
4939979
4940340
4942506
4942968
4944832
4946092
4946200
4946250
4946635
4948042
4951051
4954873
4956461
4958380
4958979
4960243
4961676
4965662
4966866
4969549
4969846
4976216
4976764
4977831
4979727
4980861
4984604
4984955
4985802
4988160
4990871
4992162
4992785
4996788
5006244
5011197
5012291
5012640
5016023
5016516
5020493
5021659
5022772
5025291
5028471
5029342
5032707
5035242
5036985
5037907
5038915
5040245
5040778
5040977
5044627
5044768
5046545
5047394
5049620
5051947
5056324
5056354
5058843
5067410
5071554
5071927
5072007
5073695
5074462
5076182
5077121
5080451
5087581
5088127
5091276
5092229
5093187
5098844
5099497
5100205
5101046
5102966
5103435
5103518
5103705
5105285
5107826
5108522
5109320
5109952
5110435
5110604
5110867
5111474
5113625
5115154
5122694
5122954
5129718
5129822
5131264
5133859
5134558
5136734
5136792
5138332
5138441
5139218
5141731
5145756
5146642
5147396
5147448
5148701
5148880
5149858
5150721
5152589
5155668
5158004
5160979
5162051
5164920
5166348
5166771
5169716
5169810
5169961
5171074
5176703
5177976
5178295
5179216
5182131
5182364
5184847
5187268
5187623
5191325
5192040
5192306
5193717
5194264
5194276
5194424
5195572
5199116
5200223
5200603
5201799
5211289
5211965
5214451
5215131
5216430
5217056
5217903
5217937
5218180
5222661
5222803
5224762
5225352
5225943
5226451
5227996
5229417
5235324
5236222
5238823
5240849
5241102
5241956
5243448
5245565
5250902
5255830
5256046
5258383
5259693
5263011
5263395
5264031
5266387
5272225
5276176
5276577
5280305
5280367
5284341
5289163
5289167
5293767
5294553
5295661
5302784
5304850
5306453
5308354
5309646
5312022
5315227
5315767
5320516
5321798
5322170
5323973
5324426
5325557
5328437
5328508
5332997
5334077
5334163
5336550
5337821
5339283
5341943
5346789
5348889
5350100
5350196
5350400
5350529
5352921
5353810
5359554
5365913
5366438
5370112
5370136
5370429
5371539
5371932
5372306
5372923
5379046
5381567
5382774
5382779
5387993
5388704
5389150
5392611
5392656
5393259
5393813
5393949
5395924
5396942
5398872
5405142
5405737
5408900
5410632
5412348
5416263
5420907
5425381
5426425
5426670
5428200
5430045
5432394
5436768
5437365
5438444
5441996
5443227
5448083
5448526
5451203
5451961
5454591
5454803
5461083
5463232
5464997
5471648
5473591
5476820
5480858
5485366
5485617
5485758
5492534
5493236
5494521
5499988
5500364
5502121
5503732
5504333
5513313
5514336
5514681
5514965
5515049
5515821
5516952
5521115
5523543
5525364
5526002
5528280
5530757
5535192
5536680
5539813
5540432
5541024
5542129
5544595
5546645
5549484
5550773
5551379
5552514
5553747
5556121
5556520
5556544
5556620
5559744
5561332
5566965
5567566
5570251
5572338
5573505
5575374
5576419
5576498
5576869
5581518
5583878
5583971
5584677
5588675
5589318
5589803
5590499
5594215
5594597
5595574
5599092
5603731
5603962
5606274
5608552
5609304
5610134
5612199
5615097
5617597
5619200
5619319
5620040
5620716
5625776
5627263
5628736
5632711
5633152
5635889
5637101
5637376
5638028
5638833
5640089
5643057
5643505
5646630
5647153
5648359
5649648
5650361
5651688
5651915
5655252
5656736
5656745
5657050
5664345
5664915
5667257
5670814
5672928
5676325
5676352
5677887
5679299
5679310
5681748
5684586
5688446
5688773
5689815
5695783
5695902
5702298
5702363
5702699
5703498
5703558
5707063
5709476
5710703
5710942
5711403
5714685
5714749
5719820
5721158
5727423
5728655
5734831
5734915
5735786
5736160
5737857
5739478
5739873
5741728
5743980
5744420
5745148
5747081
5748040
5749296
5750951
5752784
5753820
5759245
5762073
5765436
5769130
5772780
5772906
5773312
5774415
5779476
5780430
5780849
5781260
5781615
5782424
5786542
5787447
5789504
5794902
5801164
5804063
5807686
5808821
5809359
5811436
5812094
5814720
5814729
5815208
5818154
5818761
5820958
5822934
5826745
5828035
5828289
5829424
5835265
5837868
5838933
5842994
5846062
5846510
5849637
5852122
5855343
5858508
5861592
5863651
5864526
5865023
5867693
5876875
5877213
5879943
5880262
5880488
5882439
5885470
5885660
5886524
5887033
5889584
5892328
5893420
5893620
5898399
5899002
5899922
5902330
5903664
5906393
5908061
5908362
5909003
5912277
5912666
5912774
5916106
5919258
5923020
5923784
5925088
5926683
5927522
5928333
5930268
5931654
5933234
5935747
5937577
5938927
5939584
5939728
5949915
5953861
5954009
5956123
5956585
5959153
5961690
5962598
5963269
5964572
5968132
5972633
5973666
5976571
5977675
5978001
5978890
5987442
5988085
5988384
5988896
5991516
5992348
5995862
6001050
6003691
6004008
6007652
6008518
6010207
6014340
6016523
6018007
6018782
6020816
6023028
6027961
6029209
6030628
6031539
6031910
6032076
6032861
6039201
6039447
6040686
6041372
6041682
6041908
6041910
6042984
6051506
6053723
6054733
6056907
6059630
6062875
6064091
6065240
6066830
6068522
6070691
6072577
6076296
6076944
6079067
6080128
6083363
6084426
6084479
6085122
6085375
6087819
6087868
6091965
6092237
6092322
6094289
6096151
6097591
6097619
6101692
6103475
6103755
6105328
6105835
6109432
6111714
6112213
6115500
6115665
6118058
6122846
6124188
6127970
6133157
6134370
6135637
6137866
6139978
6141189
6141779
6141872
6145626
6146533
6146867
6147018
6147024
6149590
6150706
6151036
6151288
6151885
6153045
6153494
6155942
6156843
6157598
6157805
6158264
6159928
6160875
6161195
6168937
6171797
6174670
6176689
6179654
6179922
6181337
6189348
6190072
6193043
6193196
6193749
6199611
6202801
6208445
6208813
6209656
6213274
6214236
6218199
6220346
6220381
6221044
6221590
6224450
6226007
6230281
6232255
6232428
6237529
6240133
6242041
6243304
6246080
6246516
6246541
6255458
6256267
6257716
6258455
6258833
6259532
6262948
6264937
6270078
6271687
6272394
6273637
6275034
6276834
6277632
6279013
6279401
6279674
6282772
6283696
6284683
6285326
6287379
6287720
6287758
6288102
6288156
6289721
6297971
6299766
6300070
6301972
6304678
6312592
6312689
6312907
6313048
6313454
6315076
6316643
6319721
6319781
6320822
6322673
6327880
6331554
6331687
6336816
6337492
6337765
6338875
6339892
6343247
6344203
6347256
6347681
6350906
6352605
6356862
6357381
6358471
6359209
6360953
6362695
6363335
6367416
6371440
6374596
6376723
6378071
6386518
6388193
6389325
6393481
6395582
6396023
6397016
6397564
6397822
6398606
6398627
6401580
6404353
6405099
6409243
6409429
6410680
6412246
6412566
6412678
6414485
6417110
6417553
6418585
6419004
6419682
6421042
6425943
6426497
6426822
6427095
6428572
6430311
6430660
6432106
6433603
6434158
6435129
6436663
6436915
6438027
6439929
6442263
6442501
6443700
6443768
6446807
6448465
6449432
6449737
6450822
6456291
6457179
6457699
6460985
6461039
6462188
6462859
6466094
6466996
6470176
6473742
6475460
6480805
6486654
6490346
6492203
6494648
6495851
6497451
6502721
6503785
6506191
6511241
6512473
6513415
6513769
6514819
6515215
6517574
6519904
6519999
6521210
6522605
6523531
6524198
6525564
6527586
6527829
6529858
6531595
6539360
6539748
6541725
6541869
6542517
6544267
6544498
6544510
6545923
6547462
6547709
6547863
6552808
6554804
6555995
6557702
6557746
6557821
6567117
6568950
6571365
6572114
6573037
6573660
6573842
6580088
6580220
6580954
6581023
6581084
6592607
6593576
6595347
6596664
6602084
6603526
6605196
6607317
6607502
6610394
6614879
6616857
6618614
6620921
6623395
6629966
6633504
6633934
6634530
6639519
6644095
6645749
6649082
6650407
6653072
6655386
6655860
6658578
6664431
6665985
6667087
6669281
6670230
6670697
6672341
6672858
6677271
6679787
6682368
6682556
6687062
6687428
6688180
6688397
6689478
6693350
6694459
6696981
6703085
6703585
6704233
6704540
6709186
6710834
6710873
6713580
6714581
6714613
6724555
6728939
6732594
6737526
6740910
6741950
6747744
6747776
6752339
6754792
6755217
6758545
6763029
6764433
6766398
6771316
6772047
6773689
6775542
6776707
6777750
6784729
6785432
6789823
6792386
6793378
6794639
6794785
6797119
6798498
6804109
6804714
6810709
6811831
6816248
6816387
6816740
6817052
6818220
6822074
6822459
6824364
6826134
6828070
6829488
6831519
6835193
6837759
6841534
6842454
6844816
6845780
6847609
6847695
6847785
6852313
6853099
6853502
6854087
6854128
6854494
6857254
6866722
6869507
6870401
6871176
6873051
6873792
6874093
6875702
6876645
6877520
6878907
6879212
6879547
6880289
6886173
6886819
6888020
6892653
6896964
6897453
6900875
6902196
6903506
6904065
6904979
6907507
6908050
6909388
6909571
6913770
6920780
6921684
6921828
6922949
6923056
6923350
6923930
6924242
6925566
6929132
6930016
6932613
6937698
6939346
6940199
6944561
6947028
6951219
6951416
6951638
6956339
6958385
6959178
6963111
6963820
6966507
6971638
6973603
6977033
6977427
6979585
6980370
6983149
6983751
6984429
6991383
6995466
6996542
6997180
7004364
7008156
7011799
7014537
7014891
7015980
7020858
7022173
7023569
7028269
7036155
7036838
7037297
7038582
7041546
7041981
7042404
7044263
7047089
7047592
7048028
7054640
7057572
7058111
7065764
7068168
7069279
7069710
7070104
7073508
7075085
7075564
7076385
7077045
7079952
7081441
7082720
7082866
7088117
7095513
7098504
7099867
7100267
7102287
7102828
7105247
7105354
7106305
7107728
7108099
7111255
7111953
7113302
7115062
7119484
7120829
7121949
7124198
7124710
7127055
7128414
7133755
7140075
7140362
7140560
7142079
7144583
7145183
7145235
7147948
7148226
7151732
7154984
7156528
7156687
7158690
7159057
7159135
7159213
7159606
7161997
7164565
7167495
7169382
7172641
7173074
7175463
7176722
7177684
7182886
7183291
7183823
7184896
7187924
7189791
7193265
7195728
7195936
7197918
7200141
7207151
7207666
7207784
7208668
7208788
7209335
7209578
7210345
7210645
7212151
7213503
7214231
7214608
7215489
7215788
7215929
7220426
7221097
7221477
7221650
7226575
7226875
7227292
7227887
7228865
7230077
7231211
7231951
7232794
7237362
7238077
7238310
7239060
7239585
7241080
7242984
7243252
7244467
7245628
7248249
7248653
7249019
7249915
7250426
7251359
7255388
7256208
7257161
7258570
7258945
7259431
7261336
7261628
7264139
7267837
7268499
7270525
7271045
7273652
7278280
7279739
7280152
7282681
7284506
7284522
7286368
7290229
7290959
7291514
7291703
7291741
7292368
7293150
7296267
7302879
7305283
7306224
7307534
7307618
7308750
7310633
7310726
7311182
7312125
7315089
7316002
7316178
7321285
7321800
7325164
7325415
7325538
7328820
7328878
7331501
7331839
7333833
7337055
7337828
7339642
7340013
7340219
7340265
7342206
7345146
7346007
7348607
7349987
7352768
7357224
7357541
7358946
7359989
7363248
7363640
7364210
7364493
7364571
7365569
7367200
7368003
7368757
7374894
7375779
7382659
7382777
7383243
7383526
7383642
7384233
7391821
7392700
7395868
7396016
7396778
7397345
7399264
7399744
7401290
7403660
7403928
7406245
7409321
7413442
7417802
7419781
7422894
7423705
7424231
7424743
7425083
7426880
7428676
7429885
7429896
7432034
7435078
7436087
7436951
7438164
7438968
7441935
7442594
7443710
7447128
7452650
7453176
7453956
7456999
7458073
7463060
7465284
7470189
7471061
7471544
7472101
7473298
7476248
7481852
7484135
7484431
7484786
7484846
7485044
7486186
7486378
7487938
7490764
7491193
7493251
7493466
7493931
7497337
7497789
7498448
7498813
7504959
7506115
7506383
7506454
7507711
7509071
7509997
7513526
7516352
7518126
7520829
7521890
7523268
7525037
7525772
7526207
7528322
7530873
7531295
7536600
7536729
7536955
7537170
7538640
7540047
7542828
7543074
7545481
7545486
7547474
7548916
7550290
7551581
7552189
7552318
7554962
7557227
7558392
7559106
7559382
7562400
7563664
7563837
7580578
7582095
7582223
7582522
7586027
7588870
7597024
7597702
7601898
7602484
7605056
7605489
7608465
7614994
7616391
7617912
7619633
7621903
7622277
7622604
7623247
7625752
7629921
7630718
7631636
7632026
7632186
7635677
7636781
7639768
7641461
7647790
7650211
7655815
7661733
7663002
7664389
7664700
7666390
7666515
7667237
7668102
7668518
7673810
7674277
7675352
7676524
7676589
7677093
7681309
7683651
7683773
7684053
7684289
7685349
7685989
7689257
7689419
7689499
7695555
7695688
7697083
7697184
7697460
7697708
7697873
7703110
7704913
7705264
7706509
7707019
7707616
7712161
7713723
7714202
7717754
7719715
7720625
7722757
7724109
7724730
7724797
7725234
7727367
7734147
7734300
7740243
7740332
7740591
7741387
7745844
7748362
7749197
7752900
7753675
7755062
7755459
7756447
7759127
7760864
7761531
7762935
7763307
7763785
7766678
7766800
7767772
7768474
7776952
7779109
7780064
7783195
7785893
7786295
7786910
7787744
7787912
7791448
7798670
7798967
7799654
7802635
7810251
7813123
7813684
7815561
7817006
7818494
7821145
7821623
7823599
7828940
7831147
7833736
7833806
7834994
7837210
7839280
7839333
7839450
7839703
7839933
7846190
7847578
7850819
7851451
7858411
7859825
7861555
7865239
7867337
7868204
7871008
7872923
7873920
7874762
7876175
7876805
7878969
7881012
7884011
7885257
7885811
7886522
7889408
7895861
7898340
7904539
7910273
7912962
7915157
7918688
7922476
7925066
7926205
7928311
7928439
7929504
7934787
7935276
7946338
7946397
7946644
7947135
7949506
7950952
7951049
7952101
7953527
7953939
7955103
7957373
7962315
7962416
7964601
7964786
7964821
7966226
7968980
7977783
7979561
7981398
7982305
7982762
7984686
7984797
7986397
7986905
7989022
7992501
7994388
7994956
7995339
7998412
7998780
7999230
8003582
8005795
8008122
8013821
8014242
8019059
8021085
8021895
8024149
8025638
8026054
8026758
8028800
8028958
8029425
8030177
8031366
8031888
8034169
8034650
8035759
8036201
8038175
8038854
8038934
8042818
8043352
8047927
8048530
8048758
8052627
8052719
8057529
8062559
8064590
8065559
8069786
8071159
8072816
8075148
8075851
8081123
8082147
8083903
8093936
8095585
8096128
8096348
8100449
8101214
8101261
8101897
8102767
8102955
8106783
8107328
8111042
8116095
8121023
8124996
8125682
8126445
8128043
8128837
8129098
8129628
8131973
8132142
8132199
8132848
8133090
8133766
8133796
8135049
8135243
8136507
8138612
8142097
8144899
8147304
8147976
8149254
8154711
8160278
8161181
8163289
8169246
8169325
8170188
8171541
8173598
8175914
8176082
8178710
8179554
8180708
8181412
8181950
8183330
8183458
8183579
8184026
8186149
8186792
8186949
8187244
8187340
8194923
8196741
8198672
8212732
8213667
8214454
8215252
8216209
8218939
8219584
8226439
8228292
8228947
8232510
8232723
8237478
8237501
8237833
8238751
8239436
8242660
8243397
8247762
8248976
8249869
8253242
8253748
8255718
8257499
8261985
8263845
8266242
8267114
8271563
8274852
8275566
8280031
8280129
8282967
8283449
8285273
8286472
8289640
8290798
8293991
8294851
8295188
8295452
8298087
8302481
8303624
8313827
8314497
8315371
8319493
8321174
8321433
8322981
8324763
8327258
8327721
8328828
8330767
8332644
8332909
8334603
8335484
8336054
8336236
8340542
8340769
8340777
8341201
8342393
8346962
8350936
8355360
8357188
8357931
8359253
8362699
8364644
8367167
8367428
8370948
8372570
8372798
8373390
8374113
8379698
8380280
8380422
8381936
8382487
8382707
8389789
8390120
8392295
8392587
8396033
8397757
8398058
8399765
8401337
8401939
8406126
8407613
8411866
8412482
8418735
8418951
8419588
8421493
8421647
8423982
8423992
8424025
8428633
8429652
8434068
8434289
8436191
8437675
8438616
8438832
8440549
8443062
8448626
8452342
8454505
8457936
8463018
8465440
8472997
8474310
8474580
8475303
8475526
8476007
8477297
8482519
8483373
8483945
8485453
8489699
8491835
8492123
8495143
8499129
8501129
8502644
8506000
8507514
8508050
8508612
8510541
8514356
8515068
8521604
8522057
8525629
8526753
8526855
8527626
8527907
8528649
8535332
8537433
8540090
8544250
8544605
8547013
8549052
8552537
8553255
8554043
8554938
8556450
8558968
8559133
8559228
8559749
8561656
8565610
8567348
8567418
8568677
8570521
8571860
8572063
8572159
8574644
8576606
8582043
8583729
8586234
8586631
8591844
8591961
8594549
8594899
8596170
8599072
8599492
8602903
8604079
8605801
8607856
8611224
8614270
8614386
8614421
8616248
8617606
8619569
8620358
8627690
8629240
8629571
8629980
8630504
8630574
8632386
8634023
8638767
8639714
8640119
8643937
8647034
8649638
8653108
8653843
8656346
8657231
8658726
8660794
8663106
8664242
8664509
8664662
8665308
8665641
8666887
8667542
8668241
8670097
8671579
8671838
8672194
8673612
8679395
8680691
8685555
8686957
8687266
8687296
8687610
8688687
8691787
8692048
8692981
8693591
8695292
8695471
8696532
8697672
8700220
8700223
8701218
8702095
8711250
8712356
8712960
8714370
8714892
8715053
8718969
8719413
8720997
8721205
8723683
8723830
8728806
8729084
8729696
8732287
8732493
8736588
8736833
8741825
8742232
8744054
8744199
8749884
8753582
8759385
8761759
8762272
8765285
8766603
8772090
8772461
8774631
8776173
8779358
8781494
8781693
8782549
8789793
8789950
8794126
8795480
8796599
8796978
8796997
8797394
8797850
8798040
8798154
8798510
8799253
8800218
8804851
8804863
8806137
8806602
8807778
8815457
8816661
8817535
8818225
8821717
8822624
8823404
8824268
8828559
8831585
8832844
8837075
8837397
8838999
8841399
8843780
8843959
8846263
8848627
8850943
8853184
8860967
8861637
8862417
8863584
8865033
8866641
8866945
8867802
8868087
8868810
8870793
8871330
8873903
8878250
8882831
8882972
8885352
8885622
8887262
8888179
8889131
8891111
8892170
8895055
8899570
8900721
8902572
8903058
8903310
8905356
8906873
8908295
8911637
8911875
8912158
8914302
8915816
8916989
8919934
8924102
8925365
8928309
8931565
8932074
8935583
8936296
8937266
8938804
8941714
8942347
8942563
8942673
8943373
8949507
8950968
8951481
8955407
8956088
8956615
8956846
8959176
8961297
8962046
8967437
8969527
8971147
8972096
8978223
8978399
8979353
8980317
8983619
8985426
8985627
8992144
8992824
8994937
8997169
8998009
8998719
8999261
8999404
9003667
9005068
9005955
9013331
9014726
9016543
9019840
9021722
9024820
9030970
9034465
9038590
9038819
9041731
9043914
9045205
9045349
9046153
9046569
9046932
9053391
9054204
9055098
9055857
9058697
9062957
9063212
9063892
9066200
9069183
9069250
9069273
9069743
9070603
9072804
9075613
9077382
9078829
9079533
9084155
9084593
9085307
9085494
9086173
9086945
9087567
9088353
9089572
9092693
9093619
9094594
9094795
9096818
9098176
9103221
9105311
9105386
9111548
9111636
9114471
9114536
9121128
9121546
9123680
9126117
9127903
9133098
9138546
9145869
9149173
9149705
9156516
9157927
9161799
9169678
9171061
9174134
9176026
9176259
9176577
9177128
9184803
9185369
9186263
9191830
9195135
9198215
9202541
9204962
9206219
9207180
9207301
9210641
9211219
9213209
9215823
9218485
9220479
9222251
9223725
9223837
9224065
9224974
9225547
9225828
9226880
9226920
9233718
9234115
9234572
9235497
9237291
9237932
9238575
9240285
9240792
9242460
9243842
9248819
9248934
9253145
9253188
9253835
9253978
9254125
9254495
9255140
9258351
9260352
9263882
9266949
9269203
9272190
9273549
9274789
9274811
9275320
9275380
9276803
9277401
9278606
9279015
9281757
9282315
9288866
9290587
9290619
9291114
9295628
9296920
9297790
9303022
9303794
9304035
9306053
9308013
9308927
9310674
9311600
9312576
9313850
9316098
9319303
9320333
9321835
9322076
9324924
9327129
9327856
9328773
9331323
9331566
9333877
9337143
9342627
9344054
9344823
9351030
9356465
9357072
9358615
9361846
9361938
9367451
9370502
9372743
9377158
9379430
9382026
9383740
9387573
9390698
9393472
9393943
9399065
9400141
9400723
9400757
9401914
9407806
9410675
9413583
9414775
9422351
9427130
9427365
9428997
9429706
9432123
9432640
9433536
9442408
9443261
9443949
9444910
9446084
9446500
9449413
9449896
9450360
9450948
9451169
9451871
9451905
9452506
9453251
9454461
9456554
9457221
9461850
9465266
9467579
9467699
9470018
9470956
9472463
9473679
9474319
9475917
9476702
9477661
9478345
9478811
9483811
9483901
9484062
9484125
9485434
9486008
9486108
9488257
9488536
9488760
9488830
9490731
9491119
9491775
9492279
9493455
9493857
9496006
9496578
9500494
9502926
9504549
9505619
9506533
9512670
9515607
9518992
9520342
9527877
9530081
9531785
9534035
9540775
9544844
9545925
9546627
9546716
9548224
9551735
9552329
9552452
9556401
9557593
9559933
9561300
9567541
9567639
9568892
9569621
9569737
9570938
9571019
9574362
9574733
9579298
9580941
9581275
9583672
9585676
9588702
9590501
9592066
9592463
9593065
9593661
9596523
9601031
9601732
9602911
9605228
9608930
9615650
9616544
9617755
9619432
9620524
9621616
9623277
9628425
9629283
9631041
9632892
9633639
9637881
9641355
9641571
9641774
9644293
9644443
9645066
9645642
9646328
9647677
9647799
9649196
9655576
9655623
9656198
9661450
9661674
9662325
9663096
9663526
9666691
9668378
9673296
9673977
9674827
9675192
9678074
9681495
9682020
9685618
9685668
9687171
9691991
9696639
9698729
9701372
9702805
9704139
9704215
9705088
9711065
9713581
9716454
9717369
9720426
9721685
9722517
9723023
9724173
9724628
9726163
9727830
9729707
9730233
9731048
9732148
9733352
9733633
9734434
9735558
9741150
9750371
9750658
9752009
9753718
9753883
9755621
9755719
9756348
9758873
9761024
9761138
9762741
9763331
9764803
9770764
9773632
9777058
9781001
9783524
9783612
9783794
9787204
9787821
9787902
9790330
9792486
9796921
9797224
9799398
9801959
9802498
9805618
9807640
9811983
9812438
9816546
9817624
9818025
9819836
9820746
9821800
9823192
9823624
9825295
9825502
9827352
9827505
9828799
9831051
9832481
9832750
9833046
9833687
9837443
9841048
9842636
9844175
9850008
9850445
9850524
9852323
9853331
9855354
9855854
9863025
9864382
9866877
9867293
9867494
9867611
9870389
9871799
9875965
9878993
9880036
9883226
9885410
9890536
9892150
9892311
9894154
9895371
9904598
9904910
9907026
9907146
9908515
9909240
9914657
9916081
9919486
9922482
9922576
9922664
9924652
9925323
9925406
9925847
9928541
9929703
9931209
9932142
9933527
9933720
9936385
9939972
9944145
9946797
9949649
9950798
9951941
9952245
9955918
9957426
9959759
9960134
9961815
9962887
9964524
9964819
9967023
9969888
9969972
9972367
9974275
9977024
9981167
9982448
9983368
9984263
9987162
9987742
9988271
9988591
9989435
9990317
9991653
9992547
9992668
9994101
9994234
9997135
10001751
10002073
10005801
10012227
10012231
10012999
10015251
10016009
10020104
10021776
10029311
10029371
10030375
10031528
10032845
10035013
10038592
10039814
10039899
10041643
10042739
10043101
10045083
10045551
10047814
10048574
10051622
10052954
10056389
10060051
10060505
10061046
10061099
10065093
10066319
10068506
10068587
10069727
10070319
10070333
10073356
10076664
10079942
10080364
10081337
10082129
10082812
10090775
10092361
10095591
10102343
10103969
10106946
10112852
10120068
10121475
10122543
10124487
10126180
10134429
10134674
10137982
10140053
10140569
10141685
10142600
10143532
10150594
10151208
10154484
10154513
10155506
10155862
10157230
10157871
10160424
10161705
10161863
10163277
10163812
10168922
10171097
10173585
10175477
10177666
10178205
10186172
10190820
10192530
10192619
10193475
10194308
10194861
10200911
10201094
10201220
10203371
10204144
10205858
10206268
10206980
10207207
10207733
10211998
10212879
10215496
10217877
10218926
10220137
10221022
10221543
10224346
10224586
10225528
10227204
10228115
10229136
10233124
10233554
10234206
10234386
10237492
10238641
10241276
10242492
10248033
10248560
10249930
10251335
10253742
10253820
10254808
10256833
10257065
10258558
10270026
10270179
10276259
10278267
10280495
10280817
10281105
10284374
10286367
10288585
10288830
10290748
10292520
10297509
10298561
10299546
10300633
10301981
10306369
10307125
10308969
10309025
10310181
10311205
10311480
10314011
10318366
10328908
10329735
10330211
10330721
10331983
10336145
10337444
10338838
10340285
10340662
10340828
10342783
10346013
10348218
10349342
10349632
10351148
10352695
10353491
10355393
10357079
10364877
10367684
10368139
10369225
10373243
10375626
10386835
10387179
10390075
10391516
10396161
10398946
10401511
10401622
10401934
10404672
10408366
10409095
10409115
10410413
10414251
10415279
10416664
10421463
10422574
10423338
10426056
10426531
10430835
10431826
10432121
10438827
10439994
10441851
10447280
10450967
10451186
10451570
10452141
10455901
10462448
10463969
10468023
10468399
10469130
10469216
10472495
10477732
10477953
10480754
10481425
10483283
10483649
10486319
10487662
10488529
10489065
10489341
10492105
10493125
10493464
10493504
10494166
10494652
10495905
10496928
10501462
10501863
10505929
10507575
10508298
10513901
10517237
10517449
10518439
10520059
10523652
10523784
10525800
10530366
10531782
10533788
10534916
10535498
10535686
10537300
10545500
10546509
10546984
10548781
10549007
10549255
10550135
10550604
10551931
10555861
10557721
10558831
10559877
10560799
10561421
10562894
10565666
10566078
10571731
10573093
10574853
10574894
10578009
10582993
10584750
10584754
10587441
10587940
10588148
10598590
10600509
10601338
10607427
10608229
10608743
10609772
10612847
10613740
10616233
10618299
10618627
10620810
10622682
10623499
10625189
10627887
10630938
10633281
10633722
10633767
10634292
10635146
10637614
10639608
10641029
10641377
10645259
10645667
10645827
10648868
10649504
10649832
10649994
10651765
10652108
10654342
10654495
10654583
10660529
10663883
10665465
10667177
10667217
10667227
10667324
10668011
10668823
10672643
10674325
10675915
10676786
10678554
10682667
10688406
10692195
10695848
10699030
10701332
10706067
10711790
10713121
10715048
10718349
10718527
10722127
10722548
10722748
10731473
10732045
10735259
10738286
10740055
10742011
10743803
10744134
10746827
10746986
10749580
10752152
10752705
10759035
10760818
10763107
10763895
10764246
10766558
10767186
10768002
10770193
10772027
10772946
10775368
10776871
10780015
10780644
10780650
10783716
10787691
10792877
10793566
10793797
10794649
10796171
10797311
10798192
10800409
10800745
10800893
10803493
10803828
10804362
10805693
10806567
10813905
10816449
10817022
10818942
10820257
10822003
10825046
10825959
10826501
10826730
10828044
10828642
10829542
10831240
10831642
10832365
10835302
10835809
10836239
10837059
10842319
10842587
10842996
10843688
10845532
10845736
10846275
10846558
10848934
10850936
10853241
10855971
10856004
10858831
10859170
10859443
10859609
10859880
10860336
10863373
10866240
10870241
10870777
10874456
10875199
10875321
10885300
10885865
10888540
10890411
10894428
10896587
10896815
10898948
10901508
10903222
10910290
10912488
10912979
10916701
10921199
10924254
10925892
10926283
10926430
10928236
10929745
10929945
10933715
10937319
10937382
10938949
10939318
10939670
10939937
10940511
10940557
10943608
10944847
10945037
10946776
10946971
10949966
10949996
10950181
10952063
10952888
10956884
10959021
10960540
10960841
10962128
10962479
10963773
10965059
10965099
10967380
10968870
10974214
10974576
10979812
10986148
10993801
10995978
10998411
10999100
11001029
11003016
11004455
11005018
11006999
11009523
11009697
11010120
11010605
11019736
11022542
11025667
11027948
11028521
11029311
11034367
11037412
11041244
11041753
11042561
11044117
11050266
11055316
11055922
11061028
11062702
11063116
11065058
11065679
11067310
11068700
11068940
11069555
11070436
11073890
11078307
11079043
11079373
11084842
11085691
11086593
11087774
11092094
11094807
11095974
11096455
11096814
11097102
11098341
11099059
11099472
11101461
11101697
11102054
11102776
11103823
11108073
11108267
11108290
11114779
11120454
11121110
11121955
11126466
11126535
11126618
11128032
11129858
11130864
11132943
11136033
11139139
11140033
11144651
11146290
11147025
11149706
11150465
11153256
11154094
11154272
11156238
11159877
11160294
11164228
11167918
11172740
11174762
11175809
11176699
11177203
11179277
11181615
11181803
11182379
11187468
11187870
11190341
11191087
11191753
11192956
11193268
11198886
11203640
11206391
11206919
11207374
11211770
11216870
11218569
11221949
11225468
11227159
11227422
11230559
11231801
11234291
11234716
11236250
11236283
11238156
11239477
11241342
11241398
11243282
11244830
11245665
11246577
11247135
11247427
11247578
11249528
11250171
11252545
11253706
11254157
11255846
11256171
11259397
11261447
11262581
11267516
11267904
11269228
11272138
11272602
11278292
11278383
11282809
11282858
11284735
11285778
11288835
11290768
11290873
11291615
11292031
11296355
11297483
11298031
11298359
11299784
11302683
11302828
11303843
11305811
11308843
11310069
11315412
11316218
11317129
11317561
11318279
11319246
11320886
11322510
11323846
11331080
11331852
11333680
11336791
11338220
11339831
11340607
11342304
11342806
11343159
11345433
11347199
11348251
11348854
11350546
11351298
11352389
11352821
11353326
11355544
11355564
11356520
11356770
11358260
11358724
11359789
11360280
11360401
11360895
11361211
11361220
11362230
11366394
11370469
11376023
11376601
11382404
11382638
11382911
11385911
11386742
11388169
11391184
11391235
11392293
11396640
11397062
11401637
11401943
11402247
11402646
11402674
11407541
11407572
11410708
11411956
11412073
11414161
11422900
11425508
11426883
11427565
11428572
11429950
11430588
11433254
11435352
11439475
11440714
11443770
11443845
11444151
11445811
11446777
11447200
11447713
11451727
11454283
11455242
11455937
11459927
11460506
11460596
11461045
11461535
11462775
11463136
11466281
11466723
11467421
11469065
11473818
11474083
11474183
11475830
11475917
11476921
11477629
11481964
11482658
11484487
11484639
11490742
11490925
11492183
11492560
11492572
11495451
11495720
11498816
11499937
11501705
11502218
11504208
11506582
11515648
11516317
11517185
11518761
11521617
11521696
11529249
11529451
11531709
11533847
11533872
11535292
11537084
11540303
11540621
11540973
11544239
11545990
11547124
11547999
11550555
11552793
11564581
11570750
11573958
11574173
11576436
11578970
11579200
11580199
11581091
11581122
11581854
11582173
11582762
11584007
11586560
11586687
11589722
11589918
11590970
11592445
11595076
11597208
11597733
11599080
11599717
11599824
11600610
11601800
11604291
11605564
11606346
11606868
11607304
11614127
11614259
11614400
11618046
11618971
11619293
11619327
11620459
11622385
11631915
11635566
11637728
11638938
11639216
11641204
11641495
11641512
11642020
11642231
11642796
11642946
11644188
11644537
11649976
11668354
11669685
11675473
11675681
11675989
11676293
11676624
11677191
11678190
11680980
11682713
11686088
11686150
11686459
11687412
11687623
11689920
11690680
11703068
11705319
11705371
11706152
11706587
11707856
11708560
11711283
11717133
11718806
11721800
11722943
11730667
11733666
11736293
11737411
11737651
11741466
11742246
11742476
11743121
11743990
11745043
11745402
11746017
11746662
11746852
11747234
11751648
11753106
11753389
11754204
11756368
11756804
11758151
11758336
11762700
11765289
11766036
11767302
11769356
11772674
11774965
11777582
11779827
11780752
11780839
11781128
11785088
11788406
11788856
11795122
11797559
11798693
11799917
11802249
11802426
11806597
11808257
11809940
11810125
11810318
11811234
11811292
11812956
11813824
11819137
11820816
11820946
11821736
11821926
11823096
11823168
11824696
11824707
11828224
11828295
11829657
11830700
11831659
11833022
11838046
11842443
11844682
11846377
11851696
11852605
11852884
11854433
11857373
11858383
11860171
11861264
11863043
11863178
11863196
11864500
11865851
11866500
11868077
11871986
11877343
11878111
11880000
11880881
11884001
11884528
11885765
11889045
11889341
11889665
11891273
11892392
11897590
11901227
11905557
11905796
11908055
11909133
11910863
11915444
11919183
11920230
11924578
11925678
11925828
11927654
11928708
11930355
11931020
11933499
11933754
11935221
11935680
11938618
11940208
11944785
11945746
11947881
11948257
11952172
11952726
11956341
11957984
11959440
11962993
11963572
11964021
11964767
11969247
11970664
11973594
11974509
11977108
11978674
11980450
11984047
11984327
11984329
11987803
11988711
11990621
11992974
11993336
11995177
11996762
12000346
12002527
12005849
12011687
12015594
12016211
12021897
12022793
12028294
12029444
12030726
12031839
12032960
12035272
12036559
12038131
12039478
12043878
12045651
12046716
12046951
12047467
12048744
12049777
12050993
12053086
12055368
12058176
12059722
12069879
12071390
12074254
12076482
12078309
12079117
12079296
12079577
12082702
12083700
12084276
12086055
12087005
12087718
12088086
12093358
12093929
12094254
12095812
12095988
12096225
12098214
12102894
12106293
12106950
12107489
12107768
12108260
12108776
12109913
12114796
12117829
12122538
12122574
12122935
12124175
12124383
12126027
12126559
12126690
12129374
12130332
12135042
12141908
12142451
12142509
12143877
12143898
12145120
12146188
12147703
12152141
12152946
12153376
12154832
12155960
12156375
12159389
12159561
12161823
12163156
12165747
12167488
12168043
12172186
12172532
12174158
12174273
12176348
12179236
12183080
12184586
12187681
12190743
12190860
12191350
12192029
12196323
12197903
12199347
12199593
12201044
12201251
12204388
12204595
12207825
12211072
12212121
12214461
12214938
12214939
12215987
12216475
12217896
12218593
12218732
12222970
12226750
12226808
12227493
12228180
12230147
12230495
12230689
12231231
12231459
12231481
12231629
12231701
12233214
12236008
12237528
12239420
12242487
12243309
12243742
12244578
12245748
12248285
12252259
12254622
12255745
12256089
12258544
12258572
12261541
12261675
12263071
12263505
12264588
12265709
12266685
12266887
12271425
12272768
12276426
12277222
12280329
12281817
12282635
12288374
12289073
12297236
12298099
12302233
12304047
12304170
12306146
12318932
12322398
12322637
12325598
12327376
12328151
12328798
12335131
12335761
12338892
12339363
12343170
12348404
12348624
12350640
12357342
12358048
12359325
12359821
12360297
12364031
12368603
12372690
12373999
12375473
12377769
12381598
12381767
12382948
12384503
12385138
12385470
12386336
12389057
12393002
12393153
12393774
12394622
12395914
12398758
12399892
12401980
12402210
12404693
12405269
12408287
12414263
12415901
12416129
12421660
12429502
12431051
12431655
12432470
12432505
12436013
12441009
12445517
12446546
12447935
12448424
12451515
12452809
12454503
12455204
12455703
12457088
12457456
12459382
12464590
12464983
12466748
12467935
12468577
12473136
12474470
12475362
12479332
12479334
12480375
12481222
12490200
12493027
12495914
12495975
12497301
12497540
12497611
12497878
12497983
12498368
12498689
12499838
12500359
12503113
12504247
12505058
12505219
12510373
12511851
12514737
12516212
12518915
12520131
12521106
12521917
12522212
12522423
12524246
12524376
12524904
12525920
12527708
12528679
12532473
12535154
12536996
12541647
12541879
12542089
12543161
12543432
12543474
12544851
12545568
12547874
12550455
12558237
12563119
12563724
12564438
12565112
12566973
12568821
12569060
12570192
12574789
12575611
12577320
12580563
12583472
12583695
12583863
12587542
12587725
12588752
12589678
12590090
12591507
12592481
12595101
12597623
12597784
12601065
12601781
12602400
12606038
12609527
12610313
12613471
12617122
12618821
12619100
12624156
12624244
12625926
12628779
12628949
12630464
12633423
12638069
12638783
12640690
12641558
12641908
12643547
12644647
12646174
12648333
12650172
12651938
12654572
12655666
12661682
12662182
12663738
12665318
12665568
12665996
12666227
12667120
12668064
12670175
12670578
12677202
12678880
12681797
12684025
12685556
12686518
12686751
12689232
12689655
12693733
12695231
12696246
12697520
12699240
12699696
12700848
12701583
12702032
12706405
12706476
12707358
12708340
12710543
12712320
12713764
12717284
12722979
12723065
12723288
12724463
12725527
12729567
12731191
12732686
12740225
12743550
12744082
12744814
12745446
12745627
12746671
12746819
12747258
12750140
12750331
12750763
12751716
12755747
12756636
12764604
12772939
12773848
12776676
12777074
12779507
12780944
12781857
12783289
12785994
12787202
12789551
12790503
12792591
12793724
12794487
12794859
12796585
12800694
12802193
12811731
12812670
12813408
12814845
12815086
12816727
12818280
12818531
12819226
12820038
12824802
12824811
12825822
12826911
12830804
12832600
12834080
12838129
12842241
12842821
12843775
12843938
12844260
12844262
12851227
12853494
12856131
12858511
12861657
12864396
12865378
12865477
12865613
12869399
12874217
12874826
12881932
12883952
12885397
12890914
12894064
12894190
12901103
12901624
12901884
12903268
12903324
12904883
12908405
12909484
12911075
12911452
12912952
12915278
12916308
12918650
12920030
12921511
12923880
12923960
12926548
12927762
12928293
12928608
12929269
12929469
12931600
12931783
12935068
12935938
12937105
12938962
12942102
12942342
12943497
12946343
12946421
12946984
12947102
12948680
12949290
12950570
12954656
12957406
12957430
12957460
12959939
12961265
12962764
12964245
12964663
12964832
12966229
12968869
12970094
12974062
12975276
12976047
12977324
12980465
12980701
12981851
12982645
12986037
12991289
12992214
12996452
12998164
13001449
13002162
13002568
13004114
13007046
13007627
13012610
13016349
13016387
13020901
13022078
13022542
13023243
13023266
13028316
13029181
13031567
13032095
13032613
13032962
13037304
13038676
13038925
13042357
13043670
13046358
13046823
13054926
13054971
13055122
13055623
13056203
13059210
13059816
13061642
13062869
13063418
13064181
13065878
13067364
13067657
13071815
13075373
13076011
13078708
13080072
13081768
13085849
13086137
13089506
13093457
13095375
13096292
13104913
13105021
13105195
13106267
13111634
13112999
13116038
13122111
13126615
13129745
13129829
13130045
13131088
13132041
13132605
13132837
13133165
13133764
13134449
13138042
13138909
13140076
13142358
13142601
13148463
13150309
13152571
13156388
13163898
13165740
13172380
13174865
13175780
13176280
13177245
13178685
13180381
13182151
13184254
13185615
13186066
13186718
13187582
13188696
13188817
13189212
13189877
13189929
13193630
13198595
13203308
13203329
13206183
13210664
13211149
13212545
13214759
13217295
13219698
13220813
13223297
13223407
13223540
13223686
13224521
13229411
13230393
13232135
13233130
13233576
13235830
13236120
13237768
13237777
13238227
13239026
13242343
13250394
13251292
13255532
13258158
13259267
13266260
13266466
13272376
13273852
13278421
13278840
13280796
13286672
13288621
13290580
13292235
13293124
13293299
13293388
13296954
13297349
13302112
13302502
13302610
13302741
13303410
13306453
13310324
13310523
13312442
13314594
13314741
13316009
13319553
13320181
13320427
13320702
13321708
13321938
13324314
13326955
13329044
13329253
13331187
13332004
13343704
13345895
13347175
13348529
13348704
13349508
13352747
13353685
13356482
13357148
13358838
13360891
13361170
13363152
13363771
13365375
13368475
13368936
13370007
13372414
13373048
13373544
13376139
13377366
13377531
13378009
13380389
13380790
13381790
13382869
13385599
13386181
13387868
13388655
13389982
13391804
13400287
13404739
13405257
13405735
13406580
13406812
13408775
13410294
13410298
13410846
13413903
13414153
13414507
13415474
13423812
13428373
13432705
13433626
13434053
13434531
13435763
13438323
13439391
13439550
13446807
13446989
13447674
13447791
13449335
13451870
13453702
13453835
13454401
13455705
13456233
13457506
13458412
13459939
13461065
13462702
13463544
13467592
13467761
13468757
13469684
13471418
13474554
13476130
13476159
13476812
13478866
13479585
13480063
13480087
13487109
13487496
13489946
13490159
13493955
13494621
13497147
13500579
13500741
13502198
13505517
13508090
13509098
13509272
13511097
13512109
13513309
13514869
13516150
13516986
13518214
13518305
13518541
13518622
13522547
13522679
13523391
13528803
13531054
13531183
13535110
13535654
13535657
13536670
13537052
13537248
13537820
13538529
13539066
13547891
13548080
13554054
13556796
13557474
13558331
13563097
13563692
13563730
13564677
13565137
13565385
13565750
13576085
13583132
13587849
13588259
13590850
13590973
13590996
13593259
13595335
13597529
13599312
13600271
13600657
13605924
13610321
13610473
13612009
13614432
13614920
13615900
13617779
13619164
13620972
13623371
13624175
13629345
13629650
13629785
13632284
13635527
13638287
13641761
13641762
13643166
13647336
13648769
13648998
13650435
13651196
13655394
13657361
13659595
13665647
13665765
13668326
13671669
13673884
13675880
13676712
13676829
13676851
13677996
13680620
13684050
13685414
13685768
13688699
13689089
13691629
13691642
13693328
13696185
13701478
13701597
13701766
13704222
13704437
13705009
13705184
13706112
13707985
13710750
13711289
13713593
13718967
13719261
13725927
13726702
13732892
13733661
13735475
13737676
13738626
13739301
13739381
13743582
13744541
13747734
13747762
13748558
13748864
13750666
13753405
13759116
13759546
13760163
13761675
13762801
13764626
13771796
13772417
13776581
13777414
13777928
13778351
13780413
13781409
13781475
13781483
13782218
13786298
13788401
13788963
13793147
13794791
13795425
13796496
13796973
13797918
13802111
13802293
13802589
13802678
13805681
13806981
13808804
13808985
13813637
13814401
13817820
13817999
13818950
13820459
13822162
13822921
13824254
13824298
13826264
13828746
13830315
13831384
13832165
13839851
13840369
13841267
13841885
13842232
13843807
13845445
13848645
13850022
13852710
13855866
13856938
13857298
13858010
13860261
13861624
13864482
13865572
13865799
13867836
13872052
13872154
13873408
13876499
13879370
13880744
13881519
13886954
13889235
13889687
13891364
13892897
13894523
13894905
13895434
13895563
13896160
13901602
13902319
13903871
13904783
13904964
13905661
13906536
13907761
13908809
13909761
13913434
13915650
13916948
13919267
13919499
13919617
13919965
13927723
13930655
13930962
13934108
13940322
13942127
13946195
13946534
13947671
13951764
13951991
13957554
13959031
13961482
13964669
13971664
13977769
13978295
13978803
13978929
13981166
13981224
13982702
13983809
13985235
13987123
13988271
13989496
13999273
13999960
14005369
14009512
14012099
14013169
14013205
14013383
14013784
14015923
14018474
14018694
14021520
14023359
14028971
14031817
14034005
14034639
14036480
14037289
14038114
14039023
14040276
14043143
14043224
14044939
14047922
14048398
14050605
14051541
14052589
14058973
14062104
14062392
14062540
14064268
14066430
14073027
14073656
14074940
14078916
14085973
14087730
14088066
14096650
14096936
14104065
14106113
14111298
14114575
14116054
14118307
14119381
14119511
14121380
14123196
14123304
14123397
14125081
14126957
14128841
14129644
14129817
14130505
14132799
14132838
14140021
14142394
14142453
14146137
14146744
14148387
14152653
14153628
14154037
14155453
14158872
14164685
14171535
14171902
14172358
14173076
14173947
14176958
14177032
14183016
14184463
14185286
14188495
14188685
14189026
14191297
14196049
14196503
14197607
14198857
14209959
14212002
14214827
14215431
14218767
14220184
14225615
14229137
14229848
14232569
14236258
14238910
14242874
14242913
14243708
14246285
14246432
14247104
14247827
14249807
14250098
14253014
14254622
14256973
14258649
14260131
14261218
14266880
14269545
14269712
14270683
14270825
14273597
14274215
14275471
14275807
14277619
14278600
14278803
14279309
14280777
14281884
14283616
14286376
14287036
14293940
14293995
14295096
14303939
14305593
14305961
14307098
14307316
14307920
14308210
14309423
14311606
14312298
14313955
14315604
14315910
14318022
14320750
14321934
14326143
14329308
14329325
14332917
14335005
14337888
14338000
14339302
14339506
14342467
14343265
14343950
14344065
14344076
14344889
14349068
14353715
14353871
14354133
14357653
14359792
14361055
14364028
14365483
14367834
14369502
14369747
14371245
14371694
14372112
14373437
14378507
14378969
14381421
14386598
14387601
14389379
14389980
14391101
14391628
14392778
14400469
14403705
14403793
14405210
14408884
14409897
14410215
14412094
14413085
14414003
14415748
14416706
14418485
14420579
14421537
14423501
14425123
14429959
14430183
14430227
14430705
14430968
14432703
14432920
14433509
14441103
14443650
14444169
14449108
14458649
14460445
14460825
14461033
14462118
14464981
14465663
14469449
14470970
14471011
14472711
14475330
14477014
14479314
14489174
14493603
14495093
14496257
14497394
14498391
14499188
14499559
14500598
14506015
14506863
14508780
14509654
14510389
14513021
14514362
14514475
14517082
14517610
14518041
14519334
14519844
14523478
14526085
14534298
14537064
14542577
14543914
14544791
14545082
14546718
14547599
14549977
14553764
14555250
14556843
14560134
14562297
14562848
14562983
14563207
14566769
14567288
14567336
14570652
14576208
14577372
14579394
14580304
14580731
14580966
14582548
14582736
14582850
14583485
14585228
14591149
14593497
14593749
14593844
14595307
14595536
14596045
14598134
14598569
14602445
14603975
14610370
14610815
14612844
14613084
14613559
14614304
14618600
14621063
14621093
14622499
14624655
14625384
14628461
14629936
14630439
14631430
14633182
14635194
14635439
14635606
14638129
14640888
14642616
14644120
14644244
14645155
14646028
14647502
14648320
14649640
14650935
14652359
14653361
14653943
14656881
14657788
14661460
14662132
14662703
14665307
14665737
14670431
14670736
14672040
14673986
14674948
14676665
14677620
14678809
14678827
14679938
14680155
14684965
14689179
14690144
14690273
14692297
14697655
14697837
14698437
14700299
14700649
14702504
14704979
14707205
14710953
14712450
14714234
14714248
14716375
14718399
14718538
14719398
14719934
14720567
14721971
14723555
14725657
14726145
14728527
14728964
14730546
14739215
14740365
14741589
14749482
14751030
14752974
14755830
14757548
14758809
14758941
14758993
14759066
14759653
14760473
14762837
14765496
14766380
14770997
14771044
14775929
14776483
14780098
14781230
14782781
14783216
14783756
14784161
14786269
14790411
14791879
14792856
14793401
14793822
14802277
14804844
14807492
14808213
14809028
14809306
14809318
14816663
14818266
14821981
14824149
14824350
14825415
14825697
14826025
14828907
14829276
14830347
14835072
14836715
14839968
14840231
14840654
14841321
14844533
14845494
14845796
14845889
14849112
14850733
14851124
14854682
14861128
14862599
14863270
14863572
14863586
14865044
14870534
14871635
14872099
14872643
14872808
14872955
14873353
14876026
14882327
14882711
14884137
14884919
14885681
14886476
14886920
14887438
14887831
14888863
14891740
14893741
14894131
14895116
14895677
14896533
14900256
14901285
14903741
14905139
14908397
14910482
14910556
14911451
14911927
14912134
14913954
14914941
14915594
14918022
14918697
14921670
14924402
14929220
14929962
14930977
14931999
14932324
14934665
14935422
14941184
14944365
14945102
14945520
14945749
14947841
14951520
14951908
14953339
14956198
14959606
14959856
14960945
14962562
14963696
14964553
14964755
14966736
14967590
14971122
14977547
14980638
14982106
14984775
14986113
14986817
14987538
14988028
14991290
14992192
14995856
14995932
14996522
14996981
14997761
14999056
15001696
15012009
15013528
15013791
15015417
15019200
15020574
15023641
15024456
15024645
15027711
15036128
15039047
15041150
15041893
15044142
15045939
15055592
15060529
15062199
15071060
15072324
15074216
15076135
15076650
15076916
15078414
15078951
15080428
15080524
15085396
15085881
15088010
15088459
15088757
15089090
15089547
15092068
15092278
15092295
15092726
15095545
15097504
15097611
15103714
15103999
15105054
15105062
15106515
15106993
15107264
15110066
15111735
15112025
15113702
15119612
15120677
15120734
15121222
15121904
15124947
15126272
15128173
15129741
15132431
15132745
15132807
15133857
15136963
15138490
15145878
15146879
15148665
15149045
15155699
15156824
15158328
15159530
15160412
15161620
15162539
15165540
15168129
15168366
15173495
15174561
15174957
15178624
15178866
15181107
15181129
15181446
15182152
15183175
15184299
15185249
15188326
15192953
15193816
15196842
15198375
15199110
15201681
15202396
15206315
15213491
15214534
15222283
15223538
15223585
15227578
15228361
15231004
15231278
15232074
15233022
15233241
15241317
15242060
15246502
15250115
15251765
15251998
15253401
15253920
15255652
15256748
15257111
15257669
15257820
15257998
15259091
15259290
15260393
15265847
15268344
15268715
15268923
15270943
15274447
15275633
15276439
15278137
15281494
15282392
15284295
15284352
15294975
15295479
15296830
15297697
15299989
15303666
15304029
15307820
15309965
15310314
15312555
15321160
15321309
15325456
15327137
15334266
15341036
15341688
15343567
15344272
15344478
15347111
15347164
15350874
15356752
15357056
15361492
15362899
15367921
15368893
15369296
15371106
15373076
15374376
15375369
15378252
15378446
15378450
15379570
15380201
15381572
15381980
15385641
15386667
15392420
15394728
15403863
15406468
15408566
15410889
15411053
15412219
15421113
15422105
15426715
15426806
15429398
15430451
15430625
15436442
15437681
15438029
15441154
15444322
15444626
15450687
15452482
15455969
15458941
15459250
15460950
15462826
15467310
15468423
15470385
15472580
15474168
15475026
15478131
15480488
15480789
15481734
15481959
15487609
15489614
15492999
15494315
15495795
15497021
15502041
15502232
15505505
15507775
15509638
15511749
15512254
15514958
15515460
15517141
15517994
15524346
15525651
15526161
15526742
15527719
15528008
15535952
15536309
15544024
15547875
15549077
15551476
15553493
15557904
15559946
15560085
15561655
15563007
15565021
15566861
15568083
15568859
15574854
15575096
15575349
15578433
15581433
15585814
15594908
15595062
15596491
15598202
15598275
15598373
15599211
15599734
15602288
15603188
15606211
15608302
15609240
15610422
15610449
15610990
15613186
15615661
15618065
15618732
15629243
15629896
15633554
15635164
15639373
15642896
15646367
15649008
15649777
15653357
15653524
15654633
15656824
15657234
15672298
15674403
15676937
15677719
15680569
15682416
15682677
15683045
15686302
15686709
15686739
15687327
15690977
15693050
15697450
15697673
15699089
15701460
15704470
15705304
15711833
15713617
15716359
15720447
15721045
15722899
15723606
15724781
15730244
15733964
15735361
15735518
15736071
15738991
15740953
15742514
15742749
15743338
15747307
15753351
15754416
15758480
15763771
15765332
15765551
15768113
15771529
15777729
15778397
15780729
15789278
15793806
15794604
15796017
15803099
15803350
15803825
15804204
15804735
15812761
15816261
15822065
15823264
15823426
15824351
15824924
15828338
15829951
15830737
15831502
15835530
15837624
15840618
15843345
15848360
15848864
15849268
15850026
15853353
15853781
15855745
15858385
15859624
15862547
15863255
15863572
15865872
15868595
15872982
15875464
15880234
15883547
15885385
15885651
15887023
15887129
15887314
15889470
15891950
15900813
15904643
15906215
15917062
15918303
15919522
15919692
15922037
15924652
15925163
15926397
15927368
15930031
15935206
15935287
15939182
15945961
15946883
15947216
15948936
15949451
15949575
15950258
15950763
15952622
15954369
15955196
15956880
15958151
15958548
15958608
15960027
15963234
15967201
15967536
15968264
15972155
15975739
15977433
15979263
15980474
15981638
15981809
15983850
15989744
15995140
15995591
15995999
15997833
15998207
15999744
16000910
16001252
16004948
16005148
16007720
16011013
16012918
16015674
16015763
16016332
16016640
16017214
16017505
16020841
16023428
16024041
16024303
16025644
16026844
16027847
16028707
16030206
16034695
16034757
16034913
16042325
16044364
16044582
16046978
16048475
16048848
16048872
16049147
16050648
16051719
16051992
16058324
16058926
16060714
16064455
16064765
16065487
16067514
16067889
16069765
16070061
16070081
16075090
16075798
16077405
16082659
16087193
16090500
16092679
16093237
16096746
16099432
16100899
16101436
16102961
16104370
16104610
16105795
16106383
16106597
16106607
16107730
16108997
16109958
16112264
16112299
16114409
16117380
16117682
16118664
16123254
16123871
16123873
16126491
16126595
16127727
16132731
16133654
16136431
16136566
16138397
16140818
16141123
16141464
16142721
16150695
16152230
16153465
16156172
16156925
16158057
16158359
16159580
16160823
16161526
16163634
16163658
16166290
16168244
16173736
16173835
16176796
16177753
16179938
16182814
16186765
16187523
16189120
16189958
16190850
16191551
16192389
16192780
16194388
16194867
16196126
16198506
16198630
16199514
16206874
16207000
16209835
16210406
16212785
16226970
16227348
16231319
16233687
16235166
16235172
16235646
16236503
16236601
16238953
16240398
16241163
16242820
16245448
16248090
16248487
16248693
16250046
16250790
16254200
16265443
16265506
16266174
16269687
16277581
16281291
16283395
16283786
16284716
16285035
16285588
16286950
16287284
16288733
16293374
16294718
16294923
16297378
16297949
16298391
16300738
16301439
16302070
16302125
16304047
16304272
16306378
16309567
16309833
16310441
16310851
16312254
16313665
16315803
16316174
16318671
16319547
16322330
16322912
16327147
16328920
16329560
16332858
16333427
16334278
16338694
16338766
16338804
16346197
16346233
16346741
16349370
16350973
16351556
16358042
16361765
16362155
16366462
16367133
16367892
16369168
16369258
16370087
16370554
16372462
16372650
16375739
16376667
16378345
16379309
16382114
16382883
16385886
16386061
16386401
16389723
16390184
16390298
16391727
16393112
16393901
16397438
16397835
16398022
16398273
16398644
16399051
16399404
16400251
16402301
16403964
16407572
16408298
16410886
16412064
16412779
16414064
16415296
16417094
16417422
16420489
16423510
16425097
16427265
16432335
16433135
16433643
16438982
16438992
16439570
16445046
16447923
16451398
16452081
16453280
16455017
16456424
16458825
16459605
16460456
16462043
16462531
16466299
16467366
16467667
16469443
16471653
16475508
16478377
16478459
16479690
16480523
16481327
16481713
16483816
16488868
16489772
16491616
16495429
16499203
16499524
16503822
16505380
16510074
16510406
16510427
16511714
16512022
16513717
16513896
16515781
16519079
16520355
16520476
16524142
16526595
16527887
16529621
16536077
16536486
16538157
16541661
16542413
16542824
16543520
16545515
16545531
16546620
16548240
16549525
16552119
16552328
16555154
16557511
16557817
16562435
16562443
16563752
16569666
16573871
16574124
16574793
16575642
16577303
16577939
16581360
16581733
16584130
16585319
16587028
16589352
16591143
16592038
16593073
16596074
16596685
16597388
16597555
16598446
16598899
16604010
16604231
16605842
16607111
16609198
16609768
16610813
16612092
16612456
16612768
16612897
16616171
16616399
16620823
16623738
16624658
16624771
16634370
16637612
16637816
16641899
16645548
16646114
16651296
16654282
16654460
16655557
16657858
16659290
16659465
16659807
16662151
16662492
16663078
16663334
16664902
16666617
16668117
16672177
16673273
16674188
16674641
16675672
16678906
16679654
16679911
16681521
16682357
16682811
16684812
16686525
16687849
16693214
16693789
16696279
16697324
16697955
16699459
16700356
16700910
16706921
16710983
16718547
16722845
16723715
16723841
16724765
16725228
16726055
16727800
16728090
16733239
16735926
16736413
16736706
16736809
16737511
16739246
16742738
16743051
16744371
16745580
16746426
16747426
16747566
16748516
16750646
16750959
16752705
16757242
16759221
16760411
16762561
16766877
16767077
16768643
16770789
16771021
16771898
16779228
16780104
16780467
16784586
16789475
16795995
16796503
16797480
16797629
16798457
16799850
16800072
16802509
16802736
16804557
16805147
16806475
16806866
16809442
16810273
16811194
16815939
16817616
16821517
16821659
16822134
16822845
16825107
16826656
16828560
16828762
16829974
16840130
16841470
16844708
16848027
16849032
16855733
16861685
16863378
16866293
16867857
16868433
16869613
16869785
16869837
16870516
16873740
16875191
16877678
16884001
16888765
16888957
16890446
16891869
16893038
16893534
16893616
16895458
16897477
16899898
16901841
16906349
16908116
16910241
16912790
16913554
16913781
16915392
16919123
16919742
16926176
16927362
16928569
16928689
16931467
16931828
16932019
16932229
16933248
16936344
16936763
16937996
16940615
16942120
16943340
16943595
16945459
16947050
16948208
16950673
16950964
16951783
16954024
16957236
16959310
16960208
16960688
16961197
16972087
16973270
16973542
16974187
16974203
16974981
16977827
16979026
16979756
16981512
16981927
16983495
16983557
16985739
16985956
16989824
16996240
16998983
17000407
17000428
17001199
17001650
17002709
17004340
17004832
17006926
17008218
17008875
17009584
17011219
17011313
17011567
17014134
17014222
17016693
17018559
17021846
17022956
17024193
17024878
17025807
17027587
17028739
17028894
17029311
17029504
17030925
17032661
17032763
17033438
17034371
17034718
17037732
17040499
17043882
17045598
17047621
17049879
17050665
17050858
17051559
17051771
17052187
17054632
17056046
17057965
17058107
17058252
17059720
17064144
17066410
17069698
17071963
17072774
17072952
17072993
17078475
17079232
17080979
17082037
17084413
17086825
17087332
17089675
17098941
17102246
17102525
17103171
17103689
17104139
17105914
17105995
17106363
17106862
17114542
17114760
17115384
17116388
17120015
17120346
17122465
17123142
17123511
17123600
17124490
17125007
17125888
17127399
17131568
17134200
17138111
17138614
17138656
17139645
17141245
17142357
17144232
17144606
17144912
17145928
17147195
17147804
17148139
17149347
17155733
17156318
17157052
17157575
17158888
17159321
17160385
17161238
17162309
17163014
17164582
17166043
17166154
17167364
17169638
17172128
17177476
17178169
17178602
17183117
17188488
17189478
17191645
17192634
17194309
17194712
17195821
17203277
17204329
17205173
17206297
17208826
17209565
17212467
17213877
17217889
17220856
17225322
17229915
17231291
17231814
17232445
17238517
17240258
17242806
17242848
17243284
17244553
17248725
17253742
17255734
17256563
17259852
17260301
17263865
17264414
17268160
17270631
17271454
17272456
17272928
17273140
17274036
17274303
17279171
17281157
17283265
17284347
17289269
17292340
17296765
17297051
17298435
17301665
17302072
17304496
17304755
17307615
17311602
17313061
17316680
17318908
17318994
17319008
17320787
17324546
17326308
17327652
17330039
17331088
17333230
17340485
17341950
17342739
17342873
17343973
17344025
17351818
17353547
17360022
17361325
17366652
17367902
17370955
17370971
17372248
17377321
17378352
17378666
17378692
17378782
17384564
17384863
17385046
17386849
17388848
17391252
17391318
17393434
17394838
17396789
17399605
17401930
17407446
17408104
17408271
17409693
17412651
17414284
17415618
17417150
17418022
17419200
17425373
17426983
17427101
17431895
17432281
17433258
17434512
17441132
17446388
17449036
17453139
17453725
17455617
17455644
17456645
17456871
17458845
17459011
17464552
17465166
17465379
17467603
17467778
17468102
17468856
17469631
17470732
17473694
17473773
17474459
17474977
17476133
17476492
17478278
17479581
17481214
17487675
17488168
17490056
17491138
17493357
17494760
17498086
17499692
17500766
17501709
17501962
17502778
17503968
17506568
17510203
17511030
17511506
17512291
17512975
17516337
17516547
17517438
17520352
17520878
17520960
17525741
17526177
17528339
17529513
17529679
17531683
17533138
17533726
17533772
17535678
17535848
17539009
17540385
17542188
17545667
17547862
17550675
17550990
17552215
17553029
17554224
17554726
17555723
17557841
17559228
17561874
17562593
17566650
17571830
17572941
17574276
17575773
17576067
17581735
17584047
17585775
17586700
17593513
17594063
17595049
17595087
17599208
17602473
17604436
17604749
17605813
17608571
17609685
17617080
17618610
17619091
17621764
17623111
17623781
17624301
17624588
17625877
17625937
17626200
17628244
17628785
17629277
17630970
17632587
17632853
17637074
17643357
17644885
17645302
17650278
17651316
17652211
17652804
17660772
17661273
17662089
17667645
17668611
17671044
17672182
17673250
17673755
17674196
17675930
17677318
17677497
17677888
17680211
17684154
17686647
17686780
17687460
17689664
17689886
17690568
17693143
17694419
17699433
17700630
17702290
17702959
17703410
17706151
17706825
17707901
17709377
17709490
17712437
17712531
17713787
17714007
17717235
17717789
17719255
17719909
17724010
17724408
17728088
17734209
17734496
17738617
17741330
17741893
17747808
17750582
17750769
17751697
17752212
17755503
17756915
17759164
17760322
17762736
17763298
17765954
17767004
17768237
17768339
17771458
17775249
17776536
17777927
17780456
17783013
17784194
17784889
17787522
17788350
17788438
17789174
17795797
17802036
17810292
17810992
17815179
17815896
17816303
17816800
17818263
17818505
17820256
17820467
17821692
17824825
17825730
17828707
17835193
17836869
17839231
17839343
17842242
17842452
17845935
17848065
17849215
17853816
17855658
17857102
17863193
17866065
17866635
17867319
17868070
17870507
17870707
17870941
17873114
17873161
17873607
17876212
17877957
17877964
17878130
17880738
17882912
17884004
17887035
17888020
17888629
17889566
17891873
17893949
17894677
17896065
17896736
17896967
17897915
17900076
17900619
17904643
17907750
17911155
17911419
17912633
17913614
17915464
17920193
17921462
17921478
17921524
17924248
17924389
17925725
17927318
17930962
17932497
17932883
17936161
17938591
17941729
17942365
17946742
17948170
17952640
17954003
17954835
17956440
17956703
17958900
17959175
17959913
17961099
17963389
17965855
17967656
17968613
17968813
17969187
17970962
17972407
17977370
17978148
17984893
17986095
17988548
17993217
17993400
17994162
17994276
17998784
17999987
18000503
18001143
18003405
18004665
18004896
18006171
18006739
18011339
18012564
18013741
18017837
18018772
18021345
18022098
18022947
18023318
18026641
18027888
18028487
18032483
18032506
18032591
18034229
18036071
18037757
18039646
18040524
18041320
18041644
18043571
18044381
18049961
18050429
18051103
18051381
18051761
18064632
18065062
18067955
18068962
18072985
18074011
18077026
18077094
18080885
18085037
18085346
18085546
18085584
18086486
18096900
18097015
18097785
18099773
18100959
18102352
18102864
18103509
18106774
18107763
18108050
18112554
18114734
18118431
18119898
18120212
18121313
18122582
18123422
18124819
18126009
18127373
18128374
18129438
18130403
18130725
18132472
18132473
18133516
18136740
18140107
18140687
18142011
18149281
18150223
18151727
18154408
18154421
18155470
18156326
18157746
18158845
18167555
18167646
18169548
18171809
18173123
18175181
18176100
18176418
18176436
18176991
18178359
18179148
18179168
18181196
18183241
18183669
18187740
18188422
18189307
18193783
18195697
18195752
18196919
18201225
18201925
18203540
18204342
18206695
18207476
18209650
18211980
18213214
18214414
18215731
18215761
18217114
18219256
18221524
18222507
18224414
18227491
18228707
18228906
18230035
18231231
18234286
18237973
18239247
18239976
18241405
18243547
18243550
18243766
18244040
18246049
18250071
18250409
18254991
18257182
18259576
18260021
18260450
18263854
18265755
18266124
18267787
18269433
18273816
18275703
18287750
18288660
18295295
18297184
18297864
18300379
18300668
18304266
18304326
18306812
18307784
18312103
18312272
18314859
18315629
18322606
18326818
18327760
18328240
18329804
18332889
18336372
18337345
18338448
18338711
18338857
18339852
18340645
18342748
18347080
18347336
18347984
18348299
18353243
18353552
18353908
18358099
18359736
18360842
18362871
18366343
18366393
18370415
18374565
18374585
18382905
18390253
18397547
18397826
18399347
18400419
18404626
18408049
18412539
18412876
18418074
18419504
18420137
18420194
18422175
18422737
18423522
18425699
18426101
18427512
18427981
18435893
18439374
18446772
18450112
18451101
18452224
18452305
18454103
18455947
18458197
18459564
18461410
18462059
18462900
18463347
18468416
18470696
18474227
18476788
18479798
18481185
18483629
18484298
18484992
18485229
18488013
18488034
18488393
18490839
18492690
18496959
18497921
18506863
18509743
18510291
18514256
18514966
18515688
18518097
18519168
18519305
18521426
18523357
18525222
18528253
18530434
18530709
18533741
18539738
18540832
18541470
18541674
18542426
18543934
18544135
18545761
18546181
18547843
18548348
18549093
18550905
18551314
18551634
18552938
18553753
18554683
18555039
18555769
18555900
18558455
18558511
18560578
18561373
18561536
18565490
18565989
18568229
18569928
18570133
18572123
18572785
18577433
18578569
18579766
18582677
18582759
18583195
18583378
18583759
18584580
