108505
109297
109516
109675
112597
113398
114293
115162
115306
115402
116271
116860
117174
117489
117637
117862
119669
120201
120763
121671
121974
122023
123422
124049
124141
124195
125177
126573
126834
127079
127391
127674
127718
127815
127828
127934
127965
128445
128535
128734
128913
129221
129344
129823
129951
130076
130135
130342
130452
130927
131178
131237
131314
131950
132096
132290
132343
133843
134076
134103
134162
134236
134505
134685
134786
135201
135248
135315
135701
135747
136462
136573
136866
137535
138772
140321
140512
140717
142261
142464
142526
142533
142649
142899
142961
143090
146454
147648
149236
150254
150831
150900
151165
151202
151916
152025
153327
155431
158744
202226
202425
203149
203354
203697
204515
204783
205150
205245
206117
206176
206287
206325
206845
206848
206876
207277
207656
207732
208128
208672
208913
208934
209838
210931
211165
211530
211613
211686
212664
212945
213163
214466
214726
217019
218781
218983
221291
227190
227759
293204
296079
301721
304434
305607
305683
305913
306656
307075
307122
307125
307383
308232
308347
308810
309820
310519
310625
310796
311273
311419
311802
312797
312830
313305
313432
313514
313847
314174
314777
314914
315097
315269
315328
315346
316569
316769
317172
317240
318112
318434
319193
319393
319466
320293
320563
320798
321146
321446
321448
436789
438126
439778
441081
441731
441902
443556
444204
447878
449397
450017
451982
452387
452528
452650
453023
453263
453280
453471
453956
454673
454824
455109
455148
455290
455669
455872
456179
456442
456472
457003
457093
457145
457369
457519
458382
458501
459280
459323
459366
460218
460463
460886
460971
461590
461845
461887
461913
462430
462997
463107
463219
463261
463315
463579
463725
464251
464527
464790
464910
465162
465348
465407
466512
466523
467794
468215
469078
469278
469769
469793
470620
470958
471337
472403
473043
473248
473774
473867
474177
475548
476863
476935
477494
478349
478991
479610
479808
480205
480548
481132
482770
482843
482946
484107
494338
498428
498916
499746
499751
499765
499914
500060
500244
500260
500298
501039
501497
501617
502007
502017
502088
502249
502367
502872
503333
503605
503817
503965
504209
504256
504264
505208
506456
506769
507287
507916
507954
508080
508243
508269
509286
509647
509803
510413
510518
511480
512659
512770
512876
514578
515089
515319
515776
515906
516189
516226
516647
517595
553805
554255
554456
554566
554612
555662
555989
556003
556125
556237
556710
557089
557428
557744
558041
558121
558629
558714
559101
559176
559339
559683
559957
560290
560568
560849
560893
561458
561468
561972
562169
563474
563522
563685
563913
563936
564010
564687
564849
564989
565092
565494
565550
565598
565664
565682
565803
566228
566287
566396
566400
566665
568422
569132
571093
572579
573831
574125
575315
575579
575785
577031
577742
578609
579187
579568
580892
647591
647691
647761
647881
647935
647961
648452
648559
648563
649917
650278
650316
650354
650501
651241
651791
652208
652587
652626
652858
653523
653792
653972
654139
654148
654407
655275
655278
655316
655521
655983
656168
656274
656640
657100
657134
657981
812364
813434
813541
813864
814107
814456
814874
814967
815073
815089
816452
817256
817841
818105
818402
818626
818888
818911
818980
819750
820334
820485
820615
820815
820944
821194
821576
821675
822453
822509
822587
822597
823189
824141
824201
824256
824352
825243
825409
825689
826447
826766
826922
827753
828234
828723
828776
855527
855698
855946
856276
856499
857124
857140
857472
858186
858582
859019
859473
859547
860548
861041
861835
862053
863612
865203
894415
894807
895036
895166
895235
895635
895953
895973
896450
896744
896777
896841
896929
896987
897104
897172
897188
897345
897926
898089
898455
898490
898754
899549
899716
899980
900477
900631
900845
901193
901328
901361
901413
901551
901632
901698
901762
901797
902080
902254
902472
902502
903157
903732
904115
904222
904317
904377
905292
905317
905593
905677
906037
906074
906522
906678
906949
907222
907326
907349
907531
907642
907833
908035
908101
908399
908562
908881
908967
909019
909726
909845
910104
910188
910222
910255
910365
910746
910843
911022
911218
1000826
1013776
1046418
1046778
1049886
1050891
1050936
1051059
1053624
1054577
1068981
1232762
1232807
1232837
1233146
1233288
1233698
1234428
1234599
1234886
1234919
1235836
1235902
1236372
1236609
1236663
1236867
1236988
1237269
1237767
1238127
1239063
1239545
1239679
1239943
1240137
1240137
1240258
1240428
1240884
1241066
1241733
1241763
1241896
1242065
1242111
1242809
1242863
1243038
1243121
1243312
1243575
1243595
1243744
1244388
1295142
1295200
1295683
1295797
1296907
1297135
1297620
1297810
1298557
1298564
1298755
1299005
1300223
1300581
1300764
1300965
1301791
1302750
1302965
1303960
1304008
1304131
1304855
1305182
1305361
1305427
1305921
1306206
1306262
1306315
1306599
1306845
1306928
1307034
1307225
1307508
1308151
1308751
1308910
1312265
1314328
1314487
1317644
1317937
1319760
1323424
1323959
1324564
1325429
1325538
1370482
1370551
1371237
1373436
1373576
1374235
1374443
1375318
1375457
1375698
1377194
1377862
1378385
1378797
1379755
1380991
1384167
1385070
1385866
1386488
1386973
1387402
1388617
1388824
1405672
1407430
1408824
1409237
1414150
1416988
1418765
1418857
1418959
1419104
1419160
1420358
1420836
1421428
1421580
1421599
1421629
1421977
1422186
1422423
1422668
1422734
1422943
1423283
1423284
1423288
1423293
1423387
1423444
1423639
1424047
1424175
1424254
1424274
1424539
1425421
1425517
1426072
1426410
1426646
1426660
1426735
1426776
1426854
1426909
1426995
1427032
1427050
1427118
1427235
1427339
1427519
1427710
1427833
1427837
1427944
1428463
1428530
1428903
1432875
1438930
1442371
1457066
1458638
1462855
1462960
1463835
1464394
1465318
1467226
1467753
1469332
1469340
1469656
1469663
1470020
1470129
1471729
1472264
1473014
1473308
1473881
1474546
1474667
1475342
1476405
1477169
1477225
1477811
1478670
1479806
1479934
1480193
1480340
1480905
1480910
1481410
1481732
1481762
1482406
1482669
1482923
1483656
1484175
1484334
1484506
1484525
1484890
1485369
1487127
1487427
1488147
1488769
1489011
1489430
1489971
1490060
1490111
1630282
1633621
1634186
1635307
1679587
1679587
1680358
1681791
1682068
1682211
1682233
1682495
1683351
1683485
1683798
1684024
1684227
1684257
1684286
1684405
1685308
1685395
1685417
1685502
1685637
1686237
1687238
1687409
1688018
1688425
1688567
1688693
1688821
1688999
1689114
1689731
1689924
1690214
1690725
1691588
1692745
1693580
1694009
1694580
1694585
1694905
1694935
1695302
1736878
1751923
1752150
1754188
1756223
1756815
1759234
1762061
1763370
1765897
1766112
1766687
1766991
1767004
1767400
1805428
1807092
1809453
1809547
1809964
1811106
1811460
1812057
1812223
1814126
1814543
1815557
1880648
1882512
1882812
1883454
1884215
1884912
1885093
1885294
1886191
1887236
1887674
1888282
1888746
1889582
1889922
1892892
1893920
1894361
1894439
1895368
1899236
1908574
1908666
1909250
1909601
1909915
1910091
1910289
1911674
1911920
1912280
1912327
1912655
1913359
1914089
1914362
1914800
1915275
1915472
1915652
1916767
1917885
1919529
1919611
1920241
1921152
1921966
1922028
1922644
1940916
1941321
1941457
1942416
1943066
1943341
1943780
1944045
1944351
1946628
1946770
1947412
1947701
1948560
1949759
1951850
1955009
1956730
1956863
1957999
1958101
1958567
1958648
1958966
1959233
1959618
1959972
1980018
1981665
1981995
1983100
1985283
1986879
1987307
1987523
1989415
1990085
1991035
1991650
1992241
1992648
1993182
1995061
2042459
2043570
2044299
2044323
2046647
2047675
2047986
2048605
2049235
2049342
2049815
2049847
2049918
2050866
2050976
2055336
2056111
2056113
2056212
2084306
2086267
2087559
2124512
2137630
2141687
2141700
2143241
2144354
2145149
2146663
2149889
2150871
2151257
2151502
2151560
2151629
2151787
2152176
2152659
2152738
2152849
2153171
2153795
2153828
2154079
2154139
2154170
2154726
2154967
2155084
2155366
2155522
2155532
2156241
2156331
2156896
2156969
2157442
2157492
2157571
2157705
2157882
2158368
2158939
2159234
2159265
2159402
2160050
2160054
2160536
2160592
2161232
2161816
2162176
2162250
2163018
2163483
2163488
2164009
2164816
2165108
2165325
2165463
2165512
2165633
2165646
2166363
2167140
2167217
2167443
2167810
2167952
2168903
2169025
2169164
2169890
2170105
2170837
2170867
2170965
2171020
2171547
2172212
2172811
2173476
2173873
2174630
2175436
2176056
2176079
2176255
2176711
2177488
2180625
2182446
2201428
2201480
2201832
2203297
2204782
2206266
2208613
2208713
2209932
2209960
2211151
2229764
2229782
2230077
2230168
2230185
2230626
2230722
2231249
2233183
2234590
2236701
2238200
2238283
2239872
2241806
2243598
2243720
2244666
2262358
2262834
2264920
2266044
2268636
2269803
2270891
2293321
2295057
2295436
2295699
2295791
2295793
2296272
2296347
2296541
2297352
2297630
2297772
2298110
2298474
2299446
2300150
2300243
2300330
2300344
2300476
2300513
2300861
2300990
2301181
2301981
2302221
2302336
2302680
2302822
2303013
2303142
2303148
2303288
2303330
2303545
2303857
2304078
2304268
2304508
2304967
2305126
2305345
2305441
2305801
2305928
2306513
2306579
2307108
2307314
2307367
2307414
2307452
2308001
2308027
2308266
2308451
2308690
2308701
2308809
2308983
2309201
2309502
2309522
2309671
2309748
2309763
2310841
2311075
2311200
2311962
2312140
2312342
2312509
2312852
2328762
2329069
2329072
2329082
2329271
2329365
2329728
2329806
2330246
2330510
2331002
2331169
2331488
2331575
2332286
2332363
2332538
2332632
2332858
2332932
2332953
2333026
2334084
2334326
2335481
2335616
2335906
2336474
2336551
2337234
2337582
2337614
2338382
2338606
2338646
2338700
2339162
2339206
2339267
2339308
2339707
2339730
2339928
2340029
2340065
2340532
2340607
2340981
2341126
2341263
2341301
2341405
2342289
2342317
2342412
2342611
2342650
2342768
2343061
2343491
2343709
2343949
2344074
2344126
2344244
2344594
2345405
2347290
2347404
2347532
2347578
2347678
2348316
2348468
2348553
2348670
2349019
2349039
2349189
2349550
2349800
2350448
2351574
2351767
2352489
2353027
2353254
2353915
2353927
2354274
2354285
2354385
2354707
2354950
2355217
2355603
2356293
2356446
2356636
2356932
2357142
2357278
2357295
2358343
2358374
2358769
2359118
2359472
2359482
2359488
2359518
2360137
2360466
2360788
2360962
2360998
2361012
2361111
2361481
2362101
2362296
2362330
2363084
2363090
2363103
2363354
2363583
2363748
2364261
2364797
2364871
2376586
2381431
2384003
2387103
2390298
2392019
2392414
2420388
2426072
2426376
2426582
2426830
2427030
2428189
2428524
2428568
2428710
2429061
2429312
2429521
2430336
2430563
2430866
2431146
2431493
2431810
2431944
2431967
2432060
2432373
2432568
2433344
2433542
2433811
2434546
2434677
2434796
2434930
2435075
2435093
2435234
2435400
2436112
2436277
2436397
2436494
2436629
2436709
2437266
2438173
2438269
2438278
2438370
2438842
2438885
2438948
2439373
2440073
2440190
2440480
2440751
2440995
2441009
2463436
2467341
2472975
2502835
2505438
2507619
2511051
2513887
2517831
2518186
2518750
2519338
2519508
2519735
2519967
2521174
2521974
2522010
2522080
2523063
2523146
2523517
2523789
2524553
2525342
2526178
2528753
2559712
2622359
2622407
2622989
2623013
2623931
2624789
2624882
2625478
2625555
2625766
2625798
2625871
2625926
2626561
2626765
2626811
2626952
2627082
2627132
2627920
2628130
2628161
2628255
2628590
2628611
2629114
2629647
2630432
2630665
2631044
2631410
2631810
2632077
2632442
2632458
2632876
2669967
2670522
2670578
2670835
2670926
2671186
2671414
2671951
2672050
2672898
2672934
2673081
2673114
2673532
2673761
2674398
2675802
2675983
2676046
2676168
2676413
2676437
2676605
2676637
2676698
2676755
2676808
2677356
2677573
2677578
2677587
2677876
2678061
2678089
2678219
2678374
2678456
2678823
2679537
2679716
2679811
2679826
2680010
2680196
2680595
2681005
2681123
2681309
2681403
2704692
2712011
2713346
2713374
2713667
2713869
2714223
2714619
2714625
2714744
2714950
2715682
2715742
2715815
2715870
2716085
2716435
2716508
2716709
2716901
2717085
2717496
2717948
2718110
2718185
2718400
2718678
2719151
2719285
2719338
2719401
2719456
2719824
2720680
2720762
2720785
2721019
2721486
2722451
2722574
2722798
2722818
2723010
2723831
2723857
2724063
2724442
2724833
2724941
2724951
2725011
2725524
2725724
2726072
2726423
2726483
2726568
2726979
2727063
2727127
2727136
2727325
2727407
2727584
2727839
2728232
2728638
2729024
2729088
2729172
2729459
2729562
2924024
2925163
2925342
2928549
2929049
2929096
2935300
2935792
2935871
2938799
2942096
2943982
2944172
2944338
2944496
2944796
2945192
2946822
2947106
2947456
2947592
2947625
2947664
2947901
2948461
2948905
2948913
2949320
2950422
2951125
2951141
2951740
2951803
2951908
2953445
2953666
2953827
2954049
2954263
2954968
2955992
2956098
2956355
2956542
2956899
2956971
2959089
2959119
2959283
2959637
2959664
2959804
2960416
2960646
2960704
2960828
2961159
2961326
2961820
2962607
2962966
2963982
2963999
2964268
2964542
2964910
2965414
2965641
2966458
2967338
2968320
2968574
2968993
2969296
2970083
2970316
2970683
2970730
2970955
2971693
2972384
2972433
2972541
2972727
2972994
2973264
2973352
2974114
2974162
2974491
2975126
2975428
2975585
2976475
2977929
2977943
2977984
2978177
2978821
2978849
2978920
2979037
2979147
2979622
2979774
2980413
2981770
2981778
2982149
2982494
2982578
2982729
2982802
2983130
2983150
2983180
2983244
2984057
2984167
2984633
2984641
2984784
2984857
2984993
2985199
2985475
2985677
2986195
2986331
2986865
2987333
2987452
2988066
2988852
2989250
2989725
2990086
2990159
2990449
2990472
2990547
2990869
2991035
2991271
2991685
2992489
2992881
2992966
2993062
2993401
2993444
2993493
2993516
2993728
2994081
3025562
3026138
3027330
3027564
3027829
3028312
3029211
3029221
3030510
3030987
3031351
3032025
3032279
3032302
3032607
3033082
3033566
3035092
3035698
3035940
3036655
3036699
3036968
3038727
3039006
3039794
3040119
3040165
3041136
3082281
3101043
3102651
3103857
3106065
3108746
3111766
3115249
3117141
3118984
3145604
3145759
3152628
3154043
3154164
3155664
3159966
3162466
3199570
3202423
3202786
3204059
3207494
3209862
3210768
3211300
3212169
3212585
3213112
3216019
3218265
3219290
3220192
3222393
3224833
3226946
3293204
3294660
3295947
3296094
3297548
3298411
3298598
3298670
3301106
3301771
3302774
3303064
3303097
3303202
3304170
3304327
3304505
3304600
3305226
3305255
3306411
3307246
3307384
3308392
3370275
3370372
3370387
3370700
3370989
3371423
3371657
3372002
3372489
3372533
3372610
3373092
3373307
3373364
3373392
3373923
3374254
3374519
3374883
3374884
3375182
3375465
3375775
3375999
3376006
3376131
3376164
3376288
3376874
3377126
3377635
3377666
3377694
3377749
3377938
3378662
3378671
3379379
3379384
3379771
3380204
3380338
3380418
3380707
3381011
3381680
3381754
3414687
3415369
3415401
3415597
3415729
3417565
3418061
3419900
3457103
3457731
3458154
3458661
3459151
3459215
3459234
3459315
3459859
3459962
3460161
3461432
3461718
3461852
3461912
3462018
3462179
3462236
3462876
3462923
3464362
3464915
3465753
3466285
3466797
3466812
3467391
3467458
3467480
3467911
3468071
3468582
3468645
3468809
3468817
3666719
3676303
3676758
3735381
3735509
3735540
3735673
3735884
3735921
3736062
3736126
3736523
3736662
3736686
3736709
3736928
3736992
3737107
3737308
3737496
3737531
3737619
3737713
3737792
3737948
3738083
3738402
3738511
3738568
3738857
3740111
3740178
3740411
3740555
3740867
3740978
3741205
3741975
3742018
3742299
3742725
3742784
3742995
3743047
3743079
3743128
3743949
3744070
3744186
3745203
3745262
3745534
3745666
3745796
3745837
3746225
3746360
3746737
3747171
3747319
3747362
3747714
3747715
3747802
3747903
3748481
3748509
3748534
3748833
3748896
3748922
3748992
3749015
3749016
3749059
3749291
3749402
3749695
3749731
3750434
3750473
3750947
3751521
3751695
3752514
3752591
3753002
3753443
3753529
3806599
3835936
3836064
3836951
3837335
3837378
3837417
3837454
3837585
3838554
3838857
3839307
3839693
3840212
3840224
3840565
3841193
3841584
3841694
3842416
3844177
3844613
3844847
3845286
3845602
3845932
3846031
3846438
3847741
3861402
3862110
3862898
3863105
3863235
3863375
3863415
3863912
3864601
3864848
3865053
3865448
3865514
3865537
3866124
3866738
3866781
3867384
3868387
3868422
3868817
3869695
3869821
3869886
3870162
3870350
3870658
3871489
3872627
3872745
3872767
3872898
3873311
3873617
3873675
3873682
3873683
3873943
3873984
3874032
3874672
3874891
3874895
3875198
3875267
3875351
3875520
3876644
3877003
3877031
3877040
3877171
3877699
3878103
3878221
3878451
3878454
3878850
3878887
3879514
3879612
3880005
3880176
3899027
3899179
3899281
3899283
3899356
3899522
3899632
3900010
3901010
3901188
3901408
3901455
3901495
3901500
3901584
3901809
3902575
3902919
3903718
3903757
3904030
3904398
3904804
3904998
3905078
3905633
3905699
3906327
3906398
3906559
3906797
3906905
3907338
3907346
3907665
3907833
3908148
3908461
3908666
3908787
3908920
3908939
3909053
3909191
3909395
3909686
3910079
3910186
3910250
3910691
3910985
3911463
3911682
3911691
3911814
3912431
3912597
3912768
3913598
3913871
3933932
3933988
3934600
3934727
3934855
3935360
3935712
3936682
3936707
3936745
3936787
3936806
3938183
3938544
3938571
3938845
3939225
3939463
3939766
3940160
3940851
3941801
3942554
3942682
3943218
3944777
3944833
3945382
3945565
3945970
3946235
3946244
3946253
3946263
3946340
3946809
3946816
3946887
3947493
3947764
3948515
3949818
3955019
3955613
3955897
3961169
3961246
3961828
3962787
3963200
3963800
3979304
3979619
3979679
3980065
3980553
3981166
3981276
3981486
3981646
3981668
3982018
3982064
3982941
3983193
3983313
3983455
3983893
3983996
3984187
3984278
3984392
3984912
3985145
3985153
3985554
3986003
3986467
3986526
3986657
3987003
3987174
3987644
3987829
3988059
3988093
3988301
3988370
3988458
3988774
3988821
3988828
3988961
3988972
3989056
3989210
3989792
3990192
3990198
3990907
3990928
3991511
3991993
3992272
3992398
3992510
3992522
3992555
3993068
3993174
3993202
3993452
3993593
3993680
3993705
3993999
3994048
3994233
3994375
3994510
4020889
4025636
4046123
4046346
4046401
4046913
4047182
4047868
4048694
4048886
4049977
4050614
4051204
4051552
4051602
4051680
4051895
4052180
4052557
4052668
4052991
4054455
4055877
4056538
4057423
4057555
4057712
4057907
4057931
4058581
4059518
4059978
4060215
4060374
4061605
4062316
4062505
4062593
4062748
4064210
4064241
4064901
4078238
4078261
4079377
4079655
4079780
4079827
4080305
4080821
4081093
4081501
4081570
4082251
4082984
4083299
4085046
4085395
4085874
4086781
4086922
4087560
4087576
4087682
4088624
4089082
4089200
4205198
4205319
4205454
4205741
4206381
4207052
4207138
4207223
4207319
4207419
4207655
4207794
4208160
4208303
4209005
4209281
4209821
4209873
4209884
4210987
4211452
4211917
4211930
4212526
4212616
4212680
4213064
4213070
4213180
4213829
4213973
4214707
4214921
4215307
4215783
4215880
4216082
4216181
4216210
4216262
4216541
4216574
4216661
4216713
4216934
4218527
4219406
4219501
4219512
4219788
4219849
4219999
4220280
4220671
4220744
4220989
4221034
4260388
4263497
4266284
4266654
4279920
4280252
4280939
4280945
4281115
4281486
4281660
4281902
4282117
4282353
4283873
4284274
4284903
4285050
4285962
4285974
4286406
4286756
4286821
4287176
4287326
4287592
4288328
4288934
4289595
4289956
4290019
4290029
4290881
4291350
4291961
4292648
4292957
4293102
4293161
4293630
4293905
4294042
4294887
4296122
4296334
4296657
4297629
4316475
4316632
4317272
4317482
4317628
4318520
4318616
4318628
4318779
4318832
4318947
4319440
4319711
4319734
4319990
4320082
4320112
4320431
4320864
4320915
4321029
4321194
4321235
4321850
4322227
4322360
4322569
4323560
4323743
4323939
4324623
4324687
4325023
4325341
4325439
4325522
4325851
4325898
4326006
4326438
4326486
4326867
4326915
4327043
4327113
4327451
4327574
4327720
4343805
4344121
4344557
4344815
4344907
4345029
4346780
4347661
4347728
4348313
4348437
4348549
4348633
4349516
4349898
4349931
4350177
4350270
4350281
4350508
4350898
4350977
4351583
4351925
4351955
4352325
4352355
4352401
4352869
4352997
4353511
4353941
4354070
4354239
4354317
4354468
4354774
4355046
4355315
4355622
4355850
4356031
4357864
4358476
4358715
4359620
4360140
4360142
4360183
4360334
4360428
4360881
4361118
4361170
4361279
4361870
4362184
4362422
4362534
4362563
4362727
4363117
4363165
4363426
4363477
4363483
4364036
4364172
4364571
4364612
4364801
4364834
4365433
4365965
4366374
4366537
4366580
4366889
4367294
4367587
4368386
4368613
4369465
4369934
4370101
4370125
4370198
4371053
4371243
4371330
4371524
4414925
4418187
4456050
4456426
4457862
4458300
4459504
4459857
4459919
4460241
4460297
4461193
4461464
4461631
4461667
4461816
4461821
4462119
4462384
4462410
4462528
4462704
4462723
4462791
4462998
4463407
4463847
4464299
4464460
4464525
4464859
4464884
4465184
4465222
4465600
4465863
4465923
4466099
4466850
4472344
4473373
4478784
4479915
4480972
4485627
4485634
4485955
4489161
4489417
4492595
4496108
4496109
4496863
4496922
4498032
4499368
4500278
4501122
4501380
4501407
4501428
4501933
4502037
4502067
4502164
4502865
4502984
4503815
4503967
4504206
4505252
4505270
4506819
4507474
4507584
4507642
4554386
4804426
4804505
4804578
4804685
4804790
4805533
4805946
4805984
4806111
4806644
4806786
4807174
4807243
4807350
4807992
4808010
4808102
4808367
4808784
4809243
4809293
4810093
4810269
4810446
4810521
4810596
4811150
4811332
4811607
4811729
4811870
4812421
4813191
4813577
4814147
4814237
4814757
4814799
4814830
4814880
4815009
4815607
4816235
4816706
4816963
4851340
4852102
4852501
4855184
4856540
4857957
4859687
4860504
4861566
4862881
4993210
4994053
4994313
4994543
4995647
4998497
5002207
5002800
5003671
5005106
5005126
5005543
5005839
5006160
5006321
5006430
5006691
5007131
5007256
5007365
5007777
5007870
5007912
5008224
5008295
5009340
5009377
5009822
5010341
5010793
5010919
5010929
5010984
5011112
5011858
5012232
5012471
5012963
5013374
5013480
5013764
5014242
5014425
5014458
5014532
5014778
5015252
5015625
5015710
5015789
5016710
5016738
5016763
5017126
5017269
5018397
5018537
5018595
5019323
5019768
5020473
5022044
5022236
5023263
5024152
5025949
5026667
5028237
5029936
5030273
5031699
5032529
5033687
5049041
5049244
5050044
5051058
5051396
5051691
5052181
5052417
5052620
5052644
5052756
5053676
5054601
5054616
5055075
5055508
5055867
5056802
5057325
5057523
5057760
5057767
5058089
5058247
5058339
5058758
5059122
5061566
5063166
5064310
5064585
5064637
5065015
5065606
5065953
5066765
5067291
5067831
5068106
5069567
5069594
5069979
5070192
5070367
5070405
5070483
5070686
5071449
5071488
5071695
5072233
5073058
5073242
5073915
5074911
5150306
5155621
5158670
5158769
5160738
5164024
5164750
5165887
5167026
5167285
5167477
5168801
5168962
5168998
5169768
5170404
5170530
5170636
5174344
5174431
5258423
5265583
5327561
5327972
5333877
5335483
5336359
5338392
5339840
5359459
5368868
5375864
5376464
5378509
5379209
5379679
5380606
5382364
5382471
5383590
5386543
5388365
5389449
5473451
5473484
5473489
5474581
5474770
5474835
5475328
5475442
5475867
5476196
5476412
5476414
5477949
5478312
5478646
5480260
5480565
5480967
5481356
5481619
5482325
5482594
5482711
5483336
5483485
5483589
5484178
5484317
5484500
5484686
5485529
5486131
5486345
5486939
5487077
5487425
5487667
5487734
5487900
5488963
5489420
5519520
5519869
5519966
5552799
5555218
5557951
5558605
5688586
5688967
5688999
5689179
5689272
5689281
5689359
5689364
5689455
5689892
5689949
5690422
5690425
5690766
5691182
5691286
5691498
5692514
5692705
5692884
5693545
5694204
5694369
5694866
5694952
5695206
5695295
5695300
5695342
5695477
5695559
5696207
5696654
5696722
5697253
5697509
5697573
5697592
5697877
5698306
5698406
5698444
5698586
5698752
5698846
5699077
5699203
5699317
5699463
5699658
5699715
5699865
5700126
5700312
5700348
5700352
5700365
5700510
5700610
5700707
5700763
5700860
5701187
5701206
5701268
5701935
5702192
5702543
5702548
5702587
5702756
5703211
5703274
5704461
5704598
5705387
5705765
5705854
5705855
5706097
5706275
5707473
5707542
5708172
5708214
5709017
5709646
5709670
5710403
5710488
5711482
5711537
5711609
5711638
5712302
5712313
5712587
5712607
5713057
5713279
5713331
5713346
5714009
5714088
5714314
5714647
5715871
5716604
5716749
5717561
5717838
5717883
5718235
5718243
5719493
5727373
5812712
5815754
5831154
5831276
5831287
5831358
5831726
5831745
5831952
5832005
5832307
5832588
5833471
5833814
5833975
5834189
5834677
5834783
5835423
5835510
5835631
5835750
5836137
5836235
5836349
5837399
5837813
5838392
5838435
5839673
5839965
5840120
5840313
5840400
5840668
5840886
5841322
5841512
5855730
5855843
5856092
5859996
5860620
5861138
5861798
5861817
5862826
5863637
5863762
5864064
5864831
5865539
5865652
5865863
5866039
5870123
5870128
5870147
5870185
5871303
5872306
5872528
5874374
5907669
5909243
5909310
5909658
5909835
5909898
5909914
5911327
5911578
5912103
5912362
5912471
5912740
5913272
5914188
5914502
5914675
5914848
5915434
5915565
5915612
5915875
5916287
5916581
5917097
5917153
5917730
5918340
5918415
5919027
5919347
5919926
5920630
5923957
5926324
5926950
5926993
5927073
5927691
5927788
5927995
5928039
5928197
5928323
5928410
5929147
5930352
5930535
5930685
5931316
5975152
6014016
6021024
6021367
6022864
6030191
6030236
6063959
6064202
6065156
6065159
6065447
6065725
6065888
6066981
6067532
6068072
6069203
6069973
6070057
6070831
6071343
6072006
6072054
6072106
6072175
6072667
6073130
6073195
6073410
6073711
6073866
6074823
6075014
6076012
6076600
6076698
6076849
6077937
6078297
6078588
6078836
6078896
6079276
6079376
6080056
6080640
6081091
6082071
6082201
6082240
6082252
6082315
6082776
6082999
6083076
6083385
6083712
6084270
6084343
6084662
6085396
6086231
6086510
6086677
6086705
6086755
6087251
6087407
6087455
6087617
6087954
6088347
6088792
6088862
6088910
6089039
6122606
6125752
6152724
6153063
6155433
6157418
6157813
6159084
6160502
6160722
6161665
6161709
6162704
6163902
6166896
6167542
6167658
6168930
6169361
6169589
6174098
6174775
6175269
6181156
6182169
6237375
6237598
6237732
6237988
6238107
6238622
6238947
6238989
6239689
6239737
6239823
6240045
6240690
6240913
6241069
6241659
6241670
6241882
6242103
6242411
6242851
6242953
6243368
6243583
6243646
6243697
6243721
6243835
6244041
6244384
6245146
6245307
6245824
6245893
6246007
6246216
6246759
6246795
6246857
6246935
6247146
6247911
6248033
6248142
6248174
6248407
6248602
6248797
6248896
6248926
6248932
6249194
6249654
6251258
6251330
6251489
6252035
6252044
6252065
6252796
6253401
6253575
6253925
6254536
6254652
6255099
6255216
6255847
6256860
6257016
6257071
6257329
6257385
6257896
6258154
6258469
6258992
6259458
6259855
6259905
6260349
6260467
6260710
6260742
6260927
6261001
6262176
6262314
6262353
6262590
6262714
6262946
6263264
6264546
6264619
6264710
6264741
6265401
6265710
6266067
6266129
6267367
6267433
6267676
6267757
6267828
6267927
6268137
6268420
6268758
6269342
6269475
6270075
6270102
6270338
6270905
6271168
6271279
6271406
6271471
6271707
6272040
6272144
6272214
6272996
6273129
6273273
6273488
6273533
6273541
6273742
6274617
6274628
6274643
6274736
6274832
6275442
6275799
6275992
6276218
6276371
6276386
6276451
6276565
6277122
6277429
6277468
6277571
6277576
6277919
6278145
6278212
6278550
6278567
6278599
6279873
6279925
6279928
6279967
6280445
6280695
6280790
6280826
6281237
6282496
6282587
6282771
6282958
6283317
6283491
6283563
6283989
6284174
6284194
6284239
6379802
6456875
6461793
6464914
6553605
6558297
6561010
6562975
6565392
6565436
6566646
6568738
6568853
6568967
6569212
6570260
6571412
6571465
6572499
6572927
6573157
6573688
6576057
6576957
6577231
6577303
6577460
6634052
6634273
6634784
6634844
6635014
6635442
6636463
6636595
6636876
6637271
6638624
6639500
6640028
6641137
6641628
6641734
6642113
6642529
6642566
6643018
6643356
6644366
6644499
6644518
6645490
6645520
6645594
6646080
6646433
6646642
6646671
6647697
6647698
6647775
6648113
6648163
6648574
6648907
6648933
6648977
6687419
6689213
6710304
6710436
6710550
6710948
6711233
6711367
6711944
6713506
6713612
6713633
6714257
6714562
6714610
6715437
6716340
6716494
6716848
6717677
6717720
6718212
6718309
6718937
6719166
6719486
6719520
6719798
6719914
6719997
6720338
6720397
6720756
6721034
6721222
6721333
6721337
6721453
6721932
6722178
6722356
6723218
6723912
6724014
6724403
6724526
6724692
6725324
6726284
6726332
6726554
6726571
6726630
6726776
6727515
6728004
6728642
6728702
6729137
6729181
6729541
6730530
6730845
6730953
6730963
6731262
6731530
6731887
6732112
6732561
6732634
6732691
6732916
6733659
6734014
6734248
6734309
6734587
6734610
6734902
6735141
6736149
6736922
6736956
6755351
6755853
6758400
6762467
6764887
6782107
6904006
6905766
6907798
6908019
6908182
6908605
6908702
6911812
6913755
6914732
6932071
6933393
6933405
6933757
6933973
6934004
6934222
6934243
6934892
6935117
6935370
6935625
6935963
6936391
6937585
6937930
6937946
6938294
6938324
6938430
6938599
6938607
6939227
6939315
6940331
6940377
6940392
6940962
6941115
6941162
6941190
6941420
6941488
6941646
6941705
6941732
6941863
6942062
6942352
6942662
6942791
6942874
6943191
6943671
6943735
6944007
6944118
6944304
6944864
6945275
7150889
7150941
7151263
7151319
7151347
7151526
7151791
7151805
7151862
7151871
7152007
7152066
7152125
7153107
7153154
7153558
7153777
7153830
7153908
7154203
7154216
7154366
7154725
7155081
7155866
7155999
7156200
7156952
7158509
7158543
7158591
7158609
7159176
7159418
7159515
7159825
7159893
7159968
7160646
7160756
7160955
7160977
7161080
7161356
7161457
7161616
7161630
7161927
7162113
7162143
7162329
7162330
7162886
7164131
7164350
7164405
7180063
7180314
7181293
7181617
7184130
7184265
7184512
7184898
7185249
7185844
7186284
7186445
7186459
7186846
7188176
7188627
7188817
7189428
7189571
7189980
7190159
7190195
7190658
7190738
7190791
7190849
7190859
7191730
7192090
7193094
7193301
7193536
7285315
7288276
7288543
7302260
7303901
7304172
7304611
7304634
7304719
7304775
7305926
7305969
7306810
7308295
7308769
7308825
7309601
7310852
7311925
7312077
7313979
7314672
7314690
7314945
7315019
7315185
7317384
7317533
7317621
7318556
7318761
7319136
7319173
7319367
7319664
7319748
7319850
7320048
7320106
7320196
7320326
7320452
7320529
7321035
7321171
7321296
7321828
7322060
7322424
7322630
7322654
7322832
7323391
7323864
7324632
7324822
7325683
7326094
7326116
7326324
7327296
7327552
7327844
7327934
7328800
7329021
7329132
7329536
7330042
7331082
7331412
7331443
7332347
7332501
7332666
7332724
7333312
7333364
7333597
7334010
7346417
7347606
7347763
7348674
7350581
7351566
7354128
7355660
7356573
7356798
7358202
7359027
7359414
7359703
7362091
7382001
7382212
7384674
7387478
7387679
7388054
7389126
7392222
7392408
7392415
7397096
7398931
7399430
7399862
7400260
7400496
7400599
7400616
7402354
7402438
7402530
7404585
7405627
7407285
7407405
7408161
7444748
7445118
7445508
7445895
7446325
7447187
7447681
7447815
7448191
7448593
7448652
7449563
7449605
7450014
7450340
7451304
7452206
7452394
7452480
7452667
7453128
7453129
7453320
7453739
7454123
7454146
7454226
7454811
7454931
7455235
7455835
7455845
7455904
7456172
7456704
7457429
7457452
7457466
7457518
7457578
7457886
7458028
7458054
7458345
7458498
7458818
7459206
7459881
7460025
7460222
7460311
7473148
7473501
7473515
7477456
7477859
7479236
7479261
7481066
7481461
7482613
7483306
7487582
7488176
7515772
7524446
7626739
7626905
7627253
7627698
7627729
7627839
7627871
7628192
7628398
7628439
7628880
7629077
7629143
7629771
7629849
7629896
7630014
7630606
7630627
7631498
7631732
7631967
7632442
7632955
7633023
7633854
7634365
7634456
7634476
7634689
7634956
7634998
7635136
7635139
7635594
7636785
7638157
7638938
7638993
7640311
7641662
7645573
7647210
7647388
7648305
7648499
7650351
7650764
7658399
7661387
7662127
7663182
7665171
7665872
7666328
7753109
7753334
7753862
7753947
7754185
7754229
7754251
7755897
7756298
7756764
7757245
7757275
7757456
7757670
7757832
7758103
7760255
7760296
7760573
7761644
7761721
7762468
7762473
7763536
7763714
7764090
7765313
7766763
7767238
7767331
7767842
7768395
7768863
7768901
7770376
7826476
7827499
7827666
7827722
7828174
7828597
7828721
7828750
7828900
7829111
7829267
7829470
7829476
7830433
7830547
7831098
7831214
7831333
7831656
7831746
7832138
7832292
7832540
7832556
7832731
7832758
7832808
7832846
7834141
7834273
7834494
7834964
7835197
7835281
7835492
7835583
7835938
7835963
7836170
7836424
7836432
7836515
7836580
7837525
7838175
7838308
7838558
7839082
7839185
7839578
7839828
7839932
7839961
7914363
7914371
7914424
7914739
7915260
7915600
7915635
7915860
7917042
7917348
7917465
7917555
7917705
7917824
7917847
7918714
7918995
7919023
7919042
7919811
7919900
7919971
7920137
7920221
7920229
7920418
7920914
7921282
7921395
7921603
7921887
7922008
7922162
7922505
7923303
7923466
7923480
7923504
7924290
7941235
7942408
7945309
7999899
8004556
8011600
8017630
8027741
8027935
8030586
8031837
8033057
8034776
8035540
8036316
8037030
8037816
8038009
8038337
8039163
8039177
8039192
8039725
8041754
8041889
8043773
8043774
8044062
8086389
8086476
8086611
8087070
8087177
8087278
8088389
8088458
8088500
8088691
8089355
8089387
8089959
8090022
8090239
8090614
8090661
8090710
8090741
8091133
8091321
8091651
8091782
8091806
8092025
8092059
8092557
8092639
8092700
8093085
8093110
8093141
8093467
8093757
8093801
8094144
8094189
8094442
8094610
8095303
8095415
8095511
8095590
8095663
8095883
8096071
8096831
8097310
8097665
8097721
8232089
8232210
8232352
8232551
8233175
8233258
8233671
8233805
8234053
8234258
8234730
8234840
8235416
8235446
8235659
8235690
8235749
8236052
8236130
8236435
8236993
8237080
8237120
8237197
8237352
8237558
8237584
8237605
8237851
8237989
8238191
8238756
8239549
8239913
8240075
8240161
8240239
8240674
8240870
8241499
8242031
8242034
8242996
8243052
8243072
8243539
8243866
8243930
8244107
8244646
8245517
8245608
8245807
8246520
8246823
8247116
8247202
8247348
8247581
8247839
8247883
8248135
8248390
8249313
8249451
8249792
8250290
8250382
8250404
8250799
8251320
8252027
8252516
8252640
8252798
8253004
8253160
8253256
8253656
8253745
8255457
8256159
8256668
8256835
8257040
8285579
8285579
8285956
8288311
8288818
8289190
8289552
8291483
8292235
8293190
8293582
8405373
8407187
8407237
8409116
8410162
8411561
8412253
8414790
8488350
8488732
8488793
8489293
8489375
8489400
8489601
8489715
8490379
8491391
8491632
8491797
8492403
8492686
8492888
8492928
8493810
8494345
8494471
8494488
8494539
8494853
8495268
8495841
8496000
8496165
8496246
8496872
8496948
8497286
8497338
8497460
8498218
8498264
8498677
8499467
8499488
8499581
8499800
8499968
8499980
8502396
8502475
8502536
8502761
8502839
8502967
8502988
8503126
8503133
8503333
8503496
8503907
8504023
8504298
8504726
8504847
8505140
8505312
8505349
8505427
8505773
8506497
8506512
8506714
8506787
8506856
8507103
8507343
8508051
8508271
8508276
8508651
8508663
8508727
8509047
8509286
8509496
8510026
8510098
8510233
8510533
8510629
8510641
8510683
8511027
8511329
8511392
8511820
8511852
8512140
8512570
8512610
8512694
8513156
8513724
8513823
8514058
8514062
8514762
8514938
8514974
8515015
8515165
8515381
8515824
8516150
8516157
8516855
8518406
8518945
8519035
8519052
8519133
8519188
8519430
8520039
8520229
8520521
8521056
8521398
8521472
8521473
8521770
8521842
8522236
8522253
8522294
8522335
8522590
8522616
8522829
8523108
8523697
8523991
8524028
8524050
8572529
8572660
8572910
8573032
8573289
8573298
8574643
8574830
8575206
8575528
8576392
8576729
8576970
8576980
8577027
8577035
8577378
8577451
8577465
8577679
8577945
8578573
8578709
8579552
8579617
8579661
8579735
8580324
8580534
8581283
8582356
8582478
8583134
8583438
8584586
8584592
8584614
8584941
8585405
8585728
8586254
8586744
8587371
8587484
8588287
8588942
8589199
8590037
8590268
8590448
8590536
8590674
8590994
8591207
8591400
8591481
8591572
8631268
8631731
8633244
8633744
8634378
8634706
8635875
8637372
8638299
8640145
8640235
8641576
8642576
8642885
8642928
8644773
8646395
8647052
8648814
8649165
8649662
8650002
8650451
8650631
8650636
8651102
8651384
8652142
8652193
8652718
8653096
8653240
8653484
8653998
8654268
8654329
8654581
8654609
8654727
8654916
8655370
8655597
8655882
8656022
8656024
8656055
8656445
8656653
8656743
8658288
8658341
8658506
8658575
8658667
8659209
8659230
8659626
8659989
8660219
8660704
8660722
8660958
8661247
8661578
8661627
8661737
8661908
8662157
8662407
8662541
8662835
8663256
8663328
8664758
8665060
8665393
8665407
8682376
8684180
8685227
8802418
8802513
8802534
8802811
8803628
8804624
8804700
8805066
8805191
8805933
8805941
8806169
8806648
8807071
8807494
8808778
8809123
8809344
8810617
8811312
8811438
8845449
8846361
8846436
8846526
8846876
8847092
8847312
8847983
8848900
8849387
8849665
8850933
8851178
8851853
8852267
8852848
8853222
8853473
8854089
8854358
8854861
8856014
8856978
8892624
8895466
8954405
8954988
8955164
8955957
8956065
8956234
8956925
8957390
8957951
8960092
8960764
8961564
8962780
8962819
8963070
8963846
8965007
8965039
8965210
8965592
8967511
8967926
8967978
8968024
8968193
8968250
8968517
8968654
8969003
8969083
8969178
8970911
8970963
8971360
8971718
8971806
8971926
8972073
9014239
9015664
9016783
9017200
9017209
9017553
9017727
9018618
9019990
9020058
9020359
9021532
9021655
9021748
9022094
9022255
9022610
9023212
9023838
9023989
9024005
9024500
9025078
9026140
9026423
9026562
9026684
9028029
9028078
9028356
9028475
9028523
9029017
9029165
9029175
9029685
9030332
9030411
9030423
9030786
9031657
9031978
9032672
9032822
9033320
9033404
9033640
9033896
9034122
9034290
9034395
9034551
9034673
9035362
9035764
9036134
9036212
9036319
9036602
9037176
9037538
9037659
9038227
9038364
9038732
9039038
9039361
9039861
9040124
9040234
9040303
9040432
9040457
9041558
9042113
9042550
9042600
9042879
9042959
9043095
9043208
9139975
9140108
9140165
9140264
9140611
9140960
9140980
9141456
9141826
9142292
9142534
9142777
9143292
9143434
9143774
9143960
9144136
9144200
9144286
9144329
9144363
9144844
9145051
9145272
9145482
9145484
9145906
9146088
9146113
9146422
9146660
9146735
9146783
9146900
9147722
9148589
9148702
9148722
9149910
9150103
9150221
9150942
9154606
9155405
9157003
9157091
9160568
9160910
9162099
9164296
9226276
9227091
9227533
9228165
9230695
9231396
9233209
9234114
9234749
9235805
9235817
9236121
9236165
9237117
9238247
9238534
9238568
9342988
9343356
9343492
9344159
9344311
9344446
9345076
9345239
9345268
9345346
9345390
9346216
9346279
9346434
9346509
9346551
9346585
9346835
9347312
9347715
9347780
9348230
9348371
9348544
9348631
9348838
9350405
9351138
9351146
9352077
9352739
9352895
9352921
9352975
9353152
9353161
9354000
9354660
9355250
9355668
9355705
9356163
9356242
9356609
9356985
9357267
9358064
9358258
9358373
9358514
9358649
9358789
9358791
9359285
9360413
9361106
9361240
9361564
9361893
9362159
9362692
9362917
9363608
9363786
9364858
9365718
9367686
9372957
9387346
9399812
9505339
9549914
9550014
9550077
9550109
9550301
9550759
9551131
9551293
9551349
9551390
9552527
9552585
9552863
9553308
9553343
9553592
9553725
9553955
9554148
9554294
9554605
9554634
9554739
9554789
9554925
9555034
9555424
9555846
9555870
9556594
9556866
9557428
9557840
9558152
9558160
9558256
9558584
9558687
9558748
9558803
9559446
9560761
9560924
9592347
9595346
9601782
9639796
9639930
9639959
9640179
9645953
9841174
9841193
9841347
9841916
9842026
9842329
9842942
9843065
9843130
9843162
9843473
9843547
9843635
9844181
9844291
9844523
9844576
9844585
9844702
9844845
9844904
9844961
9845272
9845674
9846647
9846840
9848308
9848453
9848725
9848846
9848923
9849204
9849271
9850105
9850193
9850441
9850578
9850840
9850869
9851141
9851366
9851881
9851957
9852422
9852501
9852614
9852673
9932280
9932315
9932378
9932726
9932847
9933009
9933486
9933561
9934049
9934553
9934587
9935437
9935461
9935736
9936002
9936091
9936159
9936651
9937101
9937174
9937216
9937454
9937617
9938019
9938073
9938147
9938951
9939350
9939365
9939422
9939528
9939630
9939932
9940298
9940826
9941201
9941285
9941461
9941536
9942114
9942137
9942158
9942264
9942276
9942523
9942600
9943090
9943447
9943458
9943898
9944362
9944559
9944618
9944850
9945069
9945120
9945258
10053369
10066163
10066495
10069120
10135912
10135966
10136017
10136098
10137224
10137524
10137592
10137651
10137787
10137888
10138180
10138536
10138947
10139012
10139175
10140285
10140856
10140944
10141295
10141569
10141638
10142051
10142234
10142345
10142765
10143033
10143394
10144051
10144379
10144381
10144712
10144785
10145257
10145506
10145920
10145982
10146082
10146623
10146877
10146985
10147186
10147530
10147615
10147767
10147768
10147813
10148817
10149165
10149855
10149859
10150906
10151000
10151049
10151224
10151581
10151811
10151934
10152257
10153031
10154412
10154932
10154969
10156404
10156808
10156967
10157895
10157996
10158266
10158411
10158631
10158941
10159106
10160339
10160993
10161484
10161717
10161892
10162280
10162616
10162869
10163008
10164302
10164428
10165030
10165347
10165478
10165650
10165692
10192430
10194387
10198439
10202526
10202890
10252586
10258789
10260111
10262047
10302951
10304033
10304242
10304613
10305220
10305345
10305528
10305834
10305944
10306430
10306507
10306868
10307131
10307716
10307948
10308325
10308577
10308656
10308826
10308947
10309002
10309203
10310121
10310192
10310270
10310395
10310656
10311035
10311231
10311387
10311486
10311796
10312276
10312818
10313155
10342957
10343040
10343335
10343809
10343957
10343982
10345087
10346075
10346338
10346541
10347377
10347659
10348080
10348422
10348433
10348502
10348534
10348658
10349028
10349370
10349451
10350018
10350648
10350969
10351346
10351934
10352433
10352525
10352753
10353055
10353563
10353665
10353736
10353759
10353958
10355116
10355537
10355686
10357905
10358118
10358890
10382253
10382665
10382712
10383111
10383566
10383649
10383826
10384166
10386040
10386155
10386337
10386364
10386578
10386951
10387286
10388396
10388695
10388811
10389319
10389431
10389686
10390392
10390575
10391059
10391200
10391243
10391396
10391598
10391958
10392215
10392310
10392405
10393318
10393538
10393635
10393653
10393703
10393759
10393772
10394499
10394665
10447721
10447729
10448048
10449533
10449974
10450162
10450441
10451543
10451766
10451826
10452060
10452178
10452349
10452419
10452811
10452958
10453804
10454022
10454163
10454725
10454801
10454885
10454924
10454973
10455101
10455359
10455527
10455821
10456539
10456556
10457209
10457652
10457663
10458078
10459157
10459461
10460627
10460649
10504504
10504606
10538332
10538432
10538950
10539131
10540337
10540356
10540553
10540829
10540957
10541328
10541346
10541478
10542610
10542820
10542969
10543635
10543659
10544031
10544670
10545341
10546738
10546849
10547002
10547065
10547203
10548247
10548337
10549388
10549424
10549659
10550281
10550751
10551065
10551536
10551910
10552229
10552595
10553722
10558489
10685956
10686980
10687410
10688498
10690796
10690969
10694144
10744291
10750618
10800321
10802428
10802842
10803270
10807678
10809465
10809828
10810284
10812126
10815197
10816274
10883192
10883729
10884096
10885509
10889144
10889420
10891482
10896310
10919824
10919879
10922745
10952553
10953334
10953492
10953848
10954113
10955197
10956055
10956335
10956857
10958608
10961189
10962717
10963655
10964542
10965516
10966307
11026672
11026785
11026841
11026905
11027014
11028179
11028344
11028477
11028565
11029650
11030290
11030741
11030752
11031385
11031414
11031899
11032838
11033952
11034069
11034850
11034925
11034937
11035213
11035279
11035334
11035500
11035963
11036596
11037339
11037842
11038059
11038209
11038354
11038589
11038600
11039029
11039056
11039184
11039404
11039715
11040665
11040807
11040907
11041071
11041313
11041715
11041722
11041799
11042061
11042711
11042741
11093699
11275636
11275637
11276448
11276532
11276630
11276828
11277826
11279039
11281109
11281508
11281608
11281764
11282508
11282985
11283884
11284158
11284191
11284206
11284818
11285249
11285326
11285560
11285654
11286090
11300858
11304010
11307919
11327139
11328528
11330269
11330922
11332454
11332502
11333058
11333807
11333963
11334140
11334215
11334221
11334905
11334914
11335860
11336001
11337153
11338462
11339236
11340364
11340388
11341292
11341709
11341789
11342216
11342402
11343189
11344196
11344537
11386662
11386732
11386754
11386832
11387494
11387536
11387609
11388729
11389591
11390277
11390807
11391555
11392471
11392988
11393644
11393742
11393767
11394114
11394172
11394363
11394659
11394884
11394903
11395026
11395079
11395194
11395227
11395801
11396354
11396357
11396481
11396850
11397609
11397868
11397880
11398783
11398923
11399185
11399598
11401236
11401845
11401885
11401930
11402438
11402531
11403484
11403945
11404745
11406132
11407282
11408834
11410935
11411175
11412647
11412667
11414795
11417698
11420371
11423147
11428236
11428933
11429153
11434332
11434413
11436745
11472569
11473035
11473199
11473336
11474694
11475032
11475665
11476087
11476208
11476346
11476959
11477847
11478344
11478499
11478609
11479455
11479525
11479584
11479856
11480381
11480463
11481601
11481821
11482042
11482193
11482439
11482722
11482798
11483684
11483787
11483883
11483949
11484297
11484603
11484970
11485023
11485362
11485613
11487019
11502458
11506287
11507335
11508809
11510820
11511231
11511900
11512097
11514075
11516193
11517260
11517718
11540950
11542345
11542953
11543311
11543455
11543619
11543834
11544314
11545100
11545448
11545674
11546203
11546295
11546412
11547836
11548406
11548714
11549788
11550264
11550392
11551560
11636033
11636180
11636301
11636311
11636409
11637211
11637519
11638105
11638973
11639663
11640074
11641310
11641638
11641827
11642190
11642644
11642973
11644101
11644412
11644424
11644572
11644665
11644880
11645180
11645772
11646069
11646222
11646806
11647068
11647511
11648074
11648259
11648403
11648485
11648518
11648714
11649117
11649597
11649991
11650442
11681528
11682778
11683526
11684008
11685198
11686693
11687809
11754487
11754520
11754725
11754843
11754849
11755779
11755877
11756702
11757122
11757260
11757803
11757907
11757921
11757930
11758231
11758279
11758456
11759228
11759511
11759779
11760433
11760511
11760650
11760897
11761005
11761230
11761741
11762043
11762130
11762161
11762184
11762227
11762707
11762751
11763009
11763570
11763845
11764200
11764510
11764756
11764773
11764936
11765606
11765764
11765802
11766514
11766515
11766591
11766696
11767004
11767140
11767352
11767433
11813797
11814191
11815140
11815209
11816173
11818023
11818456
11818849
11820514
11821162
11821447
11821604
11822919
11823089
11823188
11894699
11894921
11894933
11894946
11895606
11896302
11897054
11897131
11897266
11897308
11897446
11897501
11898563
11899357
11900521
11900830
11900854
11901256
11901455
11901830
11901849
11902017
11902374
11902659
11902911
11903617
11904236
11904401
11904403
11904538
11904747
11904828
11905106
11905191
11905978
11906465
11906810
11907162
11907253
11907651
11907674
11908334
11908440
11908532
11908778
11908828
11908859
11909003
11909036
11909350
11909682
11909745
11909972
11910179
11910439
11910670
11911052
11911741
11912090
11912507
11912521
11912698
11912724
11913023
11913071
11913410
11913676
11914079
11914317
11914406
11914508
11914740
11914751
11914861
11914975
11915036
11915325
11915484
11915600
11915611
11915635
11916082
11916228
11916429
11916914
11917182
11917618
11917663
11917783
11917875
11917929
11917987
11918034
11918584
11919038
11919362
11919388
11919679
11919989
11920485
11920662
11949034
11954564
11957176
11957984
11959141
11959396
11959548
11960018
11960599
11960748
11960880
11961324
11961405
11962283
11963188
11963679
11965072
11966149
11966192
11966264
11966270
11966406
11966701
11966854
11967729
12043152
12043525
12043989
12044381
12044466
12044586
12044821
12044884
12045102
12045112
12046175
12046364
12046526
12046530
12046583
12046641
12046867
12047149
12047245
12047817
12048966
12049074
12049117
12049244
12049368
12049380
12049436
12049444
12049842
12050010
12050193
12050383
12050513
12050791
12050935
12051094
12051242
12051674
12052386
12052944
12052947
12053607
12054069
12054162
12054603
12054959
12055043
12055191
12055495
12056233
12056383
12056402
12057235
12057443
12057726
12058087
12058352
12058584
12058971
12059639
12059920
12060157
12060975
12061201
12061508
12061557
12062077
12062760
12063363
12063733
12064266
12064433
12064613
12065190
12065713
12067280
12067491
12067882
12068741
12069026
12069034
12069148
12070354
12070366
12070528
12070533
12072717
12073176
12101400
12102283
12103951
12104608
12104629
12105149
12106093
12106979
12107913
12108079
12109785
12110062
12110492
12128313
12128382
12128408
12129329
12132349
12132626
12134964
12135993
12136029
12138167
12138788
12143064
12144592
12187447
12187457
12187890
12187991
12188172
12188713
12188785
12189029
12189920
12190053
12190490
12190553
12191137
12191169
12191500
12192155
12192218
12192335
12192841
12193326
12193460
12193708
12194131
12194219
12194308
12194399
12194484
12194604
12194734
12194908
12195242
12195639
12195684
12196004
12196628
12197016
12197029
12197106
12197274
12197893
12198111
12198259
12199860
12200180
12200227
12200251
12200495
12200574
12200633
12200787
12200903
12201117
12201170
12202393
12202484
12220589
12220601
12221090
12221344
12221621
12221766
12222146
12222534
12222560
12223093
12223192
12223316
12223388
12224134
12224365
12224748
12224829
12225021
12225063
12225069
12225293
12225303
12225439
12225488
12225492
12225643
12225839
12225929
12226003
12226343
12226682
12226834
12226907
12227339
12227436
12227782
12228255
12228273
12228302
12229083
12229138
12229446
12229660
12229772
12229833
12230047
12230079
12230289
12230576
12230751
12231472
12231670
12232081
12232344
12232888
12232973
12233181
12233652
12233875
12234074
12234168
12234877
12234929
12235229
12235729
12308466
12308589
12308807
12309243
12309286
12309569
12309882
12310333
12310365
12310520
12310668
12310748
12310952
12311192
12311298
12311310
12311337
12311693
12312494
12312902
12313273
12313424
12314008
12314201
12314406
12314420
12314509
12314908
12315198
12315252
12315701
12315954
12316292
12316939
12317174
12317307
12317809
12324629
12325204
12325636
12325961
12326441
12327744
12328072
12328857
12329593
12364636
12364730
12364872
12365110
12365173
12365188
12365323
12365440
12365968
12366096
12366473
12366804
12366941
12367163
12367291
12367505
12367620
12367672
12367677
12368084
12368207
12368329
12368737
12368766
12369218
12370042
12371076
12371473
12371580
12371731
12371746
12371792
12372613
12372735
12372751
12373315
12373468
12373583
12373812
12373832
12373979
12374425
12374578
12374820
12375214
12375230
12375324
12377546
12377724
12379195
12379664
12380161
12380516
12380811
12381598
12382874
12383214
12384043
12384133
12384148
12385483
12386107
12386883
12387008
12388387
12390303
12391560
12480679
12505046
12505512
12505623
12505754
12506372
12506443
12506915
12507118
12507233
12507856
12508344
12509127
12509472
12510323
12511581
12511914
12512119
12512539
12512795
12513057
12513325
12514014
12515270
12515280
12515461
12515558
12516079
12516268
12516850
12517188
12517264
12517774
12517907
12518143
12518512
12518800
12533767
12533936
12534712
12534799
12535093
12535672
12535993
12536025
12536043
12536325
12538011
12538444
12538510
12538566
12538633
12539099
12539208
12539567
12539955
12539999
12540376
12540787
12540946
12542049
12542734
12542836
12542875
12543059
12543469
12543503
12543673
12543708
12544304
12544817
12545117
12545190
12545306
12545867
12545879
12545961
12545991
12546233
12546383
12546933
12546980
12547123
12547597
12547722
12548018
12548232
12548901
12549362
12549805
12550059
12550351
12550586
12633512
12634578
12634991
12635427
12635628
12637647
12638441
12639957
12640741
12641162
12642688
12643140
12643166
12643940
12645938
12667395
12667555
12667872
12668728
12668836
12669039
12669355
12670617
12671075
12671432
12671488
12671545
12671584
12672179
12672182
12672226
12673164
12673462
12673755
12673982
12674067
12674429
12674765
12675209
12675445
12675480
12675966
12676143
12677131
12677233
12677412
12677583
12677584
12678990
12679076
12679521
12679584
12680978
12681026
12681229
12681298
12681417
12681870
12682265
12682287
12682464
12682959
12683079
12683370
12683456
12683782
12683929
12684086
12684379
12684654
12685274
12685562
12685653
12685918
12686119
12686215
12686891
12687067
12687708
12687711
12687921
12688306
12688403
12688621
12688641
12689135
12689260
12689570
12689782
12689895
12690008
12690169
12690268
12707281
12707457
12707671
12707971
12708154
12708220
12708951
12709056
12709171
12709349
12709542
12709585
12710080
12710540
12710640
12710693
12710740
12710931
12711102
12711581
12711797
12712136
12713420
12714584
12714595
12714618
12715346
12715513
12716281
12716723
12716846
12716920
12717472
12717919
12717919
12718033
12719212
12719388
12719443
12719755
12719840
12719964
12720112
12720194
12720403
12720908
12721261
12721506
12722028
12722315
12722394
12723157
12723964
12724009
12724205
12724440
12724532
12724652
12725270
12783190
12784040
12784359
12784489
12784764
12786713
12786800
12787999
12788079
12790789
12792511
12792646
12792718
12793125
12793956
12794744
12795770
12796444
12842043
12842357
12842693
12843022
12844318
12844595
12844680
12844934
12845223
12845430
12845797
12846087
12846145
12846308
12846516
12846942
12847183
12847277
12847322
12847408
12847536
12847826
12848411
12848885
12849317
12849495
12849691
12849784
12849836
12849874
12849936
12850172
12850619
12850957
12851352
12851389
12852147
12852358
12852509
12853409
12853759
12853875
12854103
12854917
12855120
12855293
12855573
12855841
12856157
12856366
12856733
12856804
12856845
12856851
12857046
12857265
12857348
12857400
12857460
12857522
12857687
12857891
12857956
12858076
12888880
12889203
12889565
12889930
12890357
12890806
12890956
12891075
12891091
12891493
12891807
12891901
12892435
12892464
12892968
12893039
12893334
12893526
12893957
12894037
12895273
12896246
12896437
12897037
12898096
12898317
12898608
12898611
12899180
12899900
12900002
12900300
12900353
12900698
12901526
12902057
12903113
12903152
12903389
12903507
12903636
12903794
12904582
12905006
12905350
12905550
12905673
12905904
12906083
12906162
12906444
12906528
12906602
12907004
12907194
12907215
12981485
12981632
12981995
12982007
12983102
12983390
12984269
12984992
12985098
12985428
12985810
12986314
12986934
12987275
12987333
12987916
12988024
12988161
12988661
12989015
12989118
12990338
12990975
12991301
12992143
12992547
12993037
12993977
12994145
12994324
12994615
12994832
12995210
12995648
12995789
12996327
12997061
12997368
12997408
12997803
13104628
13109765
13109820
13114799
13115019
13116199
13116202
13117182
13117334
13117347
13117595
13117753
13117987
13118029
13118522
13118589
13118994
13119244
13119399
13120191
13120385
13121285
13121863
13121985
13122165
13123275
13123378
13123505
13123636
13124097
13124261
13124631
13124807
13125072
13132878
13154299
13154663
13164943
13166786
13166999
13171256
13182347
13182666
13182880
13183297
13183461
13183466
13184670
13184995
13185571
13186899
13187390
13187539
13188278
13188518
13189181
13189554
13189919
13190606
13191242
13191385
13191977
13192543
13193182
13193314
13194068
13194120
13194264
13194302
13195413
13196128
13196469
13196750
13198207
13198347
13198383
13221825
13222620
13223053
13223331
13224363
13225796
13226785
13228101
13229205
13229458
13231189
13232320
13233008
13234302
13236591
13238257
13238912
13241903
13242426
13243172
13243702
13244328
13244802
13244894
13244992
13247216
13248071
13248566
13248834
13248878
13249268
13249952
13250877
13251606
13253240
13253990
13254884
13255135
13255151
13255806
13256017
13256667
13259219
13259826
13260167
13261109
13261324
13261891
13261903
13262226
13263190
13263377
13263829
13264062
13264437
13265623
13266070
13266155
13266383
13266939
13267229
13267666
13267961
13268521
13268579
13268688
13269859
13270847
13270898
13270996
13271172
13271436
13271944
13272007
13272989
13273558
13273963
13274236
13274548
13274882
13275060
13275094
13275394
13276029
13276045
13276559
13276703
13277080
13277132
13277178
13277344
13277635
13277888
13277968
13278306
13279771
13282600
13284518
13285787
13290690
13291880
13293072
13294872
13295089
13309842
13309920
13309922
13309967
13310530
13311109
13311541
13311549
13311617
13311696
13312909
13313167
13313229
13313302
13313409
13313972
13314347
13314556
13314698
13314919
13315321
13315462
13315950
13315959
13316008
13316306
13317206
13317210
13317305
13317465
13317492
13317951
13318832
13318931
13319101
13319120
13319476
13319795
13320259
13320395
13320453
13320462
13320503
13320906
13321124
13321564
13321844
13321934
13322708
13322962
13323269
13323296
13323736
13323768
13323774
13323998
13324089
13324212
13381617
13382050
13382412
13382520
13382533
13383245
13383748
13383828
13384363
13384395
13384721
13385095
13385348
13385988
13386145
13386221
13386255
13386533
13386967
13387033
13387044
13387395
13387767
13388080
13388258
13388879
13389189
13389232
13389358
13389698
13389794
13389990
13390633
13391324
13391339
13391702
13391912
13392388
13392459
13392565
13392901
13392914
13393189
13393369
13393597
13393964
13393996
13394177
13394349
13394652
13394753
13394972
13395127
13395140
13395563
13395885
13396056
13396135
13396220
13396442
13399312
13400024
13400551
13400719
13401053
13401339
13403759
13403762
13405109
13405216
13405444
13406088
13406999
13407123
13407441
13407848
13408036
13415049
13435972
13436385
13437338
13437448
13437685
13438317
13438801
13438914
13440006
13440368
13440675
13441513
13441852
13441874
13442556
13442673
13442757
13443524
13443535
13443692
13444132
13445909
13448323
13448328
13448924
13450157
13450454
13451501
13451649
13452363
13452416
13453218
13453285
13453516
13453524
13453748
13454492
13454526
13454774
13455210
13456110
13456358
13456367
13456548
13456788
13457550
13458505
13458755
13459639
13459692
13459992
13460027
13460092
13460562
13460687
13460918
13461059
13461094
13461140
13461143
13461737
13461929
13462375
13462452
13462539
13463452
13463637
13463971
13476584
13477005
13477712
13481815
13485711
13486640
13486796
13487504
13488451
13490887
13496309
13497026
13497840
13499711
13506443
13507687
13507835
13508974
13525727
13526950
13527338
13527409
13528059
13528463
13529471
13530754
13532180
13532693
13532760
13533429
13534690
13535275
13535275
13535554
13536498
13538316
13539028
13539666
13540673
13541501
13541632
13542170
13543202
13543228
13590906
13590962
13591048
13591834
13592179
13592329
13592859
13592872
13593365
13593460
13593525
13594873
13595306
13595448
13596650
13597772
13598020
13598027
13598129
13599044
13599205
13599327
13599468
13599494
13599647
13600419
13600926
13600981
13601111
13601866
13602430
13603250
13603511
13603603
13603916
13604049
13604188
13604203
13604212
13604588
13604873
13604975
13605096
13605163
13605278
13605325
13605587
13605724
13605931
13606210
13652346
13659586
13805401
13805824
13806363
13806601
13806677
13808008
13808667
13809548
13811112
13811162
13811860
13812301
13812313
13812810
13813354
13814546
13814590
13814690
13814778
13815738
13816274
13816476
13817567
13817787
13818041
13818216
13818375
13819325
13860052
13861076
13861517
13861901
13861922
13862158
13863187
13863694
13864141
13864406
13865344
13865915
13866181
13867283
13867810
13868902
13870376
13870465
13871000
13873024
13873587
13873865
13874117
13894398
13897766
13898143
13901091
13901884
13903330
13905370
13906742
13935532
13937846
13938228
13938354
13939030
13939426
13940564
13940753
13941479
13941675
13941900
13943480
13943564
13944118
13945170
13945449
13988301
13988998
13989038
13989067
13990954
13992660
13993005
13993378
13994280
13994455
13994649
13995232
13995371
13995495
13996225
13997247
13998439
13999209
14000894
14001548
14001626
14002194
14002634
14003020
14004276
14004715
14008416
14013428
14014761
14017980
14018298
14018465
14018547
14018559
14018647
14018674
14018748
14018903
14019074
14019124
14019521
14019856
14019943
14020064
14020587
14020664
14020939
14022157
14022234
14022438
14023170
14023342
14023518
14023802
14024003
14024111
14024345
14024807
14024859
14024893
14024973
14025726
14025820
14025878
14025890
14025972
14026043
14026093
14026189
14026439
14026740
14027217
14027427
14028067
14028210
14028437
14028746
14028979
14029003
14029744
14029826
14029913
14029961
14030081
14030224
14030313
14030472
14030852
14031657
14031721
14031818
14032146
14032471
14032790
14032817
14033094
14033108
14033260
14033443
14033658
14033840
14038346
14042333
14043582
14047155
14051213
14057008
14057641
14060590
14060600
14061159
14061286
14061328
14061344
14061394
14061795
14061914
14062227
14062387
14062798
14062806
14063340
14063759
14063848
14064485
14064527
14064647
14065222
14066217
14066263
14066563
14067205
14067483
14067661
14068506
14069151
14069780
14069831
14070008
14070077
14070235
14070243
14070363
14070372
14071043
14143147
14144386
14144527
14144839
14145869
14145960
14146111
14146190
14146731
14146901
14147072
14147453
14147957
14148045
14148398
14148636
14148699
14148991
14149645
14149905
14150347
14150890
14151040
14152256
14152368
14152636
14152851
14152888
14152975
14153436
14153749
14154195
14154359
14154692
14155027
14155429
14155498
14155845
14156608
14156931
14157023
14157352
14157686
14158136
14158492
14158729
14158850
14159078
14159382
14159490
14159521
14159799
14159846
14159916
14160852
14160949
14161022
14161048
14161534
14161769
14162526
14162615
14162832
14162838
14162934
14163792
14163960
14164334
14164464
14164770
14164846
14165293
14165414
14165522
14165963
14165964
14166089
14166270
14166862
14167060
14167215
14167285
14167768
14168512
14168634
14168776
14168983
14169093
14169844
14170370
14170955
14171125
14171163
14171705
14172292
14172310
14172449
14172490
14172535
14172580
14172701
14173596
14228123
14228186
14231646
14232592
14233589
14234685
14236131
14238335
14240507
14241309
14242780
14242811
14244173
14269692
14270038
14270112
14270225
14270371
14270393
14270476
14271282
14271793
14271860
14272707
14272946
14274678
14274952
14275327
14275351
14275651
14277038
14277455
14277639
14277908
14277980
14278173
14278280
14278804
14279340
14279400
14280271
14280513
14280540
14281252
14281360
14281396
14281741
14282399
14282704
14282752
14282768
14282806
14283073
14283516
14283548
14283637
14283644
14283910
14284774
14284929
14285006
14285560
14285587
14285890
14285934
14285940
14285997
14286264
14286725
14286729
14286771
14311945
14312055
14312453
14312528
14312774
14312952
14312993
14313122
14313151
14313398
14313618
14313785
14313945
14314071
14314191
14314505
14314794
14314869
14315035
14315189
14315899
14316066
14316487
14316866
14316950
14316968
14317291
14317434
14317461
14317709
14318120
14318173
14318701
14318771
14319119
14319189
14319239
14319529
14319616
14319765
14319784
14319928
14319966
14320095
14320104
14320169
14320170
14320323
14320377
14320389
14321322
14321452
14321604
14322035
14322222
14322330
14322459
14322744
14322861
14322988
14343887
14344405
14344539
14347120
14347313
14348107
14368937
14442155
14448648
14452591
14469001
14496690
14503891
14512811
14513999
14514894
14515303
14569975
14570015
14570715
14572637
14574196
14574454
14574913
14575301
14576292
14576551
14576557
14576921
14578986
14617292
14617469
14617700
14618043
14618068
14618264
14618433
14619656
14619772
14619774
14619834
14620007
14620139
14620152
14620932
14621247
14621384
14621428
14621731
14622309
14622368
14622413
14622528
14622753
14622815
14622823
14622969
14623268
14623450
14623513
14623712
14623781
14623899
14623977
14624033
14624508
14624678
14624731
14625564
14625683
14626059
14626395
14626793
14627128
14627340
14627649
14628165
14628763
14629299
14629436
14629620
14630051
14630164
14630407
14630514
14630548
14631541
14631906
14632089
14632135
14632500
14632914
14633055
14633133
14633561
14633715
14633842
14634170
14634337
14634495
14634671
14634859
14635293
14636351
14647437
14647803
14648436
14648558
14649232
14651123
14651622
14652076
14652352
14652829
14653203
14653989
14654666
14654762
14654966
14656074
14701899
14702030
14702123
14702545
14702792
14702799
14702802
14703297
14703424
14703513
14703559
14704081
14704196
14704245
14704685
14705154
14705484
14705945
14706165
14706206
14706286
14706561
14706827
14706832
14707061
14707184
14707458
14707634
14707863
14708025
14708040
14708261
14708272
14708315
14708396
14708642
14708857
14709010
14709168
14709874
14710195
14710241
14710586
14710682
14710746
14710927
14710978
14711657
14712653
14712892
14713244
14713375
14713622
14714372
14714403
14714770
14714864
14715678
14715820
14715995
14716064
14716261
14716305
14716592
14736191
14738705
14746658
14747448
14749696
14752784
14753794
14754670
14773491
14774583
14775043
14775794
14776400
14777024
14777425
14778779
14779678
14780575
14782360
14782656
14782733
14782785
14783687
14784084
14784612
14785478
14785636
14785934
14785999
14786009
14786175
14787271
14787654
14787664
14787811
14787969
14787976
14788428
14788816
14789069
14789480
14789666
14789813
14790668
14790733
14791212
14791610
14791818
14792236
14792496
14792642
14794100
14794246
14794514
14794562
14795990
14796176
14796254
14796724
14796849
14797170
14797452
14798247
14799238
14801001
14801342
14801408
14802456
14803123
14803415
14803744
14803796
14804122
14805819
14806998
14807216
14807536
14897411
14900947
14909478
14910314
14910784
14911360
14911496
14911678
14912220
14912247
14912541
14912543
14912720
14913343
14913541
14913998
14914553
14914617
14915633
14916522
14916648
14916821
14916875
14917237
14917372
14917574
14917866
14917868
14917938
14918067
14918726
14919341
14919448
14919491
14920098
14920310
14920378
14920529
14921421
14921585
14922381
14922447
14922483
14922540
14922935
14923436
14923693
14923733
14924075
14924110
14924392
14924404
14924408
14924415
14924818
14925303
14925445
14926481
14926524
14926896
14927168
14927282
14928521
14928652
14929057
14929263
14929921
14930120
14930234
14930654
14931000
14931223
14931232
14931682
14931922
14931954
14933016
14933227
14933246
14933300
14933556
14933651
14933788
14934118
14934417
14934520
14934712
14935224
14935235
14935311
14935330
14935332
14935867
14936256
14936284
14936524
14936612
14936877
14936950
14937048
14937073
14937703
14937736
14937844
14938150
14938225
14938876
14939777
14941963
14942054
14942375
14942462
14942979
14943842
14944440
14945081
14946026
14946086
14946441
14947094
14947770
14948233
14948466
14949075
14949099
14949656
14949957
14950608
14950691
14951210
14952382
14971597
14971869
14971905
14972020
14972353
14972402
14972772
14973156
14973363
14974314
14975264
14975619
14975919
14976101
14976107
14976115
14976237
14976267
14976317
14976965
14977776
14978430
14978516
14978539
14978560
14978723
14978792
14979099
14979514
14979555
14980089
14980215
14980265
14980379
14980459
14981264
14982366
14982599
14982729
14982738
14982887
14982901
14983122
14983197
14983372
14983616
14983800
14984156
14984186
14984454
14984554
14985434
14985528
14985611
14985897
14986480
14986836
14986862
14986989
14987360
14987430
14987651
14987848
14987859
14987991
14988595
14988827
14989083
14989166
14989238
14997985
14999509
15028281
15031950
15059032
15059628
15060526
15061806
15064301
15066753
15068297
15069114
15070766
15074863
15107778
15108245
15108547
15109138
15109430
15111146
15113274
15114659
15114918
15115146
15117127
15117455
15117697
15117778
15118706
15118742
15118787
15119129
15119429
15119775
15120040
15120177
15120298
15120705
15120847
15121055
15121237
15121603
15121734
15122574
15122707
15123025
15123176
15123310
15123475
15123798
15124137
15124626
15125224
15125748
15126092
15126209
15126664
15127871
15127908
15128186
15128230
15128348
15129213
15129350
15129394
15129733
15129764
15130138
15130419
15130447
15130817
15130856
15130870
15131759
15131809
15185402
15202591
15202835
15203220
15203603
15203820
15204174
15204887
15205654
15205683
15205781
15206372
15207024
15207761
15207818
15207944
15208012
15208172
15208384
15208509
15208524
15208734
15209097
15209241
15209426
15209675
15210017
15210351
15210878
15211436
15211794
15212193
15212949
15213241
15213642
15213769
15214155
15214161
15214778
15215796
15215837
15215908
15216641
15217230
15218018
15218111
15236809
15237217
15237551
15238672
15239316
15241664
15241684
15241791
15242328
15243127
15243239
15246928
15248107
15248507
15249313
15249341
15250904
15252244
15313599
15316586
15320473
15321027
15321956
15340139
15343917
15344662
15345547
15346473
15346786
15347894
15348294
15350291
15413368
15420909
15421111
15422517
15423104
15424138
15427453
15427576
15427702
15428471
15428511
15429084
15429530
15430293
15431221
15431532
15432933
15432984
15433222
15433820
15434776
15435009
15435533
15436425
15436726
15437273
15438085
15438624
15438699
15439205
15444366
15449559
15456101
15456153
15456506
15456941
15457513
15458271
15458797
15459572
15459833
15459882
15460083
15461397
15461565
15462201
15462273
15462324
15462420
15462547
15462931
15464608
15465267
15466545
15466587
15467148
15467754
15468499
15468609
15468713
15468903
15468980
15469513
15469748
15514625
15514925
15518810
15519018
15519269
15520002
15521769
15522662
15522868
15526848
15527697
15528074
15579469
15579788
15580127
15580225
15580440
15580793
15581070
15581750
15581806
15582565
15582805
15582867
15582910
15583410
15584052
15584079
15584144
15584386
15584391
15584706
15584708
15584776
15585685
15585987
15586307
15586319
15586520
15586662
15586914
15586995
15588299
15588754
15589175
15589328
15589593
15589740
15589850
15590152
15591487
15592271
15592483
15593471
15594266
15594419
15595283
15596003
15598021
15598472
15601958
15654113
15654230
15654532
15654763
15655763
15655931
15655962
15656322
15656728
15657091
15657099
15657133
15657555
15657584
15657650
15657836
15659401
15659726
15659735
15660118
15660545
15660594
15662121
15662837
15664008
15664355
15665407
15665632
15666081
15666185
15666262
15666314
15667073
15667085
15667270
15667370
15667424
15667918
15668398
15669469
15669656
15669947
15670339
15670350
15670477
15670655
15670707
15670862
15671113
15671135
15671142
15671552
15671568
15671578
15671751
15671781
15672177
15672587
15672656
15672990
15673132
15673290
15673633
15673696
15673807
15674492
15675623
15675894
15676892
15677162
15677590
15677705
15678403
15678492
15678550
15678646
15679290
15698915
15700714
15700788
15701899
15702648
15706748
15707487
15708404
15708423
15710710
15747302
15748147
15748148
15748810
15749556
15749707
15750851
15751465
15751963
15753302
15753736
15753850
15754207
15755681
15760189
15762062
15764324
15764682
15765032
15853296
15853458
15853945
15854138
15854990
15855521
15856014
15856598
15857004
15857158
15857219
15857302
15857736
15858209
15858763
15858779
15858930
15858941
15860398
15860783
15861247
15861522
15861547
15862227
15862530
15907195
15908306
15910056
15932183
15944613
15944805
15944864
15945042
15945342
15945439
15945477
15945738
15945747
15946570
15946624
15947040
15947656
15947908
15948200
15948399
15948586
15948933
15949751
15951001
15951337
15951670
15952550
15952836
15953455
15953828
15954174
15954423
15954564
15954767
15954859
15956215
15956364
15957251
15957268
15957546
15958022
15958165
15958217
15958944
15959436
15959642
15960010
15960943
15961052
15961111
16013044
16040263
16040699
16040770
16041547
16043019
16045436
16045681
16045703
16046393
16046805
16047492
16049592
16049913
16050916
16051148
16051659
16052474
16052686
16053075
16053139
16053809
16053891
16054208
16054466
16054624
16054695
16055173
16055316
16055990
16056387
16056445
16056674
16056941
16056960
16057945
16058096
16058135
16058297
16058850
16058877
16058879
16058967
16059034
16059747
16059964
16060222
16060654
16060670
16060888
16060966
16061008
16061358
16061468
16061565
16061621
16062124
16062279
16062768
16062936
16063040
16063195
16063289
16063553
16063815
16063816
16063932
16064463
16064793
16065065
16065226
16065400
16065420
16151022
16219085
16219245
16219276
16220034
16220082
16220184
16220219
16220622
16220638
16220818
16220838
16221235
16221449
16221775
16221803
16221985
16222160
16222563
16222586
16222715
16222987
16223203
16224190
16224360
16224361
16224534
16224570
16224752
16224937
16225096
16225156
16225175
16225324
16226173
16226241
16226388
16226395
16226568
16226893
16226955
16227022
16227341
16227427
16227761
16227907
16228572
16230637
16232131
16232303
16232479
16232806
16232874
16233073
16233158
16233226
16233259
16241772
16302404
16303457
16303743
16303796
16304070
16304287
16304461
16304741
16304970
16305257
16305465
16305509
16305714
16305970
16306123
16306384
16306477
16306576
16306833
16306857
16307279
16307387
16307508
16307764
16308653
16309297
16309350
16309373
16309469
16309791
16309981
16310203
16310413
16310742
16310820
16310977
16311242
16311763
16312246
16312558
16312747
16312892
16313037
16313113
16313637
16314374
16330922
16336267
16337209
16337274
16337673
16337828
16338255
16338803
16340401
16340670
16340672
16341215
16341861
16388614
16388632
16390391
16396071
16396586
16399100
16399721
16400107
16400546
16400994
16401267
16402100
16402879
16402948
16403394
16403400
16404459
16404681
16404694
16404933
16405192
16405752
16405814
16406013
16406085
16406395
16406422
16406825
16406953
16407068
16407885
16409321
16409864
16410146
16410671
16410986
16411059
16411116
16411220
16411400
16411683
16411989
16412087
16447389
16448074
16450630
16453426
16455442
16457114
16457299
16458114
16459486
16460716
16461665
16465055
16466100
16466589
16466971
16467218
16471198
16471298
16472145
16472150
16472257
16473670
16473928
16474959
16475380
16475791
16475913
16476062
16476992
16477109
16477554
16477580
16477921
16478777
16479665
16481291
16575657
16577048
16577916
16579382
16580060
16582104
16582193
16583331
16583610
16584382
16584704
16585928
16586669
16586803
16587552
16589761
16592718
16594440
16596819
16606404
16609386
16612906
16644533
16644830
16645040
16645333
16646354
16646407
16646552
16646616
16647248
16647401
16647553
16647768
16648229
16648324
16648512
16649107
16649233
16649273
16649688
16649764
16649832
16650343
16650911
16651858
16652028
16652047
16652089
16652202
16652432
16652543
16652589
16653711
16654434
16655220
16655354
16655385
16655405
16655498
16655587
16655868
16655920
16655988
16656208
16656896
16656952
16657041
16657296
16657416
16657734
16657750
16658016
16658061
16658195
16658337
16658350
16658854
16658964
16659080
16659281
16659476
16659672
16659687
16659710
16659949
16660218
16660730
16660773
16660793
16660902
16660992
16661025
16661750
16661797
16662103
16662443
16663289
16663361
16663400
16663413
16663763
16664053
16664596
16664666
16664808
16665009
16665155
16665636
16666043
16667251
16667807
16667856
16668169
16668638
16668976
16669308
16669510
16669544
16669710
16669933
16671272
16671652
16671686
16671757
16688713
16780888
16912103
16912746
16913569
16913596
16913603
16913851
16913984
16914043
16914406
16914511
16914618
16915369
16915559
16916222
16916489
16917039
16917069
16917119
16917155
16917341
16917865
16918162
16918181
16918240
16918396
16918447
16918468
16918768
16919027
16919323
16919360
16919394
16919541
16919737
16919778
16919790
16919979
16920023
16920466
16920937
16921275
16922032
16922040
16922205
16922515
16922739
16923077
16923700
16923728
16924041
16924424
16924485
16987492
16988196
16988228
16988316
16988348
16989093
16989789
16989841
16990300
16990436
16990661
16992090
16992447
16992514
16992652
16992813
16993061
16993221
16993458
16993490
16993586
16993635
16994156
16994179
16994397
16994680
16994886
16994902
16995516
16996363
16996387
16996633
16997817
16997916
16997940
16998101
16998420
16999027
16999259
16999430
16999981
17000020
17000146
17000416
17000679
17000729
17000833
17001311
17001413
17002269
17002710
17021592
17028899
17175400
17176412
17181762
17187982
17188908
17212109
17216996
17219141
17220665
17279760
17282876
17289980
17346545
17346988
17347380
17347883
17348062
17348218
17348964
17349011
17349412
17350176
17350290
17351234
17351279
17351514
17351691
17351969
17352175
17354318
17354928
17356124
17356557
17357633
17357919
17358185
17358355
17387047
17387182
17387484
17387622
17387752
17388367
17389675
17390102
17390227
17390261
17390332
17390535
17390770
17390861
17391839
17392572
17393093
17393485
17393606
17393634
17393753
17393867
17394401
17394814
17394914
17395422
17395459
17395583
17395995
17396080
17396099
17396591
17396723
17397183
17397822
17398159
17398656
17399150
17399987
17400450
17400522
17400968
17401173
17401241
17401307
17401473
17402374
17402903
17403075
17403124
17404035
17404160
17404649
17404819
17405299
17405416
17405706
17406166
17406472
17406919
17408223
17408294
17408312
17408655
17408874
17409118
17409253
17409584
17410331
17410505
17410732
17410888
17411097
17411517
17411518
17411527
17412441
17412770
17413043
17413426
17413437
17413442
17414265
17414314
17415523
17415666
17416667
17417218
17417361
17417569
17418433
17418444
17419003
17419181
17420438
17420638
17420794
17420873
17420915
17422730
17424431
17424635
17424771
17426776
17428210
17428735
17429715
17431468
17432786
17433417
17434470
17439879
17440476
17443736
17444435
17446842
17447677
17447869
17448116
17475521
17476248
17477183
17477574
17477723
17477798
17477818
17477846
17477890
17477896
17477919
17478522
17478616
17478617
17478916
17479019
17479052
17479533
17479569
17479597
17479623
17479634
17480045
17480070
17480290
17480616
17480662
17480712
17480962
17481019
17481073
17481311
17481474
17481509
17482053
17482174
17482273
17482487
17482555
17483243
17483527
17483795
17484040
17484192
17484685
17485005
17485169
17485764
17485785
17485832
17485869
17485945
17485978
17486273
17486430
17486464
17486640
17486760
17487642
17488133
17488270
17488319
17630240
17631687
17637797
17638506
17640707
17640820
17640926
17641578
17641700
17642260
17642327
17642791
17642946
17643377
17643383
17643948
17644100
17645573
17646344
17646436
17646694
17647559
17647937
17648194
17648945
17649204
17649888
17650280
17650961
17651028
17651029
17651233
17651902
17652124
17652223
17652342
17652896
17652913
17654891
17655184
17655327
17656693
17657182
17657514
17657638
17658098
17658299
17658344
17690167
17690651
17690769
17690881
17691358
17691515
17691809
17692122
17692638
17692688
17692839
17693179
17693382
17693383
17694255
17694345
17694647
17694659
17694668
17694786
17695050
17695492
17695533
17695816
17696193
17696374
17696411
17696474
17696822
17697662
17698317
17699383
17699432
17699542
17699740
17699987
17700568
17700784
17700808
17700911
17701254
17701575
17701615
17701840
17701945
17702067
17702156
17702426
17702437
17702449
17702479
17702501
17702558
17702651
17702830
17758670
17758945
17760020
17761843
17762800
17763580
17763916
17764355
17764798
17764840
17765105
17765422
17765590
17767166
17768327
17768504
17769079
17769126
17781686
17781776
17781854
17782699
17782786
17782827
17783128
17783228
17783333
17783511
17783781
17784027
17784220
17784377
17785199
17785225
17785610
17785711
17785714
17785934
17786015
17786144
17786800
17786895
17786912
17787663
17787772
17788569
17788582
17789977
17790220
17791326
17791406
17791945
17792007
17792941
17792992
17793146
17793603
17793755
17794914
17795918
17796361
17796681
17797385
17797675
17797905
17800052
17800146
17800676
17801151
17802313
17802373
17802996
17803058
17803307
17805430
17805483
17805989
17806365
17806895
17807096
17808540
17808698
17810036
17810646
17810957
17811507
17811943
17812817
17813008
17814282
17814487
17815163
17815274
17815821
17815823
17815845
17815922
17816281
17816841
17818220
17818686
17819480
17819536
17819756
17819967
17820485
17820623
17820679
17820827
17821212
17821237
17821669
17822332
17822551
17822803
17822939
17822977
17823076
17823482
17823703
17823773
17823854
17824078
17824308
17824728
17824746
17826340
17826486
17826562
17826563
17826751
17827423
17827530
17827721
17827832
17828637
17828998
17829203
17829571
17829914
17830179
17830340
17830499
17830646
17831994
17832170
17832297
17834147
17834692
17834918
17835177
17835677
17836478
17836501
17837199
17837932
17838342
17838626
17838748
17839113
17839428
17839854
17840386
17840689
17841118
17841231
17841408
17841409
17841708
17841962
17842609
17843204
17845908
17847039
17848531
17849413
17859143
17859220
17864686
17868743
17868859
17874124
17875744
17878984
17879184
17879935
17883803
17887030
17887957
17888680
17889208
17889232
17899292
17908866
17909061
17909901
17910879
17911070
17911236
17911556
17911616
17912183
17912444
17912890
17914668
17915575
17915630
17915831
17915927
17916004
17916110
17916394
17916510
17916953
17917131
17918032
17918243
17918521
17918720
17919546
17919748
17919794
17920935
17921379
17922681
17923064
17923321
17923622
17925000
17926833
17927377
17927625
17928652
17929246
17929602
17929630
17929649
17929761
17930038
17930282
17930407
17930702
17931175
17931763
17933039
17933413
17933513
17933564
17934382
17934832
17934867
17934891
17934964
17935134
17935161
17935241
17935283
17935563
17935731
17936427
17937153
17937465
17937719
17938635
17938825
17939035
17939507
17939530
17939630
17940025
17940055
17940065
17941742
17941802
17942020
17942036
17942729
17942830
17942891
17943115
17943993
17944044
17944204
17944317
17945056
17945510
17945525
17945709
17945767
17946131
17947136
17947336
17947472
17947609
17966755
17967307
17967553
17967916
17968553
17968997
17969029
17969156
17969296
17969533
17969538
17969954
17970706
17970836
17971128
17971359
17971613
17971826
17971961
17972107
17972117
17972737
17972777
17973597
17973799
17973923
17974747
17974962
17975229
17975389
17975425
17976889
17977911
17978099
17978335
17979365
17979374
17979931
17980196
17981058
17981066
17981164
17981314
17981387
17981607
17981953
17982095
17982150
17983029
17983150
17983337
17983443
17983802
17983937
17985133
17986167
17986581
17986617
17986991
17987149
17988399
17988658
17989436
17989869
17990137
17990267
17991579
17993153
17993460
17995176
17995692
17998005
18000685
18000739
18001584
18001880
18002001
18002297
18002591
18002713
18003427
18003702
18003713
18003870
18003936
18004565
18004825
18004924
18005065
18005693
18005717
18005871
18005890
18005915
18005972
18006147
18006714
18007445
18007765
18008431
18008483
18008584
18008650
18008681
18008729
18009618
18009723
18009851
18009944
18010033
18010202
18010593
18010862
18011034
18011052
18011431
18012664
18013426
18013981
18014305
18014616
18014641
18015490
18015903
18016196
18016440
18016759
18017101
18017181
18017206
18017520
18018088
18022912
18023705
18025172
18029143
18029440
18041467
18074063
18078488
18079834
18082633
18084000
18085577
18117483
18138326
18138648
18138677
18138769
18138821
18139092
18139651
18140220
18140364
18140489
18140665
18140749
18140792
18140905
18141235
18141435
18141438
18142075
18142214
18142669
18142678
18143243
18143670
18143696
18143925
18144032
18144058
18144400
18145604
18145612
18145762
18146452
18147379
18148270
18148359
18148386
18148468
18148698
18148868
18148898
18148906
18149161
18149230
18149455
18149655
18149845
18151156
18151382
18151608
18152383
18152440
18152990
18153652
18154346
18154615
18154627
18154794
18154816
18154965
18155331
18155931
18156180
18156427
18156684
18186722
18186988
18187260
18187509
18187671
18187847
18187920
18188236
18188336
18188661
18188971
18189450
18189746
18189816
18190382
18190525
18191172
18191262
18191553
18191814
18192242
18192380
18192397
18193091
18193173
18194460
18194529
18194792
18196395
18196771
18196818
18197348
18198687
18198922
18199651
18199657
18199827
18200449
18200812
18200869
18200896
18200966
18201146
18201507
18201533
18201559
18203046
18203111
18203336
18203525
18278615
18283852
18294019
18314592
18314674
18315452
18316264
18316687
18317012
18317483
18318146
18318360
18319156
18319723
18319769
18320159
18321330
18321364
18321914
18322036
18322138
18323203
18324132
18325144
18325687
18326446
18326613
18381567
18382502
18385748
18387509
18388761
18390081
18408137
18408710
18408858
18409596
18412179
18413015
18413908
18414319
18415092
18415122
18417003
18418442
18419908
18420250
18549479
18552473
18554117
18555116
18556387
18556825
18558285
18559573
18560812
18565512
18566086
18566217
18567483
18567666
18567777
18568153
18568565
18568567
18568971
18570890
18571305
18571314
18571790
18572935
18573930
18574043
18574067
18574893
18575153
18575176
18575376
18576232
18576676
18577968
18578096
18578847
18579388
18579424
18579878
18580110
18580310
18580464
18581025
18581458
18581591
18581612
18582074
18582178
18582650
18582690
18583360
18583786
18584302
