112427
113219
113438
113597
116519
117320
118215
119084
119228
119324
120193
120782
121096
121411
121559
121784
123591
124123
124685
125593
125896
125945
127344
127971
128063
128117
129099
130495
130756
131001
131313
131596
131640
131737
131750
131856
131887
132367
132457
132656
132835
133143
133266
133745
133873
133998
134057
134264
134374
134849
135100
135159
135236
135872
136018
136212
136265
137765
137998
138025
138084
138158
138427
138607
138708
139123
139170
139237
139623
139669
140384
140495
140788
141457
142694
144243
144434
144639
146183
146386
146448
146455
146571
146821
146883
147012
150376
151570
153158
154176
154753
154822
155087
155124
155838
155947
157249
159353
162666
206148
206347
207071
207276
207619
208437
208705
209072
209167
210039
210098
210209
210247
210767
210770
210798
211199
211578
211654
212050
212594
212835
212856
213760
214853
215087
215452
215535
215608
216586
216867
217085
218388
218648
220941
222703
222905
225213
231112
231681
310956
311032
311262
312005
312424
312471
312474
312732
313581
313696
314159
315169
315868
315974
316145
316622
316768
317151
318146
318179
318654
318781
318863
319196
319523
320126
320263
320446
320618
320677
320695
321918
322118
322521
322589
323461
323783
324542
324742
324815
325642
325912
326147
326495
326795
326797
438373
439710
441362
442665
443315
443486
445140
445788
449462
450981
451601
453566
453971
454112
454234
454607
454847
454864
455055
455540
456257
456408
456693
456732
456874
457253
457456
457763
458026
458056
458587
458677
458729
458953
459103
459966
460085
460864
460907
460950
461802
462047
462470
462555
463174
463429
463471
463497
464014
464581
464691
464803
464845
464899
465163
465309
465835
466111
466374
466494
466746
466932
466991
468096
468107
469378
469799
470662
470862
471353
471377
472204
472542
472921
473987
474627
474832
475358
475451
475761
477132
478447
478519
479078
479933
480575
481194
481392
481789
482132
482716
484354
484427
484530
485691
495922
500012
500500
501330
501335
501349
501498
501644
501828
501844
501882
502623
503081
503201
503591
503601
503672
503833
503951
504456
504917
505189
505401
505549
505793
505840
505848
506792
508040
508353
508871
509500
509538
509664
509827
509853
510870
511231
511387
511997
512102
513064
514243
514354
514460
516162
516673
516903
517360
517490
517773
517810
518231
519179
555389
555839
556040
556150
556196
557246
557573
557587
557709
557821
558294
558673
559012
559328
559625
559705
560213
560298
560685
560760
560923
561267
561541
561874
562152
562433
562477
563042
563052
563556
563753
565058
565106
565269
565497
565520
565594
566271
566433
566573
566676
567078
567134
567182
567248
567266
567387
567812
567871
567980
567984
568249
570006
570716
572677
574163
575415
575709
576899
577163
577369
578615
579326
580193
580771
581152
582476
649175
649275
649345
649465
649519
649545
650036
650143
650147
651501
651862
651900
651938
652085
652825
653375
653792
654171
654210
654442
655107
655376
655556
655723
655732
655991
656859
656862
656900
657105
657567
657752
657858
658224
658684
658718
659565
813948
815018
815125
815448
815691
816040
816458
816551
816657
816673
818036
818840
819425
819689
819986
820210
820472
820495
820564
821334
821918
822069
822199
822399
822528
822778
823160
823259
824037
824093
824171
824181
824773
825725
825785
825840
825936
826827
826993
827273
828031
828350
828506
829337
829818
830307
830360
841597
842986
844727
845380
846912
846960
847516
848265
848421
848598
848673
848679
849363
849372
850318
850459
851611
852920
853694
854822
854846
855750
856167
856247
856674
856860
857647
858654
858995
859687
859858
860106
860436
860659
861284
861300
861632
862346
862742
863179
863633
863707
864708
865201
865995
866213
867772
869363
898575
898967
899196
899326
899395
899795
900113
900133
900610
900904
900937
901001
901089
901147
901264
901332
901348
901505
902086
902249
902615
902650
902914
903709
903876
904140
904637
904791
905005
905353
905488
905521
905573
905711
905792
905858
905922
905957
906240
906414
906632
906662
907317
907892
908275
908382
908477
908537
909452
909477
909753
909837
910197
910234
910682
910838
911109
911382
911486
911509
911691
911802
911993
912195
912261
912559
912722
913041
913127
913179
913886
914005
914264
914348
914382
914415
914525
914906
915003
915182
915378
1006557
1019507
1052149
1052509
1055617
1056622
1056667
1056790
1059355
1060308
1074712
1238493
1238538
1238568
1238877
1239019
1239429
1240159
1240330
1240617
1240650
1241567
1241633
1242103
1242340
1242394
1242598
1242719
1243000
1243498
1243858
1244794
1245276
1245410
1245674
1245868
1245868
1245989
1246159
1246615
1246797
1247464
1247494
1247627
1247796
1247842
1248540
1248594
1248769
1248852
1249043
1249306
1249326
1249475
1250119
1251106
1251422
1251858
1252116
1252208
1252330
1254081
1254962
1255029
1255614
1255738
1255850
1255934
1256817
1257199
1257232
1257478
1257571
1257582
1257809
1258199
1258278
1258884
1259226
1259256
1259626
1259656
1259702
1260170
1260298
1260812
1261242
1261371
1261540
1261618
1261769
1262075
1262347
1262616
1262923
1263151
1263332
1265165
1265777
1266016
1266921
1267441
1267443
1267484
1267635
1267729
1268182
1268419
1268471
1268580
1282841
1283307
1283418
1283549
1284167
1284238
1284710
1284913
1285028
1285651
1286139
1286922
1287267
1288118
1289376
1289709
1289914
1290334
1290590
1290852
1291120
1291809
1293065
1293075
1293256
1293353
1293874
1294063
1294645
1294983
1295059
1295569
1295702
1295938
1296307
1296595
1297452
1297510
1297993
1298107
1299217
1299445
1299930
1300120
1300867
1300874
1301065
1301315
1302533
1302891
1303074
1303275
1304101
1305060
1305275
1306270
1306318
1306441
1307165
1307492
1307671
1307737
1308231
1308516
1308572
1308625
1308909
1309155
1309238
1309344
1309535
1309818
1310461
1311061
1311220
1314575
1316638
1316797
1319954
1320247
1322070
1325734
1326269
1326874
1327739
1327848
1372792
1372861
1373547
1375746
1375886
1376545
1376753
1377628
1377767
1378008
1379504
1380172
1380695
1381107
1382065
1383301
1386477
1387380
1388176
1388798
1389283
1389712
1390927
1391134
1392025
1392806
1392861
1394179
1395530
1399441
1401078
1401256
1402173
1402367
1404219
1404632
1405539
1407297
1408691
1409104
1414017
1416855
1418632
1418724
1418826
1418971
1419027
1420225
1420703
1421295
1421447
1421466
1421496
1421844
1422053
1422290
1422535
1422601
1422810
1423150
1423151
1423155
1423160
1423254
1423311
1423506
1423914
1424042
1424121
1424141
1424406
1425288
1425384
1425939
1426277
1426513
1426527
1426602
1426643
1426721
1426776
1426862
1426899
1426917
1426985
1427102
1427206
1427386
1427577
1427700
1427704
1427811
1428330
1428397
1428770
1432742
1438797
1442238
1456933
1458505
1462722
1462827
1463702
1464261
1465185
1467093
1467620
1469199
1469207
1469523
1469530
1469887
1469996
1471596
1472131
1472881
1473175
1473748
1474413
1474534
1475209
1476272
1477036
1477092
1477678
1478537
1479673
1479801
1480060
1480207
1480772
1480777
1481277
1481599
1481629
1482273
1482536
1482790
1483523
1484042
1484201
1484373
1484392
1484757
1485236
1486994
1487294
1488014
1488636
1488878
1489297
1489838
1489927
1489978
1630149
1633488
1634053
1635174
1679454
1679454
1680225
1681658
1681935
1682078
1682100
1682362
1683218
1683352
1683665
1683891
1684094
1684124
1684153
1684272
1685175
1685262
1685284
1685369
1685504
1686104
1687105
1687276
1687885
1688292
1688434
1688560
1688688
1688866
1688981
1689598
1689791
1690081
1690592
1691455
1692612
1693447
1693876
1694447
1694452
1694772
1694802
1695169
1696764
1697128
1707408
1709251
1709464
1713721
1729442
1744487
1744714
1746752
1748787
1749379
1751798
1754625
1755934
1758461
1758676
1759251
1759555
1759568
1759964
1797992
1799656
1802017
1802111
1802528
1803670
1804024
1804621
1804787
1806690
1807107
1808121
1872777
1874641
1874941
1875583
1876344
1877041
1877222
1877423
1878320
1879365
1879803
1880411
1880875
1881711
1882051
1885021
1886049
1886490
1886568
1887497
1891365
1900703
1900795
1901379
1901730
1902044
1902220
1902418
1903803
1904049
1904409
1904456
1904784
1905488
1906218
1906491
1906929
1907404
1907601
1907781
1908896
1910014
1911658
1911740
1912370
1913281
1914095
1914157
1914773
1933045
1933450
1933586
1934545
1935195
1935470
1935909
1936174
1936480
1938757
1938899
1939541
1939830
1940689
1941888
1943979
1947138
1948859
1948992
1950128
1950230
1950696
1950777
1951095
1951362
1951747
1952101
1972147
1973794
1974124
1975229
1977412
1979008
1979436
1979652
1981544
1982214
1983164
1983779
1984370
1984777
1985311
1987190
2034588
2035699
2036428
2036452
2038776
2039804
2040115
2040734
2041364
2041471
2041944
2041976
2042047
2042995
2043105
2047465
2048240
2048242
2048341
2076435
2078396
2079688
2116641
2129759
2133816
2133829
2135370
2136483
2137278
2138792
2142018
2143000
2143386
2143631
2143689
2143758
2143916
2144305
2144788
2144867
2144978
2145300
2145924
2145957
2146208
2146268
2146299
2146855
2147096
2147213
2147495
2147651
2147661
2148370
2148460
2149025
2149098
2149571
2149621
2149700
2149834
2150011
2150497
2151068
2151363
2151394
2151531
2152179
2152183
2152665
2152721
2153361
2153945
2154305
2154379
2155147
2155612
2155617
2156138
2156945
2157237
2157454
2157592
2157641
2157762
2157775
2158492
2159269
2159346
2159572
2159939
2160081
2161032
2161154
2161293
2162019
2162234
2162966
2162996
2163094
2163149
2163676
2164341
2164940
2165605
2166002
2166759
2167565
2168185
2168208
2168384
2168840
2169617
2172754
2174575
2193557
2193609
2193961
2195426
2196911
2198395
2200742
2200842
2202061
2202089
2203280
2221893
2221911
2222206
2222297
2222314
2222755
2222851
2223378
2225312
2226719
2228830
2230329
2230412
2232001
2233935
2235727
2235849
2236795
2254487
2254963
2257049
2258173
2260765
2261932
2263020
2285450
2287186
2287565
2287828
2287920
2287922
2288401
2288476
2288670
2289481
2289759
2289901
2290239
2290603
2291575
2292279
2292372
2292459
2292473
2292605
2292642
2292990
2293119
2293310
2294110
2294350
2294465
2294809
2294951
2295142
2295271
2295277
2295417
2295459
2295674
2295986
2296207
2296397
2296637
2297096
2297255
2297474
2297570
2297930
2298057
2298642
2298708
2299237
2299443
2299496
2299543
2299581
2300130
2300156
2300395
2300580
2300819
2300830
2300938
2301112
2301330
2301631
2301651
2301800
2301877
2301892
2302970
2303204
2303329
2304091
2304269
2304471
2304638
2304981
2320891
2321198
2321201
2321211
2321400
2321494
2321857
2321935
2322375
2322639
2323131
2323298
2323617
2323704
2324415
2324492
2324667
2324761
2324987
2325061
2325082
2325155
2326213
2326455
2327610
2327745
2328035
2328603
2328680
2329363
2329711
2329743
2330511
2330735
2330775
2330829
2331291
2331335
2331396
2331437
2331836
2331859
2332057
2332158
2332194
2332661
2332736
2333110
2333255
2333392
2333430
2333534
2334418
2334446
2334541
2334740
2334779
2334897
2335190
2335620
2335838
2336078
2336203
2336255
2336373
2336723
2337534
2339419
2339533
2339661
2339707
2339807
2340445
2340597
2340682
2340799
2341148
2341168
2341318
2341679
2341929
2342577
2343703
2343896
2344618
2345156
2345383
2346044
2346056
2346403
2346414
2346514
2346836
2347079
2347346
2347732
2348422
2348575
2348765
2349061
2349271
2349407
2349424
2350472
2350503
2350898
2351247
2351601
2351611
2351617
2351647
2352266
2352595
2352917
2353091
2353127
2353141
2353240
2353610
2354230
2354425
2354459
2355213
2355219
2355232
2355483
2355712
2355877
2356390
2356926
2357000
2368715
2373560
2376132
2379232
2382427
2384148
2384543
2412517
2418201
2418505
2418711
2418959
2419159
2420318
2420653
2420697
2420839
2421190
2421441
2421650
2422465
2422692
2422995
2423275
2423622
2423939
2424073
2424096
2424189
2424502
2424697
2425473
2425671
2425940
2426675
2426806
2426925
2427059
2427204
2427222
2427363
2427529
2428241
2428406
2428526
2428623
2428758
2428838
2429395
2430302
2430398
2430407
2430499
2430971
2431014
2431077
2431502
2432202
2432319
2432609
2432880
2433124
2433138
2455565
2459470
2465104
2467037
2468103
2468516
2468952
2469153
2471172
2471966
2473482
2474266
2474687
2476213
2476665
2476691
2477465
2479463
2496673
2499276
2501457
2504889
2507725
2511669
2512024
2512588
2513176
2513346
2513573
2513805
2515012
2515812
2515848
2515918
2516901
2516984
2517355
2517627
2518391
2519180
2520016
2522591
2553550
2581128
2581217
2581434
2581440
2581536
2582394
2582562
2582936
2583066
2583372
2583448
2583895
2584016
2584124
2584565
2584566
2584691
2584872
2585464
2585662
2585817
2585887
2586370
2587114
2587236
2587378
2587585
2587695
2588446
2588972
2589557
2589727
2589765
2590307
2590894
2590912
2591051
2591092
2591137
2591182
2591303
2592198
2612987
2613035
2613617
2613641
2614559
2615417
2615510
2616106
2616183
2616394
2616426
2616499
2616554
2617189
2617393
2617439
2617580
2617710
2617760
2618548
2618758
2618789
2618883
2619218
2619239
2619742
2620275
2621060
2621293
2621672
2622038
2622438
2622705
2623070
2623086
2623504
2660595
2661150
2661206
2661463
2661554
2661814
2662042
2662579
2662678
2663526
2663562
2663709
2663742
2664160
2664389
2665026
2666430
2666611
2666674
2666796
2667041
2667065
2667233
2667265
2667326
2667383
2667436
2667984
2668201
2668206
2668215
2668504
2668689
2668717
2668847
2669002
2669084
2669451
2670165
2670344
2670439
2670454
2670638
2670824
2671223
2671633
2671751
2671937
2672031
2695320
2702639
2703974
2704002
2704295
2704497
2704851
2705247
2705253
2705372
2705578
2706310
2706370
2706443
2706498
2706713
2707063
2707136
2707337
2707529
2707713
2708124
2708576
2708738
2708813
2709028
2709306
2709779
2709913
2709966
2710029
2710084
2710452
2711308
2711390
2711413
2711647
2712114
2713079
2713202
2713426
2713446
2713638
2714459
2714485
2714691
2715070
2715461
2715569
2715579
2715639
2716152
2716352
2716700
2717051
2717111
2717196
2717607
2717691
2717755
2717764
2717953
2718035
2718212
2718467
2718860
2719266
2719652
2719716
2719800
2720087
2720190
2891080
2891516
2891587
2892364
2893836
2896253
2896498
2896520
2897210
2897622
2898309
2900409
2900730
2916884
2918023
2918202
2921409
2921909
2921956
2928160
2928652
2928731
2931659
2934956
2936842
2937032
2937198
2937356
2937656
2938052
2939682
2939966
2940316
2940452
2940485
2940524
2940761
2941321
2941765
2941773
2942180
2943282
2943985
2944001
2944600
2944663
2944768
2946305
2946526
2946687
2946909
2947123
2947828
2948852
2948958
2949215
2949402
2949759
2949831
2951949
2951979
2952143
2952497
2952524
2952664
2953276
2953506
2953564
2953688
2954019
2954186
2954680
2955467
2955826
2956842
2956859
2957128
2957402
2957770
2958274
2958501
2959318
2960198
2961180
2961434
2961853
2962156
2962943
2963176
2963543
2963590
2963815
2964553
2965244
2965293
2965401
2965587
2965854
2966124
2966212
2966974
2967022
2967351
2967986
2968288
2968445
2969335
2970789
2970803
2970844
2971037
2971681
2971709
2971780
2971897
2972007
2972482
2972634
2973273
2974630
2974638
2975009
2975354
2975438
2975589
2975662
2975990
2976010
2976040
2976104
2976917
2977027
2977493
2977501
2977644
2977717
2977853
2978059
2978335
2978537
2979055
2979191
2979725
2980193
2980312
2980926
2981712
2982110
2982585
2982946
2983019
2983309
2983332
2983407
2983729
2983895
2984131
2984545
2985349
2985741
2985826
2985922
2986261
2986304
2986353
2986376
2986588
2986941
3018422
3018998
3020190
3020424
3020689
3021172
3022071
3022081
3023370
3023847
3024211
3024885
3025139
3025162
3025467
3025942
3026426
3027952
3028558
3028800
3029515
3029559
3029828
3031587
3031866
3032654
3032979
3033025
3033996
3075141
3093903
3095511
3096717
3098925
3101606
3104626
3108109
3110001
3111844
3138464
3138619
3145488
3146903
3147024
3148524
3152826
3155326
3192430
3195283
3195646
3196919
3200354
3202722
3203628
3204160
3205029
3205445
3205972
3208879
3211125
3212150
3213052
3215253
3217693
3219806
3284493
3285949
3287236
3287383
3288837
3289700
3289887
3289959
3292395
3293060
3294063
3294353
3294386
3294491
3295459
3295616
3295794
3295889
3296515
3296544
3297700
3298535
3298673
3299681
3361564
3361661
3361676
3361989
3362278
3362712
3362946
3363291
3363778
3363822
3363899
3364381
3364596
3364653
3364681
3365212
3365543
3365808
3366172
3366173
3366471
3366754
3367064
3367288
3367295
3367420
3367453
3367577
3368163
3368415
3368924
3368955
3368983
3369038
3369227
3369951
3369960
3370668
3370673
3371060
3371493
3371627
3371707
3371996
3372300
3372969
3373043
3405976
3406658
3406690
3406886
3407018
3408854
3409350
3411189
3448392
3449020
3449443
3449950
3450440
3450504
3450523
3450604
3451148
3451251
3451450
3452721
3453007
3453141
3453201
3453307
3453468
3453525
3454165
3454212
3455651
3456204
3457042
3457574
3458086
3458101
3458680
3458747
3458769
3459200
3459360
3459871
3459934
3460098
3460106
3658008
3667592
3668047
3726670
3726798
3726829
3726962
3727173
3727210
3727351
3727415
3727812
3727951
3727975
3727998
3728217
3728281
3728396
3728597
3728785
3728820
3728908
3729002
3729081
3729237
3729372
3729691
3729800
3729857
3730146
3731400
3731467
3731700
3731844
3732156
3732267
3732494
3733264
3733307
3733588
3734014
3734073
3734284
3734336
3734368
3734417
3735238
3735359
3735475
3736492
3736551
3736823
3736955
3737085
3737126
3737514
3737649
3738026
3738460
3738608
3738651
3739003
3739004
3739091
3739192
3739770
3739798
3739823
3740122
3740185
3740211
3740281
3740304
3740305
3740348
3740580
3740691
3740984
3741020
3741723
3741762
3742236
3742810
3742984
3743803
3743880
3744291
3744732
3744818
3797888
3827225
3827353
3828240
3828624
3828667
3828706
3828743
3828874
3829843
3830146
3830596
3830982
3831501
3831513
3831854
3832482
3832873
3832983
3833705
3835466
3835902
3836136
3836575
3836891
3837221
3837320
3837727
3839030
3852691
3853399
3854187
3854394
3854524
3854664
3854704
3855201
3855890
3856137
3856342
3856737
3856803
3856826
3857413
3858027
3858070
3858673
3859676
3859711
3860106
3860984
3861110
3861175
3861451
3861639
3861947
3862778
3863916
3864034
3864056
3864187
3864600
3864906
3864964
3864971
3864972
3865232
3865273
3865321
3865961
3866180
3866184
3866487
3866556
3866640
3866809
3867933
3868292
3868320
3868329
3868460
3868988
3869392
3869510
3869740
3869743
3870139
3870176
3870803
3870901
3871294
3871465
3890316
3890468
3890570
3890572
3890645
3890811
3890921
3891299
3892299
3892477
3892697
3892744
3892784
3892789
3892873
3893098
3893864
3894208
3895007
3895046
3895319
3895687
3896093
3896287
3896367
3896922
3896988
3897616
3897687
3897848
3898086
3898194
3898627
3898635
3898954
3899122
3899437
3899750
3899955
3900076
3900209
3900228
3900342
3900480
3900684
3900975
3901368
3901475
3901539
3901980
3902274
3902752
3902971
3902980
3903103
3903720
3903886
3904057
3904887
3905160
3925221
3925277
3925889
3926016
3926144
3926649
3927001
3927971
3927996
3928034
3928076
3928095
3929472
3929833
3929860
3930134
3930514
3930752
3931055
3931449
3932140
3933090
3933843
3933971
3934507
3936066
3936122
3936671
3936854
3937259
3937524
3937533
3937542
3937552
3937629
3938098
3938105
3938176
3938782
3939053
3939804
3941107
3946308
3946902
3947186
3952458
3952535
3953117
3954076
3954489
3955089
3970593
3970908
3970968
3971354
3971842
3972455
3972565
3972775
3972935
3972957
3973307
3973353
3974230
3974482
3974602
3974744
3975182
3975285
3975476
3975567
3975681
3976201
3976434
3976442
3976843
3977292
3977756
3977815
3977946
3978292
3978463
3978933
3979118
3979348
3979382
3979590
3979659
3979747
3980063
3980110
3980117
3980250
3980261
3980345
3980499
3981081
3981481
3981487
3982196
3982217
3982800
3983282
3983561
3983687
3983799
3983811
3983844
3984357
3984463
3984491
3984741
3984882
3984969
3984994
3985288
3985337
3985522
3985664
3985799
4016508
4021255
4041742
4041965
4042020
4042532
4042801
4043487
4044313
4044505
4045596
4046233
4046823
4047171
4047221
4047299
4047514
4047799
4048176
4048287
4048610
4050074
4051496
4052157
4053042
4053174
4053331
4053526
4053550
4054200
4055137
4055597
4055834
4055993
4057224
4057935
4058124
4058212
4058367
4059829
4059860
4060520
4073857
4073880
4074996
4075274
4075399
4075446
4075924
4076440
4076712
4077120
4077189
4077870
4078603
4078918
4080665
4081014
4081493
4082400
4082541
4083179
4083195
4083301
4084243
4084701
4084819
4200817
4200938
4201073
4201360
4202000
4202671
4202757
4202842
4202938
4203038
4203274
4203413
4203779
4203922
4204624
4204900
4205440
4205492
4205503
4206606
4207071
4207536
4207549
4208145
4208235
4208299
4208683
4208689
4208799
4209448
4209592
4210326
4210540
4210926
4211402
4211499
4211701
4211800
4211829
4211881
4212160
4212193
4212280
4212332
4212553
4214146
4215025
4215120
4215131
4215407
4215468
4215618
4215899
4216290
4216363
4216608
4216653
4256007
4259116
4261903
4262273
4275539
4275871
4276558
4276564
4276734
4277105
4277279
4277521
4277736
4277972
4279492
4279893
4280522
4280669
4281581
4281593
4282025
4282375
4282440
4282795
4282945
4283211
4283947
4284553
4285214
4285575
4285638
4285648
4286500
4286969
4287580
4288267
4288576
4288721
4288780
4289249
4289524
4289661
4290506
4291741
4291953
4292276
4293248
4312094
4312251
4312891
4313101
4313247
4314139
4314235
4314247
4314398
4314451
4314566
4315059
4315330
4315353
4315609
4315701
4315731
4316050
4316483
4316534
4316648
4316813
4316854
4317469
4317846
4317979
4318188
4319179
4319362
4319558
4320242
4320306
4320642
4320960
4321058
4321141
4321470
4321517
4321625
4322057
4322105
4322486
4322534
4322662
4322732
4323070
4323193
4323339
4356476
4356790
4357028
4357140
4357169
4357333
4357723
4357771
4358032
4358083
4358089
4358642
4358778
4359177
4359218
4359407
4359440
4360039
4360571
4360980
4361143
4361186
4361495
4361900
4362193
4362992
4363219
4364071
4364540
4364707
4364731
4364804
4365659
4365849
4365936
4366130
4384895
4384982
4385117
4385576
4385683
4385784
4386895
4386964
4387006
4387197
4387861
4387893
4388465
4388528
4388745
4389120
4389167
4389216
4389247
4389639
4389827
4390157
4390288
4390312
4390531
4390565
4391063
4391145
4391206
4391591
4391616
4391647
4391973
4392263
4392307
4392650
4392695
4392948
4393116
4393809
4393921
4394017
4394096
4394169
4394389
4394577
4395337
4395816
4396171
4396227
4401528
4404790
4442653
4443029
4444465
4444903
4446107
4446460
4446522
4446844
4446900
4447796
4448067
4448234
4448270
4448419
4448424
4448722
4448987
4449013
4449131
4449307
4449326
4449394
4449601
4450010
4450450
4450902
4451063
4451128
4451462
4451487
4451787
4451825
4452203
4452466
4452526
4452702
4453453
4458947
4459976
4465387
4466518
4467575
4472230
4472237
4472558
4475764
4476020
4479198
4482711
4482712
4483466
4483525
4484635
4485971
4486881
4487725
4487983
4488010
4488031
4488536
4488640
4488670
4488767
4489468
4489587
4490418
4490570
4490809
4491855
4491873
4493422
4494077
4494187
4494245
4548507
4707626
4710668
4715715
4722723
4723066
4724563
4731890
4731935
4732517
4732740
4732874
4733130
4733249
4733764
4734089
4734131
4734831
4734879
4734965
4735187
4735832
4736055
4736211
4736801
4736812
4737024
4737245
4737553
4737993
4738095
4738510
4738725
4738788
4738839
4738863
4738977
4739183
4739526
4740288
4740449
4740966
4741035
4741149
4741358
4741901
4741937
4741999
4742077
4742288
4743053
4743175
4743284
4743316
4743549
4743744
4743939
4744038
4744068
4744074
4744336
4744796
4746400
4746472
4746631
4747177
4747186
4747207
4747938
4748543
4748717
4749067
4782996
4790876
4850547
4988388
4989231
4989491
4989721
4990825
4993675
4997385
4997978
4998849
5003131
5005550
5008283
5008937
5039333
5039446
5039695
5043599
5044223
5044741
5045401
5045420
5046429
5047240
5047365
5047667
5048434
5049142
5049255
5049466
5049642
5053726
5053731
5053750
5053788
5054906
5055909
5056131
5057977
5068515
5068864
5068961
5073478
5080638
5083558
5084284
5085421
5086560
5086819
5087011
5088335
5088496
5088532
5089302
5089938
5090064
5090170
5093878
5093965
5159532
5162678
5171009
5171252
5172206
5172209
5172497
5172775
5172938
5174031
5174582
5175122
5176253
5177023
5177107
5177881
5178393
5179056
5179104
5179156
5179225
5179717
5180180
5180245
5180460
5180761
5180916
5181873
5182064
5183062
5183650
5183748
5183899
5184987
5234196
5234577
5234609
5234789
5234882
5234891
5234969
5234974
5235065
5235502
5235559
5236032
5236035
5236376
5236792
5236896
5237108
5238124
5238315
5238494
5239155
5239814
5239979
5240476
5240562
5240816
5240905
5240910
5240952
5241087
5241169
5241817
5242264
5242332
5242863
5243119
5243183
5243202
5243487
5243916
5244016
5244054
5244196
5244362
5244456
5244687
5244813
5244927
5245073
5245268
5245325
5245475
5245736
5245922
5245958
5245962
5245975
5246120
5246220
5246317
5246373
5246470
5246797
5246816
5246878
5247545
5247802
5248153
5248158
5248197
5248366
5248821
5248884
5250071
5250208
5250997
5251375
5251464
5251465
5251707
5251885
5292151
5292751
5294796
5295496
5295966
5296893
5298651
5298758
5299877
5302830
5304652
5305736
5387563
5387685
5387696
5387767
5388135
5388154
5388361
5388414
5388716
5388997
5389880
5390223
5390384
5390598
5391086
5391192
5391832
5391919
5392040
5392159
5392546
5392644
5392758
5393808
5394222
5394801
5394844
5396082
5396374
5396529
5396722
5396809
5397077
5397295
5397731
5397921
5456693
5466102
5499033
5499380
5500192
5500718
5501258
5501533
5502994
5503021
5503406
5503619
5503794
5503832
5503910
5504113
5504876
5504915
5505122
5505660
5506485
5506669
5507342
5508338
5578150
5583465
5586514
5586613
5588582
5591594
5591885
5592133
5592193
5592573
5592673
5593353
5593937
5594388
5595368
5595498
5595537
5595549
5595612
5596073
5596296
5596373
5596682
5597009
5597567
5597640
5597959
5598693
5599528
5599807
5599974
5600002
5600052
5600548
5600704
5600752
5600914
5601251
5601644
5602089
5602159
5602207
5602336
5603847
5604565
5606135
5607834
5608171
5609597
5610427
5611585
5638238
5638942
5642269
5644636
5645262
5645305
5645385
5646003
5646100
5646307
5646351
5646509
5646635
5646722
5647459
5648664
5648847
5648997
5649628
5808789
5808809
5809226
5809522
5809843
5810004
5810113
5810374
5810814
5810939
5811048
5811460
5811553
5811595
5811907
5811978
5813023
5813060
5813505
5814024
5814476
5814602
5814612
5814667
5814795
5815541
5815915
5816154
5816646
5817057
5817163
5817447
5817925
5818108
5818141
5818215
5818461
5818935
5819308
5819393
5819472
5820393
5820421
5820446
5820809
5820952
5822080
5822220
5822278
5823006
5823451
5824156
5825727
5825919
5826946
5827835
5832511
5833188
5833682
5839569
5840582
5928682
5929444
5929843
5932526
5933882
5935299
5937029
5937846
5938908
5940223
5953939
5954350
5960255
5961861
5962737
5964770
5966218
5966718
5966797
5966870
5966977
5967082
5967825
5968238
5968276
5968403
5968936
5969078
5969466
5969535
5969642
5970284
5970302
5970394
5970659
5971076
5971535
5971585
5972385
5972561
5972738
5972813
5972888
5973442
5973624
5973899
5974021
5974162
5974713
5975483
5975869
5976439
5976529
5977049
5977091
5977122
5977172
5977301
5977899
5978527
5978998
5979255
6010388
6010421
6010426
6011518
6011707
6011772
6012265
6012379
6012804
6013133
6013349
6013351
6014886
6015249
6015583
6017197
6017502
6017904
6018293
6018556
6019262
6019531
6019648
6020273
6020422
6020526
6021115
6021254
6021437
6021623
6022466
6023068
6023282
6023876
6024014
6024362
6024604
6024671
6024837
6025900
6026357
6027397
6027736
6030106
6032091
6032486
6033757
6035175
6035395
6036338
6036382
6037377
6038575
6041569
6042215
6042331
6043603
6044034
6044262
6132758
6132827
6133457
6133499
6134302
6134931
6134955
6135688
6135773
6136767
6136822
6136894
6136923
6137587
6137598
6137872
6137892
6138342
6138564
6138616
6138631
6139294
6139373
6139599
6139932
6141156
6141889
6142034
6142846
6143123
6143168
6143520
6143528
6199388
6199603
6200170
6200182
6200505
6201469
6201656
6202108
6202341
6202716
6203902
6204349
6204434
6204662
6205218
6205508
6205945
6206240
6206800
6206858
6206967
6208138
6209126
6209177
6209275
6209451
6209715
6210223
6210286
6211268
6211837
6212242
6212515
6212827
6213161
6213339
6213373
6213673
6214308
6214324
6214838
6214982
6215359
6215411
6215457
6215623
6215914
6216167
6216247
6216585
6216985
6217188
6217988
6219002
6219340
6219635
6220125
6220361
6220564
6220588
6220700
6221620
6222545
6222560
6223019
6223452
6223811
6224746
6225269
6225467
6225704
6225711
6226033
6226191
6226283
6226702
6227066
6229510
6231110
6232254
6232529
6232581
6232959
6250128
6250244
6250691
6250808
6251439
6252452
6252608
6252663
6252921
6252977
6253488
6253746
6254061
6254584
6255050
6255447
6255497
6255941
6256059
6256302
6256334
6256519
6256593
6257768
6257906
6257945
6258182
6258306
6258538
6258856
6260138
6260211
6260302
6260333
6260993
6261302
6261659
6261721
6262959
6263025
6263268
6263349
6263420
6263519
6263729
6264012
6264350
6264934
6265067
6265667
6265694
6265930
6266497
6266760
6266871
6266998
6267063
6267299
6267632
6267736
6267806
6268588
6268721
6268865
6269080
6269125
6269133
6269334
6270209
6270220
6270235
6270328
6270424
6271034
6271391
6271584
6271810
6271963
6271978
6272043
6272157
6272714
6273021
6273060
6273163
6273168
6273511
6273737
6273804
6274142
6274159
6274191
6275465
6275517
6275520
6275559
6276037
6276287
6276382
6276418
6276829
6278088
6278179
6278363
6278550
6278909
6279083
6279155
6279581
6279766
6279786
6279831
6320055
6321450
6322058
6322416
6322560
6322724
6322939
6323419
6324205
6324553
6324779
6325308
6325400
6325517
6326941
6327511
6327819
6328893
6329369
6329497
6330665
6378520
6446404
6451322
6454443
6470428
6471236
6472393
6472648
6472800
6473270
6473851
6474000
6474132
6474576
6474657
6475535
6476440
6476931
6478324
6479401
6479444
6479516
6479522
6479658
6479953
6480106
6480981
6545060
6549752
6552465
6554430
6556847
6556891
6558101
6560193
6560308
6560422
6560667
6561715
6562867
6562920
6563954
6564382
6564612
6565143
6567512
6568412
6568686
6568758
6568915
6625507
6625728
6626239
6626299
6626469
6626897
6627918
6628050
6628331
6628726
6630079
6630955
6631483
6632592
6633083
6633189
6633568
6633984
6634021
6634473
6634811
6635821
6635954
6635973
6636945
6636975
6637049
6637535
6637888
6638097
6638126
6639152
6639153
6639230
6639568
6639618
6640029
6640362
6640388
6640432
6701203
6701335
6701449
6701847
6702132
6702266
6702843
6704405
6704511
6704532
6705156
6705461
6705509
6706336
6707239
6707393
6707747
6708576
6708619
6709111
6709208
6709836
6710065
6710385
6710419
6710697
6710813
6710896
6711237
6711296
6711655
6711933
6712121
6712232
6712236
6712352
6712831
6713077
6713255
6714117
6714811
6714913
6715302
6715425
6715591
6716223
6717183
6717231
6717453
6717470
6717529
6717675
6718414
6718903
6719541
6719601
6720036
6720080
6720440
6721429
6721744
6721852
6721862
6722161
6722429
6722786
6723011
6723460
6723533
6723590
6723815
6724558
6724913
6725147
6725208
6725486
6725509
6725801
6726040
6727048
6727821
6727855
6742638
6742650
6743139
6743393
6743670
6743815
6744195
6744583
6744609
6745142
6745241
6745365
6745437
6746183
6746414
6746797
6746878
6747070
6747112
6747118
6747342
6747352
6747488
6747537
6747541
6747692
6747888
6747978
6748052
6748392
6748731
6748883
6748956
6749388
6749485
6749831
6750304
6750322
6750351
6751132
6751187
6751495
6751709
6751821
6751882
6752096
6752128
6752338
6752625
6752800
6753521
6753719
6754130
6754393
6754937
6755022
6755230
6755701
6755924
6756123
6756217
6756926
6756978
6757278
6757778
6775534
6895565
6897325
6899357
6899578
6899741
6900164
6900261
6903371
6905314
6906291
6923630
6924952
6924964
6925316
6925532
6925563
6925781
6925802
6926451
6926676
6926929
6927184
6927522
6927950
6929144
6929489
6929505
6929853
6929883
6929989
6930158
6930166
6930786
6930874
6931890
6931936
6931951
6932521
6932674
6932721
6932749
6932979
6933047
6933205
6933264
6933291
6933422
6933621
6933911
6934221
6934350
6934433
6934750
6935230
6935294
6935566
6935677
6935863
6936423
6936834
7142448
7142500
7142822
7142878
7142906
7143085
7143350
7143364
7143421
7143430
7143566
7143625
7143684
7144666
7144713
7145117
7145336
7145389
7145467
7145762
7145775
7145925
7146284
7146640
7147425
7147558
7147759
7148511
7150068
7150102
7150150
7150168
7150735
7150977
7151074
7151384
7151452
7151527
7152205
7152315
7152514
7152536
7152639
7152915
7153016
7153175
7153189
7153486
7153672
7153702
7153888
7153889
7154445
7155690
7155909
7155964
7171622
7171873
7172852
7173176
7175689
7175824
7176071
7176457
7176808
7177403
7177843
7178004
7178018
7178405
7179735
7180186
7180376
7180987
7181130
7181539
7181718
7181754
7182217
7182297
7182350
7182408
7182418
7183289
7183649
7184653
7184860
7185095
7274530
7277491
7277758
7291475
7293116
7293387
7293826
7293849
7293934
7293990
7295141
7295184
7296025
7297510
7297984
7298040
7298816
7300067
7301140
7301292
7303194
7303887
7303905
7304160
7304234
7304400
7306599
7306748
7306836
7307771
7307976
7308351
7308388
7308582
7308879
7308963
7309065
7309263
7309321
7309411
7309541
7309667
7309744
7310250
7310386
7310511
7311043
7311275
7311639
7311845
7311869
7312047
7312606
7313079
7313847
7314037
7314898
7315309
7315331
7315539
7316511
7316767
7317059
7317149
7318015
7318236
7318347
7318751
7319257
7320297
7320627
7320658
7321562
7321716
7321881
7321939
7322527
7322579
7322812
7323225
7335632
7336821
7336978
7337889
7339796
7340781
7343343
7344875
7345788
7346013
7347417
7348242
7348629
7348918
7351306
7371216
7371427
7373889
7376693
7376894
7377269
7378341
7381437
7381623
7381630
7386311
7388146
7388645
7389077
7389475
7389711
7389814
7389831
7391569
7391653
7391745
7393800
7394842
7396500
7396620
7397376
7433963
7434333
7434723
7435110
7435540
7436402
7436896
7437030
7437406
7437808
7437867
7438778
7438820
7439229
7439555
7440519
7441421
7441609
7441695
7441882
7442343
7442344
7442535
7442954
7443338
7443361
7443441
7444026
7444146
7444450
7445050
7445060
7445119
7445387
7445919
7446644
7446667
7446681
7446733
7446793
7447101
7447243
7447269
7447560
7447713
7448033
7448421
7449096
7449240
7449437
7449526
7462363
7462716
7462730
7466671
7467074
7468451
7468476
7470281
7470676
7471828
7472521
7476797
7477391
7504987
7513661
7615954
7616120
7616468
7616913
7616944
7617054
7617086
7617407
7617613
7617654
7618095
7618292
7618358
7618986
7619064
7619111
7619229
7619821
7619842
7620713
7620947
7621182
7621657
7622170
7622238
7623069
7623580
7623671
7623691
7623904
7624171
7624213
7624351
7624354
7624809
7626000
7650057
7653045
7653785
7654840
7656829
7657530
7657986
7744767
7744992
7745520
7745605
7745843
7745887
7745909
7747555
7747956
7748422
7748903
7748933
7749114
7749328
7749490
7749761
7751913
7751954
7752231
7753302
7753379
7754126
7754131
7755194
7755372
7755748
7756971
7758421
7758896
7758989
7759500
7760053
7760521
7760559
7762034
7818134
7819157
7819324
7819380
7819832
7820255
7820379
7820408
7820558
7820769
7820925
7821128
7821134
7822091
7822205
7822756
7822872
7822991
7823314
7823404
7823796
7823950
7824198
7824214
7824389
7824416
7824466
7824504
7825799
7825931
7826152
7826622
7826855
7826939
7827150
7827241
7827596
7827621
7827828
7828082
7828090
7828173
7828238
7829183
7829833
7829966
7830216
7830740
7830843
7831236
7831486
7831590
7831619
7906021
7906029
7906082
7906397
7906918
7907258
7907293
7907518
7908700
7909006
7909123
7909213
7909363
7909482
7909505
7910372
7910653
7910681
7910700
7911469
7911558
7911629
7911795
7911879
7911887
7912076
7912572
7912940
7913053
7913261
7913545
7913666
7913820
7914163
7914961
7915124
7915138
7915162
7915948
7932893
7934066
7936967
7991557
7996214
8003258
8009288
8019399
8019593
8022244
8023495
8024715
8026434
8027198
8027974
8028688
8029474
8029667
8029995
8030821
8030835
8030850
8031383
8033412
8033547
8035431
8035432
8035720
8209980
8212855
8218497
8221210
8222675
8222796
8222938
8223137
8223761
8223844
8224257
8224391
8224639
8224844
8225316
8225426
8226002
8226032
8226245
8226276
8226335
8226638
8226716
8227021
8227579
8227666
8227706
8227783
8227938
8228144
8228170
8228191
8228437
8228575
8228777
8229342
8230135
8230499
8230661
8230747
8230825
8231260
8231456
8232085
8232617
8232620
8233582
8233638
8233658
8234125
8234452
8234516
8234693
8235232
8236103
8236194
8236393
8237106
8237409
8237702
8237788
8237934
8238167
8238425
8238469
8238721
8238976
8239899
8240037
8240378
8240876
8240968
8240990
8241385
8241906
8242613
8243102
8243226
8243384
8243590
8243746
8243842
8244242
8244331
8246043
8246745
8247254
8247421
8247626
8276165
8276165
8276542
8278897
8279404
8279776
8280138
8282069
8282821
8283776
8284168
8395959
8397773
8397823
8399702
8400748
8402147
8402839
8405376
8478936
8479318
8479379
8479879
8479961
8479986
8480187
8480301
8480965
8481977
8482218
8482383
8482989
8483272
8483474
8483514
8484396
8484931
8485057
8485074
8485125
8485439
8485854
8486427
8486586
8486751
8486832
8487458
8487534
8487872
8487924
8488046
8488804
8488850
8489263
8490053
8490074
8490167
8490386
8490554
8490566
8492982
8493061
8493122
8493347
8493425
8493553
8493574
8493712
8493719
8493919
8494082
8494493
8494609
8494884
8495312
8495433
8495726
8495898
8495935
8496013
8496359
8497083
8497098
8497300
8497373
8497442
8497689
8497929
8498637
8498857
8498862
8499237
8499249
8499313
8499633
8499872
8500082
8500612
8500684
8500819
8501119
8501215
8501227
8501269
8501613
8501915
8501978
8502406
8502438
8502726
8503156
8503196
8503280
8503742
8504310
8504409
8504644
8504648
8505348
8505524
8505560
8505601
8505751
8505967
8506410
8506736
8506743
8507441
8508992
8509531
8509621
8509638
8509719
8509774
8510016
8510625
8510815
8511107
8511642
8511984
8512058
8512059
8512356
8512428
8512822
8512839
8512880
8512921
8513176
8513202
8513415
8513694
8514283
8514577
8514614
8514636
8563115
8563246
8563496
8563618
8563875
8563884
8565229
8565416
8565792
8566114
8566978
8567315
8567556
8567566
8567613
8567621
8567964
8568037
8568051
8568265
8568531
8569159
8569295
8570138
8570203
8570247
8570321
8570910
8571120
8571869
8572942
8573064
8573720
8574024
8575172
8575178
8575200
8575527
8575991
8576314
8576840
8577330
8577957
8578070
8578873
8579528
8579785
8580623
8580854
8581034
8581122
8581260
8581580
8581793
8581986
8582067
8582158
8621854
8622317
8623830
8624330
8624964
8625292
8626461
8627958
8628885
8630731
8630821
8632162
8633162
8633471
8633514
8635359
8636981
8637638
8639400
8639751
8640248
8640588
8641037
8641217
8641222
8641688
8641970
8642728
8642779
8643304
8643682
8643826
8644070
8644584
8644854
8644915
8645167
8645195
8645313
8645502
8645956
8646183
8646468
8646608
8646610
8646641
8647031
8647239
8647329
8648874
8648927
8649092
8649161
8649253
8649795
8649816
8650212
8650575
8650805
8651290
8651308
8651544
8651833
8652164
8652213
8652323
8652494
8652743
8652993
8653127
8653421
8653842
8653914
8655344
8655646
8655979
8655993
8672962
8674766
8675813
8793004
8793099
8793120
8793397
8794214
8795210
8795286
8795652
8795777
8796519
8796527
8796755
8797234
8797657
8798080
8799364
8799709
8799930
8801203
8801898
8802024
8836035
8836947
8837022
8837112
8837462
8837678
8837898
8838569
8839486
8839973
8840251
8841519
8841764
8842439
8842853
8843434
8843808
8844059
8844675
8844944
8845447
8846600
8847564
8883210
8886052
8944991
8945574
8945750
8946543
8946651
8946820
8947511
8947976
8948537
8950678
8951350
8952150
8953366
8953405
8953656
8954432
8955593
8955625
8955796
8956178
8958097
8958512
8958564
8958610
8958779
8958836
8959103
8959240
8959589
8959669
8959764
8961497
8961549
8961946
8962304
8962392
8962512
8962659
9002638
9004063
9005182
9005599
9005608
9005952
9006126
9007017
9008389
9008457
9008758
9009931
9010054
9010147
9010493
9010654
9011009
9011611
9012237
9012388
9012404
9012899
9013477
9014539
9014822
9014961
9015083
9016428
9016477
9016755
9016874
9016922
9017416
9017564
9017574
9018084
9018731
9018810
9018822
9019185
9020056
9020377
9021071
9021221
9021719
9021803
9022039
9022295
9022521
9022689
9022794
9022950
9023072
9023761
9024163
9024533
9024611
9024718
9025001
9025575
9025937
9026058
9026626
9026763
9027131
9027437
9027760
9028260
9028523
9028633
9028702
9028831
9028856
9029957
9030512
9030949
9030999
9031278
9031358
9031494
9031607
9124452
9124585
9124642
9124741
9125088
9125437
9125457
9125933
9126303
9126769
9127011
9127254
9127769
9127911
9128251
9128437
9128613
9128677
9128763
9128806
9128840
9129321
9129528
9129749
9129959
9129961
9130383
9130565
9130590
9130899
9131137
9131212
9131260
9131377
9132199
9133066
9133179
9133199
9134387
9134580
9134698
9135419
9139083
9139882
9141480
9141568
9145045
9145387
9146576
9148773
9210753
9211568
9212010
9212642
9215172
9215873
9217686
9218591
9219226
9220282
9220294
9220598
9220642
9221594
9222724
9223011
9223045
9327465
9327833
9327969
9328636
9328788
9328923
9329553
9329716
9329745
9329823
9329867
9330693
9330756
9330911
9330986
9331028
9331062
9331312
9331789
9332192
9332257
9332707
9332848
9333021
9333108
9333315
9334882
9335615
9335623
9336554
9337216
9337372
9337398
9337452
9337629
9337638
9338477
9339137
9339727
9340145
9340182
9340640
9340719
9341086
9341462
9341744
9342541
9342735
9342850
9342991
9343126
9343266
9343268
9343762
9344890
9345583
9345717
9346041
9346370
9346636
9347169
9347394
9348085
9348263
9349335
9350195
9352163
9357434
9371823
9384289
9489816
9534391
9534491
9534554
9534586
9534778
9535236
9535608
9535770
9535826
9535867
9537004
9537062
9537340
9537785
9537820
9538069
9538202
9538432
9538625
9538771
9539082
9539111
9539216
9539266
9539402
9539511
9539901
9540323
9540347
9541071
9541343
9541905
9542317
9542629
9542637
9542733
9543061
9543164
9543225
9543280
9543923
9545238
9545401
9576824
9579823
9586259
9624273
9624407
9624436
9624656
9630430
9825651
9825670
9825824
9826393
9826503
9826806
9827419
9827542
9827607
9827639
9827950
9828024
9828112
9828658
9828768
9829000
9829053
9829062
9829179
9829322
9829381
9829438
9829749
9830151
9831124
9831317
9832785
9832930
9833202
9833323
9833400
9833681
9833748
9834582
9834670
9834918
9835055
9835317
9835346
9835618
9835843
9836358
9836434
9836899
9836978
9837091
9837150
9916757
9916792
9916855
9917203
9917324
9917486
9917963
9918038
9918526
9919030
9919064
9919914
9919938
9920213
9920479
9920568
9920636
9921128
9921578
9921651
9921693
9921931
9922094
9922496
9922550
9922624
9923428
9923827
9923842
9923899
9924005
9924107
9924409
9924775
9925303
9925678
9925762
9925938
9926013
9926591
9926614
9926635
9926741
9926753
9927000
9927077
9927567
9927924
9927935
9928375
9928839
9929036
9929095
9929327
9929546
9929597
9929735
10038277
10039127
10039446
10039576
10039851
10041800
10041887
10043086
10043166
10045876
10047598
10047733
10047805
10048212
10049043
10049831
10050857
10051531
10118450
10118504
10118555
10118636
10119762
10120062
10120130
10120189
10120325
10120426
10120718
10121074
10121485
10121550
10121713
10122823
10123394
10123482
10123833
10124107
10124176
10124589
10124772
10124883
10125303
10125571
10125932
10126589
10126917
10126919
10127250
10127323
10127795
10128044
10128458
10128520
10128620
10129161
10129415
10129523
10129724
10130068
10130153
10130305
10130306
10130351
10131355
10131703
10132393
10132397
10133444
10133538
10133587
10133762
10134119
10134349
10134472
10134795
10135569
10136950
10137470
10137507
10138942
10139346
10139505
10140433
10140534
10140804
10140949
10141169
10141479
10141644
10142877
10143531
10144022
10144255
10144430
10144818
10145154
10145407
10145546
10146840
10146966
10147568
10147885
10148016
10148188
10148230
10174968
10176925
10180977
10185064
10185428
10235124
10241327
10242649
10244585
10285489
10286571
10286780
10287151
10287758
10287883
10288066
10288372
10288482
10288968
10289045
10289406
10289669
10290254
10290486
10290863
10291115
10291194
10291364
10291485
10291540
10291741
10292659
10292730
10292808
10292933
10293194
10293573
10293769
10293925
10294024
10294334
10294814
10295356
10295693
10325495
10325578
10325873
10326347
10326495
10326520
10327625
10328613
10328876
10329079
10329915
10330197
10330618
10330960
10330971
10331040
10331072
10331196
10331566
10331908
10331989
10332556
10333186
10333507
10333884
10334472
10334971
10335063
10335291
10335593
10336101
10336203
10336274
10336297
10336496
10337654
10338075
10338224
10340443
10340656
10341428
10364791
10365203
10365250
10365649
10366104
10366187
10366364
10366704
10368578
10368693
10368875
10368902
10369116
10369489
10369824
10370934
10371233
10371349
10371857
10371969
10372224
10372930
10373113
10373597
10373738
10373781
10373934
10374136
10374496
10374753
10374848
10374943
10375856
10376076
10376173
10376191
10376241
10376297
10376310
10377037
10377203
10430259
10430267
10430586
10432071
10432512
10432700
10432979
10434081
10434304
10434364
10434598
10434716
10434887
10434957
10435349
10435496
10436342
10436560
10436701
10437263
10437339
10437423
10437462
10437511
10437639
10437897
10438065
10438359
10439077
10439094
10439747
10440190
10440201
10440616
10441695
10441999
10443165
10443187
10487042
10487144
10520870
10520970
10521488
10521669
10522875
10522894
10523091
10523367
10523495
10523866
10523884
10524016
10525148
10525358
10525507
10526173
10526197
10526569
10527208
10527879
10529276
10529387
10529540
10529603
10529741
10530785
10530875
10531926
10531962
10532197
10532819
10533289
10533603
10534074
10534448
10534767
10535133
10536260
10541027
10668494
10669518
10669948
10671036
10673334
10673507
10676682
10726829
10733156
10782859
10784966
10785380
10785808
10790216
10792003
10792366
10792822
10794664
10797735
10798812
10865730
10866267
10866634
10868047
10871682
10871958
10874020
10878848
10902362
10902417
10905283
10940580
10940738
10941094
10941359
10942443
10943301
10943581
10944103
10945854
10948435
10949963
10950901
10951788
10952762
10953553
11016105
11016218
11016274
11016338
11016447
11017612
11017777
11017910
11017998
11019083
11019723
11020174
11020185
11020818
11020847
11021332
11022271
11023385
11023502
11024283
11024358
11024370
11024646
11024712
11024767
11024933
11025396
11026029
11026772
11027275
11027492
11027642
11027787
11028022
11028033
11028462
11028489
11028617
11028837
11029148
11030098
11030240
11030340
11030504
11030746
11031148
11031155
11031232
11031494
11032144
11032174
11083132
11265069
11265070
11265881
11265965
11266063
11266261
11267259
11268472
11270542
11270941
11271041
11271197
11271941
11272418
11273317
11273591
11273624
11273639
11274251
11274682
11274759
11274993
11275087
11275523
11290291
11293443
11297352
11373519
11373589
11373611
11373689
11374351
11374393
11374466
11375586
11376448
11377134
11377664
11378412
11379328
11379845
11380501
11380599
11380624
11380971
11381029
11381220
11381516
11381741
11381760
11381883
11381936
11382051
11382084
11382658
11383211
11383214
11383338
11383707
11384466
11384725
11384737
11385640
11385780
11386042
11386455
11388093
11388702
11388742
11388787
11389295
11389388
11390341
11390802
11391602
11392989
11394139
11395691
11397792
11398032
11399504
11399524
11401652
11404555
11407228
11410004
11415093
11415790
11416010
11421189
11421270
11423602
11459426
11459892
11460056
11460193
11461551
11461889
11462522
11462944
11463065
11463203
11463816
11464704
11465201
11465356
11465466
11466312
11466382
11466441
11466713
11467238
11467320
11468458
11468678
11468899
11469050
11469296
11469579
11469655
11470541
11470644
11470740
11470806
11471154
11471460
11471827
11471880
11472219
11472470
11473876
11489315
11493144
11494192
11495666
11497677
11498088
11498757
11498954
11500932
11503050
11504117
11504575
11619764
11619911
11620032
11620042
11620140
11620942
11621250
11621836
11622704
11623394
11623805
11625041
11625369
11625558
11625921
11626375
11626704
11627832
11628143
11628155
11628303
11628396
11628611
11628911
11629503
11629800
11629953
11630537
11630799
11631242
11631805
11631990
11632134
11632216
11632249
11632445
11632848
11633328
11633722
11634173
11665259
11666509
11667257
11667739
11668929
11670424
11671540
11738218
11738251
11738456
11738574
11738580
11739510
11739608
11740433
11740853
11740991
11741534
11741638
11741652
11741661
11741962
11742010
11742187
11742959
11743242
11743510
11744164
11744242
11744381
11744628
11744736
11744961
11745472
11745774
11745861
11745892
11745915
11745958
11746438
11746482
11746740
11747301
11747576
11747931
11748241
11748487
11748504
11748667
11749337
11749495
11749533
11750245
11750246
11750322
11750427
11750735
11750871
11751083
11751164
11797528
11797922
11798871
11798940
11799904
11801754
11802187
11802580
11804245
11804893
11805178
11805335
11806650
11806820
11806919
11878430
11878652
11878664
11878677
11879337
11880033
11880785
11880862
11880997
11881039
11881177
11881232
11882294
11883088
11884252
11884561
11884585
11884987
11885186
11885561
11885580
11885748
11886105
11886390
11886642
11887348
11887967
11888132
11888134
11888269
11888478
11888559
11888837
11888922
11889709
11890196
11890541
11890893
11890984
11891382
11891405
11892065
11892171
11892263
11892509
11892559
11892590
11892734
11892767
11893081
11893413
11893476
11893703
11893910
11894170
11894401
11894783
11895472
11895821
11896238
11896252
11896429
11896455
11896754
11896802
11897141
11897407
11897810
11898048
11898137
11898239
11898471
11898482
11898592
11898706
11898767
11899056
11899215
11899331
11899342
11899366
11899813
11899959
11900160
11900645
11900913
11901349
11901394
11901514
11901606
11901660
11901718
11901765
11902315
11902769
11903093
11903119
11903410
11903720
11904216
11904393
11932765
11938295
12024957
12025330
12025794
12026186
12026271
12026391
12026626
12026689
12026907
12026917
12027980
12028169
12028331
12028335
12028388
12028446
12028672
12028954
12029050
12029622
12030771
12030879
12030922
12031049
12031173
12031185
12031241
12031249
12031647
12031815
12031998
12032188
12032318
12032596
12032740
12032899
12033047
12033479
12034191
12034749
12034752
12035412
12035874
12035967
12036408
12036764
12036848
12036996
12037300
12038038
12038188
12038207
12039040
12039248
12039531
12039892
12040157
12040389
12040776
12041444
12041725
12041962
12042780
12043006
12043313
12043362
12043882
12044565
12045168
12045538
12046071
12046238
12046418
12046995
12047518
12049085
12049296
12049687
12050546
12050831
12050839
12050953
12052159
12052171
12052333
12052338
12054522
12054981
12083205
12084088
12085756
12086413
12086434
12086954
12087898
12088784
12089718
12089884
12091590
12091867
12092297
12110118
12110187
12110213
12111134
12114154
12114431
12116769
12117798
12117834
12119972
12120593
12124869
12126397
12169252
12169262
12169695
12169796
12169977
12170518
12170590
12170834
12171725
12171858
12172295
12172358
12172942
12172974
12173305
12173960
12174023
12174140
12174646
12175131
12175265
12175513
12175936
12176024
12176113
12176204
12176289
12176409
12176539
12176713
12177047
12177444
12177489
12177809
12178433
12178821
12178834
12178911
12179079
12179698
12179916
12180064
12181665
12181985
12182032
12182056
12182300
12182379
12182438
12182592
12182708
12182922
12182975
12184198
12184289
12206006
12206508
12209055
12213122
12215542
12287743
12287866
12288084
12288520
12288563
12288846
12289159
12289610
12289642
12289797
12289945
12290025
12290229
12290469
12290575
12290587
12290614
12290970
12291771
12292179
12292550
12292701
12293285
12293478
12293683
12293697
12293786
12294185
12294475
12294529
12294978
12295231
12295569
12296216
12296451
12296584
12297086
12303906
12304481
12304913
12305238
12305718
12307021
12307349
12308134
12308870
12343913
12344007
12344149
12344387
12344450
12344465
12344600
12344717
12345245
12345373
12345750
12346081
12346218
12346440
12346568
12346782
12346897
12346949
12346954
12347361
12347484
12347606
12348014
12348043
12348495
12349319
12350353
12350750
12350857
12351008
12351023
12351069
12351890
12352012
12352028
12352592
12352745
12352860
12353089
12353109
12353256
12353702
12353855
12354097
12354491
12354507
12354601
12356823
12357001
12358472
12358941
12359438
12359793
12360088
12360875
12362151
12362491
12363320
12363410
12363425
12364760
12365384
12366160
12366285
12367664
12369580
12370837
12459956
12514591
12514760
12515536
12515623
12515917
12516496
12516817
12516849
12516867
12517149
12518835
12519268
12519334
12519390
12519457
12519923
12520032
12520391
12520779
12520823
12521200
12521611
12521770
12522873
12523558
12523660
12523699
12523883
12524293
12524327
12524497
12524532
12525128
12525641
12525941
12526014
12526130
12526691
12526703
12526785
12526815
12527057
12527207
12527757
12527804
12527947
12528421
12528546
12528842
12529056
12529725
12530186
12530629
12530883
12531175
12531410
12646510
12646670
12646987
12647843
12647951
12648154
12648470
12649732
12650190
12650547
12650603
12650660
12650699
12651294
12651297
12651341
12652279
12652577
12652870
12653097
12653182
12653544
12653880
12654324
12654560
12654595
12655081
12655258
12656246
12656348
12656527
12656698
12656699
12658105
12658191
12658636
12658699
12660093
12660141
12660344
12660413
12660532
12660985
12661380
12661402
12661579
12662074
12662194
12662485
12662571
12662897
12663044
12663201
12663494
12663769
12664389
12664677
12664768
12665033
12665234
12665330
12666006
12666182
12666823
12666826
12667036
12667421
12667518
12667736
12667756
12668250
12668375
12668685
12668897
12669010
12669123
12669284
12669383
12686396
12686572
12686786
12687086
12687269
12687335
12688066
12688171
12688286
12688464
12688657
12688700
12689195
12689655
12689755
12689808
12689855
12690046
12690217
12690696
12690912
12691251
12692535
12693699
12693710
12693733
12694461
12694628
12695396
12695838
12695961
12696035
12696587
12697034
12697034
12697148
12698327
12698503
12698558
12698870
12698955
12699079
12699227
12699309
12699518
12700023
12700376
12700621
12701143
12701430
12701509
12702272
12703079
12703124
12703320
12703555
12703647
12703767
12704385
12761874
12774668
12775000
12777625
12823097
12823411
12823747
12824076
12825372
12825649
12825734
12825988
12826277
12826484
12826851
12827141
12827199
12827362
12827570
12827996
12828237
12828331
12828376
12828462
12828590
12828880
12829465
12829939
12830371
12830549
12830745
12830838
12830890
12830928
12830990
12831226
12831673
12832011
12832406
12832443
12833201
12833412
12833563
12834463
12834813
12834929
12835157
12835971
12836174
12836347
12836627
12836895
12837211
12837420
12837787
12837858
12837899
12837905
12838100
12838319
12838402
12838454
12838514
12838576
12838741
12838945
12839010
12839130
12869934
12870257
12870619
12870984
12871411
12871860
12872010
12872129
12872145
12872547
12872861
12872955
12873489
12873518
12874022
12874093
12874388
12874580
12875011
12875091
12876327
12877300
12877491
12878091
12879150
12879371
12879662
12879665
12880234
12880954
12881056
12881354
12881407
12881752
12882580
12883111
12884167
12884206
12884443
12884561
12884690
12884848
12885636
12886060
12886404
12886604
12886727
12886958
12887137
12887216
12887498
12887582
12887656
12888058
12888248
12888269
12962539
12962686
12963049
12963061
12964156
12964444
12965323
12966046
12966152
12966482
12966864
12967368
12967988
12968329
12968387
12968970
12969078
12969215
12969715
12970069
12970172
12971392
12972029
12972355
12973197
12973601
12974091
12975031
12975199
12975378
12975669
12975886
12976264
12976702
12976843
12977381
12978115
12978422
12978462
12978857
13085682
13090819
13090874
13095853
13096073
13097253
13097256
13098236
13098388
13098401
13098649
13098807
13099041
13099083
13099576
13099643
13100048
13100298
13100453
13101245
13101439
13102339
13102917
13103039
13103219
13104329
13104432
13104559
13104690
13105151
13105315
13105685
13105861
13106126
13113932
13161902
13162221
13162435
13162852
13163016
13163021
13164225
13164550
13165126
13166454
13166945
13167094
13167833
13168073
13168736
13169109
13169474
13170161
13170797
13170940
13171532
13172098
13172737
13172869
13173623
13173675
13173819
13173857
13174968
13175683
13176024
13176305
13177762
13177902
13177938
13201380
13202175
13202608
13202886
13203918
13205351
13206340
13207656
13208760
13209013
13210744
13211875
13212563
13213857
13216146
13217812
13218467
13221458
13221981
13222727
13223257
13223883
13224357
13224449
13224547
13226771
13227626
13228121
13228389
13228433
13228823
13229507
13230432
13231161
13232795
13233545
13234439
13234690
13234706
13235361
13235572
13236222
13238774
13239381
13239722
13240125
13241699
13241766
13242114
13242291
13242354
13242370
13243783
13244034
13244559
13244818
13244927
13245196
13245728
13246644
13246958
13247131
13247304
13247890
13248021
13248068
13248331
13248743
13249037
13249553
13249609
13250186
13250796
13250871
13251483
13251803
13253275
13256104
13258022
13259291
13264194
13265384
13266576
13268376
13268593
13283346
13283424
13283426
13283471
13284034
13284613
13285045
13285053
13285121
13285200
13286413
13286671
13286733
13286806
13286913
13287476
13287851
13288060
13288202
13288423
13288825
13288966
13289454
13289463
13289512
13289810
13290710
13290714
13290809
13290969
13290996
13291455
13292336
13292435
13292605
13292624
13292980
13293299
13293763
13293899
13293957
13293966
13294007
13294410
13294628
13295068
13295348
13295438
13296212
13296466
13296773
13296800
13297240
13297272
13297278
13297502
13297593
13297716
13307397
13309191
13351347
13351780
13352142
13352250
13352263
13352975
13353478
13353558
13354093
13354125
13354451
13354825
13355078
13355718
13355875
13355951
13355985
13356263
13356697
13356763
13356774
13357125
13357497
13357810
13357988
13358609
13358919
13358962
13359088
13359428
13359524
13359720
13360363
13361054
13361069
13361432
13361642
13362118
13362189
13362295
13362631
13362644
13362919
13363099
13363327
13363694
13363726
13363907
13364079
13364382
13364483
13364702
13364857
13364870
13365293
13365615
13365786
13365865
13365950
13366172
13369042
13369754
13370281
13370449
13370783
13371069
13373489
13373492
13374839
13374946
13375174
13375818
13376729
13376853
13377171
13377578
13377766
13384779
13409467
13409880
13410833
13410943
13411180
13411812
13412296
13412409
13413501
13413863
13414170
13415008
13415347
13415369
13416051
13416168
13416252
13417019
13417030
13417187
13417627
13419404
13421818
13421823
13422419
13423652
13423949
13424996
13425144
13425858
13425911
13426713
13426780
13427011
13427019
13427243
13427987
13428021
13428269
13428705
13429605
13429853
13429862
13430043
13430283
13431045
13432000
13432250
13433134
13433187
13433487
13433522
13433587
13434057
13434182
13434413
13434554
13434589
13434635
13434638
13435232
13435424
13435870
13435947
13436034
13436947
13437132
13437466
13450079
13450500
13451207
13455310
13459206
13460135
13460291
13460999
13461946
13464382
13469804
13470521
13471335
13473206
13479938
13481182
13481330
13482469
13499222
13500445
13500833
13500904
13501554
13501958
13502966
13504249
13505675
13506188
13506255
13506924
13508185
13508770
13508770
13509049
13509993
13511811
13512523
13513161
13514168
13514996
13515127
13515665
13516697
13516723
13556883
13556939
13557025
13557811
13558156
13558306
13558836
13558849
13559342
13559437
13559502
13560850
13561283
13561425
13562627
13563749
13563997
13564004
13564106
13565021
13565182
13565304
13565445
13565471
13565624
13566396
13566903
13566958
13567088
13567843
13568407
13569227
13569488
13569580
13569893
13570026
13570165
13570180
13570189
13570565
13570850
13570952
13571073
13571140
13571255
13571302
13571564
13571701
13571908
13572187
13618323
13625563
13780567
13780990
13781529
13781767
13781843
13783174
13783833
13784714
13786278
13786328
13787026
13787467
13787479
13787976
13788520
13789712
13789756
13789856
13789944
13790904
13791440
13791642
13792733
13792953
13793207
13793382
13793541
13794491
13835218
13836242
13836683
13837067
13837088
13837324
13838353
13838860
13839307
13839572
13840510
13841081
13841347
13842449
13842976
13844068
13845542
13845631
13846166
13848190
13848753
13849031
13849283
13869564
13872932
13873309
13876257
13877050
13878496
13880536
13881908
13910698
13913012
13913394
13913520
13914196
13914592
13915730
13915919
13916645
13916841
13917066
13918646
13918730
13919284
13920336
13920615
13963467
13964164
13964204
13964233
13966120
13967826
13968171
13968544
13969446
13969621
13969815
13970398
13970537
13970661
13971391
13972413
13973605
13974375
13976060
13976714
13976792
13977360
13977800
13978186
13979442
13979881
13983582
13988594
13989927
13993146
13993464
13993631
13993713
13993725
13993813
13993840
13993914
13994069
13994240
13994290
13994687
13995022
13995109
13995230
13995753
13995830
13996105
13997323
13997400
13997604
13998336
13998508
13998684
13998968
13999169
13999277
13999511
13999973
14000025
14000059
14000139
14000892
14000986
14001044
14001056
14001138
14001209
14001259
14001355
14001605
14001906
14002383
14002593
14003233
14003376
14003603
14003912
14004145
14004169
14004910
14004992
14005079
14005127
14005247
14005390
14005479
14005638
14006018
14006823
14006887
14006984
14007312
14007637
14007956
14007983
14008260
14008274
14008426
14008609
14008824
14009006
14013512
14017499
14018748
14022321
14026379
14032174
14032807
14035756
14035766
14036325
14036452
14036494
14036510
14036560
14036961
14037080
14037393
14037553
14037964
14037972
14038506
14038925
14039014
14039651
14039693
14039813
14040388
14041383
14041429
14041729
14042371
14042649
14042827
14043672
14044317
14044946
14044997
14045174
14045243
14045401
14045409
14045529
14045538
14046209
14118313
14119552
14119693
14120005
14121035
14121126
14121277
14121356
14121897
14122067
14122238
14122619
14123123
14123211
14123564
14123802
14123865
14124157
14124811
14125071
14125513
14126056
14126206
14127422
14127534
14127802
14128017
14128054
14128141
14128602
14128915
14129361
14129525
14129858
14130193
14130595
14130664
14131011
14131774
14132097
14132189
14132518
14132852
14133302
14133658
14133895
14134016
14134244
14134548
14134656
14134687
14134965
14135012
14135082
14136018
14136115
14136188
14136214
14136700
14136935
14146715
14201791
14201854
14205314
14206260
14207257
14208353
14209799
14212003
14214175
14214977
14216448
14216479
14217841
14243360
14243706
14243780
14243893
14244039
14244061
14244144
14244950
14245461
14245528
14246375
14246614
14248346
14248620
14248995
14249019
14249319
14250706
14251123
14251307
14251576
14251648
14251841
14251948
14252472
14253008
14253068
14253939
14254181
14254208
14254920
14255028
14255064
14255409
14256067
14256372
14256420
14256436
14256474
14256741
14257184
14257216
14257305
14257312
14257578
14258442
14258597
14258674
14259228
14259255
14259558
14259602
14259608
14259665
14259932
14260393
14260397
14260439
14285613
14285723
14286121
14286196
14286442
14286620
14286661
14286790
14286819
14287066
14287286
14287453
14287613
14287739
14287859
14288173
14288462
14288537
14288703
14288857
14289567
14289734
14290155
14290534
14290618
14290636
14290959
14291102
14291129
14291377
14291788
14291841
14292369
14292439
14292787
14292857
14292907
14293197
14293284
14293433
14293452
14293596
14293634
14293763
14293772
14293837
14293838
14293991
14294045
14294057
14294990
14295120
14295272
14295703
14295890
14295998
14296127
14296412
14296529
14296656
14317555
14318073
14318207
14320788
14320981
14321775
14342605
14415823
14422316
14426259
14442669
14476807
14484008
14492928
14494116
14495011
14495420
14550092
14550132
14550832
14552754
14554313
14554571
14555030
14555418
14556409
14556668
14556674
14557038
14559103
14597409
14597586
14597817
14598160
14598185
14598381
14598550
14599773
14599889
14599891
14599951
14600124
14600256
14600269
14601049
14601364
14601501
14601545
14601848
14602426
14602485
14602530
14602645
14602870
14602932
14602940
14603086
14603385
14603567
14603630
14603829
14603898
14604016
14604094
14604150
14604625
14604795
14604848
14605681
14605800
14606176
14606512
14606910
14607245
14607457
14607766
14608282
14608880
14609416
14609553
14609737
14610168
14610281
14610524
14610631
14610665
14611658
14612023
14612206
14612252
14612617
14613031
14613172
14613250
14613678
14613832
14613959
14614287
14614454
14614612
14614788
14614976
14615410
14616468
14627554
14627920
14628553
14628675
14629349
14631240
14631739
14632193
14632469
14632946
14633320
14634106
14634783
14634879
14635083
14636191
14682016
14682147
14682240
14682662
14682909
14682916
14682919
14683414
14683541
14683630
14683676
14684198
14684313
14684362
14684802
14685271
14685601
14686062
14686282
14686323
14686403
14686678
14686944
14686949
14687178
14687301
14687575
14687751
14687980
14688142
14688157
14688378
14688389
14688432
14688513
14688759
14688974
14689127
14689285
14689991
14690312
14690358
14690703
14690799
14690863
14691044
14691095
14691774
14692770
14693009
14693361
14693492
14693739
14694489
14694520
14694887
14694981
14695795
14695937
14696112
14696181
14696378
14696422
14696709
14716308
14718822
14726775
14727565
14729813
14732901
14733911
14734787
14753608
14754700
14755160
14755911
14756517
14757141
14757542
14758896
14759795
14760692
14762477
14762773
14762850
14762902
14763804
14764201
14764729
14765595
14765753
14766051
14766116
14766126
14766292
14767388
14767771
14767781
14767928
14768086
14768093
14768545
14768933
14769186
14769597
14769783
14769930
14770785
14770850
14771329
14771727
14771935
14772353
14772613
14772759
14774217
14774363
14774631
14774679
14776107
14776293
14776371
14776841
14776966
14777287
14777569
14778364
14779355
14781118
14781459
14781525
14782573
14783240
14783532
14783861
14783913
14784239
14785936
14787115
14787333
14787653
14877528
14881064
14889595
14890431
14890901
14891477
14891613
14891795
14892337
14892364
14892658
14892660
14892837
14893460
14893658
14894115
14894670
14894734
14895750
14896639
14896765
14896938
14896992
14897354
14897489
14897691
14897983
14897985
14898055
14898184
14898843
14899458
14899565
14899608
14900215
14900427
14900495
14900646
14901538
14901702
14902498
14902564
14902600
14902657
14903052
14903553
14903810
14903850
14904192
14904227
14904509
14904521
14904525
14904532
14904935
14905420
14905562
14906598
14906641
14907013
14907285
14907399
14908638
14908769
14909174
14909380
14910038
14910237
14910351
14910771
14911117
14911340
14911349
14911799
14912039
14912071
14913133
14913344
14913363
14913417
14913673
14913768
14913905
14914235
14914534
14914637
14914829
14915341
14915352
14915428
14915447
14915449
14915984
14916373
14916401
14916641
14916729
14916994
14917067
14917165
14917190
14917820
14917853
14917961
14918267
14918342
14918993
14919894
14922080
14922171
14922492
14922579
14923096
14923959
14924557
14925198
14926143
14926203
14926558
14927211
14927887
14928350
14928583
14929192
14929216
14929773
14930074
14930725
14930808
14931327
14932499
14951714
14951986
14952022
14952137
14952470
14952519
14952889
14953273
14953480
14954431
14955381
14955736
14956036
14956218
14956224
14956232
14956354
14956384
14956434
14957082
14957893
14958547
14958633
14958656
14958677
14958840
14958909
14959216
14959631
14959672
14960206
14960332
14960382
14960496
14960576
14961381
14962483
14962716
14962846
14962855
14963004
14963018
14963239
14963314
14963489
14963733
14963917
14964273
14964303
14964571
14964671
14965551
14965645
14965728
14966014
14966597
14966953
14966979
14967106
14967477
14967547
14967768
14967965
14967976
14968108
14968712
14968944
14969200
14969283
14969355
14978102
14979626
15008398
15012067
15082776
15083243
15083545
15084136
15084428
15086144
15088272
15089657
15089916
15090144
15092125
15092453
15092695
15092776
15093704
15093740
15093785
15094127
15094427
15094773
15095038
15095175
15095296
15095703
15095845
15096053
15096235
15096601
15096732
15097572
15097705
15098023
15098174
15098308
15098473
15098796
15099135
15099624
15100222
15100746
15101090
15101207
15101662
15102869
15102906
15103184
15103228
15103346
15104211
15104348
15104392
15104731
15104762
15105136
15105417
15105445
15105815
15105854
15105868
15106757
15106807
15160400
15177589
15177833
15178218
15178601
15178818
15179172
15179885
15180652
15180681
15180779
15181370
15182022
15182759
15182816
15182942
15183010
15183170
15183382
15183507
15183522
15183732
15184095
15184239
15184424
15184673
15185015
15185349
15185876
15186434
15186792
15187191
15187947
15188239
15188640
15188767
15189153
15189159
15189776
15190794
15190835
15190906
15191639
15192228
15193016
15193109
15211807
15212215
15212549
15213670
15214314
15216662
15216682
15216789
15217326
15218125
15218237
15221926
15223105
15223505
15224311
15224339
15225902
15227242
15288597
15291584
15295471
15296025
15296954
15315137
15318915
15319660
15320545
15321471
15321784
15322892
15323292
15325289
15388366
15395907
15396109
15397515
15398102
15399136
15402451
15402574
15402700
15403469
15403509
15404082
15404528
15405291
15406219
15406530
15407931
15407982
15408220
15408818
15409774
15410007
15410531
15411423
15411724
15412271
15413083
15413622
15413697
15414203
15419364
15424557
15431099
15431151
15431504
15431939
15432511
15433269
15433795
15434570
15434831
15434880
15435081
15436395
15436563
15437199
15437271
15437322
15437418
15437545
15437929
15439606
15440265
15441543
15441585
15442146
15442752
15443497
15443607
15443711
15443901
15443978
15444511
15444746
15497271
15497571
15501456
15501664
15501915
15502648
15504415
15505308
15505514
15509494
15510343
15510720
15565002
15565321
15565660
15565758
15565973
15566326
15566603
15567283
15567339
15568098
15568338
15568400
15568443
15568943
15569585
15569612
15569677
15569919
15569924
15570239
15570241
15570309
15571218
15571520
15571840
15571852
15572053
15572195
15572447
15572528
15573832
15574287
15574708
15574861
15575126
15575273
15575383
15575685
15577020
15577804
15578016
15579004
15579799
15579952
15580816
15581536
15583554
15584005
15587491
15639646
15639763
15640065
15640296
15641296
15641464
15641495
15641855
15642261
15642624
15642632
15642666
15643088
15643117
15643183
15643369
15644934
15645259
15645268
15645651
15646078
15646127
15647654
15648370
15649541
15649888
15650940
15651165
15651614
15651718
15651795
15651847
15652606
15652618
15652803
15652903
15652957
15653451
15653931
15655002
15655189
15655480
15655872
15655883
15656010
15656188
15656240
15656395
15656646
15656668
15656675
15657085
15657101
15657111
15657284
15657314
15657710
15658120
15658189
15658523
15658665
15658823
15659166
15659229
15659340
15660025
15661156
15661427
15662425
15662695
15663123
15663238
15663936
15664025
15664083
15664179
15664823
15684448
15686247
15686321
15687432
15688181
15692281
15693020
15693937
15693956
15696243
15732835
15733680
15733681
15734343
15735089
15735240
15736384
15736998
15737496
15738835
15739269
15739383
15739740
15741214
15745722
15747595
15749857
15750215
15750565
15838829
15838991
15839478
15839671
15840523
15841054
15841547
15842131
15842537
15842691
15842752
15842835
15843269
15843742
15844296
15844312
15844463
15844474
15845931
15846316
15846780
15847055
15847080
15847760
15848063
15892728
15893839
15895589
15917716
15930146
15930338
15930397
15930575
15930875
15930972
15931010
15931271
15931280
15932103
15932157
15932573
15933189
15933441
15933733
15933932
15934119
15934466
15935284
15936534
15936870
15937203
15938083
15938369
15938988
15939361
15939707
15939956
15940097
15940300
15940392
15941748
15941897
15942784
15942801
15943079
15943555
15943698
15943750
15944477
15944969
15945175
15945543
15946476
15946585
15946644
15998577
16034217
16034449
16034960
16035775
16035987
16036376
16036440
16037110
16037192
16037509
16037767
16037925
16037996
16038474
16038617
16039291
16039688
16039746
16039975
16040242
16040261
16041246
16041397
16041436
16041598
16042151
16042178
16042180
16042268
16042335
16043048
16043265
16043523
16043955
16043971
16044189
16044267
16044309
16044659
16044769
16044866
16044922
16045425
16045580
16046069
16046237
16046341
16046496
16046590
16046854
16047116
16047117
16047233
16047764
16048094
16048366
16048527
16048701
16048721
16134323
16202386
16202546
16202577
16203335
16203383
16203485
16203520
16203923
16203939
16204119
16204139
16204536
16204750
16205076
16205104
16205286
16205461
16205864
16205887
16206016
16206288
16206504
16207491
16207661
16207662
16207835
16207871
16208053
16208238
16208397
16208457
16208476
16208625
16209474
16209542
16209689
16209696
16209869
16210194
16210256
16210323
16210642
16210728
16211062
16211208
16211873
16213938
16215432
16215604
16215780
16216107
16216175
16216374
16216459
16216527
16216560
16225073
16290285
16291338
16291624
16291677
16291951
16292168
16292342
16292622
16292851
16293138
16293346
16293390
16293595
16293851
16294004
16294265
16294358
16294457
16294714
16294738
16295160
16295268
16295389
16295645
16296534
16297178
16297231
16297254
16297350
16297672
16297862
16298084
16298294
16298623
16298701
16298858
16299123
16299644
16300127
16300439
16300628
16300773
16300918
16300994
16301518
16302255
16318803
16324148
16325090
16325155
16325554
16325709
16326136
16326684
16328282
16328551
16328553
16329096
16329742
16376495
16376513
16378272
16383952
16384467
16386981
16387602
16387988
16388427
16388875
16389148
16389981
16390760
16390829
16391275
16391281
16392340
16392562
16392575
16392814
16393073
16393633
16393695
16393894
16393966
16394276
16394303
16394706
16394834
16394949
16395766
16397202
16397745
16398027
16398552
16398867
16398940
16398997
16399101
16399281
16399564
16399870
16399968
16435270
16435955
16438511
16441307
16443323
16444995
16445180
16445995
16447367
16448597
16449546
16452936
16453981
16454470
16454852
16455099
16459079
16459179
16460026
16460031
16460138
16461551
16461809
16462840
16463261
16463672
16463794
16463943
16464873
16464990
16465435
16465461
16465802
16466658
16467546
16469172
16563538
16564929
16565797
16567263
16567941
16569985
16570074
16571212
16571491
16572263
16572585
16573809
16574550
16574684
16575433
16577642
16580599
16582321
16584700
16594285
16597267
16600787
16632414
16632711
16632921
16633214
16634235
16634288
16634433
16634497
16635129
16635282
16635434
16635649
16636110
16636205
16636393
16636988
16637114
16637154
16637569
16637645
16637713
16638224
16638792
16639739
16639909
16639928
16639970
16640083
16640313
16640424
16640470
16641592
16642315
16643101
16643235
16643266
16643286
16643379
16643468
16643749
16643801
16643869
16644089
16644777
16644833
16644922
16645177
16645297
16645615
16645631
16645897
16645942
16646076
16646218
16646231
16646735
16646845
16646961
16647162
16647357
16647553
16647568
16647591
16647830
16648099
16648611
16648654
16648674
16648783
16648873
16648906
16649631
16649678
16649984
16650324
16651170
16651242
16651281
16651294
16651644
16651934
16652477
16652547
16652689
16652890
16653036
16653517
16653924
16655132
16655688
16655737
16656050
16656519
16656857
16657189
16657391
16657425
16657591
16657814
16659153
16659533
16659567
16659638
16676594
16768769
16899984
16900627
16901450
16901477
16901484
16901732
16901865
16901924
16902287
16902392
16902499
16903250
16903440
16904103
16904370
16904920
16904950
16905000
16905036
16905222
16905746
16906043
16906062
16906121
16906277
16906328
16906349
16906649
16906908
16907204
16907241
16907275
16907422
16907618
16907659
16907671
16907860
16907904
16908347
16908818
16909156
16909913
16909921
16910086
16910396
16910620
16910958
16911581
16911609
16911922
16912305
16912366
16977717
16978421
16978453
16978541
16978573
16979318
16980014
16980066
16980525
16980661
16980886
16982315
16982672
16982739
16982877
16983038
16983286
16983446
16983683
16983715
16983811
16983860
16984381
16984404
16984622
16984905
16985111
16985127
16985741
16986588
16986612
16986858
16988042
16988141
16988165
16988326
16988645
16989252
16989484
16989655
16990206
16990245
16990371
16990641
16990904
16990954
16991058
16991536
16991638
16992494
16992935
17005803
17013110
17159611
17160623
17165973
17172193
17173119
17196320
17201207
17203352
17204876
17263971
17267087
17274191
17330756
17331199
17331591
17332094
17332273
17332429
17333175
17333222
17333623
17334387
17334501
17335445
17335490
17335725
17335902
17336180
17336386
17338529
17339139
17340335
17340768
17341844
17342130
17342396
17342566
17380060
17380195
17380497
17380635
17380765
17381380
17382688
17383115
17383240
17383274
17383345
17383548
17383783
17383874
17384852
17385585
17386106
17386498
17386619
17386647
17386766
17386880
17387414
17387827
17387927
17388435
17388472
17388596
17389008
17389093
17389112
17389604
17389736
17390196
17390835
17391172
17391669
17392163
17393000
17393463
17393535
17393981
17394186
17394254
17394320
17394486
17395387
17395916
17396088
17396137
17397048
17397173
17397662
17397832
17398312
17398429
17398719
17399179
17399485
17399932
17401236
17401307
17401325
17401668
17401887
17402131
17402266
17402597
17403344
17403518
17403745
17403901
17404110
17404530
17404531
17404540
17405454
17405783
17406056
17406439
17406450
17406455
17407278
17407327
17408536
17408679
17409680
17410231
17410374
17410582
17411446
17411457
17412016
17412194
17413451
17413651
17413807
17413886
17413928
17415743
17417444
17417648
17417784
17419789
17421223
17421748
17422728
17424481
17425799
17426430
17427483
17432892
17433489
17436749
17437448
17439855
17440690
17440882
17441129
17468534
17469261
17470196
17470587
17470736
17470811
17470831
17470859
17470903
17470909
17470932
17471535
17471629
17471630
17471929
17472032
17472065
17472546
17472582
17472610
17472636
17472647
17473058
17473083
17473303
17473629
17473675
17473725
17473975
17474032
17474086
17474324
17474487
17474522
17475066
17475187
17475286
17475500
17475568
17476256
17476540
17476808
17477053
17477205
17477698
17478018
17478182
17478777
17478798
17478845
17478882
17478958
17478991
17479286
17479443
17479477
17479653
17479773
17480655
17481146
17481283
17481332
17623253
17624700
17630810
17631519
17633720
17633833
17633939
17634591
17634713
17635273
17635340
17635804
17635959
17636390
17636396
17636961
17637113
17638586
17639357
17639449
17639707
17640572
17640950
17641207
17641958
17642217
17642901
17643293
17643974
17644041
17644042
17644246
17644915
17645137
17645236
17645355
17645909
17645926
17647904
17648197
17648340
17649706
17650195
17650527
17650651
17651111
17651312
17651357
17683180
17683664
17683782
17683894
17684371
17684528
17684822
17685135
17685651
17685701
17685852
17686192
17686395
17686396
17687268
17687358
17687660
17687672
17687681
17687799
17688063
17688505
17688546
17688829
17689206
17689387
17689424
17689487
17689835
17690675
17691330
17692396
17692445
17692555
17692753
17693000
17693581
17693797
17693821
17693924
17694267
17694588
17694628
17694853
17694958
17695080
17695169
17695439
17695450
17695462
17695492
17695514
17695571
17695664
17695843
17751683
17751958
17753033
17754856
17755813
17756593
17756929
17757368
17757811
17757853
17758118
17758435
17758603
17760179
17761340
17761517
17762092
17762139
17774699
17774789
17774867
17775712
17775799
17775840
17776141
17776241
17776346
17776524
17776794
17777040
17777233
17777390
17778212
17778238
17778623
17778724
17778727
17778947
17779028
17779157
17779813
17779908
17779925
17780676
17780785
17781582
17781595
17782990
17783233
17784339
17784419
17784958
17785020
17785954
17786005
17786159
17786616
17786768
17787927
17788931
17789374
17789694
17790398
17790688
17790918
17793065
17793159
17793689
17794164
17795326
17795386
17796009
17796071
17796320
17798443
17798496
17799002
17799378
17799908
17800109
17801553
17801711
17803049
17803659
17803970
17804520
17804956
17805830
17806021
17807295
17807500
17808176
17808287
17808834
17808836
17808858
17808935
17809294
17809854
17811233
17811699
17812493
17812549
17812769
17812980
17813498
17813636
17813692
17813840
17814225
17814250
17814682
17815345
17815564
17815816
17815952
17815990
17816089
17816495
17816716
17816786
17816867
17817091
17817321
17817741
17817759
17819353
17819499
17819575
17819576
17819764
17820436
17820543
17820734
17820845
17821650
17822011
17822216
17822584
17822927
17823192
17823353
17823512
17823659
17825007
17825183
17825310
17827160
17827705
17827931
17828190
17828690
17829491
17829514
17830212
17830945
17831355
17831639
17831761
17832126
17832441
17832867
17833399
17833702
17834131
17834244
17834421
17834422
17834721
17834975
17835622
17836217
17838921
17840052
17841544
17842426
17852156
17852233
17857699
17861756
17861872
17867137
17868757
17871997
17872197
17872948
17876816
17880043
17880970
17881693
17882221
17882245
17892305
17901879
17902074
17902914
17903892
17904083
17904249
17904569
17904629
17905196
17905457
17905903
17907681
17908588
17908643
17908844
17908940
17909017
17909123
17909407
17909523
17909966
17910144
17911045
17911256
17911534
17911733
17912559
17912761
17912807
17913948
17914392
17915694
17916077
17916334
17916635
17918013
17919846
17920390
17920638
17921665
17922259
17922615
17922643
17922662
17922774
17923051
17923295
17923420
17923715
17924188
17924776
17926052
17926426
17926526
17926577
17927395
17927845
17927880
17927904
17927977
17928147
17928174
17928254
17928296
17928576
17928744
17929440
17930166
17930478
17930732
17931648
17931838
17932048
17932520
17932543
17932643
17933038
17933068
17933078
17934755
17934815
17935033
17935049
17935742
17935843
17935904
17936128
17937006
17937057
17937217
17937330
17938069
17938523
17938538
17938722
17938780
17939144
17940149
17940349
17940485
17940622
17959768
17960320
17960566
17960929
17961566
17962010
17962042
17962169
17962309
17962546
17962551
17962967
17963719
17963849
17964141
17964372
17964626
17964839
17964974
17965120
17965130
17965750
17965790
17966610
17966812
17966936
17967760
17967975
17968242
17968402
17968438
17969902
17970924
17971112
17971348
17972378
17972387
17972944
17973209
17974071
17974079
17974177
17974327
17974400
17974620
17974966
17975108
17975163
17976042
17976163
17976350
17976456
17976815
17976950
17978146
17979180
17979594
17979630
17980004
17980162
17981412
17981671
17982449
17982882
17983150
17983280
17984592
17986166
17986473
17988189
17988705
17991018
17993698
17993752
17994597
17994893
17995014
17995310
17995604
17995726
17996440
17996715
17996726
17996883
17996949
17997578
17997838
17997937
17998078
17998706
17998730
17998884
17998903
17998928
17998985
17999160
17999727
18000458
18000778
18001444
18001496
18001597
18001663
18001694
18001742
18002631
18002736
18002864
18002957
18003046
18003215
18003606
18003875
18004047
18004065
18004444
18005677
18006439
18006994
18007318
18007629
18007654
18008503
18008916
18009209
18009453
18009772
18010114
18010194
18010219
18010533
18011101
18015925
18016718
18018185
18022156
18022453
18034480
18067076
18071501
18072847
18075646
18077013
18078590
18110496
18119953
18120549
18121447
18122727
18125222
18127674
18129218
18130035
18131687
18135784
18136458
18136780
18136809
18136901
18136953
18137224
18137783
18138352
18138496
18138621
18138797
18138881
18138924
18139037
18139367
18139567
18139570
18140207
18140346
18140801
18140810
18141375
18141802
18141828
18142057
18142164
18142190
18142532
18143736
18143744
18143894
18144584
18145511
18146402
18146491
18146518
18146600
18146830
18147000
18147030
18147038
18147293
18147362
18147587
18147787
18147977
18149288
18149514
18149740
18150515
18150572
18151122
18151784
18152478
18152747
18152759
18152926
18152948
18153097
18153463
18154063
18154312
18154559
18154816
18184854
18185120
18185392
18185641
18185803
18185979
18186052
18186368
18186468
18186793
18187103
18187582
18187878
18187948
18188514
18188657
18189304
18189394
18189685
18189946
18190374
18190512
18190529
18191223
18191305
18192592
18192661
18192924
18194527
18194903
18194950
18195480
18196819
18197054
18197783
18197789
18197959
18198581
18198944
18199001
18199028
18199098
18199278
18199639
18199665
18199691
18201178
18201243
18201468
18201657
18276747
18281984
18292151
18312724
18312806
18313584
18314396
18314819
18315144
18315615
18316278
18316492
18317288
18317855
18317901
18318291
18319462
18319496
18320046
18320168
18320270
18321335
18322264
18323276
18323819
18324578
18324745
18379699
18380634
18383880
18385641
18386893
18388213
18408137
18408710
18408858
18409596
18412179
18413015
18413908
18414319
18415092
18415122
18417003
18418442
18419908
18420250
18549479
18552473
18554117
18555116
18556387
18556825
18558285
18559573
18560812
18565512
18566086
18566217
18567483
18567666
18567777
18568153
18568565
18568567
18568971
18570890
18571305
18571314
18571790
18572935
18573930
18574043
18574067
18574893
18575153
18575176
18575376
18576232
18576676
18577968
18578096
18578847
18579388
18579424
18579878
18580110
18580310
18580464
18581025
18581458
18581591
18581612
18582074
18582178
18582650
18582690
18583360
18583786
18584302
