1133
3930
5715
11322
13098
14427
21490
22960
24903
25792
26212
27401
29639
29956
30430
30503
31878
32265
34207
34375
34625
34755
34972
37971
38764
39177
42699
45183
47723
48509
48756
51964
52672
55606
56079
58911
59022
59739
61526
65048
67514
71381
73655
76980
77302
85497
85532
86912
92771
94496
95658
96494
98761
101504
101793
103042
104164
105629
106714
109245
110040
110776
112089
115540
118138
121362
122824
124677
125363
128342
131338
131857
133109
134204
137158
140680
141562
143849
145529
147089
148427
148785
150860
153035
158888
160733
162650
163001
163468
163931
164472
167569
168586
171639
173540
174275
174583
175282
178795
178991
179261
181206
182846
184337
185158
185931
188137
190070
190810
191198
192864
195830
198169
199168
200082
204925
206005
209118
209976
210375
213234
215453
217788
220621
221442
221488
221797
221912
222057
223471
226291
227202
228312
229044
229477
232311
233396
239431
246188
248657
249480
251786
252201
253015
254845
255312
257372
257650
259290
260108
260350
261147
261426
262760
266133
269650
273225
273230
274497
275089
275728
275872
282827
291786
294359
294834
295265
297668
300398
302265
303676
305180
305887
307843
308657
308758
309246
309283
311671
311694
314748
319118
321002
324075
327483
327733
328822
330439
331573
332430
332632
334613
335467
338999
339894
345326
348588
349469
350800
352434
355881
358683
360564
362253
362361
366433
368250
369356
370280
370386
371644
372414
373103
375020
379587
381767
383489
384415
386609
386629
387962
391056
391106
393252
394014
394360
395469
396371
396512
398930
401556
402053
403055
406352
407950
409005
409272
411483
411711
417159
417960
421208
422709
424131
426325
427085
436952
437339
438221
438920
438931
439124
439586
443921
444876
445183
445219
447508
450659
453015
453537
457182
458818
461376
462317
468193
468312
468917
470935
473568
474808
478564
478675
481219
481983
484063
484129
486497
487667
490724
492478
493126
493810
494971
495655
496457
497770
499264
504055
504470
505552
505581
507123
512272
516880
518766
518879
521998
523360
524624
527283
530170
532136
532402
536022
541954
544335
544508
545223
549959
550932
553156
554684
555338
558146
558811
559501
563266
566836
567505
568675
568808
574948
575180
578571
582444
583110
585805
586201
587285
588691
589724
590012
590818
591113
592254
593671
600019
600085
600840
603613
604275
605215
606090
607385
607427
608344
608491
610704
612242
612881
617496
622128
622483
622945
625240
625422
625509
627123
629955
630444
631797
632176
636945
637986
640802
641189
642589
642666
642961
648973
649666
652319
657478
661284
661719
664004
670105
670437
670905
671959
672416
676831
678257
679680
679702
680244
680750
684604
686689
690503
693022
694626
695281
701293
703237
709892
711140
712930
717839
718417
719530
719739
721802
723328
727302
728497
729408
730570
735314
737904
738461
741221
744653
748669
748923
750950
755152
756835
756983
758953
759447
761336
764355
764681
765825
767360
772184
773576
773661
774290
778335
779373
779456
780024
781268
783355
784355
784469
788439
789463
792808
793857
798246
800407
802028
803569
808964
811357
813856
815667
819238
819415
822123
822542
824222
826741
830342
831989
834476
834831
835842
837032
837332
839788
840583
842870
843178
849653
850574
854810
857445
857661
859070
859423
859549
862880
863275
867341
868694
873574
874101
876902
879278
880733
884422
885083
889079
889575
889690
893236
893638
895087
896398
896933
897829
899132
907119
907398
909907
910151
910371
914455
916226
916619
919282
920792
921022
922788
924692
925745
927036
927636
929965
930528
936338
939995
942189
942873
953493
953710
957893
958038
959703
962555
966838
967061
967353
970210
971807
973513
974578
975151
975680
979613
979684
982009
984271
988537
992558
995523
996103
996133
1004992
1005416
1005631
1010477
1010745
1011427
1012826
1013081
1015400
1016917
1019401
1021379
1025493
1027304
1028785
1029259
1033402
1037085
1037433
1039394
1042751
1043456
1044454
1044713
1046678
1046881
1048785
1051689
1054556
1055940
1062776
1063904
1064964
1066324
1066576
1067468
1070781
1072470
1073704
1074418
1075176
1075480
1076524
1080574
1085958
1086321
1086741
1090045
1096411
1096840
1098953
1101376
1102475
1102765
1102766
1104181
1105728
1107631
1109633
1110199
1112466
1112473
1114046
1115237
1115684
1119697
1120834
1121903
1122578
1126926
1131752
1135036
1141224
1141533
1142513
1148710
1151138
1152455
1152502
1157115
1160561
1160600
1161060
1167172
1168705
1169657
1169857
1175142
1175383
1176811
1178465
1179236
1182583
1183326
1184916
1186982
1188253
1190719
1195095
1196004
1196871
1197947
1199567
1199777
1204619
1205035
1205481
1207593
1212264
1212920
1215128
1216449
1216737
1218507
1219999
1221249
1224071
1226825
1233826
1236930
1237117
1238369
1239358
1241193
1246277
1246722
1252004
1253779
1254752
1258594
1259103
1259699
1260731
1261086
1262443
1266197
1276296
1277667
1278801
1279612
1279773
1284927
1286405
1289291
1290766
1293937
1294281
1295266
1295903
1296916
1299345
1302734
1308441
1309771
1310360
1313463
1314316
1315074
1315485
1316005
1316901
1319168
1320801
1321936
1323433
1325327
1326325
1326994
1327952
1330376
1330388
1334710
1336512
1336809
1340223
1342087
1343845
1344614
1345110
1349596
1350143
1351909
1353051
1354040
1355315
1355880
1358896
1362965
1368430
1368635
1370456
1371886
1376796
1380360
1383276
1383835
1386560
1386976
1388995
1389594
1391262
1393532
1398099
1398545
1399006
1400700
1401412
1404483
1406556
1406590
1408515
1411722
1413196
1414296
1415199
1417070
1418988
1420839
1421867
1423105
1426167
1430389
1431624
1432266
1432880
1435357
1440837
1444440
1446419
1449127
1450117
1450637
1451982
1454518
1459535
1459854
1460071
1461503
1461874
1463685
1465488
1467254
1470204
1471665
1472482
1472731
1472941
1474367
1475599
1478581
1479070
1481313
1485281
1485793
1486418
1489865
1493608
1496103
1501463
1502318
1502580
1503126
1507822
1509017
1510195
1512567
1515962
1521998
1523192
1524884
1534247
1540774
1543025
1545739
1549313
1552346
1553347
1553575
1553829
1555626
1556316
1562209
1562520
1564531
1568822
1569216
1569944
1574560
1575048
1575139
1583131
1588044
1590837
1595539
1595900
1595923
1596076
1596221
1599057
1600198
1600569
1603860
1609542
1610775
1615811
1616034
1616438
1616617
1616972
1621132
1622558
1622877
1623001
1624003
1627046
1627962
1628530
1628556
1632611
1634726
1635799
1636041
1637195
1637917
1638100
1638333
1641379
1644205
1648358
1649149
1654559
1655005
1655109
1656650
1657044
1657068
1660690
1662028
1662130
1666653
1669007
1671455
1671811
1674159
1675390
1684436
1685027
1686583
1695016
1699090
1700982
1701959
1702331
1702811
1703313
1705832
1706987
1709553
1712015
1712648
1712876
1714368
1715216
1717201
1718270
1719817
1721858
1724944
1725770
1731103
1731603
1731761
1734252
1735710
1735781
1736243
1736424
1738724
1740515
1741459
1742229
1743344
1743907
1744213
1744339
1745682
1745762
1747917
1750254
1753474
1758893
1765990
1767416
1770137
1773765
1775102
1777093
1781047
1781532
1783041
1784625
1784728
1786122
1786165
1787758
1789097
1791589
1791716
1794070
1796386
1796729
1797165
1797791
1797921
1799133
1802865
1806775
1808259
1808906
1808910
1809687
1816120
1816844
1819107
1820117
1820460
1823212
1824188
1825038
1826425
1829588
1833977
1836268
1839386
1839921
1845613
1847350
1848065
1848298
1848595
1851715
1855413
1857611
1859932
1860091
1862888
1866031
1866603
1866999
1868102
1869111
1871820
1876583
1876672
1878046
1883271
1883986
1884782
1885958
1886780
1887458
1887794
1887863
1896035
1898519
1904004
1907000
1907620
1908734
1908986
1910121
1911255
1912411
1912764
1913182
1914787
1918706
1920903
1921294
1921412
1921548
1922314
1924733
1925129
1925266
1927019
1929541
1930149
1934290
1936400
1940153
1940365
1942866
1945703
1948404
1949330
1952855
1958545
1959060
1959706
1960786
1962328
1963727
1964599
1964861
1968567
1969602
1974797
1977533
1981210
1981907
1984981
1985678
1987479
1988157
1989095
1989488
1993541
1996260
1996509
1997801
1998552
2001290
2006271
2006383
2007170
2007525
2010449
2013119
2013936
2014211
2016445
2018448
2023666
2024841
2028656
2034947
2036324
2038040
2038089
2038555
2040197
2040693
2045601
2045842
2047283
2050267
2050994
2052351
2054184
2055020
2055873
2055989
2056147
2061195
2061303
2066509
2070119
2070594
2071238
2071831
2073568
2074661
2075236
2076032
2076173
2076231
2077011
2079672
2087737
2087952
2089314
2090997
2091673
2093489
2094753
2095219
2095730
2096731
2099231
2100108
2105988
2109066
2112547
2112760
2116403
2119963
2122747
2124544
2129859
2137989
2139489
2139603
2142738
2144486
2145696
2149051
2153401
2153866
2153986
2157148
2157487
2160469
2160911
2169430
2171345
2175496
2175540
2177109
2180947
2181375
2184277
2184608
2187091
2188868
2190154
2190245
2191291
2194699
2197965
2198139
2199539
2200435
2200666
2203031
2206617
2206988
2210008
2210211
2214686
2216344
2216516
2218983
2221625
2223707
2224513
2225238
2225639
2229208
2229618
2232607
2236686
2236958
2238235
2239044
2240827
2242025
2244708
2244835
2244907
2245295
2245540
2246544
2252300
2252972
2253140
2253636
2253774
2253863
2255456
2256415
2257090
2259996
2262555
2262806
2263727
2263783
2265923
2269213
2274038
2277795
2278318
2278483
2279706
2282485
2282650
2283684
2283970
2287099
2287687
2288454
2297506
2298181
2299949
2301320
2302291
2302326
2306585
2306833
2307279
2307827
2308066
2310427
2315463
2321824
2322407
2325945
2326803
2329398
2330246
2338893
2340097
2340652
2342063
2343968
2344332
2346037
2349411
2349644
2350652
2352173
2352217
2358476
2358867
2359909
2361348
2362920
2367407
2368749
2369747
2372148
2372515
2375170
2380516
2381994
2388376
2394217
2395929
2396590
2397130
2398845
2399511
2402067
2402102
2402475
2404942
2405278
2405523
2412614
2416668
2416902
2418023
2418615
2419666
2420042
2422325
2426168
2427527
2427802
2429736
2431236
2432227
2432718
2435633
2436421
2437990
2441528
2443068
2443448
2444763
2446720
2448405
2449232
2449739
2450182
2450243
2451935
2453295
2453441
2455197
2456086
2456888
2458822
2461264
2462116
2463024
2464012
2464967
2465338
2472716
2472765
2473893
2476332
2476957
2477234
2477251
2477719
2479584
2481558
2483562
2484715
2485768
2488453
2488568
2489017
2491174
2491777
2493698
2496237
2496355
2498613
2499603
2501276
2501354
2502568
2504052
2506711
2507089
2509942
2510836
2511908
2513404
2514734
2516830
2518115
2520551
2522070
2522675
2526113
2531534
2532464
2536859
2537815
2538786
2544750
2544924
2545372
2545820
2545957
2548008
2549654
2549690
2550702
2552998
2554173
2554185
2556531
2559023
2559869
2560530
2561003
2561347
2562689
2565722
2567606
2568234
2570620
2571314
2572385
2578498
2584112
2585551
2586631
2593388
2594290
2596020
2601441
2601485
2601879
2601912
2602391
2603308
2603903
2606196
2609764
2611197
2611727
2612976
2615265
2616519
2618529
2620362
2620805
2621159
2623264
2624521
2625059
2625376
2625698
2627550
2627565
2633103
2637141
2641255
2643819
2650028
2650109
2651567
2656174
2657000
2658347
2658702
2658793
2662100
2662123
2663328
2665397
2666737
2669111
2670819
2672674
2675336
2676476
2676965
2678148
2678199
2683160
2683175
2683533
2684726
2686233
2689743
2690051
2690553
2692644
2693288
2694032
2694302
2694922
2695313
2697231
2698065
2699789
2708132
2716065
2719788
2720178
2724485
2726247
2726317
2727539
2729633
2729818
2731388
2731575
2732887
2733894
2736324
2738331
2743177
2746283
2750022
2751369
2751594
2752267
2753788
2754862
2758055
2759267
2763650
2764108
2764470
2764865
2765224
2767534
2770383
2770677
2772471
2773562
2773817
2774629
2775057
2779876
2780702
2781880
2787409
2792729
2793392
2793660
2793983
2795318
2803414
2804460
2804847
2806342
2807808
2807811
2808704
2808967
2810274
2812557
2813124
2813265
2814106
2815718
2815946
2816078
2818817
2819380
2820063
2821896
2822385
2824227
2825312
2835731
2838880
2840555
2841439
2850137
2851652
2855506
2860478
2862924
2873809
2876239
2877124
2877950
2884841
2884978
2886663
2887692
2889682
2890215
2891755
2894375
2895722
2896747
2899547
2902811
2906700
2907849
2908747
2909385
2909511
2910622
2913701
2914447
2916218
2916660
2919153
2919987
2920131
2922960
2925047
2925320
2926453
2933108
2933360
2937352
2941807
2941829
2942540
2943456
2945060
2945823
2946568
2947435
2950331
2951392
2954715
2960479
2962020
2968253
2968826
2969064
2969916
2971506
2973921
2976234
2977657
2981456
2981548
2981587
2985319
2986197
2986650
2987912
2987988
2989479
2989715
2991915
3004102
3005118
3007516
3009023
3010193
3013379
3013926
3017460
3019812
3020614
3020870
3021275
3023812
3024496
3024829
3026696
3028084
3028957
3033406
3034006
3034112
3035256
3035277
3038601
3040097
3041255
3042242
3043583
3043803
3045932
3046523
3049810
3054780
3057596
3057735
3060048
3062263
3064833
3067161
3067391
3067544
3067709
3067729
3069063
3070940
3071126
3071720
3072758
3074110
3078478
3079017
3080042
3082876
3087361
3089639
3090130
3096898
3097548
3103837
3106661
3107308
3112781
3114897
3115914
3117570
3127074
3132218
3134302
3136341
3139600
3140372
3142610
3145589
3147646
3148315
3148409
3148813
3149618
3150697
3151390
3151922
3153552
3154167
3155370
3158176
3158194
3158762
3159579
3160687
3160758
3162490
3163890
3167319
3168592
3170354
3172255
3173629
3174656
3177292
3178479
3178930
3180228
3182619
3189418
3189614
3189771
3190840
3191151
3193016
3197617
3200678
3203691
3203928
3204783
3204901
3208703
3211374
3213363
3214081
3216056
3216295
3217298
3217703
3219374
3219885
3220007
3222198
3222367
3224050
3224486
3225259
3228670
3230862
3234069
3235421
3236859
3238878
3239837
3239881
3240242
3241406
3242751
3242754
3244337
3244824
3246784
3251259
3252153
3253639
3254475
3254827
3257103
3263691
3266605
3266916
3268691
3269473
3282928
3283364
3285766
3285805
3290744
3291705
3293840
3294216
3298131
3298685
3302300
3303943
3310603
3311471
3312437
3318298
3324021
3324315
3327876
3328740
3329472
3331470
3337724
3337925
3338675
3338993
3340747
3341659
3346782
3351128
3356069
3357656
3361728
3361734
3361874
3362239
3366401
3367625
3368164
3368205
3368658
3369275
3369967
3370887
3378498
3383835
3387179
3388422
3391131
3393636
3394620
3396545
3398897
3402156
3404241
3404650
3411417
3412034
3412500
3412963
3415317
3417952
3418549
3422956
3423763
3423960
3425120
3426616
3428531
3429176
3429350
3429549
3430636
3432865
3434809
3434951
3435907
3436680
3436815
3438777
3440428
3442238
3442765
3445867
3446146
3448333
3448974
3449144
3454887
3456114
3460231
3461660
3463420
3465479
3466165
3468249
3470623
3475719
3476662
3477079
3478609
3479758
3479859
3480068
3480309
3481755
3483618
3488247
3488360
3488630
3489066
3490579
3493315
3493393
3494675
3496817
3496934
3497408
3497912
3498972
3499608
3500321
3501727
3502498
3503340
3505623
3507039
3512793
3513335
3515803
3516266
3516282
3516506
3517361
3518113
3518522
3521096
3523044
3524134
3526386
3528434
3529455
3532863
3534478
3535478
3539081
3546471
3549527
3550368
3552222
3554170
3556735
3558493
3562699
3564612
3565332
3566035
3566189
3570055
3570729
3573660
3574810
3575014
3577217
3577528
3581267
3585304
3585532
3587764
3589209
3589265
3589309
3589312
3590725
3592267
3593543
3594620
3596153
3600263
3601956
3602472
3603239
3606078
3606837
3608161
3609556
3609895
3610223
3611972
3615697
3617179
3622123
3622217
3622342
3623766
3624028
3624687
3625393
3625802
3628220
3628808
3628846
3629483
3632562
3633967
3635058
3639630
3642176
3643747
3645305
3645749
3645764
3646031
3646999
3656642
3657263
3659050
3659893
3662619
3663020
3665738
3666668
3669456
3669583
3676296
3677450
3681539
3682090
3683490
3685169
3685540
3686774
3693992
3695685
3695880
3696894
3697171
3697984
3699728
3700775
3701110
3707048
3708705
3710576
3711744
3712022
3713266
3714354
3715135
3718314
3718546
3720410
3723951
3725981
3734359
3734610
3735085
3735464
3735995
3744021
3746793
3748200
3753508
3754440
3755271
3757665
3758880
3759806
3764640
3766233
3767336
3769191
3770402
3770569
3772760
3780052
3783333
3783441
3784122
3784715
3785098
3785124
3788836
3793970
3794906
3795414
3796308
3799799
3803005
3803249
3805334
3807446
3807867
3812497
3815383
3816678
3820425
3822770
3823672
3824794
3827083
3828260
3829534
3831714
3833190
3835950
3840398
3842081
3845279
3850540
3851231
3852494
3855195
3859891
3861796
3863629
3863661
3865281
3865499
3868329
3868455
3868687
3870811
3872278
3874036
3877262
3877723
3882248
3884595
3884851
3891811
3893436
3896769
3907491
3912771
3914181
3914432
3921289
3921306
3923238
3923326
3925404
3930133
3935316
3937274
3937656
3940152
3942448
3943848
3943916
3947648
3951837
3952204
3953947
3955843
3955880
3956392
3957196
3957619
3958071
3958949
3960111
3961194
3961858
3965127
3965675
3965722
3965913
3965994
3966206
3968628
3968832
3970045
3970235
3970678
3972129
3977268
3977606
3980545
3980641
3986472
3989018
3990677
3990732
3992923
3994261
3994465
3995225
3996639
3999571
3999991
4000820
4017087
4017403
4017799
4018816
4019209
4020310
4021775
4024398
4026890
4027606
4031858
4032368
4034379
4034746
4044384
4047423
4049051
4050851
4052017
4052792
4053134
4053778
4059684
4061250
4062550
4063295
4063893
4064202
4065152
4065924
4070538
4071915
4072848
4073582
4075313
4075508
4078229
4079125
4079749
4082129
4088135
4091128
4093507
4093554
4094193
4098779
4103346
4103855
4104402
4106685
4108156
4109222
4110799
4111062
4112541
4114814
4116398
4116574
4120905
4122578
4124221
4127759
4130390
4130699
4131455
4132738
4135093
4136291
4140116
4143876
4145310
4148230
4148426
4149021
4150568
4155590
4158499
4159114
4159768
4160748
4161030
4161642
4162421
4162798
4163076
4167029
4167366
4173119
4178151
4179418
4179722
4182589
4185331
4186546
4187318
4187879
4188781
4192817
4193181
4194579
4195210
4199356
4199862
4201488
4201877
4205233
4206285
4209886
4210926
4212401
4214470
4217707
4219075
4219286
4219846
4220446
4221216
4225857
4226639
4230169
4232868
4234155
4234625
4236739
4236849
4237193
4238236
4238536
4239246
4242313
4248747
4254692
4256289
4257090
4257337
4262459
4264385
4265380
4268898
4268915
4269802
4270328
4270662
4270712
4273340
4273630
4280864
4284113
4285549
4287561
4288231
4288366
4288465
4289617
4290447
4290913
4294255
4296724
4298895
4302728
4303561
4305663
4312436
4314438
4316706
4317762
4325977
4330034
4332431
4334772
4335346
4336971
4345422
4345459
4346047
4346392
4347254
4350062
4351444
4353081
4353565
4356830
4356997
4358344
4358880
4361548
4364319
4364995
4367315
4368071
4371260
4372729
4372912
4373580
4377127
4377683
4377876
4378389
4380176
4382598
4386183
4388482
4390642
4392256
4393630
4393691
4394063
4394796
4396236
4400496
4401954
4402359
4402391
4404587
4404616
4405565
4406353
4406732
4407613
4408659
4409523
4411755
4414997
4416378
4419861
4420684
4422305
4422801
4423415
4423647
4424974
4428965
4430038
4433127
4436552
4438372
4439405
4440553
4442531
4442541
4443817
4445010
4446189
4446907
4446935
4449745
4451591
4454215
4456404
4458586
4462777
4463545
4463561
4464868
4465165
4466594
4468311
4469804
4470617
4472804
4475254
4477114
4479027
4479480
4480815
4485643
4489711
4494181
4494685
4494753
4495819
4495956
4496688
4496849
4500155
4509001
4511647
4514157
4519435
4522863
4523012
4523218
4524973
4527051
4527331
4527521
4527807
4532388
4533802
4536582
4538309
4541288
4541591
4543694
4543700
4543926
4544840
4546484
4553189
4553378
4557892
4558639
4563179
4563518
4563844
4567336
4568420
4569983
4571457
4575221
4576778
4577836
4579843
4584180
4586242
4586512
4587176
4587946
4588589
4588918
4590102
4591086
4593673
4594044
4599278
4599853
4600106
4600921
4600969
4601463
4601718
4604325
4609287
4611023
4613787
4614902
4616475
4617029
4625264
4625889
4625911
4626022
4629093
4629256
4630200
4630453
4634883
4636915
4638728
4639309
4639796
4639869
4640180
4640266
4640389
4642387
4642554
4643100
4643407
4644467
4645436
4648161
4648616
4649588
4652135
4655826
4656441
4659522
4660760
4662998
4663254
4663605
4664589
4664751
4668421
4669251
4672920
4673898
4679983
4680347
4680606
4681234
4682148
4693543
4696469
4696634
4696951
4697196
4697629
4702339
4702734
4703049
4703734
4704645
4707437
4708341
4708966
4711807
4711822
4714429
4718205
4720312
4721008
4722803
4724470
4726954
4729269
4729288
4730947
4731780
4732897
4734278
4736448
4736637
4736846
4737654
4738361
4741619
4741884
4742204
4743723
4745353
4746660
4746751
4747136
4749906
4751708
4754139
4755485
4755498
4757761
4759071
4760465
4762318
4771016
4771616
4774352
4774909
4777468
4779111
4781300
4784903
4789792
4795123
4797678
4799331
4799698
4799940
4800310
4803065
4805836
4808728
4809284
4809529
4809793
4810344
4814884
4817189
4821625
4822130
4822853
4823441
4825485
4825850
4826171
4829807
4830611
4831736
4832435
4832591
4838349
4840967
4844287
4846726
4847883
4848086
4850771
4853836
4862773
4862838
4863811
4865359
4865429
4865773
4868163
4870429
4871789
4872226
4875256
4876400
4876920
4877583
4877861
4878420
4884469
4884798
4885653
4892879
4894927
4894963
4895418
4896176
4897454
4897838
4900854
4902921
4903163
4905095
4907136
4908085
4908109
4908116
4912449
4913338
4914606
4919205
4919687
4921147
4921441
4922550
4924181
4924370
4924992
4926934
4928838
4930140
4930258
4932936
4934528
4934580
4934604
4934965
4937131
4937593
4939457
4940717
4940825
4940875
4941260
4942667
4945676
4949498
4951086
4953005
4953604
4954868
4956301
4960287
4961491
4964174
4964471
4970841
4971389
4972456
4974352
4975486
4979229
4979580
4980427
4982785
4985496
4986787
4987410
4991413
5000869
5005822
5006916
5007265
5010648
5011141
5015118
5016284
5017397
5019916
5023096
5023967
5027332
5029867
5031610
5032532
5033540
5034870
5035403
5035602
5039252
5039393
5041170
5042019
5044245
5046572
5050949
5050979
5053468
5062035
5066179
5066552
5066632
5068320
5069087
5070807
5071746
5075076
5082206
5082752
5085901
5086854
5087812
5093469
5094122
5094830
5095671
5097591
5098060
5098143
5098330
5099910
5102451
5103147
5103945
5104577
5105060
5105229
5105492
5106099
5108250
5109779
5117319
5117579
5124343
5124447
5125889
5128484
5129183
5131359
5131417
5132957
5133066
5133843
5136356
5140381
5141267
5142021
5142073
5143326
5143505
5144483
5145346
5147214
5150293
5152629
5155604
5156676
5159545
5160973
5161396
5164341
5164435
5164586
5165699
5171328
5172601
5172920
5173841
5176756
5176989
5179472
5181893
5182248
5185950
5186665
5186931
5188342
5188889
5188901
5189049
5190197
5193741
5194848
5195228
5196424
5205914
5206590
5209076
5209756
5211055
5211681
5212528
5212562
5212805
5217286
5217428
5219387
5219977
5220568
5221076
5222621
5224042
5229949
5230847
5233448
5235474
5235727
5236581
5238073
5240190
5245527
5250455
5250671
5253008
5254318
5257636
5258020
5258656
5261012
5266850
5270801
5271202
5274930
5274992
5278966
5283788
5283792
5288392
5289178
5290286
5297409
5299475
5301078
5302979
5304271
5306647
5309852
5310392
5315141
5316423
5316795
5318598
5319051
5320182
5323062
5323133
5327622
5328702
5328788
5331175
5332446
5333908
5336568
5341414
5343514
5344725
5344821
5345025
5345154
5347546
5348435
5354179
5360538
5361063
5364737
5364761
5365054
5366164
5366557
5366931
5367548
5373671
5376192
5377399
5377404
5382618
5383329
5383775
5387236
5387281
5387884
5388438
5388574
5390549
5391567
5393497
5399767
5400362
5403525
5405257
5406973
5410888
5415532
5420006
5421050
5421295
5422825
5424670
5427019
5431393
5431990
5433069
5436621
5437852
5442708
5443151
5445828
5446586
5449216
5449428
5455708
5457857
5459622
5466273
5468216
5471445
5475483
5479991
5480242
5480383
5487159
5487861
5489146
5494613
5494989
5496746
5498357
5498958
5507938
5508961
5509306
5509590
5509674
5510446
5511577
5515740
5518168
5519989
5520627
5522905
5525382
5529817
5531305
5534438
5535057
5535649
5536754
5539220
5541270
5544109
5545398
5546004
5547139
5548372
5550746
5551145
5551169
5551245
5554369
5555957
5561590
5562191
5564876
5566963
5568130
5569999
5571044
5571123
5571494
5576143
5578503
5578596
5579302
5583300
5583943
5584428
5585124
5588840
5589222
5590199
5593717
5598356
5598587
5600899
5603177
5603929
5604759
5606824
5609722
5612222
5613825
5613944
5614665
5615341
5620401
5621888
5623361
5627336
5627777
5630514
5631726
5632001
5632653
5633458
5634714
5637682
5638130
5641255
5641778
5642984
5644273
5644986
5646313
5646540
5649877
5651361
5651370
5651675
5658970
5659540
5661882
5665439
5667553
5670950
5670977
5672512
5673924
5673935
5676373
5679211
5683071
5683398
5684440
5690408
5690527
5696923
5696988
5697324
5698123
5698183
5701688
5704101
5705328
5705567
5706028
5709310
5709374
5714445
5715783
5722048
5723280
5729456
5729540
5730411
5730785
5732482
5734103
5734498
5736353
5738605
5739045
5739773
5741706
5742665
5743921
5745576
5747409
5748445
5753870
5756698
5760061
5763755
5767405
5767531
5767937
5769040
5774101
5775055
5775474
5775885
5776240
5777049
5781167
5782072
5784129
5789527
5795789
5798688
5802311
5803446
5803984
5806061
5806719
5809345
5809354
5809833
5812779
5813386
5815583
5817559
5821370
5822660
5822914
5824049
5829890
5832493
5833558
5837619
5840687
5841135
5844262
5846747
5849968
5853133
5856217
5858276
5859151
5859648
5862318
5871500
5871838
5874568
5874887
5875113
5877064
5880095
5880285
5881149
5881658
5884209
5886953
5888045
5888245
5893024
5893627
5894547
5896955
5898289
5901018
5902686
5902987
5903628
5906902
5907291
5907399
5910731
5913883
5917645
5918409
5919713
5921308
5922147
5922958
5924893
5926279
5927859
5930372
5932202
5933552
5934209
5934353
5944540
5948486
5948634
5950748
5951210
5953778
5956315
5957223
5957894
5959197
5962757
5967258
5968291
5971196
5972300
5972626
5973515
5982067
5982710
5983009
5983521
5986141
5986973
5990487
5995675
5998316
5998633
6002277
6003143
6004832
6008965
6011148
6012632
6013407
6015441
6017653
6022586
6023834
6025253
6026164
6026535
6026701
6027486
6033826
6034072
6035311
6035997
6036307
6036533
6036535
6037609
6046131
6048348
6049358
6051532
6054255
6057500
6058716
6059865
6061455
6063147
6065316
6067202
6070921
6071569
6073692
6074753
6077988
6079051
6079104
6079747
6080000
6082444
6082493
6086590
6086862
6086947
6088914
6090776
6092216
6092244
6096317
6098100
6098380
6099953
6100460
6104057
6106339
6106838
6110125
6110290
6112683
6117471
6118813
6122595
6127782
6128995
6130262
6132491
6134603
6135814
6136404
6136497
6140251
6141158
6141492
6141643
6141649
6144215
6145331
6145661
6145913
6146510
6147670
6148119
6150567
6151468
6152223
6152430
6152889
6154553
6155500
6155820
6163562
6166422
6169295
6171314
6174279
6174547
6175962
6183973
6184697
6187668
6187821
6188374
6194236
6197426
6203070
6203438
6204281
6207899
6208861
6212824
6214971
6215006
6215669
6216215
6219075
6220632
6224906
6226880
6227053
6232154
6234758
6236666
6237929
6240705
6241141
6241166
6250083
6250892
6252341
6253080
6253458
6254157
6257573
6259562
6264703
6266312
6267019
6268262
6269659
6271459
6272257
6273638
6274026
6274299
6277397
6278321
6279308
6279951
6282004
6282345
6282383
6282727
6282781
6284346
6292596
6294391
6294695
6296597
6299303
6307217
6307314
6307532
6307673
6308079
6309701
6311268
6314346
6314406
6315447
6317298
6322505
6326179
6326312
6331441
6332117
6332390
6333500
6334517
6337872
6338828
6341881
6342306
6345531
6347230
6351487
6352006
6353096
6353834
6355578
6357320
6357960
6362041
6366065
6369221
6371348
6372696
6381143
6382818
6383950
6388106
6390207
6390648
6391641
6392189
6392447
6393231
6393252
6396205
6398978
6399724
6403868
6404054
6405305
6406871
6407191
6407303
6409110
6411735
6412178
6413210
6413629
6414307
6415667
6420568
6421122
6421447
6421720
6423197
6424936
6425285
6426731
6428228
6428783
6429754
6431288
6431540
6432652
6434554
6436888
6437126
6438325
6438393
6441432
6443090
6444057
6444362
6445447
6450916
6451804
6452324
6455610
6455664
6456813
6457484
6460719
6461621
6464801
6468367
6470085
6473334
6476887
6477466
6477915
6478661
6483045
6484902
6487347
6488550
6490150
6495420
6496484
6498890
6503940
6505172
6506114
6506468
6507518
6507914
6510273
6512603
6512698
6513909
6515304
6516230
6516897
6518263
6520285
6520528
6522557
6524294
6532059
6532447
6534424
6534568
6535216
6536966
6537197
6537209
6538622
6540161
6540408
6540562
6545507
6547503
6548694
6550401
6550445
6550520
6559816
6561649
6564064
6564813
6565736
6566359
6566541
6572787
6572919
6573653
6573722
6573783
6585306
6586275
6588046
6589363
6594783
6596225
6597895
6600016
6600201
6603093
6607578
6609556
6611313
6613620
6616094
6622665
6626203
6626633
6627229
6632218
6636794
6638448
6641781
6643106
6645771
6648085
6648559
6651277
6657130
6658684
6659786
6661980
6662929
6663396
6665040
6665557
6669970
6672486
6675067
6675255
6679761
6680127
6680879
6681096
6682177
6686049
6687158
6689680
6695784
6696284
6696932
6697239
6701885
6703533
6703572
6706279
6707280
6707312
6717254
6721638
6725293
6730225
6733609
6734649
6740443
6740475
6746217
6749997
6750055
6750740
6751427
6753394
6753742
6753936
6754478
6754706
6754728
6754876
6754948
6756461
6761487
6762218
6763860
6765713
6766878
6767921
6774900
6775603
6779994
6782557
6783549
6784810
6784956
6787290
6788669
6794280
6794885
6800880
6802002
6806419
6806558
6806911
6807223
6808391
6812245
6812630
6814535
6816305
6818241
6819659
6821690
6825364
6827930
6831705
6832625
6834987
6835951
6837780
6837866
6837956
6842484
6843270
6843673
6844258
6844299
6844665
6847425
6856893
6859678
6860572
6861347
6863222
6863963
6864264
6865873
6866816
6867691
6869078
6869383
6869718
6870460
6876344
6876990
6878191
6882824
6887135
6887624
6891046
6892367
6893677
6894236
6895150
6897678
6898221
6899559
6899742
6903941
6910951
6911855
6911999
6913120
6913227
6913521
6914101
6914413
6915737
6919303
6920187
6922784
6927869
6929517
6930370
6934732
6937199
6941390
6941587
6941809
6946510
6948556
6949349
6953282
6953991
6956678
6961809
6963774
6967204
6967598
6969756
6970541
6973320
6973922
6974600
6981554
6985637
6986713
6987351
6994535
6998327
7001970
7004708
7005062
7006151
7011029
7012344
7013740
7018440
7026326
7027009
7027468
7028753
7031717
7032152
7032575
7034434
7037260
7037763
7038199
7044811
7047743
7048282
7055935
7058339
7059450
7059881
7060275
7063679
7065256
7065735
7066556
7067216
7070123
7071612
7072891
7073037
7078288
7085684
7088675
7090038
7090438
7092458
7092999
7095418
7095525
7096476
7097899
7098270
7101426
7102124
7103473
7105233
7109655
7111000
7112120
7114369
7114881
7117226
7118585
7123926
7130246
7130533
7130731
7132250
7134754
7135354
7135406
7138119
7138397
7141903
7145155
7146699
7146858
7148861
7149228
7149306
7149384
7149777
7152168
7154736
7157666
7159553
7162812
7163245
7165634
7166893
7167855
7175318
7175735
7179669
7183359
7185389
7187612
7194622
7195137
7195255
7196139
7196259
7196806
7197049
7197816
7198116
7199622
7200974
7201702
7202079
7202960
7203259
7203400
7207897
7208568
7208948
7209121
7214046
7214346
7214763
7215358
7216336
7217548
7218682
7219422
7220265
7224833
7225548
7225781
7226531
7227056
7228551
7230455
7230723
7231938
7233099
7235720
7236124
7236490
7237386
7237897
7238830
7242859
7243679
7244632
7246041
7246416
7246902
7248807
7249099
7251610
7255308
7255970
7257996
7258516
7261123
7265751
7267210
7267623
7270152
7271977
7271993
7273839
7277700
7278430
7278985
7279174
7279212
7279839
7280621
7283738
7290350
7292754
7293695
7295005
7295089
7296221
7298104
7298197
7298653
7299596
7302560
7303473
7303649
7308756
7309271
7312635
7312886
7313009
7316291
7316349
7318972
7319310
7321304
7324526
7325299
7327113
7327484
7327690
7327736
7329677
7332617
7333478
7336078
7337458
7340239
7344695
7345012
7346417
7347460
7350719
7351111
7351681
7351964
7352042
7353040
7354671
7355474
7356228
7362365
7363250
7370130
7370248
7370714
7370997
7371113
7371704
7379292
7380171
7383339
7383487
7384249
7384816
7386735
7387215
7388761
7391131
7391399
7393716
7396792
7400913
7405273
7407252
7410365
7411176
7411702
7412214
7412554
7414351
7416147
7417356
7417367
7419505
7422549
7423558
7424422
7425635
7426439
7429406
7430065
7431181
7434599
7440121
7440647
7441427
7444470
7445544
7450531
7452755
7457660
7458532
7459015
7459572
7460769
7463719
7469323
7471606
7471902
7472257
7472317
7472515
7473657
7473849
7475409
7478235
7478664
7480722
7480937
7481402
7484808
7485260
7485919
7486284
7492430
7493586
7493854
7493925
7495182
7496542
7497468
7500997
7503823
7505597
7508300
7509361
7510739
7512508
7513243
7513678
7515793
7518344
7518766
7524071
7524200
7524426
7524641
7526111
7527518
7530299
7530545
7532952
7532957
7534945
7536387
7537761
7539052
7539660
7539789
7542433
7544698
7545863
7546577
7546853
7549871
7551135
7551308
7568049
7569566
7569694
7569993
7573498
7576341
7584495
7585173
7589369
7589955
7592527
7592960
7595936
7602465
7603862
7605383
7607104
7609374
7609748
7610075
7610718
7613223
7617392
7618189
7619107
7619497
7619657
7623148
7624252
7627239
7628932
7635261
7637682
7643286
7649204
7650473
7651860
7652171
7653861
7653986
7654708
7655573
7655989
7661281
7661748
7662823
7663995
7664060
7664564
7668780
7671122
7671244
7671524
7671760
7672820
7673460
7676728
7676890
7676970
7683026
7683159
7684554
7684655
7684931
7685179
7685344
7690581
7692384
7692735
7693980
7694490
7695087
7699632
7701194
7701673
7705225
7707186
7708096
7710228
7711580
7712201
7712268
7712705
7714838
7721618
7721771
7727714
7727803
7728062
7728858
7733315
7735833
7736668
7740371
7741146
7742533
7742930
7743918
7746598
7748335
7749002
7750406
7750778
7751256
7754149
7754271
7755243
7755945
7764423
7766580
7767535
7770666
7773364
7773766
7774381
7775215
7775383
7778919
7786141
7786438
7787125
7790106
7797722
7800594
7801155
7803032
7804477
7805965
7808616
7809094
7811070
7816411
7818618
7821207
7821277
7822465
7824681
7826751
7826804
7826921
7827174
7827404
7833661
7835049
7838290
7838922
7845882
7847296
7849026
7852710
7854808
7855675
7858479
7860394
7861391
7862233
7863646
7864276
7866440
7868483
7871482
7872728
7873282
7873993
7876879
7883332
7885811
7892010
7897744
7900433
7902628
7906159
7909947
7912537
7913676
7915782
7915910
7916975
7922258
7922747
7933809
7933868
7934115
7934606
7936977
7938423
7938520
7939572
7940998
7941410
7942574
7944844
7949786
7949887
7952072
7952257
7952292
7953697
7956451
7965254
7967032
7968869
7969776
7970233
7972157
7972268
7973868
7974376
7976493
7979972
7981859
7982427
7982810
7985883
7986251
7986701
7991053
7993266
7995593
8001292
8001713
8006530
8008556
8009366
8011620
8013109
8013525
8014229
8016271
8016429
8016896
8017648
8018837
8019359
8021640
8022121
8023230
8023672
8025646
8026325
8026405
8030289
8030823
8035398
8036001
8036229
8040098
8040190
8045000
8050030
8052061
8053030
8057257
8058630
8060287
8062619
8063322
8068594
8069618
8071374
8081407
8083056
8083599
8083819
8087920
8088685
8088732
8089368
8090238
8090426
8094254
8094799
8098513
8103566
8108494
8112467
8113153
8113916
8115514
8116308
8116569
8117099
8119444
8119613
8119670
8120319
8120561
8121237
8121267
8122520
8122714
8123978
8126083
8129568
8132370
8134775
8135447
8136725
8142182
8147749
8148652
8150760
8156717
8156796
8157659
8159012
8161069
8163385
8163553
8166181
8167025
8168179
8168883
8169421
8170801
8170929
8171050
8171497
8173620
8174263
8174420
8174715
8174811
8182394
8184212
8186143
8200203
8201138
8201925
8202723
8203680
8206410
8207055
8213910
8215763
8216418
8219981
8220194
8224949
8224972
8225304
8226222
8226907
8230131
8230868
8235233
8236447
8237340
8240713
8241219
8243189
8244970
8249456
8251316
8253713
8254585
8259034
8262323
8263037
8267502
8267600
8270438
8270920
8272744
8273943
8277111
8278269
8281462
8282322
8282659
8282923
8285558
8289952
8291095
8301298
8301968
8302842
8306964
8308645
8308904
8310452
8312234
8314729
8315192
8316299
8318238
8320115
8320380
8322074
8322955
8323525
8323707
8328013
8328240
8328248
8328672
8329864
8334433
8338407
8342831
8344659
8345402
8346724
8350170
8352115
8354638
8354899
8358419
8360041
8360269
8360861
8361584
8367169
8367751
8367893
8369407
8369958
8370178
8377260
8377591
8379766
8380058
8383504
8385228
8385529
8387236
8388808
8389410
8393597
8395084
8399337
8399953
8406206
8406422
8407059
8408964
8409118
8411453
8411463
8411496
8416104
8417123
8421539
8421760
8423662
8425146
8426087
8426303
8428020
8430533
8436097
8439813
8441976
8445407
8450489
8452911
8460468
8461781
8462051
8462774
8462997
8463478
8464768
8469990
8470844
8471416
8472924
8477170
8479306
8479594
8482614
8486600
8488600
8490115
8493471
8494985
8495521
8496083
8498012
8501827
8502539
8509075
8509528
8513100
8514224
8514326
8515097
8515378
8516120
8522803
8524904
8527561
8531721
8532076
8534484
8536523
8540008
8540726
8541514
8542409
8543921
8546439
8546604
8546699
8547220
8549127
8553081
8554819
8554889
8556148
8557992
8559331
8559534
8559630
8562115
8564077
8569514
8571200
8573705
8574102
8579315
8579432
8582020
8582370
8583641
8586543
8586963
8590374
8591550
8593272
8595327
8598695
8601741
8601857
8601892
8603719
8605077
8607040
8607829
8615161
8616711
8617042
8617451
8617975
8618045
8619857
8621494
8626238
8627185
8627590
8631408
8634505
8637109
8640579
8641314
8643817
8644702
8646197
8648265
8650577
8651713
8651980
8652133
8652779
8653112
8654358
8655013
8655712
8657568
8659050
8659309
8659665
8661083
8666866
8668162
8673026
8674428
8674737
8674767
8675081
8676158
8679258
8679519
8680452
8681062
8682763
8682942
8684003
8685143
8687691
8687694
8688689
8689566
8698721
8699827
8700431
8701841
8702363
8702524
8706440
8706884
8708468
8708676
8711154
8711301
8716277
8716555
8717167
8719758
8719964
8724059
8724304
8729296
8729703
8731525
8731670
8737355
8741053
8746856
8749230
8749743
8752756
8754074
8759561
8759932
8762102
8763644
8766829
8768965
8769164
8770020
8777264
8777421
8781597
8782951
8784070
8784449
8784468
8784865
8785321
8785511
8785625
8785981
8786724
8787689
8792322
8792334
8793608
8794073
8795249
8802928
8804132
8805006
8805696
8809188
8810095
8810875
8811739
8816030
8819056
8820315
8824546
8824868
8826470
8828870
8831251
8831430
8833734
8836098
8838414
8840655
8848438
8849108
8849888
8851055
8852504
8854112
8854416
8855273
8855558
8856281
8858264
8858801
8861374
8865721
8870302
8870443
8872823
8873093
8874733
8875650
8876602
8878582
8879641
8882526
8887041
8888192
8890043
8890529
8890781
8892827
8894344
8895766
8899108
8899346
8899629
8901773
8903287
8904460
8907405
8911573
8912836
8915780
8919036
8919545
8923054
8923767
8924737
8926275
8929185
8929818
8930034
8930144
8930844
8936978
8938439
8938952
8942878
8943559
8944086
8944317
8946647
8948768
8949517
8954908
8956998
8958618
8959567
8965694
8965870
8966824
8967788
8971090
8972897
8973098
8979615
8980295
8982408
8984640
8985480
8986190
8986732
8986875
8991138
8992539
8993426
9000802
9002197
9004014
9007311
9009193
9012291
9018441
9021936
9026061
9026290
9029202
9031385
9032676
9032820
9033624
9034040
9034403
9040862
9041675
9042569
9043328
9046168
9050428
9050683
9051363
9053671
9056654
9056721
9056744
9057214
9058074
9060275
9063084
9064853
9066300
9067004
9071626
9072064
9072778
9072965
9073644
9074416
9075038
9075824
9077043
9080164
9081090
9082065
9082266
9084289
9085647
9090692
9092782
9092857
9099019
9099107
9101942
9102007
9108599
9109017
9111151
9113588
9115374
9120569
9126017
9133340
9136644
9137176
9143987
9145398
9149270
9157149
9158532
9161605
9163497
9163730
9164048
9164599
9172274
9172840
9173734
9179301
9182606
9185686
9190012
9192433
9193690
9194651
9194772
9198112
9198690
9200680
9203294
9205956
9207950
9209722
9211196
9211308
9211536
9212445
9213018
9213299
9214351
9214391
9221189
9221586
9222043
9222968
9224762
9225403
9226046
9227756
9228263
9229931
9231313
9236290
9236405
9240616
9240659
9241306
9241449
9241596
9241966
9242611
9245822
9247823
9251353
9254420
9256674
9259661
9261020
9262260
9262282
9262791
9262851
9264274
9264872
9266077
9266486
9269228
9269786
9276337
9278058
9278090
9278585
9283099
9284391
9285261
9290493
9291265
9291506
9293524
9295484
9296398
9298145
9299071
9300047
9301321
9303569
9306774
9307804
9309306
9309547
9312395
9314600
9315327
9316244
9318794
9319037
9321348
9324614
9330098
9331525
9332294
9338501
9343936
9344543
9346086
9349317
9349409
9354922
9357973
9360214
9364629
9366901
9369497
9371211
9375044
9378169
9380943
9381414
9386536
9387612
9388194
9388228
9389385
9395277
9398146
9401054
9402246
9409822
9414601
9414836
9416468
9417177
9419594
9420111
9421007
9429879
9430732
9431420
9432381
9433555
9433971
9436884
9437367
9437831
9438419
9438640
9439342
9439376
9439977
9440722
9441932
9444025
9444692
9449321
9452737
9455050
9455170
9457489
9458427
9459934
9461150
9461790
9463388
9464173
9465132
9465816
9466282
9471282
9471372
9471533
9471596
9472905
9473479
9473579
9475728
9476007
9476231
9476301
9478202
9478590
9479246
9479750
9480926
9481328
9483477
9484049
9487965
9490397
9492020
9493090
9494004
9500141
9503078
9506463
9507813
9515348
9517552
9519256
9521506
9528246
9532315
9533396
9534098
9534187
9535695
9539206
9539800
9539923
9543872
9545064
9547404
9548771
9555012
9555110
9556363
9557092
9557208
9558409
9558490
9561833
9562204
9566769
9568412
9568746
9571143
9573147
9576173
9577972
9579537
9579934
9580536
9581132
9583994
9588502
9589203
9590382
9592699
9596401
9603121
9604015
9605226
9606903
9607995
9609087
9610748
9615896
9616754
9618512
9620363
9621110
9625352
9628826
9629042
9629245
9631764
9631914
9632537
9633113
9633799
9635148
9635270
9636667
9643047
9643094
9643669
9648921
9649145
9649796
9650567
9650997
9654162
9655849
9660767
9661448
9662298
9662663
9665545
9668966
9669491
9673089
9673139
9674642
9679462
9684110
9686200
9688843
9690276
9691610
9691686
9692559
9698536
9701052
9703925
9704840
9707897
9709156
9709988
9710494
9711644
9712099
9713634
9715301
9717178
9717704
9718519
9719619
9720823
9721104
9721905
9723029
9728621
9737842
9738129
9739480
9741189
9741354
9743092
9743190
9743819
9746344
9748495
9748609
9750212
9750802
9752274
9758235
9761103
9764529
9768472
9770995
9771083
9771265
9774675
9775292
9775373
9777801
9779957
9784392
9784695
9786869
9789430
9789969
9793089
9795111
9799454
9799909
9804017
9805095
9805496
9807307
9808217
9809271
9810663
9811095
9812766
9812973
9814823
9814976
9816270
9818522
9819952
9820221
9820517
9821158
9824914
9828519
9830107
9831646
9837479
9837916
9837995
9839794
9840802
9842825
9843325
9850496
9851853
9854348
9854764
9854965
9855082
9857860
9859270
9863436
9866464
9867507
9870697
9872881
9878007
9879621
9879782
9881625
9882842
9892069
9892381
9894497
9894617
9895986
9896711
9902128
9903552
9906957
9909953
9910047
9910135
9912123
9912794
9912877
9913318
9916012
9917174
9918680
9919613
9920998
9921191
9923856
9927443
9931616
9934268
9937120
9938269
9939412
9939716
9943389
9944897
9947230
9947605
9949286
9950358
9951995
9952290
9954494
9957359
9957443
9959838
9961746
9964495
9968638
9969919
9970839
9971734
9974633
9975213
9975742
9976062
9976906
9977788
9979124
9980018
9980139
9981572
9981705
9984606
9989222
9989544
9993272
9999698
9999702
10000470
10002722
10003480
10007575
10009247
10016782
10016842
10017846
10018999
10020316
10022484
10026063
10027285
10027370
10029114
10030210
10030572
10032554
10033022
10035285
10036045
10039093
10040425
10043860
10047522
10047976
10048517
10048570
10052564
10053790
10055977
10056058
10057198
10057790
10057804
10060827
10064135
10067413
10067835
10068808
10069600
10070283
10078246
10079832
10083062
10089814
10091440
10094417
10100323
10107539
10108946
10110014
10111958
10113651
10121900
10122145
10125453
10127524
10128040
10129156
10130071
10131003
10138065
10138679
10141955
10141984
10142977
10143333
10144701
10145342
10147895
10149176
10149334
10150748
10151283
10156393
10158568
10161056
10162948
10165137
10165676
10173643
10178291
10180001
10180090
10180946
10181779
10182332
10188382
10188565
10188691
10190842
10191615
10193329
10193739
10194451
10194678
10195204
10199469
10200350
10202967
10205348
10206397
10207608
10208493
10209014
10211817
10212057
10212999
10214675
10215586
10216607
10220595
10221025
10221677
10221857
10224963
10226112
10228747
10229963
10235504
10236031
10237401
10238806
10241213
10241291
10242279
10244304
10244536
10246029
10257497
10257650
10263730
10265738
10267966
10268288
10268576
10271845
10273838
10276056
10276301
10278219
10279991
10284980
10286032
10287017
10288104
10289452
10293840
10294596
10296440
10296496
10297652
10298676
10298951
10301482
10305837
10316379
10317206
10317682
10318192
10319454
10323616
10324915
10326309
10327756
10328133
10328299
10330254
10333484
10335689
10336813
10337103
10338619
10340166
10340962
10342864
10344550
10352348
10355155
10355610
10356696
10360714
10363097
10374306
10374650
10377546
10378987
10383632
10386417
10388982
10389093
10389405
10392143
10395837
10396566
10396586
10397884
10401722
10402750
10404135
10408934
10410045
10410809
10413527
10414002
10418306
10419297
10419592
10426298
10427465
10429322
10434751
10438438
10438657
10439041
10439612
10443372
10449919
10451440
10455494
10455870
10456601
10456687
10459966
10465203
10465424
10468225
10468896
10470754
10471120
10473790
10475133
10476000
10476536
10476812
10479576
10480596
10480935
10480975
10481637
10482123
10483376
10484399
10488933
10489334
10493400
10495046
10495769
10501372
10504708
10504920
10505910
10507530
10511123
10511255
10513271
10517837
10519253
10521259
10522387
10522969
10523157
10524771
10532971
10533980
10534455
10536252
10536478
10536726
10537606
10538075
10539402
10543332
10545192
10546302
10547348
10548270
10548892
10550365
10553137
10553549
10559202
10560564
10562324
10562365
10565480
10570464
10572221
10572225
10574912
10575411
10575619
10586061
10587980
10588809
10594898
10595700
10596214
10597243
10600318
10601211
10603704
10605770
10606098
10608281
10610153
10610970
10612660
10615358
10618409
10620752
10621193
10621238
10621763
10622617
10625085
10627079
10628500
10628848
10632730
10633138
10633298
10636339
10636975
10637303
10637465
10639236
10639579
10641813
10641966
10642054
10648000
10651354
10652936
10654648
10654688
10654698
10654795
10655482
10656294
10660114
10661796
10663386
10664257
10666025
10670138
10675877
10679666
10683319
10686501
10688803
10693538
10699261
10700592
10702519
10705820
10705998
10709598
10710019
10710219
10718944
10719516
10722730
10725757
10727526
10729482
10731274
10731605
10734298
10734457
10737051
10739623
10740176
10746506
10748289
10750578
10751366
10751717
10754029
10754657
10755473
10757664
10759498
10760417
10762839
10764342
10767486
10768115
10768121
10771187
10775162
10780348
10781037
10781268
10782120
10783642
10784782
10785663
10787880
10788216
10788364
10790964
10791299
10791833
10793164
10794038
10801376
10803920
10804493
10806413
10807728
10809474
10812517
10813430
10813972
10814201
10815515
10816113
10817013
10818711
10819113
10819836
10822773
10823280
10823710
10824530
10829790
10830058
10830467
10831159
10833003
10833207
10833746
10834029
10836405
10838407
10840712
10843442
10843475
10846302
10846641
10846914
10847080
10847351
10847807
10850844
10853711
10857712
10858248
10861927
10862670
10862792
10872771
10873336
10876011
10877882
10881899
10884058
10884286
10886419
10888979
10890693
10897761
10899959
10900450
10904172
10908670
10911725
10913363
10913754
10913901
10915707
10917216
10917416
10921186
10924790
10924853
10926420
10926789
10927141
10927408
10927982
10928028
10931079
10932318
10932508
10934247
10934442
10937437
10937467
10937652
10939534
10940359
10944355
10946492
10948011
10948312
10949599
10949950
10951244
10952530
10952570
10954851
10956341
10961685
10962047
10967283
10973619
10981272
10983449
10985882
10986571
10988500
10990487
10991926
10992489
10994470
10996994
10997168
10997591
10998076
11007207
11010013
11013138
11015419
11015992
11016782
11021838
11024883
11028715
11029224
11030032
11031588
11037737
11042787
11043393
11048499
11050173
11050587
11052529
11053150
11054781
11056171
11056411
11057026
11057907
11061361
11065778
11066514
11066844
11072313
11073162
11074064
11075245
11079565
11082278
11083445
11083926
11084285
11084573
11085812
11086530
11086943
11088932
11089168
11089525
11090247
11091294
11095544
11095738
11095761
11102250
11107925
11108581
11109426
11113937
11114006
11114089
11115503
11117329
11118335
11120414
11123504
11126610
11127504
11132122
11133761
11134496
11137177
11137936
11140727
11141565
11141743
11143709
11145087
11145492
11146024
11147097
11150125
11151992
11155466
11157929
11158137
11162911
11164933
11165980
11166870
11167374
11169448
11171786
11171974
11172550
11177639
11178041
11180512
11181258
11181924
11183127
11183439
11189057
11193811
11196562
11197090
11197545
11201941
11207041
11208740
11212120
11215639
11217330
11217593
11220730
11221972
11224462
11224887
11226421
11226454
11228327
11229648
11231513
11231569
11233453
11235001
11235836
11236748
11237306
11237598
11237749
11239699
11240342
11242716
11243877
11244328
11246017
11246342
11249568
11251618
11252752
11257687
11258075
11259399
11262309
11262773
11268463
11268554
11272980
11273029
11274906
11275949
11279006
11280939
11281044
11281786
11282202
11286526
11287654
11288202
11288530
11289955
11292854
11292999
11294014
11295982
11299014
11300240
11305583
11306389
11307300
11307732
11308450
11309417
11311057
11312681
11314017
11321251
11322023
11323851
11326962
11328391
11330002
11330778
11332475
11332977
11333330
11335604
11337370
11338422
11339025
11340717
11341469
11342560
11342992
11343497
11345715
11345735
11346691
11346941
11348431
11348895
11349960
11350451
11350572
11351066
11351382
11351391
11352401
11356565
11360640
11366194
11366772
11372575
11372809
11373082
11376082
11376913
11378340
11381355
11381406
11382464
11386811
11387233
11391808
11392114
11392418
11392817
11392845
11397712
11397743
11400879
11402127
11402244
11404332
11413071
11415679
11417054
11417736
11418743
11420121
11420759
11423425
11425523
11429646
11430885
11433941
11434016
11434322
11435982
11436948
11437371
11437884
11441898
11444454
11445413
11446108
11450098
11450677
11450767
11451216
11451706
11452946
11453307
11456452
11456894
11457592
11459236
11463989
11464254
11464354
11466001
11466088
11467092
11467800
11472135
11472829
11474658
11474810
11480913
11481096
11482354
11482731
11482743
11485622
11485891
11488987
11490108
11491876
11492389
11494379
11496753
11505819
11506488
11507356
11508932
11511788
11511867
11519420
11519622
11521880
11524018
11524043
11525463
11527255
11530474
11530792
11531144
11534410
11536161
11537295
11538170
11540726
11542964
11554752
11560921
11564129
11564344
11566607
11569141
11569371
11570370
11571262
11571293
11572025
11572344
11572933
11574178
11576731
11576858
11579893
11580089
11581141
11582616
11585247
11587379
11587904
11589251
11589888
11589995
11590781
11591971
11594462
11595735
11596517
11597039
11597475
11604298
11604430
11604571
11608217
11609142
11609464
11609498
11610630
11612556
11622086
11625737
11627899
11629109
11629387
11631375
11631666
11631683
11632191
11632402
11632967
11633117
11634359
11634708
11640147
11658525
11659856
11665644
11665852
11666160
11666464
11666795
11667362
11668361
11671151
11672884
11676259
11676321
11676630
11677583
11677794
11680091
11680851
11693239
11695490
11695542
11696323
11696758
11698027
11698731
11701454
11707304
11708977
11711971
11713114
11720838
11723837
11726464
11727582
11727822
11731637
11732417
11732647
11733292
11734161
11735214
11735573
11736188
11736833
11737023
11737405
11741819
11743277
11743560
11744375
11746539
11746975
11748322
11748507
11752871
11755460
11756207
11757473
11759527
11762845
11765136
11767753
11769998
11770923
11771010
11771299
11775259
11778577
11779027
11785293
11787730
11788864
11790088
11792420
11792597
11796768
11798428
11800111
11800296
11800489
11801405
11801463
11803127
11803995
11809308
11810987
11811117
11811907
11812097
11813267
11813339
11814867
11814878
11818395
11818466
11819828
11820871
11821830
11823193
11828217
11832614
11834853
11836548
11841867
11842776
11843055
11844604
11847544
11848554
11850342
11851435
11853214
11853349
11853367
11854671
11856022
11856671
11858248
11862157
11867514
11868282
11870171
11871052
11874172
11874699
11875936
11879216
11879512
11879836
11881444
11882563
11887761
11891398
11895728
11895967
11898226
11899304
11901034
11905615
11909354
11910401
11914749
11915849
11915999
11917825
11918879
11920526
11921191
11923670
11923925
11925392
11925851
11928789
11930379
11937751
11938112
11940812
11942924
11943748
11949201
11952630
11958479
11962267
11963684
11966614
11967529
11970128
11971694
11973470
11977067
11977347
11977349
11980823
11981731
11983641
11985994
11986356
11988197
11989782
11993366
11995547
11998869
12004707
12008614
12009231
12014917
12015813
12021314
12022464
12023746
12024859
12025980
12028292
12029579
12031151
12032498
12036898
12038671
12039736
12039971
12040487
12041764
12042797
12044013
12046106
12048388
12051196
12052742
12062899
12064410
12067274
12069502
12071329
12072137
12072316
12072597
12075722
12076720
12077296
12079075
12080025
12080738
12081106
12086378
12086949
12087274
12088832
12089008
12089245
12091234
12095914
12099313
12099970
12100509
12100788
12101280
12101796
12102933
12107816
12110849
12115558
12115594
12115955
12117195
12117403
12119047
12119579
12119710
12122394
12123352
12128062
12134928
12135471
12135529
12136897
12136918
12138140
12139208
12140723
12145161
12145966
12146396
12147852
12148980
12149395
12152409
12152581
12154843
12156176
12158767
12160508
12161063
12165206
12165552
12167178
12167293
12169368
12172256
12176100
12177606
12180701
12183763
12183880
12184370
12185049
12189343
12190923
12192367
12192613
12194064
12194271
12197408
12197615
12200845
12204092
12205141
12207481
12207958
12207959
12209007
12209495
12210916
12211613
12211752
12214811
12217264
12217689
12221017
12225501
12226905
12228870
12231556
12233076
12234968
12238035
12238857
12239290
12240126
12241296
12243833
12247807
12250170
12251293
12251637
12254092
12254120
12257089
12257223
12258619
12259053
12260136
12261257
12262233
12262435
12266973
12268316
12271974
12272770
12275877
12277365
12278183
12283922
12284621
12292784
12293647
12297781
12299595
12299718
12301694
12314480
12317946
12318185
12321146
12322924
12323699
12324346
12330679
12331309
12334440
12334911
12338718
12343952
12344172
12346188
12352890
12353596
12354873
12355369
12355845
12359579
12364151
12368238
12369547
12371021
12373317
12377146
12377315
12378496
12380051
12380686
12381018
12381884
12384605
12388550
12388701
12389322
12390170
12391462
12394306
12395440
12397528
12397758
12400241
12400817
12403835
12409811
12411449
12411677
12417208
12425050
12426599
12427203
12428018
12428053
12431561
12436557
12441065
12442094
12443483
12443972
12447063
12448357
12450051
12450752
12451251
12452636
12453004
12454930
12460138
12460531
12462296
12463483
12464125
12468684
12470018
12470910
12474880
12474882
12475923
12476770
12485748
12488575
12491462
12491523
12492849
12493088
12493159
12493426
12493531
12493916
12494237
12495386
12495907
12498986
12499390
12500035
12504006
12504660
12507262
12512916
12514132
12515107
12515918
12516213
12516424
12518247
12518377
12518905
12519921
12521709
12522680
12526474
12529155
12530997
12535648
12535880
12536090
12537162
12537433
12537475
12538852
12539569
12541875
12544456
12552238
12557120
12557725
12558439
12559113
12560974
12562822
12563061
12564193
12568790
12569612
12571321
12574564
12577473
12577696
12577864
12581543
12581726
12582753
12583679
12584091
12585508
12586482
12589102
12591624
12591785
12595066
12595782
12596401
12600039
12603528
12604314
12607472
12611123
12612822
12613101
12618157
12618245
12619927
12622780
12622950
12624465
12627424
12632070
12632784
12634691
12635559
12635909
12637548
12638648
12640175
12642334
12644173
12645939
12648573
12649667
12655683
12656183
12657739
12659319
12659569
12659997
12660228
12661121
12662065
12664176
12664579
12671203
12672881
12675798
12678026
12679557
12680519
12680752
12683233
12683656
12687734
12689232
12690247
12691521
12693241
12693697
12694849
12695584
12696033
12700406
12700477
12701359
12702341
12704544
12706321
12707765
12711285
12716980
12717066
12717289
12718464
12719528
12723568
12725192
12726687
12734226
12737551
12738083
12738815
12739447
12739628
12740672
12740820
12741259
12744141
12744332
12744764
12745717
12749748
12750637
12758605
12766940
12767849
12770677
12771075
12773508
12774945
12775858
12777290
12779995
12781203
12783552
12784504
12786592
12787725
12788488
12788860
12790586
12794695
12796194
12805732
12806671
12807409
12808846
12809087
12810728
12812281
12812532
12813227
12814039
12818803
12818812
12819823
12820912
12824805
12826601
12828081
12832130
12836242
12836822
12837776
12837939
12838261
12838263
12845228
12847495
12850132
12852512
12855658
12858397
12859379
12859478
12859614
12863400
12868218
12868827
12875933
12877953
12879398
12884915
12888065
12888191
12895104
12895625
12895885
12897269
12897325
12898884
12902406
12903485
12905076
12905453
12906953
12909279
12910309
12912651
12914031
12915512
12917881
12917961
12920549
12921763
12922294
12922609
12923270
12923470
12925601
12925784
12929069
12929939
12931106
12932963
12936103
12936343
12937498
12940344
12940422
12940985
12941103
12942681
12943291
12944571
12948657
12951407
12951431
12951461
12953940
12955266
12956765
12958246
12958664
12958833
12960230
12962870
12964095
12968063
12969277
12970048
12971325
12974466
12974702
12975852
12976646
12980038
12985290
12986215
12990453
12992165
12995450
12996163
12996569
12998115
13001047
13001628
13006611
13010350
13010388
13014902
13016079
13016543
13017244
13017267
13022317
13023182
13025568
13026096
13026614
13026963
13031305
13032677
13032926
13036358
13037671
13040359
13040824
13048927
13048972
13049123
13049624
13050204
13053211
13053817
13055643
13056870
13057419
13058182
13059879
13061365
13061658
13065816
13069374
13070012
13072709
13074073
13075769
13079850
13080138
13083507
13087458
13089376
13090293
13098914
13099022
13099196
13100268
13105635
13107000
13110039
13116112
13120616
13123746
13123830
13124046
13125089
13126042
13126606
13126838
13127166
13127765
13128450
13132043
13132910
13134077
13136359
13136602
13142464
13144310
13146572
13150389
13157899
13159741
13166381
13168866
13169781
13170281
13171246
13172686
13174382
13176152
13178255
13179616
13180067
13180719
13181583
13182697
13182818
13183213
13183878
13183930
13187631
13192596
13197309
13197330
13200184
13204665
13205150
13206546
13208760
13211296
13213699
13214814
13217298
13217408
13217541
13217687
13218522
13223412
13224394
13226136
13227131
13227577
13229831
13230121
13231769
13231778
13232228
13233027
13236344
13244395
13245293
13249533
13252159
13253268
13260261
13260467
13266377
13267853
13272422
13272841
13274797
13280673
13282622
13284581
13286236
13287125
13287300
13287389
13290955
13291350
13296113
13296503
13296611
13296742
13297411
13300454
13304325
13304524
13306443
13308595
13308742
13310010
13313554
13314182
13314428
13314703
13315709
13315939
13318315
13320956
13323045
13323254
13325188
13326005
13337705
13339896
13341176
13342530
13342705
13343509
13346748
13347686
13350483
13351149
13352839
13354892
13355171
13357153
13357772
13359376
13362476
13362937
13364008
13366415
13367049
13367545
13370140
13371367
13371532
13372010
13374390
13374791
13375791
13376870
13379600
13380182
13381869
13382656
13383983
13385805
13394288
13398740
13399258
13399736
13400581
13400813
13402776
13404295
13404299
13404847
13407904
13408154
13408508
13409475
13417813
13422374
13426706
13427627
13428054
13428532
13429764
13432324
13433392
13433551
13440808
13440990
13441675
13441792
13443336
13445871
13447703
13447836
13448402
13449706
13450234
13451507
13452413
13453940
13455066
13456703
13457545
13461593
13461762
13462758
13463685
13465419
13468555
13470131
13470160
13470813
13472867
13473586
13474064
13474088
13481110
13481497
13483947
13484160
13487956
13488622
13491148
13494580
13494742
13496199
13499518
13502091
13503099
13503273
13505098
13506110
13507310
13508870
13510151
13510987
13512215
13512306
13512542
13512623
13516548
13516680
13517392
13522804
13525055
13525184
13529111
13529655
13529658
13530671
13531053
13531249
13531821
13532530
13533067
13541892
13542081
13548055
13550797
13551475
13552332
13557098
13557693
13557731
13558678
13559138
13559386
13559751
13570086
13577133
13581850
13582260
13584851
13584974
13584997
13587260
13589336
13591530
13593313
13594272
13594658
13599925
13604322
13604474
13606010
13608433
13608921
13609901
13611780
13613165
13614973
13617372
13618176
13623346
13623651
13623786
13626285
13629528
13632288
13635762
13635763
13637167
13641337
13642770
13642999
13644436
13645197
13649395
13651362
13653596
13659648
13659766
13662327
13665670
13667885
13669881
13670713
13670830
13670852
13671997
13674621
13678051
13679415
13679769
13682700
13683090
13685630
13685643
13687329
13690186
13695479
13695598
13695767
13698223
13698438
13699010
13699185
13700113
13701986
13704751
13705290
13707594
13712968
13713262
13719928
13720703
13726893
13727662
13729476
13731677
13732627
13733302
13733382
13737583
13738542
13741735
13741763
13742559
13742865
13744667
13747406
13753117
13753547
13754164
13755676
13756802
13758627
13765797
13766418
13770582
13771415
13771929
13772352
13774414
13775410
13775476
13775484
13776219
13780299
13782402
13782964
13787148
13788792
13789426
13790497
13790974
13791919
13796112
13796294
13796590
13796679
13799682
13800982
13802805
13802986
13807638
13808402
13811821
13812000
13812951
13814460
13816163
13816922
13818255
13818299
13820265
13822747
13824316
13825385
13826166
13833852
13834370
13835268
13835886
13836233
13837808
13839446
13842646
13844023
13846711
13849867
13850939
13851299
13852011
13854262
13855625
13858483
13859573
13859800
13861837
13866053
13866155
13867409
13870500
13873371
13874745
13875520
13880955
13883236
13883688
13885365
13886898
13888524
13888906
13889435
13889564
13890161
13895603
13896320
13897872
13898784
13898965
13899662
13900537
13901762
13902810
13903762
13907435
13909651
13910949
13913268
13913500
13913618
13913966
13921724
13924656
13924963
13928109
13934323
13936128
13940196
13940535
13941672
13945765
13945992
13951555
13953032
13955483
13958670
13965665
13971770
13972296
13972804
13972930
13975167
13975225
13976703
13977810
13979236
13981124
13982272
13983497
13993274
13993961
13999370
14003513
14006100
14007170
14007206
14007384
14007785
14009924
14012475
14012695
14015521
14017360
14022972
14025818
14028006
14028640
14030481
14031290
14032115
14033024
14034277
14037144
14037225
14038940
14041923
14042399
14044606
14045542
14046590
14052974
14056105
14056393
14056541
14058269
14060431
14067028
14067657
14068941
14072917
14079974
14081731
14082067
14090651
14090937
14098066
14100114
14105299
14108576
14110055
14112308
14113382
14113512
14115381
14117197
14117305
14117398
14119082
14120958
14122842
14123645
14123818
14124506
14126800
14126839
14134022
14136395
14136454
14140138
14140745
14142388
14146654
14147629
14148038
14149454
14152873
14158686
14165536
14165903
14166359
14167077
14167948
14170959
14171033
14177017
14178464
14179287
14182496
14182686
14183027
14185298
14190050
14190504
14191608
14192858
14203960
14206003
14208828
14209432
14212768
14214185
14219616
14223138
14223849
14226570
14230259
14232911
14236875
14236914
14237709
14240286
14240433
14241105
14241828
14243808
14244099
14247015
14248623
14250974
14252650
14254132
14255219
14260881
14263546
14263713
14264684
14264826
14267598
14268216
14269472
14269808
14271620
14272601
14272804
14273310
14274778
14275885
14277617
14280377
14281037
14287941
14287996
14289097
14297940
14299594
14299962
14301099
14301317
14301921
14302211
14303424
14305607
14306299
14307956
14309605
14309911
14312023
14314751
14315935
14320144
14323309
14323326
14326918
14329006
14331889
14332001
14333303
14333507
14336468
14337266
14337951
14338066
14338077
14338890
14343069
14347716
14347872
14348134
14351654
14353793
14355056
14358029
14359484
14361835
14363503
14363748
14365246
14365695
14366113
14367438
14372508
14372970
14375422
14380599
14381602
14383380
14383981
14385102
14385629
14386779
14394470
14397706
14397794
14399211
14402885
14403898
14404216
14406095
14407086
14408004
14409749
14410707
14412486
14414580
14415538
14417502
14419124
14423960
14424184
14424228
14424706
14424969
14426704
14426921
14427510
14435104
14437651
14438170
14443109
14452650
14454446
14454826
14455034
14456119
14458982
14459664
14463450
14464971
14465012
14466712
14469331
14471015
14473315
14483175
14487604
14489094
14490258
14491395
14492392
14493189
14493560
14494599
14500016
14500864
14502781
14503655
14504390
14507022
14508363
14508476
14511083
14511611
14512042
14513335
14513845
14517479
14520086
14528299
14531065
14536578
14537915
14538792
14539083
14540719
14541600
14543978
14547765
14549251
14550844
14554135
14556298
14556849
14556984
14557208
14560770
14561289
14561337
14564653
14570209
14571373
14573395
14574305
14574732
14574967
14576549
14576737
14576851
14577486
14579229
14585150
14587498
14587750
14587845
14589308
14589537
14590046
14592135
14592570
14596446
14597976
14604371
14604816
14606845
14607085
14607560
14608305
14612601
14615064
14615094
14616500
14618656
14619385
14622462
14623937
14624440
14625431
14627183
14629195
14629440
14629607
14632130
14634889
14636617
14638121
14638245
14639156
14640029
14641503
14642321
14643641
14644936
14646360
14647362
14647944
14650882
14651789
14655461
14656133
14656704
14659308
14659738
14664432
14664737
14666041
14667987
14668949
14670666
14671621
14672810
14672828
14673939
14674156
14678966
14683180
14684145
14684274
14686298
14691656
14691838
14692438
14694300
14694650
14696505
14698980
14701206
14704954
14706451
14708235
14708249
14710376
14712400
14712539
14713399
14713935
14714568
14715972
14717556
14719658
14720146
14722528
14722965
14724547
14733216
14734366
14735590
14743483
14745031
14746975
14749831
14751549
14752810
14752942
14752994
14753067
14753654
14754474
14756838
14759497
14760381
14764998
14765045
14769930
14770484
14774099
14775231
14776782
14777217
14777757
14778162
14780270
14784412
14785880
14786857
14787402
14787823
14796278
14798845
14801493
14802214
14803029
14803307
14803319
14810664
14812267
14815982
14818150
14818351
14819416
14819698
14820026
14822908
14823277
14824348
14829073
14830716
14833969
14834232
14834655
14835322
14838534
14839495
14839797
14839890
14843113
14844734
14845125
14848683
14855129
14856600
14857271
14857573
14857587
14859045
14864535
14865636
14866100
14866644
14866809
14866956
14867354
14870027
14876328
14876712
14878138
14878920
14879682
14880477
14880921
14881439
14881832
14882864
14885741
14887742
14888132
14889117
14889678
14890534
14894257
14895286
14897742
14899140
14902398
14904483
14904557
14905452
14905928
14906135
14907955
14908942
14909595
14912023
14912698
14915671
14918403
14923221
14923963
14924978
14926000
14926325
14928666
14929423
14935185
14938366
14939103
14939521
14939750
14941842
14945521
14945909
14947340
14948369
14948453
14948873
14953818
14954882
14955390
14955982
14956067
14958060
14960114
14962155
14972479
14975570
14977038
14979707
14981045
14981749
14982470
14982960
14986222
14987124
14990788
14990864
14991454
14991913
14992693
14993988
14996628
15006941
15008460
15008723
15010349
15014132
15015506
15018573
15019388
15019577
15022643
15031060
15033979
15036082
15036825
15039074
15040871
15050524
15055461
15057131
15065992
15067256
15069148
15071067
15071582
15071848
15073346
15073883
15075360
15075456
15080328
15080813
15082942
15083391
15083689
15084022
15084479
15087000
15087210
15087227
15087658
15090477
15092436
15092543
15098646
15098931
15099986
15099994
15101447
15101925
15102196
15104998
15106667
15106957
15108634
15114544
15115609
15115666
15116154
15116836
15119879
15121204
15123105
15124673
15127363
15127677
15127739
15128789
15131895
15133422
15140810
15141811
15143597
15143977
15150631
15151756
15153260
15154462
15155344
15156552
15157471
15160472
15163061
15163298
15168427
15169493
15169889
15173556
15173798
15176039
15176061
15176378
15177084
15178107
15179231
15180181
15183258
15187885
15188748
15191774
15193307
15194042
15196613
15197328
15201247
15208423
15209466
15217215
15218470
15218517
15222510
15223293
15225936
15226210
15227006
15227954
15228173
15236249
15236992
15241434
15245047
15246697
15246930
15248333
15248852
15250584
15251680
15252043
15252601
15252752
15252930
15254023
15254222
15255325
15260779
15263276
15263647
15263855
15265875
15269379
15270565
15271371
15273069
15276426
15277324
15279227
15279284
15289907
15290411
15291762
15292629
15294921
15298598
15298961
15302752
15304897
15305246
15307487
15316092
15316241
15320388
15322069
15329198
15335968
15336620
15338499
15339204
15339410
15342043
15342096
15345806
15351684
15351988
15356424
15357831
15362853
15363825
15364228
15366038
15368008
15369308
15370301
15373184
15373378
15373382
15374502
15375133
15376504
15376912
15380573
15381599
15387352
15389660
15398795
15401400
15403498
15405821
15405985
15407151
15416045
15417037
15421647
15421738
15424330
15425383
15425557
15431374
15432613
15432961
15436086
15439254
15439558
15445619
15447414
15450901
15453873
15454182
15455882
15457758
15462242
15463355
15465317
15467512
15469100
15469958
15473063
15475420
15475721
15476666
15476891
15482541
15484546
15487931
15489247
15490727
15491953
15496973
15497164
15500437
15502707
15504570
15506681
15507186
15509890
15510392
15512073
15512926
15519278
15520583
15521093
15521674
15522651
15522940
15530884
15531241
15538956
15542807
15544009
15546408
15548425
15552836
15554878
15555017
15556587
15557939
15559953
15561793
15563015
15563791
15569786
15570028
15570281
15573365
15576365
15580746
15589840
15589994
15591423
15593134
15593207
15593305
15594143
15594666
15597220
15598120
15601143
15603234
15604172
15605354
15605381
15605922
15608118
15610593
15612997
15613664
15624175
15624828
15628486
15630096
15634305
15637828
15641299
15643940
15644709
15648289
15648456
15649565
15651756
15652166
15667230
15669335
15671869
15672651
15675501
15677348
15677609
15677977
15681234
15681641
15681671
15682259
15685909
15687982
15692382
15692605
15694021
15696392
15699402
15700236
15706765
15708549
15711291
15715379
15715977
15717831
15718538
15719713
15725176
15728896
15730293
15730450
15731003
15733923
15735885
15737446
15737681
15738270
15742239
15748283
15749348
15753412
15758703
15760264
15760483
15763045
15766461
15772661
15773329
15775661
15784210
15788738
15789536
15790949
15800244
15800796
15803100
15803104
15805407
15812599
15818403
15819602
15819764
15820689
15821262
15824676
15826289
15827075
15827840
15831868
15833962
15836956
15839683
15844698
15845202
15845606
15846364
15849691
15850119
15852083
15854723
15855962
15858885
15859593
15859910
15862210
15864933
15869320
15871802
15876572
15879885
15881723
15881989
15883361
15883467
15883652
15885808
15888288
15897151
15900981
15902553
15913400
15914641
15915860
15916030
15918375
15920990
15921501
15922735
15923706
15926369
15931544
15931625
15935520
15942299
15943221
15943554
15945274
15945789
15945913
15946596
15947101
15948960
15950707
15951534
15953218
15954489
15954886
15954946
15956365
15959572
15963539
15963874
15964602
15968493
15972077
15973771
15975601
15976812
15977976
15978147
15980188
15986082
15991478
15991929
15992337
15994171
15994545
15996082
15997248
15997590
16001286
16001486
16004058
16007351
16009256
16012012
16012101
16012670
16012978
16013552
16013843
16017179
16019766
16020379
16020641
16021982
16023182
16024185
16025045
16026544
16031033
16031095
16031251
16038663
16040702
16040920
16043316
16044813
16045186
16045210
16045485
16046986
16048057
16048330
16054662
16055264
16057052
16060793
16061103
16061825
16063852
16064227
16066103
16066399
16066419
16071428
16072136
16073743
16078997
16083531
16086838
16089017
16089575
16093084
16095770
16097237
16097774
16099299
16100708
16100948
16102133
16102721
16102935
16102945
16104068
16105335
16106296
16108602
16108637
16110747
16113718
16114020
16115002
16119592
16120209
16120211
16122829
16122933
16124065
16129069
16129992
16132769
16132904
16134735
16137156
16137461
16137802
16139059
16147033
16148568
16149803
16152510
16153263
16154395
16154697
16155918
16157161
16157864
16159972
16159996
16162628
16164582
16170074
16170173
16173134
16174091
16176276
16179152
16183103
16183861
16185458
16186296
16187188
16187889
16188727
16189118
16190726
16191205
16192464
16194844
16194968
16195852
16203212
16203338
16206173
16206744
16209123
16223308
16223686
16227657
16230025
16231504
16231510
16231984
16232841
16232939
16235291
16236736
16237501
16239158
16241786
16244428
16244825
16245031
16246384
16247128
16250538
16261781
16261844
16262512
16266025
16273919
16277629
16279733
16280124
16281054
16281373
16281926
16283288
16283622
16285071
16289712
16291056
16291261
16293716
16294287
16294729
16297076
16297777
16298408
16298463
16300385
16300610
16302716
16305905
16306171
16306779
16307189
16308592
16310003
16312141
16312512
16315009
16315885
16318668
16319250
16323485
16325258
16325898
16329196
16329765
16330616
16335032
16335104
16335142
16342535
16342571
16343079
16345708
16347311
16347894
16351789
16352554
16352617
16355385
16355777
16357197
16358248
16358410
16361554
16363387
16363734
16365026
16367133
16367892
16369168
16369258
16370087
16370554
16372462
16372650
16375739
16376667
16378345
16379309
16382114
16382883
16385886
16386061
16386401
16389723
16390184
16390298
16391727
16393112
16393901
16397438
16397835
16398022
16398273
16398644
16399051
16399404
16400251
16402301
16403964
16407572
16408298
16410886
16412064
16412779
16414064
16415296
16417094
16417422
16420489
16423510
16425097
16427265
16432335
16433135
16433643
16438982
16438992
16439570
16445046
16447923
16451398
16452081
16453280
16455017
16456424
16458825
16459605
16460456
16462043
16462531
16466299
16467366
16467667
16469443
16471653
16475508
16478377
16478459
16479690
16480523
16481327
16481713
16483816
16488868
16489772
16491616
16495429
16499203
16499524
16503822
16505380
16510074
16510406
16510427
16511714
16512022
16513717
16513896
16515781
16519079
16520355
16520476
16524142
16526595
16527887
16529621
16536077
16536486
16538157
16541661
16542413
16542824
16543520
16545515
16545531
16546620
16548240
16549525
16552119
16552328
16555154
16557511
16557817
16562435
16562443
16563752
16569666
16573871
16574124
16574793
16575642
16577303
16577939
16581360
16581733
16584130
16585319
16587028
16589352
16591143
16592038
16593073
16596074
16596685
16597388
16597555
16598446
16598899
16604010
16604231
16605842
16607111
16609198
16609768
16610813
16612092
16612456
16612768
16612897
16616171
16616399
16620823
16623738
16624658
16624771
16634370
16637612
16637816
16641899
16645548
16646114
16651296
16654282
16654460
16655557
16657858
16659290
16659465
16659807
16662151
16662492
16663078
16663334
16664902
16666617
16668117
16672177
16673273
16674188
16674641
16675672
16678906
16679654
16679911
16681521
16682357
16682811
16684812
16686525
16687849
16693214
16693789
16696279
16697324
16697955
16699459
16700356
16700910
16706921
16710983
16718547
16722845
16723715
16723841
16724765
16725228
16726055
16727800
16728090
16733239
16735926
16736413
16736706
16736809
16737511
16739246
16742738
16743051
16744371
16745580
16746426
16747426
16747566
16748516
16750646
16750959
16752705
16757242
16759221
16760411
16762561
16766877
16767077
16768643
16770789
16771021
16771898
16779228
16780104
16780467
16784586
16789475
16795995
16796503
16797480
16797629
16798457
16799850
16800072
16802509
16802736
16804557
16805147
16806475
16806866
16809442
16810273
16811194
16815939
16817616
16821517
16821659
16822134
16822845
16825107
16826656
16828560
16828762
16829974
16840130
16841470
16844708
16848027
16849032
16855733
16861685
16863378
16866293
16867857
16868433
16869613
16869785
16869837
16870516
16873740
16875191
16877678
16884001
16888765
16888957
16890446
16891869
16893038
16893534
16893616
16895458
16897477
16899898
16901841
16906349
16908116
16910241
16912790
16913554
16913781
16915392
16919123
16919742
16926176
16927362
16928569
16928689
16931467
16931828
16932019
16932229
16933248
16936344
16936763
16937996
16940615
16942120
16943340
16943595
16945459
16947050
16948208
16950673
16950964
16951783
16954024
16957236
16959310
16960208
16960688
16961197
16972087
16973270
16973542
16974187
16974203
16974981
16977827
16979026
16979756
16981512
16981927
16983495
16983557
16985739
16985956
16989824
16996240
16998983
17000407
17000428
17001199
17001650
17002709
17004340
17004832
17006926
17008218
17008875
17009584
17011219
17011313
17011567
17014134
17014222
17016693
17018559
17021846
17022956
17024193
17024878
17025807
17027587
17028739
17028894
17029311
17029504
17030925
17032661
17032763
17033438
17034371
17034718
17037732
17040499
17043882
17045598
17047621
17049879
17050665
17050858
17051559
17051771
17052187
17054632
17056046
17057965
17058107
17058252
17059720
17064144
17066410
17069698
17071963
17072774
17072952
17072993
17078475
17079232
17080979
17082037
17084413
17086825
17087332
17089675
17098941
17102246
17102525
17103171
17103689
17104139
17105914
17105995
17106363
17106862
17114542
17114760
17115384
17116388
17120015
17120346
17122465
17123142
17123511
17123600
17124490
17125007
17125888
17127399
17131568
17134200
17138111
17138614
17138656
17139645
17141245
17142357
17144232
17144606
17144912
17145928
17147195
17147804
17148139
17149347
17155733
17156318
17157052
17157575
17158888
17159321
17160385
17161238
17162309
17163014
17164582
17166043
17166154
17167364
17169638
17172128
17177476
17178169
17178602
17183117
17188488
17189478
17191645
17192634
17194309
17194712
17195821
17203277
17204329
17205173
17206297
17208826
17209565
17212467
17213877
17217889
17220856
17225322
17229915
17231291
17231814
17232445
17238517
17240258
17242806
17242848
17243284
17244553
17248725
17253742
17255734
17256563
17259852
17260301
17263865
17264414
17268160
17270631
17271454
17272456
17272928
17273140
17274036
17274303
17279171
17281157
17283265
17284347
17289269
17292340
17296765
17297051
17298435
17301665
17302072
17304496
17304755
17307615
17311602
17313061
17316680
17318908
17318994
17319008
17320787
17324546
17326308
17327652
17330039
17331088
17333230
17340485
17341950
17342739
17342873
17343973
17344025
17351818
17353547
17360022
17361325
17366652
17367902
17370955
17370971
17372248
17377321
17378352
17378666
17378692
17378782
17384564
17384863
17385046
17386849
17388848
17391252
17391318
17393434
17394838
17396789
17399605
17401930
17407446
17408104
17408271
17409693
17412651
17414284
17415618
17417150
17418022
17419200
17425373
17426983
17427101
17431895
17432281
17433258
17434512
17441132
17446388
17449036
17453139
17453725
17455617
17455644
17456645
17456871
17458845
17459011
17464552
17465166
17465379
17467603
17467778
17468102
17468856
17469631
17470732
17473694
17473773
17474459
17474977
17476133
17476492
17478278
17479581
17481214
17487675
17488168
17490056
17491138
17493357
17494760
17498086
17499692
17500766
17501709
17501962
17502778
17503968
17506568
17510203
17511030
17511506
17512291
17512975
17516337
17516547
17517438
17520352
17520878
17520960
17525741
17526177
17528339
17529513
17529679
17531683
17533138
17533726
17533772
17535678
17535848
17539009
17540385
17542188
17545667
17547862
17550675
17550990
17552215
17553029
17554224
17554726
17555723
17557841
17559228
17561874
17562593
17566650
17571830
17572941
17574276
17575773
17576067
17581735
17584047
17585775
17586700
17593513
17594063
17595049
17595087
17599208
17602473
17604436
17604749
17605813
17608571
17609685
17617080
17618610
17619091
17621764
17623111
17623781
17624301
17624588
17625877
17625937
17626200
17628244
17628785
17629277
17630970
17632587
17632853
17637074
17643357
17644885
17645302
17650278
17651316
17652211
17652804
17660772
17661273
17662089
17667645
17668611
17671044
17672182
17673250
17673755
17674196
17675930
17677318
17677497
17677888
17680211
17684154
17686647
17686780
17687460
17689664
17689886
17690568
17693143
17694419
17699433
17700630
17702290
17702959
17703410
17706151
17706825
17707901
17709377
17709490
17712437
17712531
17713787
17714007
17717235
17717789
17719255
17719909
17724010
17724408
17728088
17734209
17734496
17738617
17741330
17741893
17747808
17750582
17750769
17751697
17752212
17755503
17756915
17759164
17760322
17762736
17763298
17765954
17767004
17768237
17768339
17771458
17775249
17776536
17777927
17780456
17783013
17784194
17784889
17787522
17788350
17788438
17789174
17795797
17802036
17810292
17810992
17815179
17815896
17816303
17816800
17818263
17818505
17820256
17820467
17821692
17824825
17825730
17828707
17835193
17836869
17839231
17839343
17842242
17842452
17845935
17848065
17849215
17853816
17855658
17857102
17863193
17866065
17866635
17867319
17868070
17870507
17870707
17870941
17873114
17873161
17873607
17876212
17877957
17877964
17878130
17880738
17882912
17884004
17887035
17888020
17888629
17889566
17891873
17893949
17894677
17896065
17896736
17896967
17897915
17900076
17900619
17904643
17907750
17911155
17911419
17912633
17913614
17915464
17920193
17921462
17921478
17921524
17924248
17924389
17925725
17927318
17930962
17932497
17932883
17936161
17938591
17941729
17942365
17946742
17948170
17952640
17954003
17954835
17956440
17956703
17958900
17959175
17959913
17961099
17963389
17965855
17967656
17968613
17968813
17969187
17970962
17972407
17977370
17978148
17984893
17986095
17988548
17993217
17993400
17994162
17994276
17998784
17999987
18000503
18001143
18003405
18004665
18004896
18006171
18006739
18011339
18012564
18013741
18017837
18018772
18021345
18022098
18022947
18023318
18026641
18027888
18028487
18032483
18032506
18032591
18034229
18036071
18037757
18039646
18040524
18041320
18041644
18043571
18044381
18049961
18050429
18051103
18051381
18051761
18064632
18065062
18067955
18068962
18072985
18074011
18077026
18077094
18080885
18085037
18085346
18085546
18085584
18086486
18096900
18097015
18097785
18099773
18100959
18102352
18102864
18103509
18106774
18107763
18108050
18112554
18114734
18118431
18119898
18120212
18121313
18122582
18123422
18124819
18126009
18127373
18128374
18129438
18130403
18130725
18132472
18132473
18133516
18136740
18140107
18140687
18142011
18149281
18150223
18151727
18154408
18154421
18155470
18156326
18157746
18158845
18167555
18167646
18169548
18171809
18173123
18175181
18176100
18176418
18176436
18176991
18178359
18179148
18179168
18181196
18183241
18183669
18187740
18188422
18189307
18193783
18195697
18195752
18196919
18201225
18201925
18203540
18204342
18206695
18207476
18209650
18211980
18213214
18214414
18215731
18215761
18217114
18219256
18221524
18222507
18224414
18227491
18228707
18228906
18230035
18231231
18234286
18237973
18239247
18239976
18241405
18243547
18243550
18243766
18244040
18246049
18250071
18250409
18254991
18257182
18259576
18260021
18260450
18263854
18265755
18266124
18267787
18269433
18273816
18275703
18287750
18288660
18295295
18297184
18297864
18300379
18300668
18304266
18304326
18306812
18307784
18312103
18312272
18314859
18315629
18322606
18326818
18327760
18328240
18329804
18332889
18336372
18337345
18338448
18338711
18338857
18339852
18340645
18342748
18347080
18347336
18347984
18348299
18353243
18353552
18353908
18358099
18359736
18360842
18362871
18366343
18366393
18370415
18374565
18374585
18382905
18390253
18397547
18397826
18399347
18400419
18404626
18408049
18412539
18412876
18418074
18419504
18420137
18420194
18422175
18422737
18423522
18425699
18426101
18427512
18427981
18435893
18439374
18446772
18450112
18451101
18452224
18452305
18454103
18455947
18458197
18459564
18461410
18462059
18462900
18463347
18468416
18470696
18474227
18476788
18479798
18481185
18483629
18484298
18484992
18485229
18488013
18488034
18488393
18490839
18492690
18496959
18497921
18506863
18509743
18510291
18514256
18514966
18515688
18518097
18519168
18519305
18521426
18523357
18525222
18528253
18530434
18530709
18533741
18539738
18540832
18541470
18541674
18542426
18543934
18544135
18545761
18546181
18547843
18548348
18549093
18550905
18551314
18551634
18552938
18553753
18554683
18555039
18555769
18555900
18558455
18558511
18560578
18561373
18561536
18565490
18565989
18568229
18569928
18570133
18572123
18572785
18577433
18578569
18579766
18582677
18582759
18583195
18583378
18583759
18584580
