1133
3930
5715
11322
13098
14427
21490
22960
24903
25792
26212
27401
29639
29956
30430
30503
31878
32265
34207
34375
34625
34755
34972
37971
38764
39177
42699
45183
47723
48509
48756
51964
52672
55606
56079
58911
59022
59739
61526
65048
67514
71381
73655
76980
77302
85497
85532
86912
92771
94496
95658
96494
98761
101504
101793
103042
104164
105629
106714
109245
110040
110776
112089
115540
118138
121362
122824
124677
125363
128342
131338
131857
133109
134204
137158
140680
141562
143849
145529
147089
148427
148785
150860
153035
158888
160733
162650
163001
163468
163931
164472
167569
168586
171639
173540
174275
174583
175282
178795
178991
179261
181206
182846
184337
185158
185931
188137
190070
190810
191198
192864
195830
198169
199168
200082
204925
206005
209118
209976
210375
213234
215453
217788
220621
221442
221488
221797
221912
222057
223471
226291
227202
228312
229044
229477
232311
233396
239431
246188
248657
249480
251786
252201
253015
254845
255312
257372
257650
259290
260108
260350
261147
261426
262760
266133
269650
273225
273230
274497
275089
275728
275872
282827
291786
294359
294834
295265
297668
300398
302265
303676
305180
305887
307843
308657
308758
309246
309283
311671
311694
314748
319118
321002
322245
322329
322749
327694
328758
329266
329858
329943
331936
333990
336031
340825
346257
349519
350400
351731
353365
356812
359614
361495
363184
363292
367364
369181
370287
371211
371317
372575
373345
374034
375951
380518
385655
389987
390908
391335
391813
393045
393537
393678
396096
398722
399219
400221
403518
405116
406171
406438
408649
408877
414325
415126
418374
419875
421297
423491
424251
434118
434505
435387
436086
436097
436290
436752
441087
442042
442349
442385
444674
447825
450181
450703
454348
455984
458542
459483
465359
465478
466083
468101
470734
471974
475730
475841
478385
479149
481229
481295
483663
484833
487890
489644
490292
490976
492137
492821
493623
494936
496430
501221
501636
502718
502747
504289
509438
514046
515932
516045
519164
520526
521790
524449
527336
529302
529568
533188
539120
541501
541674
542389
547125
548098
550322
551850
552504
555312
555977
556667
560432
564002
564671
565841
565974
572114
572346
575737
579610
580276
582971
583367
584451
585857
586890
587178
587984
588279
589420
590837
597185
597251
598006
600779
601441
602381
603256
604551
604593
605510
605657
607870
609408
610047
614662
619294
619649
620111
622406
622588
622675
624289
627121
627610
628963
629342
634111
635152
637968
638355
639755
639832
640127
646139
646832
649485
654644
658450
658885
661170
667271
667603
668071
669125
669582
673997
675423
676846
676868
677410
677916
681770
683855
687669
690188
691792
692447
698459
700403
707058
708306
710096
715005
715583
716696
716905
718968
720494
724468
725663
726574
727736
732480
735070
735627
738387
741819
745835
746089
748116
752318
754001
754149
756119
756613
758502
761521
761847
762991
764526
769350
770742
770827
771456
775501
776539
776622
777190
778434
780521
781521
781635
785605
786629
789974
791023
795412
797573
799194
800735
806130
808523
811022
812833
816404
816581
819289
819708
821388
823907
827508
829155
831642
831997
833008
834198
834498
837282
838054
839882
842993
844422
846033
846809
848506
849008
849361
851635
853401
854552
857187
857403
858812
859165
859291
862622
863017
867083
868436
873316
873843
876644
879020
880475
884164
884825
888821
889317
889432
892978
893380
894829
896140
896675
897571
898874
906861
907140
909649
909893
910113
914197
915968
916361
919024
920534
920764
922530
924434
925487
926778
927378
929707
930270
936080
939737
941931
942615
953235
953452
957635
957780
959445
962297
966580
966803
967095
969952
971549
973255
974320
974893
975422
979355
979426
981751
984013
988279
992300
995265
995845
995875
1004734
1005158
1005373
1010219
1010487
1011169
1012568
1012823
1015142
1016659
1019143
1021121
1025235
1027046
1028527
1029001
1033144
1036827
1037175
1039136
1042493
1043198
1044196
1044455
1046420
1046623
1048527
1051431
1054298
1055682
1062518
1063646
1064706
1066066
1066318
1067210
1070523
1072212
1073446
1074160
1074918
1075222
1076266
1080316
1085700
1086063
1086483
1089787
1096153
1096582
1098695
1101118
1102217
1102507
1102508
1103923
1105470
1107373
1109375
1109941
1112208
1112215
1113788
1114979
1115426
1119439
1120576
1121645
1122320
1126668
1131494
1134778
1140966
1141275
1142255
1148452
1150880
1152197
1152244
1156857
1160303
1160342
1160802
1166914
1168447
1169399
1169599
1174884
1175125
1176553
1178207
1178978
1182325
1183068
1184658
1186724
1187995
1190461
1194837
1195746
1196613
1197689
1199309
1199519
1204361
1204777
1205223
1207335
1212006
1212662
1214870
1216191
1216479
1218249
1219741
1220991
1223813
1226567
1233568
1236672
1236859
1238111
1239100
1240935
1244274
1252725
1252762
1253350
1253695
1254557
1257365
1258747
1260384
1260868
1264065
1274164
1275860
1276264
1276909
1280880
1281534
1284136
1290258
1290602
1291587
1292224
1293237
1295666
1299055
1304762
1306092
1306681
1309784
1310637
1311395
1311806
1312326
1313222
1315489
1317122
1318257
1319754
1321648
1322646
1323315
1324273
1326697
1326709
1331031
1332833
1333130
1336544
1338408
1340166
1340935
1341431
1345917
1346464
1348230
1349372
1350361
1351636
1352201
1355217
1359286
1364751
1364956
1366777
1368207
1373117
1376681
1379597
1380156
1382881
1383297
1385316
1385915
1387583
1389853
1394420
1394866
1395327
1397021
1397733
1400804
1402877
1402911
1404836
1408043
1409517
1410617
1411520
1413391
1415309
1417160
1418188
1419426
1422488
1426710
1427945
1428587
1429201
1431678
1437158
1440761
1442740
1445448
1446438
1446958
1448303
1450839
1455856
1456175
1456392
1457824
1458195
1460006
1461809
1463575
1466525
1467986
1468803
1469052
1469262
1470688
1471920
1474902
1475391
1477634
1481602
1482114
1482739
1486186
1489929
1492424
1497784
1498639
1498901
1499447
1504143
1505338
1506516
1508888
1512283
1518319
1519513
1521205
1530568
1537095
1539346
1542060
1545634
1548667
1549668
1549896
1550150
1551947
1552637
1558530
1558841
1560852
1565143
1565537
1566265
1570881
1571369
1571460
1579452
1584365
1587158
1591860
1592221
1592244
1592397
1592542
1595378
1596519
1596890
1600181
1605863
1607096
1612132
1612355
1612759
1612938
1613293
1617453
1618879
1619198
1619322
1620324
1623367
1624283
1624851
1624877
1628932
1631047
1632120
1632362
1633516
1634238
1634421
1634654
1637700
1640526
1644679
1645470
1650880
1651326
1651430
1652971
1653365
1653389
1657011
1658349
1658451
1662974
1665328
1667776
1668132
1670480
1671711
1680757
1681348
1682904
1691337
1695411
1697303
1698280
1698652
1699132
1699634
1702153
1703308
1705874
1708336
1708969
1709197
1710689
1711537
1713522
1714591
1716138
1718179
1721265
1722091
1727424
1727924
1728082
1730573
1732031
1732102
1732564
1732745
1735045
1736836
1737780
1738550
1739665
1740228
1740534
1740660
1742003
1742083
1744238
1746575
1749795
1755214
1762311
1763737
1766458
1770086
1771423
1773414
1777368
1777853
1779362
1780946
1781049
1782443
1782486
1784079
1785418
1787910
1788037
1790391
1792707
1793050
1793486
1794112
1794242
1795454
1799186
1803096
1804580
1805227
1805231
1806008
1812441
1813165
1815428
1816438
1816781
1819533
1820509
1821359
1822746
1825909
1830298
1832589
1835707
1836242
1841934
1843671
1844386
1844619
1844916
1848036
1851734
1853932
1856253
1856412
1859209
1862352
1862924
1863320
1864423
1865432
1868141
1872904
1872993
1874367
1879592
1880307
1881103
1882279
1883101
1883779
1884115
1884184
1892356
1894840
1900325
1903321
1903941
1905055
1905307
1906442
1907576
1908732
1909085
1909503
1911108
1915027
1917224
1917615
1917733
1917869
1918635
1921054
1921450
1921587
1923340
1925862
1926470
1930611
1932721
1936474
1936686
1939187
1942024
1944725
1945651
1949176
1954866
1955381
1956027
1957107
1958649
1960048
1960920
1961182
1964888
1965923
1971118
1973854
1977531
1978228
1981302
1981999
1983800
1984478
1985416
1985809
1989862
1992581
1992830
1994122
1994873
1997611
2002592
2002704
2003491
2003846
2006770
2009440
2010257
2010532
2012766
2014769
2019987
2021162
2024977
2031268
2032645
2034361
2034410
2034876
2036518
2037014
2041922
2042163
2043604
2046588
2047315
2048672
2050505
2051341
2052194
2052310
2052468
2057516
2057624
2062830
2066440
2066915
2067559
2068152
2069889
2070982
2071557
2072353
2072494
2072552
2073332
2075993
2084058
2084273
2085635
2087318
2087994
2089810
2091074
2091540
2092051
2093052
2095552
2096429
2102309
2105387
2108868
2109081
2112724
2116284
2119068
2120865
2126180
2134310
2135810
2135924
2139059
2140807
2142017
2145372
2149722
2150187
2150307
2153469
2153808
2156790
2157232
2165751
2167666
2171817
2171861
2173430
2177268
2177696
2180598
2180929
2183412
2185189
2186475
2186566
2187612
2191020
2194286
2194460
2195860
2196756
2196987
2199352
2202938
2203309
2206329
2206532
2211007
2212665
2212837
2215304
2217946
2220028
2220834
2221559
2221960
2225529
2225939
2228928
2233007
2233279
2234556
2235365
2237148
2238346
2241029
2241156
2241228
2241616
2241861
2242865
2248621
2249293
2249461
2249957
2250095
2250184
2251777
2252736
2253411
2256317
2258876
2259127
2260048
2260104
2262244
2265534
2270359
2274116
2274639
2274804
2276027
2278806
2278971
2280005
2280291
2283420
2284008
2284775
2293827
2294502
2296270
2297641
2298612
2298647
2302906
2303154
2303600
2304148
2304387
2306748
2311784
2318145
2318728
2322266
2323124
2325719
2326567
2335214
2336418
2336973
2338384
2340289
2340653
2342358
2345732
2345965
2346973
2348494
2348538
2354797
2355188
2356230
2357669
2359241
2363728
2365070
2366068
2368469
2368836
2371491
2376837
2378315
2384697
2390538
2392250
2392911
2393451
2395166
2395832
2398388
2398423
2398796
2401263
2401599
2401844
2408935
2412989
2413223
2414344
2414936
2415987
2416363
2418646
2422489
2423848
2424123
2426057
2427557
2428548
2429039
2431954
2432742
2434311
2437849
2439389
2439769
2441084
2443041
2444726
2445553
2446060
2446503
2446564
2448256
2449616
2449762
2451518
2452407
2453209
2455143
2457585
2458437
2459345
2460333
2461288
2461659
2469037
2469086
2470214
2472653
2473278
2473555
2473572
2474040
2475905
2477879
2479883
2481036
2482089
2484774
2484889
2485338
2487495
2488098
2490019
2492558
2492676
2494934
2495924
2497597
2497675
2498889
2500373
2503032
2503410
2506263
2507157
2508229
2509725
2511055
2513151
2514436
2516872
2518391
2518996
2522434
2527855
2528785
2533180
2534136
2535107
2541071
2541245
2541693
2542141
2542278
2544329
2545975
2546011
2547023
2549319
2550494
2550506
2552852
2555344
2556190
2556851
2557324
2557668
2559010
2562043
2563927
2564555
2566941
2567635
2568706
2574819
2580433
2581872
2582952
2589709
2590611
2592341
2597762
2597806
2598200
2598233
2598712
2599629
2600224
2602517
2606085
2607518
2608048
2609297
2611586
2612840
2614850
2616683
2617126
2617480
2619585
2620842
2621380
2621697
2622019
2623871
2623886
2629424
2633462
2637576
2640140
2646349
2646430
2647888
2652495
2653321
2654668
2655023
2655114
2658421
2658444
2659649
2661718
2663058
2665432
2667140
2668995
2671657
2672797
2673286
2674469
2674520
2679481
2679496
2679854
2681047
2682554
2686064
2686372
2686874
2688965
2689609
2690353
2690623
2691243
2691634
2693552
2694386
2696110
2704453
2709795
2710560
2710623
2713391
2713783
2715203
2716254
2716416
2719560
2721393
2721740
2723032
2726230
2726300
2727522
2729616
2729801
2731371
2731558
2732870
2733877
2736307
2738314
2743160
2746266
2750005
2751352
2751577
2752250
2753771
2754845
2758038
2759250
2763633
2764091
2764453
2764848
2765207
2767517
2770366
2770660
2772454
2773545
2773800
2774612
2775040
2779859
2780685
2781863
2787392
2792712
2793375
2793643
2793966
2795301
2803397
2804443
2804830
2806325
2807791
2807794
2808687
2808950
2810257
2812540
2813107
2813248
2814089
2815701
2815929
2816061
2818800
2819363
2820046
2821879
2822368
2824210
2825295
2835714
2838863
2840538
2841422
2850120
2851635
2855489
2860461
2862907
2873792
2876222
2877107
2877933
2884824
2884961
2886646
2887675
2889665
2890198
2891738
2894358
2895705
2896730
2899530
2902794
2906683
2907832
2908730
2909368
2909494
2910605
2913684
2914430
2916201
2916643
2919136
2919970
2920114
2922943
2925030
2925303
2926436
2933091
2933343
2937335
2941790
2941812
2942523
2943439
2945043
2945806
2946551
2947418
2950314
2951375
2954698
2960462
2962003
2968236
2968809
2969047
2969899
2971489
2973904
2976217
2977640
2981439
2981531
2981570
2985302
2986180
2986633
2987895
2987971
2989462
2989698
2991898
3004085
3005101
3007499
3009006
3010176
3013362
3013909
3017443
3019795
3020597
3020853
3021258
3023795
3024479
3024812
3026679
3028067
3028940
3033389
3033989
3034095
3035239
3035260
3038584
3040080
3041238
3042225
3043566
3043786
3045915
3046506
3049793
3054763
3057579
3057718
3060031
3062246
3064816
3067144
3067374
3067527
3067692
3067712
3069046
3070923
3071109
3071703
3072741
3074093
3078461
3079000
3080025
3082859
3087344
3089622
3090113
3096881
3097531
3103820
3106644
3107291
3112764
3114880
3115897
3117553
3127057
3132201
3134285
3136324
3139583
3140355
3142593
3145572
3147629
3148298
3148392
3148796
3149601
3150680
3151373
3151905
3153535
3154150
3155353
3158159
3158177
3158745
3159562
3160670
3160741
3162473
3163873
3167302
3168575
3170337
3172238
3173612
3174639
3177275
3178462
3178913
3180211
3182602
3189401
3189597
3189754
3190823
3191134
3192999
3197600
3200661
3203674
3203911
3204766
3204884
3208686
3211357
3213346
3214064
3216039
3216278
3217281
3217686
3219357
3219868
3219990
3222181
3222350
3224033
3224469
3225242
3228653
3230845
3234052
3235404
3236842
3238861
3239820
3239864
3240225
3241389
3242734
3242737
3244320
3244807
3246767
3251242
3252136
3253622
3254458
3254810
3257086
3263674
3266588
3266899
3268674
3269456
3282911
3283347
3285749
3285788
3293522
3293883
3296583
3298695
3299519
3304972
3311509
3312377
3313343
3319204
3324927
3325221
3328782
3329646
3330378
3332376
3338630
3338831
3339581
3339899
3341653
3342565
3347688
3352034
3356975
3358562
3362634
3362640
3362780
3363145
3367307
3368531
3369070
3369111
3369564
3370181
3370873
3371793
3379404
3384741
3388085
3389328
3392037
3394542
3395526
3397451
3399803
3403062
3405147
3405556
3412323
3412940
3413406
3413869
3416223
3418858
3419455
3423862
3424669
3424866
3426026
3427522
3429437
3430082
3430256
3430455
3431542
3433771
3435715
3435857
3436813
3437586
3437721
3439683
3441334
3443144
3443671
3446773
3447052
3449239
3449880
3450050
3455793
3457020
3461137
3462566
3464326
3466385
3467071
3469155
3471529
3476625
3477568
3477985
3479515
3480664
3480765
3480974
3481215
3482661
3484524
3489153
3489266
3489536
3489972
3491485
3494221
3494299
3495581
3497723
3497840
3498314
3498818
3499878
3500514
3501227
3502633
3503404
3504246
3506529
3507945
3513699
3514241
3516709
3517172
3517188
3517412
3518267
3519019
3519428
3522002
3523950
3525040
3527292
3529340
3530361
3533769
3535384
3536384
3539987
3547377
3550433
3551274
3553128
3555076
3557641
3559399
3563605
3565518
3566238
3566941
3567095
3570961
3571635
3574566
3575716
3575920
3578123
3578434
3582173
3586210
3586438
3588670
3590115
3590171
3590215
3590218
3591631
3593173
3594449
3595526
3597059
3601169
3602862
3603378
3604145
3606984
3607743
3609067
3610462
3610801
3611129
3612878
3616603
3618085
3623029
3623123
3623248
3624672
3624934
3625593
3626299
3626708
3629126
3629714
3629752
3630389
3633468
3634873
3635964
3640536
3643082
3644653
3646211
3646655
3646670
3646937
3647905
3657548
3658169
3659956
3660799
3663525
3663926
3666644
3667574
3670362
3670489
3677202
3678356
3682445
3682996
3684396
3686075
3686446
3687680
3694898
3696591
3696786
3697800
3698077
3698890
3700634
3701681
3702016
3707954
3709611
3711482
3712650
3712928
3714172
3715260
3716041
3719220
3719452
3721316
3724857
3726887
3737478
3738030
3740334
3740338
3742641
3749105
3750512
3755820
3756752
3757583
3759977
3761192
3762118
3766952
3768545
3769648
3771503
3772714
3772881
3775072
3782364
3785645
3785753
3786434
3787027
3787410
3787436
3791148
3796282
3797218
3797726
3798620
3802111
3805317
3805561
3807646
3809758
3810179
3814809
3817695
3818990
3822737
3825082
3825984
3827106
3829395
3830572
3831846
3834026
3835502
3838262
3842710
3844393
3847591
3852852
3853543
3854806
3857507
3862203
3864108
3865941
3865973
3867593
3867811
3870641
3870767
3870999
3873123
3874590
3876348
3879574
3880035
3884560
3886907
3887163
3894123
3895748
3899081
3909803
3915083
3916493
3916744
3923601
3923618
3925550
3925638
3927716
3932445
3937628
3939586
3939968
3942464
3944760
3946160
3946228
3949960
3954149
3954516
3956259
3958155
3958192
3958704
3959508
3959931
3960383
3961261
3962423
3963506
3964170
3967439
3967987
3968034
3968225
3968306
3968518
3970940
3971144
3972357
3972547
3972990
3974441
3979580
3979918
3982857
3982953
3988784
3991330
3992989
3993044
3995235
3996573
3996777
3997537
3998951
4001883
4002303
4003132
4019399
4019715
4020111
4021128
4021521
4022622
4024087
4026710
4029202
4029918
4034170
4034680
4036691
4037058
4046696
4049735
4051363
4053163
4054329
4055104
4055446
4056090
4061996
4063562
4064862
4065607
4066205
4066514
4067464
4068236
4072850
4074227
4075160
4075894
4077625
4077820
4080541
4081437
4082061
4084441
4090447
4093440
4095819
4095866
4096505
4101091
4105658
4106167
4106714
4108997
4110468
4111534
4113111
4113374
4114853
4117126
4118710
4118886
4123217
4124890
4126533
4130071
4132702
4133011
4133767
4135050
4137405
4138603
4142428
4146188
4147622
4150542
4150738
4151333
4152880
4157902
4160811
4161426
4162080
4163060
4163342
4163954
4164733
4165110
4165388
4169341
4169678
4175431
4180463
4181730
4182034
4184901
4187643
4188858
4189630
4190191
4191093
4195129
4195493
4196891
4197522
4201668
4202174
4203800
4204189
4207545
4208597
4212198
4213238
4214713
4216782
4220019
4221387
4221598
4222158
4222758
4223528
4228169
4228951
4232481
4235180
4236467
4236937
4239051
4239161
4239505
4240548
4240848
4241558
4244625
4251059
4257004
4258601
4259402
4259649
4264771
4266697
4267692
4271210
4271227
4272114
4272640
4272974
4273024
4275652
4275942
4283176
4286425
4287861
4289873
4290543
4290678
4290777
4291929
4292759
4293225
4296567
4299036
4301207
4305040
4305873
4307975
4314748
4316750
4319018
4320074
4328289
4332346
4334743
4337084
4337658
4345125
4345482
4353197
4358129
4358296
4359643
4360179
4362847
4365618
4366294
4368614
4369370
4372559
4374028
4374211
4374879
4378426
4378982
4379175
4379688
4381475
4383897
4389306
4390955
4391498
4391718
4395819
4397883
4397912
4398861
4399649
4400028
4400909
4401955
4402819
4405051
4408293
4409674
4413157
4413980
4415601
4416097
4416711
4416943
4418270
4422261
4423334
4426423
4429848
4431668
4432701
4433849
4435827
4435837
4437113
4438306
4439485
4440203
4440231
4443041
4444887
4447511
4449700
4451882
4456073
4456841
4456857
4458164
4458461
4459890
4461607
4463100
4463913
4466100
4468550
4470410
4472323
4472776
4474111
4478939
4483007
4487477
4487981
4488049
4489115
4489252
4489984
4490145
4493451
4502297
4504943
4507453
4511924
4512113
4518087
4520829
4521507
4522364
4527865
4528145
4528335
4528621
4533202
4534616
4537396
4539123
4542102
4542405
4544508
4544514
4544740
4545654
4547298
4554003
4554192
4558706
4559453
4563993
4564332
4564658
4568150
4569234
4570797
4572271
4576035
4577592
4578650
4580657
4584994
4587056
4587326
4587990
4588760
4589403
4589732
4590916
4591900
4594487
4594858
4600092
4600667
4600920
4601735
4601783
4602277
4602532
4605139
4610101
4611837
4614601
4615716
4617289
4617843
4626078
4626703
4626725
4626836
4629907
4630070
4631014
4631267
4635697
4637729
4639542
4640123
4640610
4640683
4640994
4641080
4641203
4643201
4643368
4643914
4644221
4645281
4646250
4648975
4649430
4650402
4652949
4656640
4657255
4660336
4661574
4663812
4664068
4664419
4665403
4665565
4669235
4670065
4673734
4674712
4680797
4681161
4681420
4682048
4682962
4694357
4697283
4697448
4697765
4698010
4698443
4703153
4703548
4703863
4704548
4705459
4708251
4709155
4709780
4712621
4712636
4715243
4719019
4721126
4721822
4723617
4725284
4727768
4730083
4730102
4731761
4732594
4733711
4735092
4737262
4737451
4737660
4738468
4739175
4742433
4742698
4743018
4744537
4746167
4747474
4747565
4747950
4750720
4752522
4754953
4756299
4756312
4758575
4759885
4761279
4763132
4771830
4772430
4775166
4775723
4778282
4779925
4782114
4785717
4790606
4795937
4798492
4800145
4800512
4800754
4801124
4803879
4806650
4809542
4810098
4810343
4810607
4811158
4815698
4818003
4822439
4822944
4823667
4824255
4826299
4826664
4826985
4830621
4831425
4832550
4833249
4833405
4839163
4841781
4845101
4847540
4848697
4848900
4851585
4854650
4863587
4863652
4864625
4866173
4866243
4866587
4868977
4871243
4872603
4873040
4876070
4877214
4877734
4878397
4878675
4879234
4885283
4885612
4886467
4893693
4895741
4895777
4896232
4896990
4898268
4898652
4901668
4903735
4903977
4905909
4907950
4908899
4908923
4908930
4913263
4914152
4915420
4920019
4920501
4921961
4922255
4923364
4924995
4925184
4925806
4927748
4929652
4930954
4931072
4933750
4935342
4935394
4935418
4935779
4937945
4938407
4940271
4941531
4941639
4941689
4942074
4943481
4946490
4950312
4951900
4953819
4954418
4955682
4957115
4961101
4962305
4964988
4965285
4971655
4972203
4973270
4975166
4976300
4980043
4980394
4981241
4983599
4986310
4987601
4988224
4992227
5001683
5006636
5007730
5008079
5011462
5011955
5015932
5017098
5018211
5020730
5023910
5024781
5028146
5030681
5032424
5033346
5034354
5035684
5036217
5036416
5040066
5040207
5041984
5042833
5045059
5047386
5051763
5051793
5054282
5062849
5066993
5067366
5067446
5069134
5069901
5071621
5072560
5075890
5083020
5083566
5086715
5087668
5088626
5094283
5094936
5095644
5096485
5098405
5098874
5098957
5099144
5100724
5103265
5103961
5104759
5105391
5105874
5106043
5106306
5106913
5109064
5110593
5118133
5118393
5125157
5125261
5126703
5129298
5129997
5132173
5132231
5133771
5133880
5134657
5137170
5141195
5142081
5142835
5142887
5144140
5144319
5145297
5146160
5148028
5151107
5153443
5156418
5157490
5160359
5161787
5162210
5165155
5165249
5165400
5166513
5172142
5173415
5173734
5174655
5177570
5177803
5180286
5182707
5183062
5186764
5187479
5187745
5189156
5189703
5189715
5189863
5191011
5194555
5195662
5196042
5197238
5206728
5207404
5209890
5210570
5211869
5212495
5213342
5213376
5213619
5218100
5218242
5220201
5220791
5221382
5221890
5223435
5224856
5230763
5231661
5234262
5236288
5236541
5237395
5238887
5241004
5246341
5251269
5251485
5253822
5255132
5258450
5258834
5259470
5261826
5267664
5271615
5272016
5275744
5275806
5279780
5284602
5284606
5289206
5289992
5291100
5298223
5300289
5301892
5303793
5305085
5307461
5310666
5311206
5315955
5317237
5317609
5319412
5319865
5320996
5323876
5323947
5328436
5329516
5329602
5331989
5333260
5334722
5337382
5342228
5344328
5345539
5345635
5345839
5345968
5348360
5349249
5354993
5361352
5361877
5365551
5365575
5365868
5366978
5367371
5367745
5368362
5374485
5377006
5378213
5378218
5383432
5384143
5384589
5388050
5388095
5388698
5389252
5389388
5391363
5392381
5394311
5400581
5401176
5404339
5406071
5407787
5411702
5416346
5420820
5421864
5422109
5423639
5425484
5427833
5432207
5432804
5433883
5437435
5438666
5443522
5443965
5446642
5447400
5450030
5450242
5456522
5458671
5460436
5467087
5469030
5472259
5476297
5480805
5481056
5481197
5487973
5488675
5489960
5495427
5495803
5497560
5499171
5499772
5508752
5509775
5510120
5510404
5510488
5511260
5512391
5516554
5518982
5520803
5521441
5523719
5526196
5530631
5532119
5535252
5535871
5536463
5537568
5540034
5542084
5544923
5546212
5546818
5547953
5549186
5551560
5551959
5551983
5552059
5555183
5556771
5562404
5563005
5565690
5567777
5568944
5570813
5571858
5571937
5572308
5576957
5579317
5579410
5580116
5584114
5584757
5585242
5585938
5589654
5590036
5591013
5594531
5599170
5599401
5601713
5603991
5604743
5605573
5607638
5610536
5613036
5614639
5614758
5615479
5616155
5621215
5622702
5624175
5628150
5628591
5631328
5632540
5632815
5633467
5634272
5635528
5638496
5638944
5642069
5642592
5643798
5645087
5645800
5647127
5647354
5650691
5652175
5652184
5652489
5659784
5660354
5662696
5666253
5668367
5671764
5671791
5673326
5674738
5674749
5677187
5680025
5683885
5684212
5685254
5691222
5691341
5697737
5697802
5698138
5698937
5698997
5702502
5704915
5706142
5706381
5706842
5710124
5710188
5715259
5716597
5722862
5724094
5730270
5730354
5731225
5731599
5733296
5734917
5735312
5737167
5739419
5739859
5740587
5742520
5743479
5744735
5746390
5748223
5749259
5754684
5757512
5760875
5764569
5768219
5768345
5768751
5769854
5774915
5775869
5776288
5776699
5777054
5777863
5781981
5782886
5784943
5790341
5796603
5799502
5803125
5804260
5804798
5806875
5807533
5810159
5810168
5810647
5813593
5814200
5816397
5818373
5822184
5823474
5823728
5824863
5830704
5833307
5834372
5838433
5841501
5841949
5845076
5847561
5850782
5853947
5857031
5859090
5859965
5860462
5863132
5872314
5872652
5875382
5875701
5875927
5877878
5880909
5881099
5881963
5882472
5885023
5887767
5888859
5889059
5893838
5894441
5895361
5897769
5899103
5907251
5907457
5913367
5914843
5919412
5920748
5924510
5925274
5926578
5928173
5929012
5929823
5931758
5933144
5934724
5937237
5939067
5940417
5941074
5941218
5951405
5955351
5955499
5957613
5958075
5960643
5963180
5964088
5964759
5966062
5969622
5974123
5975156
5978061
5979165
5979491
5980380
5988932
5989575
5989874
5990386
5993006
5993838
5997352
6002540
6005181
6005498
6009142
6010008
6011697
6015830
6018013
6019497
6020272
6022306
6024518
6029451
6030699
6032118
6033029
6033400
6033566
6034351
6040691
6040937
6042176
6042862
6043172
6043398
6043400
6044474
6052996
6055213
6056223
6058397
6061120
6064365
6065581
6066730
6068320
6070012
6072181
6074067
6077786
6078434
6080557
6081618
6084853
6085916
6085969
6086612
6086865
6089309
6089358
6093455
6093727
6093812
6095779
6097641
6099081
6099109
6103182
6104965
6105245
6106818
6107325
6110922
6113204
6113703
6116990
6117155
6119548
6124336
6125678
6129460
6134647
6135860
6137127
6139356
6141468
6142679
6143269
6143362
6147116
6148023
6148357
6148508
6148514
6151080
6152196
6152526
6152778
6153375
6154535
6154984
6157432
6158333
6159088
6159295
6159754
6161418
6162365
6162685
6170427
6173287
6176160
6178179
6181144
6181412
6182827
6190838
6191562
6194533
6194686
6195239
6201101
6204291
6209935
6210303
6211146
6214764
6215726
6219689
6221836
6221871
6222534
6223080
6225940
6227497
6231771
6233745
6233918
6239019
6241623
6243531
6244794
6247570
6248006
6248031
6256948
6257757
6259206
6259945
6260323
6261022
6264438
6266427
6271568
6273177
6273884
6275127
6276524
6278324
6279122
6280503
6280891
6281164
6284262
6285186
6286173
6286816
6288869
6289210
6289248
6289592
6289646
6291211
6299461
6301256
6301560
6303462
6306168
6314082
6314179
6314397
6314538
6314944
6316566
6318133
6321211
6321271
6324788
6326539
6327673
6328548
6331104
6333342
6336170
6336303
6341432
6342108
6342381
6343491
6344508
6347863
6348819
6351872
6352297
6355522
6357221
6361478
6361997
6363087
6363825
6365569
6367311
6367951
6372032
6376056
6379212
6381339
6382687
6391134
6392809
6393941
6398097
6400198
6400639
6401632
6402180
6402438
6403222
6403243
6406196
6408969
6409715
6413859
6414045
6415296
6416862
6417182
6417294
6419101
6421726
6422169
6423201
6423620
6424298
6425658
6430559
6431113
6431438
6431711
6433188
6434927
6435276
6436722
6438219
6438774
6439745
6441279
6441531
6442643
6444545
6446879
6447117
6448316
6448384
6451423
6453081
6454048
6454353
6455438
6460907
6461795
6462315
6465601
6465655
6466804
6467475
6470710
6471612
6474792
6478358
6480076
6485421
6491270
6494962
6496819
6499264
6500467
6502067
6507337
6508401
6510807
6515857
6517089
6518031
6518385
6519435
6519831
6522190
6524520
6524615
6525826
6527221
6528147
6528814
6530180
6532202
6532445
6534474
6536211
6543976
6544364
6546341
6546485
6547133
6548883
6549114
6549126
6550539
6552078
6552325
6552479
6557424
6559420
6560611
6562318
6562362
6562437
6571733
6573566
6575981
6576730
6577653
6578276
6578458
6584704
6584836
6585570
6585639
6585700
6597223
6598192
6599963
6601280
6606700
6608142
6609812
6611933
6612118
6615010
6619495
6621473
6623230
6625537
6628011
6634582
6638120
6638550
6639146
6644135
6648711
6650365
6653698
6655023
6657688
6660002
6660476
6663194
6669047
6670601
6671703
6673897
6674846
6675313
6676957
6677474
6681887
6684403
6686984
6687172
6691678
6692044
6692796
6693013
6694094
6697966
6699075
6701597
6707701
6708201
6708849
6709156
6713802
6715450
6715489
6718196
6719197
6719229
6729171
6733555
6737210
6742142
6745526
6746566
6752360
6752392
6756955
6759408
6759833
6763161
6767645
6769049
6771014
6775932
6776663
6778305
6780158
6781323
6782366
6789345
6790048
6794439
6797002
6797994
6799255
6799401
6801735
6803114
6808725
6809330
6815325
6816447
6820864
6821003
6821356
6821668
6822836
6826690
6827075
6828980
6830750
6832686
6834104
6836135
6839809
6842375
6846150
6847070
6849432
6850396
6852225
6852311
6852401
6856929
6857715
6858118
6858703
6858744
6859110
6861870
6871338
6874123
6875017
6875792
6877667
6878408
6878709
6880318
6881261
6882136
6883523
6883828
6884163
6884905
6890789
6891435
6892636
6897269
6901580
6902069
6905491
6906812
6908122
6908681
6909595
6912123
6912666
6914004
6914187
6918386
6925396
6926300
6926444
6927565
6927672
6927966
6928546
6928858
6930182
6933748
6934632
6937229
6942314
6943962
6944815
6949177
6951644
6955835
6956032
6956254
6960955
6963001
6963794
6967727
6968436
6971123
6976254
6978219
6981649
6982043
6984201
6984986
6987765
6988367
6989045
6995999
7000082
7001158
7001796
7008980
7012772
7016415
7019153
7019507
7020596
7025474
7026789
7028185
7032885
7040771
7041454
7041913
7043198
7046162
7046597
7047020
7048879
7051705
7052208
7052644
7059256
7062188
7062727
7070380
7072784
7073895
7074326
7074720
7078124
7079701
7080180
7081001
7081661
7084568
7086057
7087336
7087482
7092733
7100129
7103120
7104483
7104883
7106903
7107444
7109863
7109970
7110921
7112344
7112715
7115871
7116569
7117918
7119678
7124100
7125445
7126565
7128814
7129326
7131671
7133030
7138371
7144691
7144978
7145176
7146695
7149199
7149799
7149851
7152564
7152842
7156348
7159600
7161144
7161303
7163306
7163673
7163751
7163829
7164222
7166613
7169181
7172111
7173998
7177257
7177690
7180079
7181338
7182300
7187502
7187907
7188439
7189512
7192540
7194407
7197881
7200344
7200552
7202534
7204757
7211767
7212282
7212400
7213284
7213404
7213951
7214194
7214961
7215261
7216767
7218119
7218847
7219224
7220105
7220404
7220545
7225042
7225713
7226093
7226266
7231191
7231491
7231908
7232503
7233481
7234693
7235827
7236567
7237410
7241978
7242693
7242926
7243676
7244201
7245696
7247600
7247868
7249083
7250244
7252865
7253269
7253635
7254531
7255042
7255975
7260004
7260824
7261777
7263186
7263561
7264047
7265952
7266244
7268755
7272453
7273115
7275141
7275661
7278268
7282896
7284355
7284768
7287297
7289122
7289138
7290984
7294845
7295575
7296130
7296319
7296357
7296984
7297766
7300883
7307495
7309899
7310840
7312150
7312234
7313366
7315249
7315342
7315798
7316741
7319705
7320618
7320794
7325901
7326416
7329780
7330031
7330154
7333436
7333494
7336117
7336455
7338449
7341671
7342444
7344258
7344629
7344835
7344881
7346822
7349762
7350623
7353223
7354603
7357384
7361840
7362157
7363562
7364605
7367864
7368256
7368826
7369109
7369187
7370185
7371816
7372619
7373373
7379510
7380395
7387275
7387393
7387859
7388142
7388258
7388849
7396437
7397316
7400484
7400632
7401394
7401961
7403880
7404360
7405906
7408276
7408544
7410861
7413937
7418058
7422418
7424397
7427510
7428321
7428847
7429359
7429699
7431496
7433292
7434501
7434512
7436650
7439694
7440703
7441567
7442780
7443584
7446551
7447210
7448326
7451744
7457266
7457792
7458572
7461615
7462689
7467676
7469900
7474805
7475677
7476160
7476717
7477914
7480864
7486468
7488751
7489047
7489402
7489462
7489660
7490802
7490994
7492554
7495380
7495809
7497867
7498082
7498547
7501953
7502405
7503064
7503429
7509575
7510731
7510999
7511070
7512327
7513687
7514613
7518142
7520968
7522742
7525445
7526506
7527884
7529653
7530388
7530823
7532938
7535489
7535911
7541216
7541345
7541571
7541786
7543256
7544663
7547444
7547690
7550097
7550102
7552090
7553532
7554906
7556197
7556805
7556934
7559578
7561843
7563008
7563722
7563998
7567016
7568280
7568453
7585194
7586711
7586839
7587138
7590643
7593486
7601640
7602318
7606514
7607100
7609672
7610105
7613081
7619610
7621007
7622528
7624249
7626519
7626893
7627220
7627863
7630368
7634537
7635334
7636252
7636642
7636802
7640293
7641397
7644384
7646077
7652406
7654827
7660431
7666349
7667618
7669005
7669316
7671006
7671131
7671853
7672718
7673134
7678426
7678893
7679968
7681140
7681205
7681709
7685925
7688267
7688389
7688669
7688905
7689965
7690605
7693873
7694035
7694115
7700171
7700304
7701699
7701800
7702076
7702324
7702489
7707726
7709529
7709880
7711125
7711635
7712232
7716777
7718339
7718818
7722370
7724331
7725241
7727373
7728725
7729346
7729413
7729850
7731983
7738763
7738916
7744859
7744948
7745207
7746003
7750460
7752978
7753813
7757516
7758291
7759678
7760075
7761063
7763743
7765480
7766147
7767551
7767923
7768401
7771294
7771416
7772388
7773090
7781568
7783725
7784680
7787811
7790509
7790911
7791526
7792360
7792528
7796064
7803286
7803583
7804270
7807251
7814867
7817739
7818300
7820177
7821622
7823110
7825761
7826239
7828215
7833556
7835763
7838352
7838422
7839610
7841826
7843896
7843949
7844066
7844319
7844549
7850806
7852194
7855435
7856067
7863027
7864441
7866171
7869855
7871953
7872820
7875624
7877539
7878536
7879378
7880791
7881421
7883585
7885628
7888627
7889873
7890427
7891138
7894024
7900477
7902956
7909155
7914889
7917578
7919773
7923304
7927092
7929682
7930821
7932927
7933055
7934120
7939403
7939892
7950954
7951013
7951260
7951751
7954122
7955568
7955665
7956717
7958143
7958555
7959719
7961989
7966931
7967032
7969217
7969402
7969437
7970842
7973596
7982399
7984177
7986014
7986921
7987378
7989302
7989413
7991013
7991521
7993638
7997117
7999004
7999572
7999955
8003028
8003396
8003846
8008198
8010411
8012738
8018437
8018858
8023675
8025701
8026511
8028765
8030254
8030670
8031374
8033416
8033574
8034041
8034793
8035982
8036504
8038785
8039266
8040375
8040817
8042791
8043470
8043550
8047434
8047968
8052543
8053146
8053374
8057243
8057335
8062145
8067175
8069206
8070175
8074402
8075775
8077432
8079764
8080467
8085739
8086763
8088519
8096728
8099027
8101187
8102801
8104175
8104236
8104608
8105341
8106781
8111041
8112499
8112904
8112936
8113833
8113880
8114516
8115386
8115574
8119402
8119947
8123661
8128714
8133642
8137615
8138301
8139064
8140662
8141456
8141717
8142247
8144592
8144761
8144818
8145467
8145709
8146385
8146415
8147668
8147862
8149126
8151231
8154716
8157518
8159923
8160595
8161873
8167330
8172897
8173800
8175908
8181865
8181944
8182807
8184160
8186217
8188533
8188701
8191329
8192173
8193327
8194031
8194569
8195949
8196077
8196198
8196645
8198768
8199411
8199568
8199863
8199959
8207542
8209360
8211291
8225351
8226286
8227073
8227871
8228828
8231558
8232203
8239058
8240911
8241566
8245129
8245342
8250097
8250120
8250452
8251370
8252055
8255279
8256016
8260381
8261595
8262488
8265861
8266367
8268337
8270118
8274604
8276464
8278861
8279733
8284182
8287471
8288185
8292650
8292748
8295586
8296068
8297892
8299091
8302259
8303417
8306610
8307470
8307807
8308071
8310706
8315100
8316243
8326446
8327116
8327990
8332112
8333793
8334052
8335600
8337382
8339877
8340340
8341447
8343386
8345263
8345528
8347222
8348103
8348673
8348855
8353161
8353388
8353396
8353820
8355012
8359581
8363555
8367979
8369807
8370550
8371872
8375318
8377263
8379786
8380047
8383567
8385189
8385417
8386009
8386732
8392317
8392899
8393041
8394555
8395106
8395326
8402408
8402739
8404914
8405206
8408652
8410376
8410677
8412384
8413956
8414558
8418745
8420232
8424485
8425101
8431354
8431570
8432207
8434112
8434266
8436601
8436611
8436644
8441252
8442271
8446687
8446908
8448810
8450294
8451235
8451451
8453168
8455681
8461245
8464961
8467124
8470555
8475637
8478059
8485616
8486929
8487199
8487922
8488145
8488626
8489916
8495138
8495992
8496564
8498072
8502318
8504454
8504742
8507762
8511748
8513748
8515263
8518619
8520133
8520669
8521231
8523160
8526975
8527687
8534223
8534676
8538248
8539372
8539474
8540245
8540526
8541268
8547951
8550052
8552709
8556869
8557224
8559632
8561671
8565156
8565874
8566662
8567557
8569069
8571587
8571752
8571847
8572368
8574275
8578229
8579967
8580037
8581296
8583140
8584479
8584682
8584778
8587263
8589225
8594662
8596348
8598853
8599250
8604463
8604580
8607168
8607518
8608789
8611691
8612111
8615522
8616698
8618420
8620475
8623843
8626889
8627005
8627040
8628867
8630225
8632188
8632977
8640309
8641859
8642190
8642599
8643123
8643193
8645005
8646642
8651386
8652333
8652738
8656556
8659653
8662257
8665727
8666462
8668965
8669850
8671345
8673413
8675725
8676861
8677128
8677281
8677927
8678260
8679506
8680161
8680860
8682716
8684198
8684457
8684813
8686231
8692014
8693310
8698174
8699576
8699885
8699915
8700229
8701306
8704406
8704667
8705600
8706210
8707911
8708090
8709151
8710291
8712839
8712842
8713837
8714714
8723869
8724975
8725579
8726989
8727511
8727672
8731588
8732032
8733616
8733824
8736302
8736449
8741425
8741703
8742315
8744906
8745112
8749207
8749452
8754444
8754851
8756673
8756818
8762503
8766201
8772004
8774378
8774891
8777904
8779222
8784709
8785080
8787250
8788792
8791977
8794113
8794312
8795168
8802412
8802569
8806745
8808099
8809218
8809597
8809616
8810013
8810469
8810659
8810773
8811129
8811872
8812837
8817470
8817482
8818756
8819221
8820397
8828076
8829280
8830154
8830844
8834336
8835243
8836023
8836887
8841178
8844204
8845463
8849694
8850016
8851618
8854018
8856399
8856578
8858882
8861246
8863562
8865803
8873586
8874256
8875036
8876203
8877652
8879260
8879564
8880421
8880706
8881429
8883412
8883949
8886522
8890869
8895450
8895591
8897971
8898241
8899881
8900798
8901750
8903730
8904789
8907674
8912189
8913340
8915191
8915677
8915929
8917975
8919492
8920914
8924256
8924494
8924777
8926921
8928435
8929608
8932553
8936721
8937984
8940928
8944184
8944693
8948202
8948915
8949885
8951423
8954333
8954966
8955182
8955292
8955992
8962126
8963587
8964100
8968026
8968707
8969234
8969465
8971795
8973916
8974665
8980056
8982146
8983766
8984715
8990842
8991018
8991972
8992936
8996238
8998045
8998246
9004763
9005443
9007556
9009788
9010628
9011338
9011880
9012023
9016286
9017687
9018574
9025950
9027345
9029162
9032459
9034341
9037439
9043589
9047084
9051209
9051438
9054350
9056533
9057824
9057968
9058772
9059188
9059551
9066010
9066823
9067717
9068476
9071316
9075576
9075831
9076511
9078819
9081802
9081869
9081892
9082362
9083222
9085423
9088232
9090001
9091448
9092152
9096774
9097212
9097926
9098113
9098792
9099564
9100186
9100972
9102191
9105312
9106238
9107213
9107414
9109437
9110795
9115840
9117930
9118005
9124167
9124255
9127090
9127155
9133747
9134165
9136299
9138736
9140522
9145717
9151165
9158488
9161792
9162324
9169135
9170546
9174418
9182297
9183680
9186753
9188645
9188878
9189196
9189747
9197422
9197988
9198882
9204449
9207754
9210834
9215160
9217581
9218838
9219799
9219920
9223260
9223838
9225828
9228442
9231104
9233098
9234870
9236344
9236456
9236684
9237593
9238166
9238447
9239499
9239539
9246337
9246734
9247191
9248116
9249910
9250551
9251194
9252904
9253411
9255079
9256461
9261438
9261553
9265764
9265807
9266454
9266597
9266744
9267114
9267759
9270970
9272971
9276501
9279568
9281822
9284809
9286168
9287408
9287430
9287939
9287999
9289422
9290020
9291225
9291634
9294376
9294934
9301485
9303206
9303238
9303733
9308247
9309539
9310409
9315641
9316413
9316654
9318672
9320632
9321546
9323293
9324219
9325195
9326469
9328717
9331922
9332952
9334454
9334695
9337543
9339748
9340475
9341392
9343942
9344185
9346496
9349762
9355246
9356673
9357442
9363649
9369084
9369691
9371234
9374465
9374557
9380070
9383121
9385362
9389777
9392049
9394645
9396359
9400192
9403317
9406091
9406562
9411684
9412760
9413342
9413376
9414533
9420425
9423294
9426202
9427394
9434970
9439749
9439984
9441616
9442325
9444742
9445259
9446155
9455027
9455880
9456568
9457529
9458703
9459119
9462032
9462515
9462979
9463567
9463788
9464490
9464524
9465125
9465870
9467080
9469173
9469840
9474469
9477885
9480198
9480318
9482637
9483575
9485082
9486298
9486938
9488536
9489321
9490280
9490964
9491430
9496430
9496520
9496681
9496744
9498053
9498627
9498727
9500876
9501155
9501379
9501449
9503350
9503738
9504394
9504898
9506074
9506476
9508625
9509197
9513113
9515545
9517168
9518238
9519152
9525289
9528226
9531611
9532961
9540496
9542700
9544404
9546654
9553394
9557463
9558544
9559246
9559335
9560843
9564354
9564948
9565071
9569020
9570212
9572552
9573919
9580160
9580258
9581511
9582240
9582356
9583557
9583638
9586981
9587352
9591917
9593560
9593894
9596291
9598295
9601321
9603120
9604685
9605082
9605684
9606280
9609142
9613650
9614351
9615530
9617847
9621549
9628269
9629163
9630374
9632051
9633143
9634235
9635896
9641044
9641902
9643660
9645511
9646258
9650500
9653974
9654190
9654393
9656912
9657062
9657685
9658261
9658947
9660296
9660418
9661815
9668195
9668242
9668817
9674069
9674293
9674944
9675715
9676145
9679310
9680997
9685915
9686596
9687446
9687811
9690693
9694114
9694639
9698237
9698287
9699790
9704610
9709258
9711348
9713991
9715424
9716758
9716834
9717707
9723684
9726200
9729073
9729988
9733045
9734304
9735136
9735642
9736792
9737247
9738782
9740449
9742326
9742852
9743667
9744767
9745971
9746252
9747053
9748177
9753769
9762990
9763277
9764628
9766337
9766502
9768240
9768338
9768967
9771492
9773643
9773757
9775360
9775950
9777422
9783383
9786251
9789677
9793620
9796143
9796231
9796413
9799823
9800440
9800521
9802949
9805105
9809540
9809843
9812017
9814578
9815117
9818237
9820259
9824602
9825057
9829165
9830243
9830644
9832455
9833365
9834419
9835811
9836243
9837914
9838121
9839971
9840124
9841418
9843670
9845100
9845369
9845665
9846306
9850062
9853667
9855255
9856794
9862627
9863064
9863143
9864942
9865950
9867973
9868473
9875644
9877001
9879496
9879912
9880113
9880230
9883008
9884418
9888584
9891612
9892655
9895845
9898029
9903155
9904769
9904930
9906773
9907990
9917217
9917529
9919645
9919765
9921134
9921859
9927276
9928700
9932105
9935101
9935195
9935283
9937271
9937942
9938025
9938466
9941160
9942322
9943828
9944761
9946146
9946339
9949004
9952591
9956764
9959416
9962268
9963417
9964560
9964864
9968537
9970045
9972378
9972753
9974434
9975506
9977143
9977438
9979642
9982507
9982591
9984986
9986894
9989643
9993786
9995067
9995987
9996882
9999781
10000361
10000890
10001210
10002054
10002936
10004272
10005166
10005287
10006720
10006853
10009754
10014370
10014692
10018420
10024846
10024850
10025618
10027870
10028628
10032723
10034395
10041930
10041990
10042994
10044147
10045464
10047632
10051211
10052433
10052518
10054262
10055358
10055720
10057702
10058170
10060433
10061193
10064241
10065573
10069008
10072670
10073124
10073665
10073718
10077712
10078938
10081125
10081206
10082346
10082938
10082952
10085975
10089283
10092561
10092983
10093956
10094748
10095431
10103394
10104980
10108210
10114962
10116588
10119565
10125471
10132687
10134094
10135162
10137106
10138799
10147048
10147293
10150601
10152672
10153188
10154304
10155219
10156151
10163213
10163827
10167103
10167132
10168125
10168481
10169849
10170490
10173043
10174324
10174482
10175896
10176431
10181541
10183716
10186204
10188096
10190285
10190824
10198791
10203439
10205149
10205238
10206094
10206927
10207480
10213530
10213713
10213839
10215990
10216763
10218477
10218887
10219599
10219826
10220352
10224617
10225498
10228115
10230496
10231545
10232756
10233641
10234162
10236965
10237205
10238147
10239823
10240734
10241755
10245743
10246173
10246825
10247005
10250111
10251260
10253895
10255111
10260652
10261179
10262549
10263954
10266361
10266439
10267427
10269452
10269684
10271177
10282645
10282798
10288878
10290886
10293114
10293436
10293724
10296993
10298986
10301204
10301449
10303367
10305139
10310128
10311180
10312165
10313252
10314600
10318988
10319744
10321588
10321644
10322800
10323824
10324099
10326630
10330985
10341527
10342354
10342830
10343340
10344602
10348764
10350063
10351457
10352904
10353281
10353447
10355402
10358632
10360837
10361961
10362251
10363767
10365314
10366110
10368012
10369698
10377496
10380303
10380758
10381844
10385862
10388245
10399454
10399798
10402694
10404135
10408780
10411565
10414130
10414241
10414553
10417291
10420985
10421714
10421734
10423032
10426870
10427898
10429283
10434082
10435193
10435957
10438675
10439150
10443454
10444445
10444740
10451446
10452613
10454470
10459899
10463586
10463805
10464189
10464760
10468520
10475067
10476588
10480642
10481018
10481749
10481835
10485114
10490351
10490572
10493373
10494044
10495902
10496268
10498938
10500281
10501148
10501684
10501960
10504724
10505744
10506083
10506123
10506785
10507271
10508524
10509547
10514081
10514482
10518548
10520194
10520917
10526520
10529856
10530068
10531058
10532678
10536271
10536403
10538419
10542985
10544401
10546407
10547535
10548117
10548305
10549919
10558119
10559128
10559603
10561400
10561626
10561874
10562754
10563223
10564550
10568480
10570340
10571450
10572496
10573418
10574040
10575513
10578285
10578697
10584350
10585712
10587472
10587513
10590628
10595612
10597369
10597373
10600060
10600559
10600767
10611209
10613128
10613957
10620046
10620848
10621362
10622391
10625466
10626359
10628852
10630918
10631246
10633429
10635301
10636118
10637808
10640506
10643557
10645900
10646341
10646386
10646911
10647765
10650233
10652227
10653648
10653996
10657878
10658286
10658446
10661487
10662123
10662451
10662613
10664384
10664727
10666961
10667114
10667202
10673148
10676502
10678084
10679796
10679836
10679846
10679943
10680630
10681442
10685262
10686944
10688534
10689405
10691173
10695286
10701025
10704814
10708467
10711649
10713951
10718686
10724409
10725740
10727667
10730968
10731146
10734746
10735167
10735367
10744092
10744664
10747878
10750905
10752674
10754630
10756422
10756753
10759446
10759605
10762199
10764771
10765324
10771654
10773437
10775726
10776514
10776865
10779177
10779805
10780621
10782812
10784646
10785565
10787987
10789490
10792634
10793263
10793269
10796335
10800310
10805496
10806185
10806416
10807268
10808790
10809930
10810811
10813028
10813364
10813512
10816112
10816447
10816981
10818312
10819186
10826524
10829068
10829641
10831561
10832876
10834622
10837665
10838578
10839120
10839349
10840663
10841261
10842161
10843859
10844261
10844984
10847921
10848428
10848858
10849678
10854938
10855206
10855615
10856307
10858151
10858355
10858894
10859177
10861553
10863555
10865860
10868590
10868623
10871450
10871789
10872062
10872228
10872499
10872955
10875992
10878859
10882860
10883396
10887075
10887818
10887940
10897919
10898484
10901159
10903030
10907047
10909206
10909434
10911567
10914127
10915841
10922909
10925107
10925598
10929320
10933818
10936873
10938511
10938902
10939049
10940855
10942364
10942564
10946334
10949938
10950001
10951568
10951937
10952289
10952556
10953130
10953176
10956227
10957466
10957656
10959395
10959590
10962585
10962615
10962800
10964682
10965507
10969503
10971640
10973159
10973460
10974747
10975098
10976392
10977678
10977718
10979999
10981489
10986833
10987195
10992431
10998767
11006420
11008597
11011030
11011719
11013648
11015635
11017074
11017637
11019618
11022142
11022316
11022739
11023224
11032355
11035161
11038286
11040567
11041140
11041930
11046986
11050031
11053863
11054372
11055180
11056736
11062885
11067935
11068541
11073647
11075321
11075735
11077677
11078298
11079929
11081319
11081559
11082174
11083055
11086509
11090926
11091662
11091992
11097461
11098310
11099212
11100393
11104713
11107426
11108593
11109074
11109433
11109721
11110960
11111678
11112091
11114080
11114316
11114673
11115395
11116442
11120692
11120886
11120909
11127398
11133073
11133729
11134574
11139085
11139154
11139237
11140651
11142477
11143483
11145562
11148652
11151758
11152652
11157270
11158909
11159644
11162325
11163084
11165875
11166713
11166891
11168857
11172496
11172913
11176847
11180537
11185359
11187381
11188428
11189318
11189822
11191896
11194234
11194422
11194998
11200087
11200489
11202960
11203706
11204372
11205575
11205887
11211505
11216259
11219010
11219538
11219993
11224389
11229489
11231188
11234568
11238087
11239778
11240041
11243178
11244420
11246910
11247335
11248869
11248902
11250775
11252096
11253961
11254017
11255901
11257449
11258284
11259196
11259754
11260046
11260197
11262147
11262790
11265164
11266325
11266776
11268465
11268790
11272016
11274066
11275200
11280135
11280523
11281847
11284757
11285221
11290911
11291002
11295428
11295477
11297354
11298397
11301454
11303387
11303492
11304234
11304650
11308974
11310102
11310650
11310978
11312403
11315302
11315447
11316462
11318430
11321462
11322688
11328031
11328837
11329748
11330180
11330898
11331865
11333505
11335129
11336465
11343371
11344166
11346453
11346761
11353236
11354157
11358294
11358897
11360589
11361341
11362432
11362864
11363369
11365587
11365607
11366563
11366813
11368303
11368767
11369832
11370323
11370444
11370938
11371254
11371263
11372273
11376437
11380512
11386066
11386644
11392447
11392681
11392954
11395954
11396785
11398212
11401227
11401278
11402336
11406683
11407105
11411680
11411986
11412290
11412689
11412717
11417584
11417615
11420751
11421999
11422116
11424204
11432943
11435551
11436926
11437608
11438615
11439993
11440631
11443297
11445395
11449518
11450757
11453813
11453888
11454194
11455854
11456820
11457243
11457756
11461770
11464326
11465285
11465980
11469970
11470549
11470639
11471088
11471578
11472818
11473179
11476324
11476766
11477464
11479108
11483861
11484126
11484226
11485873
11485960
11486964
11487672
11492007
11492701
11494530
11494682
11500785
11500968
11502226
11502603
11502615
11505494
11505763
11508859
11509980
11511748
11512261
11514251
11516625
11525691
11526360
11527228
11528804
11531660
11531739
11539292
11539494
11541752
11543890
11543915
11545335
11547127
11550346
11550664
11551016
11551806
11553657
11558864
11571498
11577667
11580875
11581090
11583353
11585887
11586117
11587116
11588008
11588039
11588771
11589090
11589679
11590924
11593477
11593604
11596639
11596835
11597887
11599362
11601993
11604125
11604650
11605997
11606634
11606741
11607527
11608717
11611208
11612481
11613263
11613785
11614221
11621044
11621176
11621317
11624963
11625888
11626210
11626244
11627376
11629302
11638832
11642483
11644645
11645855
11646133
11648121
11648412
11648429
11648937
11649148
11649713
11649863
11651105
11651454
11656893
11675271
11676602
11682390
11682598
11682906
11683210
11683541
11684108
11685107
11687897
11689630
11693005
11693067
11693376
11694329
11694540
11696837
11697597
11709985
11712236
11712288
11713069
11713504
11714773
11715477
11718200
11724050
11725723
11728717
11729860
11737584
11740583
11743210
11744328
11744568
11748383
11749163
11749393
11750038
11750907
11751960
11752319
11752934
11753579
11753769
11754151
11758565
11760023
11760306
11761121
11763285
11763721
11765068
11765253
11769617
11772206
11772953
11774219
11776273
11779591
11781882
11784499
11786744
11787669
11787756
11788045
11792005
11795323
11795773
11802039
11804476
11805610
11806834
11809166
11809343
11813514
11815174
11816857
11817042
11817235
11818151
11818209
11819873
11820741
11826054
11827733
11827863
11828653
11828843
11830013
11830085
11831613
11831624
11835141
11835212
11836574
11837617
11838576
11839939
11844963
11849360
11851599
11853294
11858613
11859522
11859801
11861350
11864290
11865300
11867088
11868181
11869960
11870095
11870113
11871417
11872768
11873417
11874994
11878903
11884260
11885028
11886917
11887798
11890918
11891445
11892682
11895962
11896258
11896582
11898190
11899309
11904507
11908144
11912474
11912713
11914972
11916050
11917780
11922361
11926100
11927147
11931495
11932595
11932745
11934571
11935625
11937272
11937937
11940416
11940671
11942138
11942597
11945535
11947125
11951702
11952663
11954798
11955174
11959089
11959643
11963258
11964901
11966357
11969910
11970489
11970938
11971684
11976164
11977581
11980511
11981426
11984025
11985591
11987367
11990964
11991244
11991246
11994720
11995628
11997538
11999891
12000253
12002094
12003679
12007263
12009444
12012766
12018604
12022511
12023128
12028814
12029710
12035211
12036361
12037643
12038756
12039877
12042189
12043476
12045048
12046395
12050795
12052568
12053633
12053868
12054384
12055661
12056694
12057910
12060003
12062285
12065093
12066639
12076796
12078307
12081171
12083399
12085226
12086034
12086213
12086494
12089619
12090617
12091193
12092972
12093922
12094635
12095003
12100275
12100846
12101171
12102729
12102905
12103142
12105131
12109811
12113210
12113867
12114406
12114685
12115177
12115693
12116830
12121713
12124746
12129455
12129491
12129852
12131092
12131300
12132944
12133476
12133607
12136291
12137249
12141959
12148825
12149368
12149426
12150794
12150815
12152037
12153105
12154620
12159058
12159863
12160293
12161749
12162877
12163292
12166306
12166478
12168740
12170073
12172664
12174405
12174960
12179103
12179449
12181075
12181190
12183265
12186153
12189997
12191503
12194598
12197660
12197777
12198267
12198946
12203240
12204820
12206264
12206510
12207961
12208168
12211305
12211512
12214742
12217989
12219038
12221378
12221855
12221856
12222904
12223392
12224813
12225510
12225649
12229887
12233667
12233725
12234410
12235097
12237064
12237412
12237606
12238148
12238376
12238398
12238546
12238618
12240131
12242925
12244445
12246337
12249404
12250226
12250659
12251495
12252665
12255202
12259176
12261539
12262662
12263006
12265461
12265489
12268458
12268592
12269988
12270422
12271505
12272626
12273602
12273804
12278342
12279685
12283343
12284139
12287246
12288734
12289552
12295291
12295990
12304153
12305016
12309150
12310964
12311087
12313063
12325849
12329315
12329554
12332515
12334293
12335068
12335715
12342048
12342678
12345809
12346280
12350087
12355321
12355541
12357557
12364259
12364965
12366242
12366738
12367214
12370948
12375520
12379607
12380916
12382390
12384686
12388515
12388684
12389865
12391420
12392055
12392387
12393253
12395974
12399919
12400070
12400691
12401539
12402831
12405675
12406809
12408897
12409127
12411610
12412186
12415204
12421180
12422818
12423046
12428577
12436419
12437968
12438572
12439387
12439422
12442930
12447926
12452434
12453463
12454852
12455341
12458432
12459726
12461420
12462121
12462620
12464005
12464373
12466299
12471507
12471900
12473665
12474852
12475494
12480053
12481387
12482279
12486249
12486251
12487292
12488139
12497117
12499944
12502831
12502892
12504218
12504457
12504528
12504795
12504900
12505285
12505606
12506755
12507276
12510030
12511164
12511975
12512136
12517290
12518768
12521654
12523129
12525832
12527048
12528023
12528834
12529129
12529340
12531163
12531293
12531821
12532837
12534625
12535596
12539390
12542071
12543913
12548564
12548796
12549006
12550078
12550349
12550391
12551768
12552485
12554791
12557372
12565154
12570036
12570641
12571355
12572029
12573890
12575738
12575977
12577109
12581706
12582528
12584237
12587480
12590389
12590612
12590780
12594459
12594642
12595669
12596595
12597007
12598424
12599398
12602018
12604540
12604701
12607982
12608698
12609317
12612955
12616444
12617230
12620388
12624039
12625738
12626017
12631073
12631161
12632843
12635696
12635866
12637381
12640340
12644986
12645700
12647607
12648475
12648825
12650464
12651564
12653091
12655250
12657089
12658855
12661489
12662583
12668599
12669099
12670655
12672235
12672485
12672913
12673144
12674037
12674981
12677092
12677495
12684119
12685797
12688714
12690942
12692473
12693435
12693668
12696149
12696572
12700650
12702148
12703163
12704437
12706157
12706613
12707765
12708500
12708949
12713322
12713393
12714275
12715257
12717460
12719237
12720681
12724201
12729896
12729982
12730205
12731380
12732444
12736484
12738108
12739603
12747142
12750467
12750999
12751731
12752363
12752544
12753588
12753736
12754175
12757057
12757248
12757680
12758633
12762664
12763553
12771521
12779856
12780765
12783593
12783991
12786424
12787861
12788774
12790206
12792911
12794119
12796468
12797420
12799508
12800641
12801404
12801776
12803502
12807611
12809110
12818648
12819587
12820325
12821762
12822003
12823644
12825197
12825448
12826143
12826955
12831719
12831728
12832739
12833828
12837721
12839517
12840997
12845046
12849158
12849738
12850692
12850855
12851177
12851179
12858144
12860411
12863048
12865428
12868574
12871313
12872295
12872394
12872530
12876316
12881134
12881743
12888849
12890869
12892314
12897831
12900981
12901107
12908020
12908541
12908801
12910185
12910241
12911800
12915322
12916401
12917992
12918369
12919869
12922195
12923225
12925567
12926947
12928428
12930797
12930877
12933465
12934679
12935210
12935525
12936186
12936386
12938517
12938700
12941985
12942855
12944022
12945879
12949019
12949259
12950414
12953260
12953338
12953901
12954019
12955597
12956207
12957487
12961573
12964323
12964347
12964377
12966856
12968182
12969681
12971162
12971580
12971749
12973146
12975786
12977011
12980979
12982193
12982964
12984241
12987382
12987618
12988768
12989562
12992954
12998206
12999131
13003369
13005081
13008366
13009079
13009485
13011031
13013963
13014544
13019527
13023266
13023304
13027818
13028995
13029459
13030160
13030183
13035233
13036098
13038484
13039012
13039530
13039879
13044221
13045593
13045842
13049274
13050587
13053275
13053740
13061843
13061888
13062039
13062540
13063120
13066127
13066733
13068559
13069786
13070335
13071098
13072795
13074281
13074574
13078732
13082290
13082928
13085625
13086989
13088685
13092766
13093054
13096423
13100374
13102292
13103209
13111830
13111938
13112112
13113184
13118551
13119916
13122955
13129028
13133532
13136662
13136746
13136962
13138005
13138958
13139522
13139754
13140082
13140681
13141366
13144959
13145826
13146993
13149275
13149518
13155380
13157226
13159488
13163305
13170815
13172657
13179297
13181782
13182697
13183197
13184162
13185602
13187298
13189068
13191171
13192532
13192983
13193635
13194499
13195613
13195734
13196129
13196794
13196846
13200547
13205512
13210225
13210246
13213100
13217581
13218066
13219462
13221676
13224212
13226615
13227730
13230214
13230324
13230457
13230603
13231438
13236328
13237310
13239052
13240047
13240493
13242747
13243037
13244685
13244694
13245144
13245943
13249260
13257311
13258209
13262449
13265075
13266184
13267758
13269426
13269727
13270368
13273642
13274031
13274139
13277471
13279706
13281662
13287538
13289487
13291446
13293101
13293990
13294165
13294254
13297820
13298215
13302978
13303368
13303476
13303607
13304276
13307319
13311190
13311389
13313308
13315460
13315607
13316875
13320419
13321047
13321293
13321568
13322574
13322804
13325180
13327821
13329910
13330119
13332053
13332870
13344570
13346761
13348041
13349395
13349570
13350374
13353613
13354551
13357348
13358014
13359704
13361757
13362036
13364018
13364637
13366241
13369341
13369802
13370873
13373280
13373914
13374410
13377005
13378232
13378397
13378875
13381255
13381656
13382656
13383735
13386465
13387047
13388734
13389521
13390848
13392670
13401153
13405605
13406123
13406601
13407446
13407678
13409641
13411160
13411164
13411712
13414769
13415019
13415373
13416340
13424678
13426282
13428004
13428930
13431124
13431144
13432477
13435571
13435621
13437767
13438529
13438875
13439984
13442954
13444022
13444181
13451438
13451620
13452305
13452422
13453966
13456501
13458333
13458466
13459032
13460336
13460864
13462137
13463043
13464570
13465696
13467333
13468175
13472223
13472392
13473388
13474315
13476049
13479185
13480761
13480790
13481443
13483497
13484216
13484694
13484718
13491740
13492127
13494577
13494790
13498586
13499252
13501778
13505210
13505372
13506829
13510148
13512721
13513729
13513903
13515728
13516740
13517940
13519500
13520781
13521617
13522845
13522936
13523172
13523253
13527178
13527310
13528022
13533434
13535685
13535814
13539741
13540285
13540288
13541301
13541683
13541879
13542451
13543160
13543697
13553329
13556757
13556906
13557112
13558867
13560210
13560805
13560843
13561790
13562250
13562498
13562863
13573198
13580245
13584962
13585372
13587963
13588086
13588109
13590372
13592448
13594642
13596425
13597384
13597770
13603037
13607434
13607586
13609122
13611545
13612033
13613013
13614892
13616277
13618085
13620484
13621288
13626458
13626763
13626898
13629397
13632640
13635400
13638874
13638875
13640279
13644449
13645882
13646111
13647548
13648309
13652507
13654474
13656708
13662760
13662878
13665439
13668782
13670997
13672993
13673825
13673942
13673964
13675109
13677733
13681163
13682527
13682881
13685812
13686202
13688742
13688755
13690441
13693298
13698591
13698710
13698879
13701335
13701550
13702122
13702297
13703225
13705098
13707863
13708402
13710706
13716080
13716374
13723040
13723815
13730005
13730774
13732588
13734789
13735739
13736414
13736494
13740695
13741654
13744847
13744875
13745671
13745977
13747779
13750518
13756229
13756659
13757276
13758788
13759914
13761739
13768909
13769530
13773694
13774527
13775041
13775464
13777526
13778522
13778588
13778596
13779331
13783411
13785514
13786076
13790260
13791904
13792538
13793609
13794086
13795031
13799224
13799406
13799702
13799791
13802794
13804094
13805917
13806098
13810750
13811514
13814933
13815112
13816063
13817572
13819275
13820034
13821367
13821411
13823377
13825859
13827428
13828497
13829278
13836964
13837482
13838380
13838998
13839345
13840920
13842558
13845758
13847135
13849823
13852979
13854051
13854411
13855123
13857374
13858737
13861595
13862685
13862912
13864949
13869165
13869267
13870521
13873612
13876483
13877857
13878632
13884067
13886348
13886800
13888477
13890010
13891636
13892018
13892547
13892676
13893273
13898715
13899432
13900984
13901896
13902077
13902774
13903649
13904874
13905922
13906874
13910547
13912763
13914061
13916380
13916612
13916730
13917078
13924836
13927768
13928075
13931221
13937435
13939240
13943308
13943647
13944784
13948877
13949104
13954667
13956144
13958595
13961782
13968777
13974882
13975408
13975916
13976042
13978279
13978337
13979815
13980922
13982348
13984236
13985384
13986609
13996386
13997073
14002482
14006625
14009212
14010282
14010318
14010496
14010897
14013036
14015587
14015807
14018633
14020472
14026084
14028930
14031118
14031752
14033593
14034402
14035227
14036136
14037389
14040256
14040337
14042052
14045035
14045511
14047718
14048654
14049702
14056086
14059217
14059505
14059653
14061381
14063543
14070140
14070769
14072053
14076029
14083086
14084843
14085179
14093763
14094049
14101178
14103226
14108411
14111688
14113167
14115420
14116494
14116624
14118493
14120309
14120417
14120510
14122194
14124070
14125954
14126757
14126930
14127618
14129912
14129951
14137134
14139507
14139566
14143250
14143857
14145500
14149766
14150741
14151150
14152566
14155985
14161798
14168648
14169015
14169471
14170189
14171060
14174071
14174145
14180129
14181576
14182399
14185608
14185798
14186139
14188410
14193162
14193616
14194720
14195970
14207072
14209115
14211940
14212544
14215880
14217297
14222728
14226250
14226961
14229682
14233371
14236023
14239987
14240026
14240821
14243398
14243545
14244217
14244940
14246920
14247211
14250127
14251735
14254086
14255762
14257244
14258331
14263993
14266658
14266825
14267796
14267938
14270710
14271328
14272584
14272920
14274732
14275713
14275916
14276422
14277890
14278997
14280729
14283489
14284149
14291053
14291108
14292209
14301052
14302706
14303074
14304211
14304429
14305033
14305323
14306536
14308719
14309411
14311068
14312717
14313023
14315135
14317863
14319047
14323256
14326421
14326438
14330030
14332118
14335001
14335113
14336415
14336619
14339580
14340378
14341063
14341178
14341189
14342002
14346181
14350828
14350984
14351246
14354766
14356905
14358168
14361141
14362596
14364947
14366615
14366860
14368358
14368807
14369225
14370550
14375620
14376082
14378534
14383711
14384714
14386492
14387093
14388214
14388741
14389891
14397582
14400818
14400906
14402323
14405997
14407010
14407328
14409207
14410198
14411116
14412861
14413819
14415598
14417692
14418650
14420614
14422236
14427072
14427296
14427340
14427818
14428081
14429816
14430033
14430622
14438216
14440763
14441282
14446221
14455762
14457558
14457938
14458146
14459231
14462094
14462776
14466562
14468083
14468124
14471249
14471741
14473835
14475127
14475784
14476493
14478128
14478222
14478476
14481043
14481131
14483602
14485468
14492736
14497165
14498655
14499819
14500956
14501953
14502750
14503121
14504160
14509577
14510425
14512342
14513216
14513951
14516583
14517924
14518037
14520644
14521172
14521603
14522896
14523406
14527040
14529647
14537860
14540626
14546139
14547476
14548353
14548644
14550280
14551161
14553539
14557326
14558812
14560405
14563696
14565859
14566410
14566545
14566769
14570331
14570850
14570898
14574214
14579770
14580934
14582956
14583866
14584293
14584528
14586110
14586298
14586412
14587047
14588790
14594711
14597059
14597311
14597406
14598869
14599098
14599607
14601696
14602131
14606007
14607537
14613932
14614377
14616406
14616646
14617121
14617866
14622162
14624625
14624655
14626061
14628217
14628946
14632023
14633498
14634001
14634992
14636744
14638756
14639001
14639168
14641691
14644450
14646178
14647682
14647806
14648717
14649590
14651064
14651882
14653202
14654497
14655921
14656923
14657505
14660443
14661350
14665022
14665694
14666265
14668869
14669299
14673993
14674298
14675602
14677548
14678510
14680227
14681182
14682371
14682389
14683500
14683717
14688527
14692741
14693706
14693835
14695859
14701217
14701399
14701999
14703861
14704211
14706066
14708541
14710767
14714515
14716012
14717796
14717810
14719937
14721961
14722100
14722960
14723496
14724129
14725533
14727117
14729219
14729707
14732089
14732526
14734108
14742777
14743927
14745151
14753044
14754592
14756536
14759392
14761110
14762371
14762503
14762555
14762628
14763215
14764035
14766399
14769058
14769942
14774559
14774606
14779491
14780045
14783660
14784792
14786343
14786778
14787318
14787723
14789831
14793973
14795441
14796418
14796963
14797384
14805839
14808406
14811054
14811775
14812590
14812868
14812880
14820225
14821828
14825543
14827711
14827912
14828977
14829259
14829587
14832469
14832838
14833909
14838634
14840277
14843530
14843793
14844216
14844883
14848095
14849056
14849358
14849451
14852674
14854295
14854686
14858244
14864690
14866161
14866832
14867134
14867148
14868606
14874096
14875197
14875661
14876205
14876370
14876517
14876915
14879588
14885889
14886273
14887699
14888481
14889243
14890038
14890482
14891000
14891393
14892425
14895302
14897303
14897693
14898678
14899239
14900095
14903818
14904847
14907303
14908701
14911959
14914044
14914118
14915013
14915489
14915696
14917516
14918503
14919156
14921584
14922259
14925232
14927964
14932782
14933524
14934539
14935561
14935886
14938227
14938984
14944746
14947927
14948664
14949082
14949311
14951403
14955082
14955470
14956901
14959760
14963168
14963418
14964507
14966124
14967258
14968115
14968317
14970298
14971152
14974684
14981109
14984200
14985668
14988337
14989675
14990379
14991100
14991590
14994852
14995754
14999418
14999494
15000084
15000543
15001323
15002618
15005258
15015571
15017090
15017353
15018979
15022762
15024136
15027203
15028018
15028207
15031273
15039690
15042609
15044712
15045455
15047704
15049501
15059154
15064091
15065761
15074622
15075886
15077778
15079697
15080212
15080478
15081976
15082513
15083990
15084086
15088958
15089443
15091572
15092021
15092319
15092652
15093109
15095630
15095840
15095857
15096288
15099107
15101066
15101173
15107276
15107561
15108616
15108624
15110077
15110555
15110826
15113628
15115297
15115587
15117264
15123174
15124239
15124296
15124784
15125466
15128509
15129834
15131735
15133303
15135993
15136307
15136369
15137419
15140525
15142052
15149440
15150441
15152227
15152607
15159261
15160386
15161890
15163092
15163974
15165182
15166101
15169102
15171691
15171928
15177057
15178123
15178519
15182186
15182428
15184669
15184691
15185008
15185714
15186737
15187861
15188811
15191888
15196515
15197378
15200404
15201937
15202672
15205243
15205958
15209877
15217053
15218096
15225845
15227100
15227147
15231140
15231923
15234566
15234840
15235636
15236584
15236803
15244879
15245622
15250064
15253677
15255327
15255560
15256963
15257482
15259214
15260310
15260673
15261231
15261382
15261560
15262653
15262852
15263955
15269409
15271906
15272277
15272485
15274505
15278009
15279195
15280001
15281699
15285056
15285954
15287857
15287914
15298537
15299041
15300392
15301259
15303551
15307228
15307591
15311382
15313527
15313876
15316117
15324722
15324871
15329018
15330699
15337828
15344598
15345250
15347129
15347834
15348040
15350673
15350726
15354436
15360314
15360618
15365054
15366461
15371483
15372455
15372858
15374668
15376638
15377938
15378931
15381814
15382008
15382012
15383132
15383763
15385134
15385542
15389203
15390229
15395982
15398290
15407425
15410030
15412128
15414451
15414615
15415781
15424675
15425667
15430277
15430368
15432960
15434013
15434187
15440004
15441243
15441591
15444716
15447884
15448188
15454249
15456044
15459531
15462503
15462812
15464512
15466388
15470872
15471985
15473947
15476142
15477730
15478588
15481693
15484050
15484351
15485296
15485521
15491171
15493176
15496561
15497877
15499357
15500583
15505603
15505794
15509067
15511337
15513200
15515311
15515816
15518520
15519022
15520703
15521556
15527908
15529213
15529723
15530304
15531281
15531570
15535417
15535862
15541144
15542919
15543892
15547734
15548243
15548839
15549871
15550226
15551583
15554324
15555526
15557925
15559942
15564353
15566395
15566534
15568104
15569456
15571470
15573310
15574532
15575308
15581303
15581545
15581798
15584882
15587882
15592263
15601357
15601511
15602940
15604651
15604724
15604822
15605660
15606183
15608737
15609637
15612660
15614751
15615689
15616871
15616898
15617439
15619635
15622110
15624514
15625181
15635692
15636345
15640003
15641613
15645822
15649345
15652816
15655457
15656226
15659806
15659973
15661082
15663273
15663683
15678747
15680852
15683386
15684168
15687018
15688865
15689126
15689494
15692751
15693158
15693188
15693776
15697426
15699499
15703899
15704122
15705538
15707909
15710919
15711753
15718282
15720066
15722808
15726896
15727494
15729348
15730055
15731230
15736693
15740413
15741810
15741967
15742520
15745440
15747402
15748963
15749198
15749787
15753756
15759800
15760865
15764929
15770220
15771781
15772000
15774562
15777978
15784178
15784846
15787178
15795727
15800255
15801053
15802466
15809548
15809799
15810274
15810653
15811184
15819210
15822710
15828514
15829713
15829875
15830800
15831373
15834787
15836400
15837186
15837951
15841979
15844073
15847067
15849794
15854809
15855313
15855717
15856475
15859802
15860230
15862194
15864834
15866073
15868996
15869704
15870021
15872321
15875044
15879431
15881913
15886683
15889996
15891834
15892100
15893472
15893578
15893763
15895919
15898399
15907262
15911092
15912664
15923511
15924752
15925971
15926141
15928486
15931101
15931612
15932846
15933817
15936480
15941655
15941736
15945631
15952410
15953332
15953665
15955385
15955900
15956024
15956707
15957212
15959071
15960818
15961645
15963329
15964600
15964997
15965057
15966476
15969683
15973650
15973985
15974713
15978604
15982188
15983882
15985712
15986923
15988087
15988258
15990299
15996193
16001589
16002040
16002448
16004282
16004656
16006193
16007359
16007701
16011397
16011597
16014169
16017462
16019367
16022123
16022212
16022781
16023089
16023663
16023954
16027290
16029877
16030490
16030752
16032093
16033293
16034296
16035156
16036655
16041144
16041206
16041362
16048774
16050813
16051031
16053427
16054924
16055297
16055321
16055596
16057097
16058168
16058441
16064773
16065375
16067163
16070904
16071214
16071936
16073963
16074338
16076214
16076510
16076530
16081539
16082247
16083854
16089108
16093642
16096949
16099128
16099686
16103195
16105881
16107348
16107885
16109410
16110819
16111059
16112244
16112832
16113046
16113056
16114179
16115446
16116407
16118713
16118748
16120858
16123829
16124131
16125113
16129703
16130320
16130322
16132940
16133044
16134176
16139180
16140103
16142880
16143015
16144846
16147267
16147572
16147913
16149170
16157144
16158679
16159914
16162621
16163374
16164506
16164808
16166029
16167272
16167975
16170083
16170107
16172739
16174693
16180185
16180284
16183245
16184202
16186387
16189263
16193214
16193972
16195569
16196407
16197299
16198000
16198838
16199229
16200837
16201316
16202575
16204955
16205079
16205963
16213323
16213449
16216284
16216855
16219234
16233419
16233797
16237768
16240136
16241615
16241621
16242095
16242952
16243050
16245402
16246847
16247612
16249269
16251897
16254539
16254936
16255142
16256495
16257239
16260649
16271892
16271955
16272623
16276136
16284030
16287740
16289844
16290235
16291165
16291484
16292037
16293399
16293733
16295182
16299823
16301167
16301372
16303827
16304398
16304840
16307187
16307888
16308519
16308574
16310496
16310721
16312827
16316016
16316282
16316890
16317300
16318703
16320114
16322252
16322623
16325120
16325996
16328779
16329361
16333596
16335369
16336009
16339307
16339876
16340727
16345143
16345215
16345253
16352646
16352682
16353190
16355819
16357422
16358005
16364491
16368214
16368604
16372911
16373582
16374341
16375617
16375707
16376536
16377003
16378911
16379099
16382188
16383116
16384794
16385758
16388563
16389332
16392335
16392510
16392850
16396172
16396633
16396747
16398176
16399561
16400350
16403887
16404284
16404471
16404722
16405093
16405500
16405853
16406700
16408750
16410413
16414021
16414747
16417335
16418513
16419228
16420513
16421745
16423543
16423871
16426938
16429959
16431546
16433714
16438784
16439584
16440092
16445431
16445441
16446019
16451495
16454372
16457847
16458530
16459729
16461466
16462873
16465274
16466054
16466905
16468492
16468980
16472748
16473815
16474116
16475892
16478102
16481957
16484826
16484908
16486139
16486972
16487776
16488162
16490265
16495317
16496221
16498065
16501878
16505652
16505973
16510271
16511829
16516523
16516855
16516876
16518163
16518471
16520166
16520345
16522230
16525528
16526804
16526925
16530591
16533044
16534336
16536070
16542526
16542935
16544606
16548110
16548862
16549273
16549969
16551964
16551980
16553069
16554689
16555974
16558568
16558777
16561603
16563960
16564266
16568884
16568892
16570201
16576115
16580320
16580573
16581242
16582091
16583752
16584388
16587809
16588182
16590579
16591768
16593477
16595801
16597592
16598487
16599522
16602523
16603134
16603837
16604004
16604895
16605348
16610459
16610680
16612291
16613560
16615647
16616217
16617262
16618541
16618905
16619217
16619346
16622620
16622848
16627272
16630187
16631107
16631220
16640819
16644061
16644265
16648348
16651997
16652563
16657745
16660731
16660909
16662006
16664307
16665739
16665914
16666256
16668600
16668941
16669527
16669783
16671351
16673066
16674566
16678626
16679722
16680637
16681090
16682121
16685355
16686103
16686360
16687970
16688806
16689260
16691261
16692974
16694298
16699663
16700238
16702728
16703773
16704404
16705908
16706805
16707359
16713370
16717432
16724996
16729294
16730164
16730290
16731214
16731677
16732504
16734249
16734539
16739688
16742375
16742862
16743155
16743258
16743960
16745695
16749187
16749500
16750820
16752029
16752875
16753875
16754015
16754965
16757095
16757408
16759154
16763691
16765670
16766860
16769010
16773326
16773526
16775092
16777238
16777470
16778347
16785677
16786553
16786916
16791035
16795924
16802444
16802952
16803929
16804078
16804906
16806299
16806521
16808958
16809185
16811006
16811596
16812924
16813315
16815891
16816722
16817643
16822388
16824065
16827966
16828108
16828583
16829294
16831556
16833105
16835009
16835211
16836423
16846579
16847919
16851157
16854476
16855481
16862182
16868134
16869827
16872742
16874306
16874882
16876062
16876234
16876286
16876965
16880189
16881640
16884127
16890450
16895214
16895406
16896895
16898318
16899487
16899983
16900065
16901907
16903926
16906347
16908290
16912798
16914565
16916690
16919239
16920003
16920230
16921841
16925572
16926191
16932625
16933811
16935018
16935138
16937916
16938277
16938468
16938678
16939697
16942793
16943212
16944445
16947064
16948569
16949789
16950044
16951908
16953499
16954657
16957122
16957413
16958232
16960473
16963685
16965759
16966657
16967137
16967646
16978536
16979719
16979991
16980636
16980652
16981430
16984276
16985475
16986205
16987961
16988376
16989944
16990006
16992188
16992405
16996273
17002689
17005432
17006856
17006877
17007648
17008099
17009158
17009364
17011983
17013667
17015967
17021846
17022956
17024193
17024878
17025807
17027587
17028739
17028894
17029311
17029504
17030925
17032661
17032763
17033438
17034371
17034718
17037732
17040499
17043882
17045598
17047621
17049879
17050665
17050858
17051559
17051771
17052187
17054632
17056046
17057965
17058107
17058252
17059720
17064144
17066410
17069698
17071963
17072774
17072952
17072993
17078475
17079232
17080979
17082037
17084413
17086825
17087332
17089675
17098941
17102246
17102525
17103171
17103689
17104139
17105914
17105995
17106363
17106862
17114542
17114760
17115384
17116388
17120015
17120346
17122465
17123142
17123511
17123600
17124490
17125007
17125888
17127399
17131568
17134200
17138111
17138614
17138656
17139645
17141245
17142357
17144232
17144606
17144912
17145928
17147195
17147804
17148139
17149347
17155733
17156318
17157052
17157575
17158888
17159321
17160385
17161238
17162309
17163014
17164582
17166043
17166154
17167364
17169638
17172128
17177476
17178169
17178602
17183117
17188488
17189478
17191645
17192634
17194309
17194712
17195821
17203277
17204329
17205173
17206297
17208826
17209565
17212467
17213877
17217889
17220856
17225322
17229915
17231291
17231814
17232445
17238517
17240258
17242806
17242848
17243284
17244553
17248725
17253742
17255734
17256563
17259852
17260301
17263865
17264414
17268160
17270631
17271454
17272456
17272928
17273140
17274036
17274303
17279171
17281157
17283265
17284347
17289269
17292340
17296765
17297051
17298435
17301665
17302072
17304496
17304755
17307615
17311602
17313061
17316680
17318908
17318994
17319008
17320787
17324546
17326308
17327652
17330039
17331088
17333230
17340485
17341950
17342739
17342873
17343973
17344025
17351818
17353547
17360022
17361325
17366652
17367902
17370955
17370971
17372248
17377321
17378352
17378666
17378692
17378782
17384564
17384863
17385046
17386849
17388848
17391252
17391318
17393434
17394838
17396789
17399605
17401930
17407446
17408104
17408271
17409693
17412651
17414284
17415618
17417150
17418022
17419200
17425373
17426983
17427101
17431895
17432281
17433258
17434512
17441132
17446388
17449036
17453139
17453725
17455617
17455644
17456645
17456871
17458845
17459011
17464552
17465166
17465379
17467603
17467778
17468102
17468856
17469631
17470732
17473694
17473773
17474459
17474977
17476133
17476492
17478278
17479581
17481214
17487675
17488168
17490056
17491138
17493357
17494760
17498086
17499692
17500766
17501709
17501962
17502778
17503968
17506568
17510203
17511030
17511506
17512291
17512975
17516337
17516547
17517438
17520352
17520878
17520960
17525741
17526177
17528339
17529513
17529679
17531683
17533138
17533726
17533772
17535678
17535848
17539009
17540385
17542188
17545667
17547862
17550675
17550990
17552215
17553029
17554224
17554726
17555723
17557841
17559228
17561874
17562593
17566650
17571830
17572941
17574276
17575773
17576067
17581735
17584047
17585775
17586700
17593513
17594063
17595049
17595087
17599208
17602473
17604436
17604749
17605813
17608571
17609685
17617080
17618610
17619091
17621764
17623111
17623781
17624301
17624588
17625877
17625937
17626200
17628244
17628785
17629277
17630970
17632587
17632853
17637074
17643357
17644885
17645302
17650278
17651316
17652211
17652804
17660772
17661273
17662089
17667645
17668611
17671044
17672182
17673250
17673755
17674196
17675930
17677318
17677497
17677888
17680211
17684154
17686647
17686780
17687460
17689664
17689886
17690568
17693143
17694419
17699433
17700630
17702290
17702959
17703410
17706151
17706825
17707901
17709377
17709490
17712437
17712531
17713787
17714007
17717235
17717789
17719255
17719909
17724010
17724408
17728088
17734209
17734496
17738617
17741330
17741893
17747808
17750582
17750769
17751697
17752212
17755503
17756915
17759164
17760322
17762736
17763298
17765954
17767004
17768237
17768339
17771458
17775249
17776536
17777927
17780456
17783013
17784194
17784889
17787522
17788350
17788438
17789174
17795797
17802036
17810292
17810992
17815179
17815896
17816303
17816800
17818263
17818505
17820256
17820467
17821692
17824825
17825730
17828707
17835193
17836869
17839231
17839343
17842242
17842452
17845935
17848065
17849215
17853816
17855658
17857102
17863193
17866065
17866635
17867319
17868070
17870507
17870707
17870941
17873114
17873161
17873607
17876212
17877957
17877964
17878130
17880738
17882912
17884004
17887035
17888020
17888629
17889566
17891873
17893949
17894677
17896065
17896736
17896967
17897915
17900076
17900619
17904643
17907750
17911155
17911419
17912633
17913614
17915464
17920193
17921462
17921478
17921524
17924248
17924389
17925725
17927318
17930962
17932497
17932883
17936161
17938591
17941729
17942365
17946742
17948170
17952640
17954003
17954835
17956440
17956703
17958900
17959175
17959913
17961099
17963389
17965855
17967656
17968613
17968813
17969187
17970962
17972407
17977370
17978148
17984893
17986095
17988548
17993217
17993400
17994162
17994276
17998784
17999987
18000503
18001143
18003405
18004665
18004896
18006171
18006739
18011339
18012564
18013741
18017837
18018772
18021345
18022098
18022947
18023318
18026641
18027888
18028487
18032483
18032506
18032591
18034229
18036071
18037757
18039646
18040524
18041320
18041644
18043571
18044381
18049961
18050429
18051103
18051381
18051761
18064632
18065062
18067955
18068962
18072985
18074011
18077026
18077094
18080885
18085037
18085346
18085546
18085584
18086486
18096900
18097015
18097785
18099773
18100959
18102352
18102864
18103509
18106774
18107763
18108050
18112554
18114734
18118431
18119898
18120212
18121313
18122582
18123422
18124819
18126009
18127373
18128374
18129438
18130403
18130725
18132472
18132473
18133516
18136740
18140107
18140687
18142011
18149281
18150223
18151727
18154408
18154421
18155470
18156326
18157746
18158845
18167555
18167646
18169548
18171809
18173123
18175181
18176100
18176418
18176436
18176991
18178359
18179148
18179168
18181196
18183241
18183669
18187740
18188422
18189307
18193783
18195697
18195752
18196919
18201225
18201925
18203540
18204342
18206695
18207476
18209650
18211980
18213214
18214414
18215731
18215761
18217114
18219256
18221524
18222507
18224414
18227491
18228707
18228906
18230035
18231231
18234286
18237973
18239247
18239976
18241405
18243547
18243550
18243766
18244040
18246049
18250071
18250409
18254991
18257182
18259576
18260021
18260450
18263854
18265755
18266124
18267787
18269433
18273816
18275703
18287750
18288660
18295295
18297184
18297864
18300379
18300668
18304266
18304326
18306812
18307784
18312103
18312272
18314859
18315629
18322606
18326818
18327760
18328240
18329804
18332889
18336372
18337345
18338448
18338711
18338857
18339852
18340645
18342748
18347080
18347336
18347984
18348299
18353243
18353552
18353908
18358099
18359736
18360842
18362871
18366343
18366393
18370415
18374565
18374585
18382905
18390253
18397547
18397826
18399347
18400419
18404626
18408049
18412539
18412876
18418074
18419504
18420137
18420194
18422175
18422737
18423522
18425699
18426101
18427512
18427981
18435893
18439374
18446772
18450112
18451101
18452224
18452305
18454103
18455947
18458197
18459564
18461410
18462059
18462900
18463347
18468416
18470696
18474227
18476788
18479798
18481185
18483629
18484298
18484992
18485229
18488013
18488034
18488393
18490839
18492690
18496959
18497921
18506863
18509743
18510291
18514256
18514966
18515688
18518097
18519168
18519305
18521426
18523357
18525222
18528253
18530434
18530709
18533741
18539738
18540832
18541470
18541674
18542426
18543934
18544135
18545761
18546181
18547843
18548348
18549093
18550905
18551314
18551634
18552938
18553753
18554683
18555039
18555769
18555900
18558455
18558511
18560578
18561373
18561536
18565490
18565989
18568229
18569928
18570133
18572123
18572785
18577433
18578569
18579766
18582677
18582759
18583195
18583378
18583759
18584580
