108505
109297
109516
109675
112597
113398
114293
115162
115306
115402
116271
116860
117174
117489
117637
117862
119669
120201
120763
121671
121974
122023
123422
124049
124141
124195
125177
126573
126834
127079
127391
127674
127718
127815
127828
127934
127965
128445
128535
128734
128913
129221
129344
129823
129951
130076
130135
130342
130452
130927
131178
131237
131314
131950
132096
132290
132343
133843
134076
134103
134162
134236
134505
134685
134786
135201
135248
135315
135701
135747
136462
136573
136866
137535
138772
140321
140512
140717
142261
142464
142526
142533
142649
142899
142961
143090
146454
147648
149236
150254
150831
150900
151165
151202
151916
152025
153327
155431
158744
202226
202425
203149
203354
203697
204515
204783
205150
205245
206117
206176
206287
206325
206845
206848
206876
207277
207656
207732
208128
208672
208913
208934
209838
210931
211165
211530
211613
211686
212664
212945
213163
214466
214726
217019
218781
218983
221291
227190
227759
293204
296079
301721
304434
305607
305683
305913
306656
307075
307122
307125
307383
308232
308347
308810
309820
310519
310625
310796
311273
311419
311802
312797
312830
313305
313432
313514
313847
314174
314777
314914
315097
315269
315328
315346
316569
316769
317172
317240
318112
318434
319193
319393
319466
320293
320563
320798
321146
321446
321448
433024
434361
436013
437316
437966
438137
439791
440439
444113
445632
446252
448217
448622
448763
448885
449258
449498
449515
449706
450191
450908
451059
451344
451383
451525
451904
452107
452414
452677
452707
453238
453328
453380
453604
453754
454617
454736
455515
455558
455601
456453
456698
457121
457206
457825
458080
458122
458148
458665
459232
459342
459454
459496
459550
459814
459960
460486
460762
461025
461145
461397
461583
461642
462747
462758
464029
464450
465313
465513
466004
466028
466855
467193
467572
468638
469278
469483
470009
470102
470412
471783
473098
473170
473729
474584
475226
475845
476043
476440
476783
477367
479005
479078
479181
480342
490573
494663
495151
495981
495986
496000
496149
496295
496479
496495
496533
497274
497732
497852
498242
498252
498323
498484
498602
499107
499568
499840
500052
500200
500444
500491
500499
501443
502691
503004
503522
504151
504189
504315
504478
504504
505521
505882
506038
506648
506753
507715
508894
509005
509111
510813
511324
511554
512011
512141
512424
512461
512882
513830
550040
550490
550691
550801
550847
551897
552224
552238
552360
552472
552945
553324
553663
553979
554276
554356
554864
554949
555336
555411
555574
555918
556192
556525
556803
557084
557128
557693
557703
558207
558404
559709
559757
559920
560148
560171
560245
560922
561084
561224
561327
561729
561785
561833
561899
561917
562038
562463
562522
562631
562635
562900
564657
565367
567328
568814
570066
570360
571550
571814
572020
573266
573977
574844
575422
575803
577127
643826
643926
643996
644116
644170
644196
644687
644794
644798
646152
646513
646551
646589
646736
647476
648026
648443
648822
648861
649093
649758
650027
650207
650374
650383
650642
651510
651513
651551
651756
652218
652403
652509
652875
653335
653369
654216
808599
809669
809776
810099
810342
810691
811109
811202
811308
811324
812687
813491
814076
814340
814637
814861
815123
815146
815215
815985
816569
816720
816850
817050
817179
817429
817811
817910
818688
818744
818822
818832
819424
820376
820436
820491
820587
821478
821644
821924
822682
823001
823157
823988
824469
824958
825011
836248
837637
839378
840031
841563
841611
842167
842916
843072
843249
843324
843330
844014
844023
844969
845110
846262
847571
848345
849473
849497
850401
850818
850898
851325
851511
852298
853305
853646
854338
854509
854757
855087
855310
855935
855951
856283
856997
857393
857830
858284
858358
859359
859852
860646
860864
862423
864014
893226
893618
893847
893977
894046
894446
894764
894784
895261
895555
895588
895652
895740
895798
895915
895983
895999
896156
896737
896900
897266
897301
897565
898360
898527
898791
899288
899442
899656
900004
900139
900172
900224
900362
900443
900509
900573
900608
900891
901065
901283
901313
901968
902543
902926
903033
903128
903188
904103
904128
904404
904488
904848
904885
905333
905489
905760
906033
906137
906160
906342
906453
906644
906846
906912
907210
907373
907692
907778
907830
908537
908656
908915
908999
909033
909066
909176
909557
909654
909833
910029
999637
1012587
1045229
1045589
1048697
1049702
1049747
1049870
1052435
1053388
1067792
1231573
1231618
1231648
1231957
1232099
1232509
1233239
1233410
1233697
1233730
1234647
1234713
1235183
1235420
1235474
1235678
1235799
1236080
1236578
1236938
1237874
1238356
1238490
1238754
1238948
1238948
1239069
1239239
1239695
1239877
1240544
1240574
1240707
1240876
1240922
1241620
1241674
1241849
1241932
1242123
1242386
1242406
1242555
1243199
1244186
1244502
1244938
1245196
1245288
1245410
1247161
1248042
1248109
1248694
1248818
1248930
1249014
1249897
1250279
1250312
1250558
1250651
1250662
1250889
1251279
1251358
1251964
1252306
1252336
1252706
1252736
1252782
1253250
1253378
1253892
1254322
1254451
1254620
1254698
1254849
1255155
1255427
1255696
1256003
1256231
1256412
1258245
1258857
1259096
1260001
1260521
1260523
1260564
1260715
1260809
1261262
1261499
1261551
1261660
1275921
1276387
1276498
1276629
1277247
1277318
1277790
1277993
1278108
1278731
1279219
1280002
1280347
1281198
1282456
1282789
1282994
1283414
1283670
1283932
1284200
1284889
1286145
1286155
1286336
1286433
1286954
1287143
1287725
1288063
1288139
1288649
1288782
1289018
1289387
1289675
1290532
1290590
1291073
1291187
1292297
1292525
1293010
1293200
1293947
1293954
1294145
1294395
1295613
1295971
1296154
1296355
1297181
1298140
1298355
1299350
1299398
1299521
1300245
1300572
1300751
1300817
1301311
1301596
1301652
1301705
1301989
1302235
1302318
1302424
1302615
1302898
1303541
1304141
1304300
1307655
1309718
1309877
1313034
1313327
1315150
1318814
1319349
1319954
1320819
1320928
1365872
1365941
1366627
1368826
1368966
1369625
1369833
1370708
1370847
1371088
1372584
1373252
1373775
1374187
1375145
1376381
1379557
1380460
1381256
1381878
1382363
1382792
1384007
1384214
1401062
1402820
1404214
1404627
1409540
1412378
1414155
1414247
1414349
1414494
1414550
1415748
1416226
1416818
1416970
1416989
1417019
1417367
1417576
1417813
1418058
1418124
1418333
1418673
1418674
1418678
1418683
1418777
1418834
1419029
1419437
1419565
1419644
1419664
1419929
1420811
1420907
1421462
1421800
1422036
1422050
1422125
1422166
1422244
1422299
1422385
1422422
1422440
1422508
1422625
1422729
1422909
1423100
1423223
1423227
1423334
1423853
1423920
1424293
1428265
1434320
1437761
1452456
1454028
1458245
1458350
1459225
1459784
1460708
1462616
1463143
1464722
1464730
1465046
1465053
1465410
1465519
1467119
1467654
1468404
1468698
1469271
1469936
1470057
1470732
1471795
1472559
1472615
1473201
1474060
1475196
1475324
1475583
1475730
1476295
1476300
1476800
1477122
1477152
1477796
1478059
1478313
1479046
1479565
1479724
1479896
1479915
1480280
1480759
1482517
1482817
1483537
1484159
1484401
1484820
1485361
1485450
1485501
1625672
1629011
1629576
1630697
1674977
1674977
1675748
1677181
1677458
1677601
1677623
1677885
1678741
1678875
1679188
1679414
1679617
1679647
1679676
1679795
1680698
1680785
1680807
1680892
1681027
1681627
1682628
1682799
1683408
1683815
1683957
1684083
1684211
1684389
1684504
1685121
1685314
1685604
1686115
1686978
1688135
1688970
1689399
1689970
1689975
1690295
1690325
1690692
1732268
1747313
1747540
1749578
1751613
1752205
1754624
1757451
1758760
1761287
1761502
1762077
1762381
1762394
1762790
1800818
1802482
1804843
1804937
1805354
1806496
1806850
1807447
1807613
1809516
1809933
1810947
1876038
1877902
1878202
1878844
1879605
1880302
1880483
1880684
1881581
1882626
1883064
1883672
1884136
1884972
1885312
1888282
1889310
1889751
1889829
1890758
1894626
1903964
1904056
1904640
1904991
1905305
1905481
1905679
1907064
1907310
1907670
1907717
1908045
1908749
1909479
1909752
1910190
1910665
1910862
1911042
1912157
1913275
1914919
1915001
1915631
1916542
1917356
1917418
1918034
1936306
1936711
1936847
1937806
1938456
1938731
1939170
1939435
1939741
1942018
1942160
1942802
1943091
1943950
1945149
1947240
1950399
1952120
1952253
1953389
1953491
1953957
1954038
1954356
1954623
1955008
1955362
1975408
1977055
1977385
1978490
1980673
1982269
1982697
1982913
1984805
1985475
1986425
1987040
1987631
1988038
1988572
1990451
2037849
2038960
2039689
2039713
2042037
2043065
2043376
2043995
2044625
2044732
2045205
2045237
2045308
2046256
2046366
2050726
2051501
2051503
2051602
2079696
2081657
2082949
2119902
2133020
2137077
2137090
2138631
2139744
2140539
2142053
2145279
2146261
2146647
2146892
2146950
2147019
2147177
2147566
2148049
2148128
2148239
2148561
2149185
2149218
2149469
2149529
2149560
2150116
2150357
2150474
2150756
2150912
2150922
2151631
2151721
2152286
2152359
2152832
2152882
2152961
2153095
2153272
2153758
2154329
2154624
2154655
2154792
2155440
2155444
2155926
2155982
2156622
2157206
2157566
2157640
2158408
2158873
2158878
2159399
2160206
2160498
2160715
2160853
2160902
2161023
2161036
2161753
2162530
2162607
2162833
2163200
2163342
2164293
2164415
2164554
2165280
2165495
2166227
2166257
2166355
2166410
2166937
2167602
2168201
2168866
2169263
2170020
2170826
2171446
2171469
2171645
2172101
2172878
2176015
2177836
2196818
2196870
2197222
2198687
2200172
2201656
2204003
2204103
2205322
2205350
2206541
2225154
2225172
2225467
2225558
2225575
2226016
2226112
2226639
2228573
2229980
2232091
2233590
2233673
2235262
2237196
2238988
2239110
2240056
2257748
2258224
2260310
2261434
2264026
2265193
2266281
2288711
2290447
2290826
2291089
2291181
2291183
2291662
2291737
2291931
2292742
2293020
2293162
2293500
2293864
2294836
2295540
2295633
2295720
2295734
2295866
2295903
2296251
2296380
2296571
2297371
2297611
2297726
2298070
2298212
2298403
2298532
2298538
2298678
2298720
2298935
2299247
2299468
2299658
2299898
2300357
2300516
2300735
2300831
2301191
2301318
2301903
2301969
2302498
2302704
2302757
2302804
2302842
2303391
2303417
2303656
2303841
2304080
2304091
2304199
2304373
2304591
2304892
2304912
2305061
2305138
2305153
2306231
2306465
2306590
2307352
2307530
2307732
2307899
2308242
2324152
2324459
2324462
2324472
2324661
2324755
2325118
2325196
2325636
2325900
2326392
2326559
2326878
2326965
2327676
2327753
2327928
2328022
2328248
2328322
2328343
2328416
2329474
2329716
2330871
2331006
2331296
2331864
2331941
2332624
2332972
2333004
2333772
2333996
2334036
2334090
2334552
2334596
2334657
2334698
2335097
2335120
2335318
2335419
2335455
2335922
2335997
2336371
2336516
2336653
2336691
2336795
2337679
2337707
2337802
2338001
2338040
2338158
2338451
2338881
2339099
2339339
2339464
2339516
2339634
2339984
2340795
2342680
2342794
2342922
2342968
2343068
2343706
2343858
2343943
2344060
2344409
2344429
2344579
2344940
2345190
2345838
2346964
2347157
2347879
2348417
2348644
2349305
2349317
2349664
2349675
2349775
2350097
2350340
2350607
2350993
2351683
2351836
2352026
2352322
2352532
2352668
2352685
2353733
2353764
2354159
2354508
2354862
2354872
2354878
2354908
2355527
2355856
2356178
2356352
2356388
2356402
2356501
2356871
2357491
2357686
2357720
2358474
2358480
2358493
2358744
2358973
2359138
2359651
2360187
2360261
2371976
2376821
2379393
2382493
2385688
2387409
2387804
2415778
2421462
2421766
2421972
2422220
2422420
2423579
2423914
2423958
2424100
2424451
2424702
2424911
2425726
2425953
2426256
2426536
2426883
2427200
2427334
2427357
2427450
2427763
2427958
2428734
2428932
2429201
2429936
2430067
2430186
2430320
2430465
2430483
2430624
2430790
2431502
2431667
2431787
2431884
2432019
2432099
2432656
2433563
2433659
2433668
2433760
2434232
2434275
2434338
2434763
2435463
2435580
2435870
2436141
2436385
2436399
2458826
2462731
2468365
2498225
2500828
2503009
2506441
2509277
2513221
2513576
2514140
2514728
2514898
2515125
2515357
2516564
2517364
2517400
2517470
2518453
2518536
2518907
2519179
2519943
2520732
2521568
2524143
2555102
2617749
2617797
2618379
2618403
2619321
2620179
2620272
2620868
2620945
2621156
2621188
2621261
2621316
2621951
2622155
2622201
2622342
2622472
2622522
2623310
2623520
2623551
2623645
2623980
2624001
2624504
2625037
2625822
2626055
2626434
2626800
2627200
2627467
2627832
2627848
2628266
2665357
2665912
2665968
2666225
2666316
2666576
2666804
2667341
2667440
2668288
2668324
2668471
2668504
2668922
2669151
2669788
2671192
2671373
2671436
2671558
2671803
2671827
2671995
2672027
2672088
2672145
2672198
2672746
2672963
2672968
2672977
2673266
2673451
2673479
2673609
2673764
2673846
2674213
2674927
2675106
2675201
2675216
2675400
2675586
2675985
2676395
2676513
2676699
2676793
2700082
2707401
2708736
2708764
2709057
2709259
2709613
2710009
2710015
2710134
2710340
2711072
2711132
2711205
2711260
2711475
2711825
2711898
2712099
2712291
2712475
2712886
2713338
2713500
2713575
2713790
2714068
2714541
2714675
2714728
2714791
2714846
2715214
2716070
2716152
2716175
2716409
2716876
2717841
2717964
2718188
2718208
2718400
2719221
2719247
2719453
2719832
2720223
2720331
2720341
2720401
2720914
2721114
2721462
2721813
2721873
2721958
2722369
2722453
2722517
2722526
2722715
2722797
2722974
2723229
2723622
2724028
2724414
2724478
2724562
2724849
2724952
2919414
2920553
2920732
2923939
2924439
2924486
2930690
2931182
2931261
2934189
2937486
2939372
2939562
2939728
2939886
2940186
2940582
2942212
2942496
2942846
2942982
2943015
2943054
2943291
2943851
2944295
2944303
2944710
2945812
2946515
2946531
2947130
2947193
2947298
2948835
2949056
2949217
2949439
2949653
2950358
2951382
2951488
2951745
2951932
2952289
2952361
2954479
2954509
2954673
2955027
2955054
2955194
2955806
2956036
2956094
2956218
2956549
2956716
2957210
2957997
2958356
2959372
2959389
2959658
2959932
2960300
2960804
2961031
2961848
2962728
2963710
2963964
2964383
2964686
2965473
2965706
2966073
2966120
2966345
2967083
2967774
2967823
2967931
2968117
2968384
2968654
2968742
2969504
2969552
2969881
2970516
2970818
2970975
2971865
2973319
2973333
2973374
2973567
2974211
2974239
2974310
2974427
2974537
2975012
2975164
2975803
2977160
2977168
2977539
2977884
2977968
2978119
2978192
2978520
2978540
2978570
2978634
2979447
2979557
2980023
2980031
2980174
2980247
2980383
2980589
2980865
2981067
2981585
2981721
2982255
2982723
2982842
2983456
2984242
2984640
2985115
2985476
2985549
2985839
2985862
2985937
2986259
2986425
2986661
2987075
2987879
2988271
2988356
2988452
2988791
2988834
2988883
2988906
2989118
2989471
3020952
3021528
3022720
3022954
3023219
3023702
3024601
3024611
3025900
3026377
3026741
3027415
3027669
3027692
3027997
3028472
3028956
3030482
3031088
3031330
3032045
3032089
3032358
3034117
3034396
3035184
3035509
3035555
3036526
3077671
3096433
3098041
3099247
3101455
3104136
3107156
3110639
3112531
3114374
3140994
3141149
3148018
3149433
3149554
3151054
3155356
3157856
3194960
3197813
3198176
3199449
3202884
3205252
3206158
3206690
3207559
3207975
3208502
3211409
3213655
3214680
3215582
3217783
3220223
3222336
3288594
3290050
3291337
3291484
3292938
3293801
3293988
3294060
3296496
3297161
3298164
3298454
3298487
3298592
3299560
3299717
3299895
3299990
3300616
3300645
3301801
3302636
3302774
3303782
3365665
3365762
3365777
3366090
3366379
3366813
3367047
3367392
3367879
3367923
3368000
3368482
3368697
3368754
3368782
3369313
3369644
3369909
3370273
3370274
3370572
3370855
3371165
3371389
3371396
3371521
3371554
3371678
3372264
3372516
3373025
3373056
3373084
3373139
3373328
3374052
3374061
3374769
3374774
3375161
3375594
3375728
3375808
3376097
3376401
3377070
3377144
3410077
3410759
3410791
3410987
3411119
3412955
3413451
3415290
3452493
3453121
3453544
3454051
3454541
3454605
3454624
3454705
3455249
3455352
3455551
3456822
3457108
3457242
3457302
3457408
3457569
3457626
3458266
3458313
3459752
3460305
3461143
3461675
3462187
3462202
3462781
3462848
3462870
3463301
3463461
3463972
3464035
3464199
3464207
3662109
3671693
3672148
3730771
3730899
3730930
3731063
3731274
3731311
3731452
3731516
3731913
3732052
3732076
3732099
3732318
3732382
3732497
3732698
3732886
3732921
3733009
3733103
3733182
3733338
3733473
3733792
3733901
3733958
3734247
3735501
3735568
3735801
3735945
3736257
3736368
3736595
3737365
3737408
3737689
3738115
3738174
3738385
3738437
3738469
3738518
3739339
3739460
3739576
3740593
3740652
3740924
3741056
3741186
3741227
3741615
3741750
3742127
3742561
3742709
3742752
3743104
3743105
3743192
3743293
3743871
3743899
3743924
3744223
3744286
3744312
3744382
3744405
3744406
3744449
3744681
3744792
3745085
3745121
3745824
3745863
3746337
3746911
3747085
3747904
3747981
3748392
3748833
3748919
3801989
3831326
3831454
3832341
3832725
3832768
3832807
3832844
3832975
3833944
3834247
3834697
3835083
3835602
3835614
3835955
3836583
3836974
3837084
3837806
3839567
3840003
3840237
3840676
3840992
3841322
3841421
3841828
3843131
3856792
3857500
3858288
3858495
3858625
3858765
3858805
3859302
3859991
3860238
3860443
3860838
3860904
3860927
3861514
3862128
3862171
3862774
3863777
3863812
3864207
3865085
3865211
3865276
3865552
3865740
3866048
3866879
3868017
3868135
3868157
3868288
3868701
3869007
3869065
3869072
3869073
3869333
3869374
3869422
3870062
3870281
3870285
3870588
3870657
3870741
3870910
3872034
3872393
3872421
3872430
3872561
3873089
3873493
3873611
3873841
3873844
3874240
3874277
3874904
3875002
3875395
3875566
3894417
3894569
3894671
3894673
3894746
3894912
3895022
3895400
3896400
3896578
3896798
3896845
3896885
3896890
3896974
3897199
3897965
3898309
3899108
3899147
3899420
3899788
3900194
3900388
3900468
3901023
3901089
3901717
3901788
3901949
3902187
3902295
3902728
3902736
3903055
3903223
3903538
3903851
3904056
3904177
3904310
3904329
3904443
3904581
3904785
3905076
3905469
3905576
3905640
3906081
3906375
3906853
3907072
3907081
3907204
3907821
3907987
3908158
3908988
3909261
3929322
3929378
3929990
3930117
3930245
3930750
3931102
3932072
3932097
3932135
3932177
3932196
3933573
3933934
3933961
3934235
3934615
3934853
3935156
3935550
3936241
3937191
3937944
3938072
3938608
3940167
3940223
3940772
3940955
3941360
3941625
3941634
3941643
3941653
3941730
3942199
3942206
3942277
3942883
3943154
3943905
3945208
3950409
3951003
3951287
3956559
3956636
3957218
3958177
3958590
3959190
3974694
3975009
3975069
3975455
3975943
3976556
3976666
3976876
3977036
3977058
3977408
3977454
3978331
3978583
3978703
3978845
3979283
3979386
3979577
3979668
3979782
3980302
3980535
3980543
3980944
3981393
3981857
3981916
3982047
3982393
3982564
3983034
3983219
3983449
3983483
3983691
3983760
3983848
3984164
3984211
3984218
3984351
3984362
3984446
3984600
3985182
3985582
3985588
3986297
3986318
3986901
3987383
3987662
3987788
3987900
3987912
3987945
3988458
3988564
3988592
3988842
3988983
3989070
3989095
3989389
3989438
3989623
3989765
3989900
4016279
4021026
4041513
4041736
4041791
4042303
4042572
4043258
4044084
4044276
4045367
4046004
4046594
4046942
4046992
4047070
4047285
4047570
4047947
4048058
4048381
4049845
4051267
4051928
4052813
4052945
4053102
4053297
4053321
4053971
4054908
4055368
4055605
4055764
4056995
4057706
4057895
4057983
4058138
4059600
4059631
4060291
4073628
4073651
4074767
4075045
4075170
4075217
4075695
4076211
4076483
4076891
4076960
4077641
4078374
4078689
4080436
4080785
4081264
4082171
4082312
4082950
4082966
4083072
4084014
4084472
4084590
4200588
4200709
4200844
4201131
4201771
4202442
4202528
4202613
4202709
4202809
4203045
4203184
4203550
4203693
4204395
4204671
4205211
4205263
4205274
4206377
4206842
4207307
4207320
4207916
4208006
4208070
4208454
4208460
4208570
4209219
4209363
4210097
4210311
4210697
4211173
4211270
4211472
4211571
4211600
4211652
4211931
4211964
4212051
4212103
4212324
4213917
4214796
4214891
4214902
4215178
4215239
4215389
4215670
4216061
4216134
4216379
4216424
4255778
4258887
4261674
4262044
4275310
4275642
4276329
4276335
4276505
4276876
4277050
4277292
4277507
4277743
4279263
4279664
4280293
4280440
4281352
4281364
4281796
4282146
4282211
4282566
4282716
4282982
4283718
4284324
4284985
4285346
4285409
4285419
4286271
4286740
4287351
4288038
4288347
4288492
4288551
4289020
4289295
4289432
4290277
4291512
4291724
4292047
4293019
4311865
4312022
4312662
4312872
4313018
4313910
4314006
4314018
4314169
4314222
4314337
4314830
4315101
4315124
4315380
4315472
4315502
4315821
4316254
4316305
4316419
4316584
4316625
4317240
4317617
4317750
4317959
4318950
4319133
4319329
4320013
4320077
4320413
4320731
4320829
4320912
4321241
4321288
4321396
4321828
4321876
4322257
4322305
4322433
4322503
4322841
4322964
4323110
4356247
4356561
4356799
4356911
4356940
4357104
4357494
4357542
4357803
4357854
4357860
4358413
4358549
4358948
4358989
4359178
4359211
4359810
4360342
4360751
4360914
4360957
4361266
4361671
4361964
4362763
4362990
4363842
4364311
4364478
4364502
4364575
4365430
4365620
4365707
4365901
4384666
4384753
4384888
4385347
4385454
4385555
4386666
4386735
4386777
4386968
4387632
4387664
4388236
4388299
4388516
4388891
4388938
4388987
4389018
4389410
4389598
4389928
4390059
4390083
4390302
4390336
4390834
4390916
4390977
4391362
4391387
4391418
4391744
4392034
4392078
4392421
4392466
4392719
4392887
4393580
4393692
4393788
4393867
4393940
4394160
4394348
4395108
4395587
4395942
4395998
4401299
4404561
4442424
4442800
4444236
4444674
4445878
4446231
4446293
4446615
4446671
4447567
4447838
4448005
4448041
4448190
4448195
4448493
4448758
4448784
4448902
4449078
4449097
4449165
4449372
4449781
4450221
4450673
4450834
4450899
4451233
4451258
4451558
4451596
4451974
4452237
4452297
4452473
4453224
4458718
4459747
4465158
4466289
4467346
4472001
4472008
4472329
4475535
4475791
4478969
4482482
4482483
4483237
4483296
4484406
4485742
4486652
4487496
4487754
4487781
4487802
4488307
4488411
4488441
4488538
4489239
4489358
4490189
4490341
4490580
4491626
4491644
4493193
4493848
4493958
4494016
4548278
4798318
4798397
4798470
4798577
4798682
4799425
4799838
4799876
4800003
4800536
4800678
4801066
4801135
4801242
4801884
4801902
4801994
4802259
4802676
4803135
4803185
4803985
4804161
4804338
4804413
4804488
4805042
4805224
4805499
4805621
4805762
4806313
4807083
4807469
4808039
4808129
4808649
4808691
4808722
4808772
4808901
4809499
4810127
4810598
4810855
4845232
4845994
4846393
4849076
4850432
4851849
4853579
4854396
4855458
4856773
4987102
4987945
4988205
4988435
4989539
4992389
4996099
4996692
4997563
4998998
4999018
4999435
4999731
5000052
5000213
5000322
5000583
5001023
5001148
5001257
5001669
5001762
5001804
5002116
5002187
5003232
5003269
5003714
5004233
5004685
5004811
5004821
5004876
5005004
5005750
5006124
5006363
5006855
5007266
5007372
5007656
5008134
5008317
5008350
5008424
5008670
5009144
5009517
5009602
5009681
5010602
5010630
5010655
5011018
5011161
5012289
5012429
5012487
5013215
5013660
5014365
5015936
5016128
5017155
5018044
5019841
5020559
5022129
5023828
5024165
5025591
5026421
5027579
5042933
5043136
5043936
5044950
5045288
5045583
5046073
5046309
5046512
5046536
5046648
5047568
5048493
5048508
5048967
5049400
5049759
5050694
5051217
5051415
5051652
5051659
5051981
5052139
5052231
5052650
5053014
5055458
5057058
5058202
5058477
5058529
5058907
5059498
5059845
5060657
5061183
5061723
5061998
5063459
5063486
5063871
5064084
5064259
5064297
5064375
5064578
5065341
5065380
5065587
5066125
5066950
5067134
5067807
5068803
5144198
5149513
5152562
5152661
5154630
5157916
5158642
5159779
5160918
5161177
5161369
5162693
5162854
5162890
5163660
5164296
5164422
5164528
5168236
5168323
5252315
5259475
5321453
5321864
5327769
5329375
5330251
5332284
5333732
5353351
5362760
5369756
5370356
5372401
5373101
5373571
5374498
5376256
5376363
5377482
5380435
5382257
5383341
5467343
5467376
5467381
5468473
5468662
5468727
5469220
5469334
5469759
5470088
5470304
5470306
5471841
5472204
5472538
5474152
5474457
5474859
5475248
5475511
5476217
5476486
5476603
5477228
5477377
5477481
5478070
5478209
5478392
5478578
5479421
5480023
5480237
5480831
5480969
5481317
5481559
5481626
5481792
5482855
5483312
5513412
5513761
5513858
5546691
5549110
5551843
5552497
5682478
5682859
5682891
5683071
5683164
5683173
5683251
5683256
5683347
5683784
5683841
5684314
5684317
5684658
5685074
5685178
5685390
5686406
5686597
5686776
5687437
5688096
5688261
5688758
5688844
5689098
5689187
5689192
5689234
5689369
5689451
5690099
5690546
5690614
5691145
5691401
5691465
5691484
5691769
5692198
5692298
5692336
5692478
5692644
5692738
5692969
5693095
5693209
5693355
5693550
5693607
5693757
5694018
5694204
5694240
5694244
5694257
5694402
5694502
5694599
5694655
5694752
5695079
5695098
5695160
5695827
5696084
5696435
5696440
5696479
5696648
5697103
5697166
5698353
5698490
5699279
5699657
5699746
5699747
5699989
5700167
5701365
5701434
5702064
5702106
5702909
5703538
5703562
5704295
5704380
5705374
5705429
5705501
5705530
5706194
5706205
5706479
5706499
5706949
5707171
5707223
5707238
5707901
5707980
5708206
5708539
5709763
5710496
5710641
5711453
5711730
5711775
5712127
5712135
5713385
5721265
5806604
5809646
5825046
5825168
5825179
5825250
5825618
5825637
5825844
5825897
5826199
5826480
5827363
5827706
5827867
5828081
5828569
5828675
5829315
5829402
5829523
5829642
5830029
5830127
5830241
5831291
5831705
5832284
5832327
5833565
5833857
5834012
5834205
5834292
5834560
5834778
5835214
5835404
5849622
5849735
5849984
5853888
5854512
5855030
5855690
5855709
5856718
5857529
5857654
5857956
5858723
5859431
5859544
5859755
5859931
5864015
5864020
5864039
5864077
5865195
5866198
5866420
5868266
5902100
5902315
5902882
5902894
5903217
5904181
5904368
5904820
5905053
5905428
5906614
5907061
5907146
5907374
5907930
5908220
5908657
5908952
5909512
5909570
5909679
5910850
5911838
5911889
5911987
5912163
5912427
5912935
5912998
5913980
5914549
5914954
5915227
5915539
5915873
5916051
5916085
5916385
5917020
5917036
5917550
5917694
5918071
5918123
5918169
5918335
5918626
5918879
5918959
5919297
5919869
5920573
5923900
5926267
5926893
5926936
5927016
5927634
5927731
5927938
5927982
5928140
5928266
5928353
5929090
5930295
5930478
5930628
5931259
5975095
6013959
6020967
6021310
6022807
6030134
6030179
6063902
6064145
6065099
6065102
6065390
6065668
6065831
6066924
6067475
6068015
6069146
6069916
6070000
6070774
6071286
6071949
6071997
6072049
6072118
6072610
6073073
6073138
6073353
6073654
6073809
6074766
6074957
6075955
6076543
6076641
6076792
6077880
6078240
6078531
6078779
6078839
6079219
6079319
6079999
6080583
6081034
6082014
6082144
6082183
6082195
6082258
6082719
6082942
6083019
6083328
6083655
6084213
6084286
6084605
6085339
6086174
6086453
6086620
6086648
6086698
6087194
6087350
6087398
6087560
6087897
6088290
6088735
6088805
6088853
6088982
6122549
6125695
6152667
6153006
6155376
6157361
6157756
6159027
6160445
6160665
6161608
6161652
6162647
6163845
6166839
6167485
6167601
6168873
6169304
6169532
6174041
6174718
6175212
6181099
6182112
6237318
6237541
6237675
6237931
6238050
6238565
6238890
6238932
6239632
6239680
6239766
6239988
6240633
6240856
6241012
6241602
6241613
6241825
6242046
6242354
6242794
6242896
6243311
6243526
6243589
6243640
6243664
6243778
6243984
6244327
6245089
6245250
6245767
6245836
6245950
6246159
6246702
6246738
6246800
6246878
6247089
6247854
6247976
6248085
6248117
6248350
6248545
6248740
6248839
6248869
6248875
6249137
6249597
6251201
6251273
6251432
6251978
6251987
6252008
6252739
6253344
6253518
6253868
6254479
6254595
6255042
6255159
6255790
6256803
6256959
6257014
6257272
6257328
6257839
6258097
6258412
6258935
6259401
6259798
6259848
6260292
6260410
6260653
6260685
6260870
6260944
6262119
6262257
6262296
6262533
6262657
6262889
6263207
6264489
6264562
6264653
6264684
6265344
6265653
6266010
6266072
6267310
6267376
6267619
6267700
6267771
6267870
6268080
6268363
6268701
6269285
6269418
6270018
6270045
6270281
6270848
6271111
6271222
6271349
6271414
6271650
6271983
6272087
6272157
6272939
6273072
6273216
6273431
6273476
6273484
6273685
6274560
6274571
6274586
6274679
6274775
6275385
6275742
6275935
6276161
6276314
6276329
6276394
6276508
6277065
6277372
6277411
6277514
6277519
6277862
6278088
6278155
6278493
6278510
6278542
6279816
6279868
6279871
6279910
6280388
6280638
6280733
6280769
6281180
6282439
6282530
6282714
6282901
6283260
6283434
6283506
6283932
6284117
6284137
6284182
6324406
6325801
6326409
6326767
6326911
6327075
6327290
6327770
6328556
6328904
6329130
6329659
6329751
6329868
6331292
6331862
6332170
6333244
6333720
6333848
6335016
6382871
6459944
6464862
6467983
6483968
6484776
6485933
6486188
6486340
6486810
6487391
6487540
6487672
6488116
6488197
6489075
6489980
6490471
6491864
6492941
6492984
6493056
6493062
6493198
6493493
6493646
6494521
6558600
6563292
6566005
6567970
6570387
6570431
6571641
6573733
6573848
6573962
6574207
6575255
6576407
6576460
6577494
6577922
6578152
6578683
6581052
6581952
6582226
6582298
6582455
6639047
6639268
6639779
6639839
6640009
6640437
6641458
6641590
6641871
6642266
6643619
6644495
6645023
6646132
6646623
6646729
6647108
6647524
6647561
6648013
6648351
6649361
6649494
6649513
6650485
6650515
6650589
6651075
6651428
6651637
6651666
6652692
6652693
6652770
6653108
6653158
6653569
6653902
6653928
6653972
6692414
6694208
6715299
6715431
6715545
6715943
6716228
6716362
6716939
6718501
6718607
6718628
6719252
6719557
6719605
6720432
6721335
6721489
6721843
6722672
6722715
6723207
6723304
6723932
6724161
6724481
6724515
6724793
6724909
6724992
6725333
6725392
6725751
6726029
6726217
6726328
6726332
6726448
6726927
6727173
6727351
6728213
6728907
6729009
6729398
6729521
6729687
6730319
6731279
6731327
6731549
6731566
6731625
6731771
6732510
6732999
6733637
6733697
6734132
6734176
6734536
6735525
6735840
6735948
6735958
6736257
6736525
6736882
6737107
6737556
6737629
6737686
6737911
6738654
6739009
6739243
6739304
6739582
6739605
6739897
6740136
6741144
6741917
6741951
6756734
6756746
6757235
6757489
6757766
6757911
6758291
6758679
6758705
6759238
6759337
6759461
6759533
6760279
6760510
6760893
6760974
6761166
6761208
6761214
6761438
6761448
6761584
6761633
6761637
6761788
6761984
6762074
6762148
6762488
6762827
6762979
6763052
6763484
6763581
6763927
6764400
6764418
6764447
6765228
6765283
6765591
6765805
6765917
6765978
6766192
6766224
6766434
6766721
6766896
6767617
6767815
6768226
6768489
6769033
6769118
6769326
6769797
6770020
6770219
6770313
6771022
6771074
6771374
6771874
6789630
6911529
6913289
6915321
6915542
6915705
6916128
6916225
6919335
6921278
6922255
6939594
6940916
6940928
6941280
6941496
6941527
6941745
6941766
6942415
6942640
6942893
6943148
6943486
6943914
6945108
6945453
6945469
6945817
6945847
6945953
6946122
6946130
6946750
6946838
6947854
6947900
6947915
6948485
6948638
6948685
6948713
6948943
6949011
6949169
6949228
6949255
6949386
6949585
6949875
6950185
6950314
6950397
6950714
6951194
6951258
6951530
6951641
6951827
6952387
6952798
7158412
7158464
7158786
7158842
7158870
7159049
7159314
7159328
7159385
7159394
7159530
7159589
7159648
7160630
7160677
7161081
7161300
7161353
7161431
7161726
7161739
7161889
7162248
7162604
7163389
7163522
7163723
7164475
7166032
7166066
7166114
7166132
7166699
7166941
7167038
7167348
7167416
7167491
7168169
7168279
7168478
7168500
7168603
7168879
7168980
7169139
7169153
7169450
7169636
7169666
7169852
7169853
7170409
7171654
7171873
7171928
7187586
7187837
7188816
7189140
7191653
7191788
7192035
7192421
7192772
7193367
7193807
7193968
7193982
7194369
7195699
7196150
7196340
7196951
7197094
7197503
7197682
7197718
7198181
7198261
7198314
7198372
7198382
7199253
7199613
7200617
7200824
7201059
7292838
7295799
7296066
7309783
7311424
7311695
7312134
7312157
7312242
7312298
7313449
7313492
7314333
7315818
7316292
7316348
7317124
7318375
7319448
7319600
7321502
7322195
7322213
7322468
7322542
7322708
7324907
7325056
7325144
7326079
7326284
7326659
7326696
7326890
7327187
7327271
7327373
7327571
7327629
7327719
7327849
7327975
7328052
7328558
7328694
7328819
7329351
7329583
7329947
7330153
7330177
7330355
7330914
7331387
7332155
7332345
7333206
7333617
7333639
7333847
7334819
7335075
7335367
7335457
7336323
7336544
7336655
7337059
7337565
7338605
7338935
7338966
7339870
7340024
7340189
7340247
7340835
7340887
7341120
7341533
7353940
7355129
7355286
7356197
7358104
7359089
7361651
7363183
7364096
7364321
7365725
7366550
7366937
7367226
7369614
7389524
7389735
7392197
7395001
7395202
7395577
7396649
7399745
7399931
7399938
7404619
7406454
7406953
7407385
7407783
7408019
7408122
7408139
7409877
7409961
7410053
7412108
7413150
7414808
7414928
7415684
7452271
7452641
7453031
7453418
7453848
7454710
7455204
7455338
7455714
7456116
7456175
7457086
7457128
7457537
7457863
7458827
7459729
7459917
7460003
7460190
7460651
7460652
7460843
7461262
7461646
7461669
7461749
7462334
7462454
7462758
7463358
7463368
7463427
7463695
7464227
7464952
7464975
7464989
7465041
7465101
7465409
7465551
7465577
7465868
7466021
7466341
7466729
7467404
7467548
7467745
7467834
7480671
7481024
7481038
7484979
7485382
7486759
7486784
7488589
7488984
7490136
7490829
7495105
7495699
7523295
7531969
7634262
7634428
7634776
7635221
7635252
7635362
7635394
7635715
7635921
7635962
7636403
7636600
7636666
7637294
7637372
7637419
7637537
7638129
7638150
7639021
7639255
7639490
7639965
7640478
7640546
7641377
7641888
7641979
7641999
7642212
7642479
7642521
7642659
7642662
7643117
7644308
7645680
7646461
7646516
7647834
7649185
7653096
7654733
7654911
7655828
7656022
7657874
7658287
7665922
7668910
7669650
7670705
7672694
7673395
7673851
7760632
7760857
7761385
7761470
7761708
7761752
7761774
7763420
7763821
7764287
7764768
7764798
7764979
7765193
7765355
7765626
7767778
7767819
7768096
7769167
7769244
7769991
7769996
7771059
7771237
7771613
7772836
7774286
7774761
7774854
7775365
7775918
7776386
7776424
7777899
7833999
7835022
7835189
7835245
7835697
7836120
7836244
7836273
7836423
7836634
7836790
7836993
7836999
7837956
7838070
7838621
7838737
7838856
7839179
7839269
7839661
7839815
7840063
7840079
7840254
7840281
7840331
7840369
7841664
7841796
7842017
7842487
7842720
7842804
7843015
7843106
7843461
7843486
7843693
7843947
7843955
7844038
7844103
7845048
7845698
7845831
7846081
7846605
7846708
7847101
7847351
7847455
7847484
7921886
7921894
7921947
7922262
7922783
7923123
7923158
7923383
7924565
7924871
7924988
7925078
7925228
7925347
7925370
7926237
7926518
7926546
7926565
7927334
7927423
7927494
7927660
7927744
7927752
7927941
7928437
7928805
7928918
7929126
7929410
7929531
7929685
7930028
7930826
7930989
7931003
7931027
7931813
7948758
7949931
7952832
8007422
8012079
8019123
8025153
8035264
8035458
8038109
8039360
8040580
8042299
8043063
8043839
8044553
8045339
8045532
8045860
8046686
8046700
8046715
8047248
8049277
8049412
8051296
8051297
8051585
8247615
8247736
8247878
8248077
8248701
8248784
8249197
8249331
8249579
8249784
8250256
8250366
8250942
8250972
8251185
8251216
8251275
8251578
8251656
8251961
8252519
8252606
8252646
8252723
8252878
8253084
8253110
8253131
8253377
8253515
8253717
8254282
8255075
8255439
8255601
8255687
8255765
8256200
8256396
8257025
8257557
8257560
8258522
8258578
8258598
8259065
8259392
8259456
8259633
8260172
8261043
8261134
8261333
8262046
8262349
8262642
8262728
8262874
8263107
8263365
8263409
8263661
8263916
8264839
8264977
8265318
8265816
8265908
8265930
8266325
8266846
8267553
8268042
8268166
8268324
8268530
8268686
8268782
8269182
8269271
8270983
8271685
8272194
8272361
8272566
8301105
8301105
8301482
8303837
8304344
8304716
8305078
8307009
8307761
8308716
8309108
8420899
8422713
8422763
8424642
8425688
8427087
8427779
8430316
8503876
8504258
8504319
8504819
8504901
8504926
8505127
8505241
8505905
8506917
8507158
8507323
8507929
8508212
8508414
8508454
8509336
8509871
8509997
8510014
8510065
8510379
8510794
8511367
8511526
8511691
8511772
8512398
8512474
8512812
8512864
8512986
8513744
8513790
8514203
8514993
8515014
8515107
8515326
8515494
8515506
8517922
8518001
8518062
8518287
8518365
8518493
8518514
8518652
8518659
8518859
8519022
8519433
8519549
8519824
8520252
8520373
8520666
8520838
8520875
8520953
8521299
8522023
8522038
8522240
8522313
8522382
8522629
8522869
8523577
8523797
8523802
8524177
8524189
8524253
8524573
8524812
8525022
8525552
8525624
8525759
8526059
8526155
8526167
8526209
8526553
8526855
8526918
8527346
8527378
8527666
8528096
8528136
8528220
8528682
8529250
8529349
8529584
8529588
8530288
8530464
8530500
8530541
8530691
8530907
8531350
8531676
8531683
8532381
8533932
8534471
8534561
8534578
8534659
8534714
8534956
8535565
8535755
8536047
8536582
8536924
8536998
8536999
8537296
8537368
8537762
8537779
8537820
8537861
8538116
8538142
8538355
8538634
8539223
8539517
8539554
8539576
8588055
8588186
8588436
8588558
8588815
8588824
8590169
8590356
8590732
8591054
8591918
8592255
8592496
8592506
8592553
8592561
8592904
8592977
8592991
8593205
8593471
8594099
8594235
8595078
8595143
8595187
8595261
8595850
8596060
8596809
8597882
8598004
8598660
8598964
8600112
8600118
8600140
8600467
8600931
8601254
8601780
8602270
8602897
8603010
8603813
8604468
8604725
8605563
8605794
8605974
8606062
8606200
8606520
8606733
8606926
8607007
8607098
8646794
8647257
8648770
8649270
8649904
8650232
8651401
8652898
8653825
8655671
8655761
8657102
8658102
8658411
8658454
8660299
8661921
8662578
8664340
8664691
8665188
8665528
8665977
8666157
8666162
8666628
8666910
8667668
8667719
8668244
8668622
8668766
8669010
8669524
8669794
8669855
8670107
8670135
8670253
8670442
8670896
8671123
8671408
8671548
8671550
8671581
8671971
8672179
8672269
8673814
8673867
8674032
8674101
8674193
8674735
8674756
8675152
8675515
8675745
8676230
8676248
8676484
8676773
8677104
8677153
8677263
8677434
8677683
8677933
8678067
8678361
8678782
8678854
8680284
8680586
8680919
8680933
8697902
8699706
8700753
8817944
8818039
8818060
8818337
8819154
8820150
8820226
8820592
8820717
8821459
8821467
8821695
8822174
8822597
8823020
8824304
8824649
8824870
8826143
8826838
8826964
8860975
8861887
8861962
8862052
8862402
8862618
8862838
8863509
8864426
8864913
8865191
8866459
8866704
8867379
8867793
8868374
8868748
8868999
8869615
8869884
8870387
8871540
8872504
8908150
8910992
8969931
8970514
8970690
8971483
8971591
8971760
8972451
8972916
8973477
8975618
8976290
8977090
8978306
8978345
8978596
8979372
8980533
8980565
8980736
8981118
8983037
8983452
8983504
8983550
8983719
8983776
8984043
8984180
8984529
8984609
8984704
8986437
8986489
8986886
8987244
8987332
8987452
8987599
9029765
9031190
9032309
9032726
9032735
9033079
9033253
9034144
9035516
9035584
9035885
9037058
9037181
9037274
9037620
9037781
9038136
9038738
9039364
9039515
9039531
9040026
9040604
9041666
9041949
9042088
9042210
9043555
9043604
9043882
9044001
9044049
9044543
9044691
9044701
9045211
9045858
9045937
9045949
9046312
9047183
9047504
9048198
9048348
9048846
9048930
9049166
9049422
9049648
9049816
9049921
9050077
9050199
9050888
9051290
9051660
9051738
9051845
9052128
9052702
9053064
9053185
9053753
9053890
9054258
9054564
9054887
9055387
9055650
9055760
9055829
9055958
9055983
9057084
9057639
9058076
9058126
9058405
9058485
9058621
9058734
9155501
9155634
9155691
9155790
9156137
9156486
9156506
9156982
9157352
9157818
9158060
9158303
9158818
9158960
9159300
9159486
9159662
9159726
9159812
9159855
9159889
9160370
9160577
9160798
9161008
9161010
9161432
9161614
9161639
9161948
9162186
9162261
9162309
9162426
9163248
9164115
9164228
9164248
9165436
9165629
9165747
9166468
9170132
9170931
9172529
9172617
9176094
9176436
9177625
9179822
9241802
9242617
9243059
9243691
9246221
9246922
9248735
9249640
9250275
9251331
9251343
9251647
9251691
9252643
9253773
9254060
9254094
9358514
9358882
9359018
9359685
9359837
9359972
9360602
9360765
9360794
9360872
9360916
9361742
9361805
9361960
9362035
9362077
9362111
9362361
9362838
9363241
9363306
9363756
9363897
9364070
9364157
9364364
9365931
9366664
9366672
9367603
9368265
9368421
9368447
9368501
9368678
9368687
9369526
9370186
9370776
9371194
9371231
9371689
9371768
9372135
9372511
9372793
9373590
9373784
9373899
9374040
9374175
9374315
9374317
9374811
9375939
9376632
9376766
9377090
9377419
9377685
9378218
9378443
9379134
9379312
9380384
9381244
9383212
9388483
9402872
9415338
9520865
9565440
9565540
9565603
9565635
9565827
9566285
9566657
9566819
9566875
9566916
9568053
9568111
9568389
9568834
9568869
9569118
9569251
9569481
9569674
9569820
9570131
9570160
9570265
9570315
9570451
9570560
9570950
9571372
9571396
9572120
9572392
9572954
9573366
9573678
9573686
9573782
9574110
9574213
9574274
9574329
9574972
9576287
9576450
9607873
9610872
9617308
9655322
9655456
9655485
9655705
9661479
9856700
9856719
9856873
9857442
9857552
9857855
9858468
9858591
9858656
9858688
9858999
9859073
9859161
9859707
9859817
9860049
9860102
9860111
9860228
9860371
9860430
9860487
9860798
9861200
9862173
9862366
9863834
9863979
9864251
9864372
9864449
9864730
9864797
9865631
9865719
9865967
9866104
9866366
9866395
9866667
9866892
9867407
9867483
9867948
9868027
9868140
9868199
9947806
9947841
9947904
9948252
9948373
9948535
9949012
9949087
9949575
9950079
9950113
9950963
9950987
9951262
9951528
9951617
9951685
9952177
9952627
9952700
9952742
9952980
9953143
9953545
9953599
9953673
9954477
9954876
9954891
9954948
9955054
9955156
9955458
9955824
9956352
9956727
9956811
9956987
9957062
9957640
9957663
9957684
9957790
9957802
9958049
9958126
9958616
9958973
9958984
9959424
9959888
9960085
9960144
9960376
9960595
9960646
9960784
10068895
10081689
10082021
10084646
10151438
10151492
10151543
10151624
10152750
10153050
10153118
10153177
10153313
10153414
10153706
10154062
10154473
10154538
10154701
10155811
10156382
10156470
10156821
10157095
10157164
10157577
10157760
10157871
10158291
10158559
10158920
10159577
10159905
10159907
10160238
10160311
10160783
10161032
10161446
10161508
10161608
10162149
10162403
10162511
10162712
10163056
10163141
10163293
10163294
10163339
10164343
10164691
10165381
10165385
10166432
10166526
10166575
10166750
10167107
10167337
10167460
10167783
10168557
10169938
10170458
10170495
10171930
10172334
10172493
10173421
10173522
10173792
10173937
10174157
10174467
10174632
10175865
10176519
10177010
10177243
10177418
10177806
10178142
10178395
10178534
10179828
10179954
10180556
10180873
10181004
10181176
10181218
10207956
10209913
10213965
10218052
10218416
10268112
10274315
10275637
10277573
10318477
10319559
10319768
10320139
10320746
10320871
10321054
10321360
10321470
10321956
10322033
10322394
10322657
10323242
10323474
10323851
10324103
10324182
10324352
10324473
10324528
10324729
10325647
10325718
10325796
10325921
10326182
10326561
10326757
10326913
10327012
10327322
10327802
10328344
10328681
10358483
10358566
10358861
10359335
10359483
10359508
10360613
10361601
10361864
10362067
10362903
10363185
10363606
10363948
10363959
10364028
10364060
10364184
10364554
10364896
10364977
10365544
10366174
10366495
10366872
10367460
10367959
10368051
10368279
10368581
10369089
10369191
10369262
10369285
10369484
10370642
10371063
10371212
10373431
10373644
10374416
10397779
10398191
10398238
10398637
10399092
10399175
10399352
10399692
10401566
10401681
10401863
10401890
10402104
10402477
10402812
10403922
10404221
10404337
10404845
10404957
10405212
10405918
10406101
10406585
10406726
10406769
10406922
10407124
10407484
10407741
10407836
10407931
10408844
10409064
10409161
10409179
10409229
10409285
10409298
10410025
10410191
10463247
10463255
10463574
10465059
10465500
10465688
10465967
10467069
10467292
10467352
10467586
10467704
10467875
10467945
10468337
10468484
10469330
10469548
10469689
10470251
10470327
10470411
10470450
10470499
10470627
10470885
10471053
10471347
10472065
10472082
10472735
10473178
10473189
10473604
10474683
10474987
10476153
10476175
10520030
10520132
10553858
10553958
10554476
10554657
10555863
10555882
10556079
10556355
10556483
10556854
10556872
10557004
10558136
10558346
10558495
10559161
10559185
10559557
10560196
10560867
10562264
10562375
10562528
10562591
10562729
10563773
10563863
10564914
10564950
10565185
10565807
10566277
10566591
10567062
10567436
10567755
10568121
10569248
10574015
10701482
10702506
10702936
10704024
10706322
10706495
10709670
10759817
10766144
10815847
10817954
10818368
10818796
10823204
10824991
10825354
10825810
10827652
10830723
10831800
10898718
10899255
10899622
10901035
10904670
10904946
10907008
10911836
10935350
10935405
10938271
10968079
10968860
10969018
10969374
10969639
10970723
10971581
10971861
10972383
10974134
10976715
10978243
10979181
10980068
10981042
10981833
11042198
11042311
11042367
11042431
11042540
11043705
11043870
11044003
11044091
11045176
11045816
11046267
11046278
11046911
11046940
11047425
11048364
11049478
11049595
11050376
11050451
11050463
11050739
11050805
11050860
11051026
11051489
11052122
11052865
11053368
11053585
11053735
11053880
11054115
11054126
11054555
11054582
11054710
11054930
11055241
11056191
11056333
11056433
11056597
11056839
11057241
11057248
11057325
11057587
11058237
11058267
11109225
11291162
11291163
11291974
11292058
11292156
11292354
11293352
11294565
11296635
11297034
11297134
11297290
11298034
11298511
11299410
11299684
11299717
11299732
11300344
11300775
11300852
11301086
11301180
11301616
11316384
11319536
11323445
11399612
11399682
11399704
11399782
11400444
11400486
11400559
11401679
11402541
11403227
11403757
11404505
11405421
11405938
11406594
11406692
11406717
11407064
11407122
11407313
11407609
11407834
11407853
11407976
11408029
11408144
11408177
11408751
11409304
11409307
11409431
11409800
11410559
11410818
11410830
11411733
11411873
11412135
11412548
11414186
11414795
11414835
11414880
11415388
11415481
11416434
11416895
11417695
11419082
11420232
11421784
11423885
11424125
11425597
11425617
11427745
11430648
11433321
11436097
11441186
11441883
11442103
11447282
11447363
11449695
11485519
11485985
11486149
11486286
11487644
11487982
11488615
11489037
11489158
11489296
11489909
11490797
11491294
11491449
11491559
11492405
11492475
11492534
11492806
11493331
11493413
11494551
11494771
11494992
11495143
11495389
11495672
11495748
11496634
11496737
11496833
11496899
11497247
11497553
11497920
11497973
11498312
11498563
11499969
11515408
11519237
11520285
11521759
11523770
11524181
11524850
11525047
11527025
11529143
11530210
11530668
11645857
11646004
11646125
11646135
11646233
11647035
11647343
11647929
11648797
11649487
11649898
11651134
11651462
11651651
11652014
11652468
11652797
11653925
11654236
11654248
11654396
11654489
11654704
11655004
11655596
11655893
11656046
11656630
11656892
11657335
11657898
11658083
11658227
11658309
11658342
11658538
11658941
11659421
11659815
11660266
11691352
11692602
11693350
11693832
11695022
11696517
11697633
11764311
11764344
11764549
11764667
11764673
11765603
11765701
11766526
11766946
11767084
11767627
11767731
11767745
11767754
11768055
11768103
11768280
11769052
11769335
11769603
11770257
11770335
11770474
11770721
11770829
11771054
11771565
11771867
11771954
11771985
11772008
11772051
11772531
11772575
11772833
11773394
11773669
11774024
11774334
11774580
11774597
11774760
11775430
11775588
11775626
11776338
11776339
11776415
11776520
11776828
11776964
11777176
11777257
11823621
11824015
11824964
11825033
11825997
11827847
11828280
11828673
11830338
11830986
11831271
11831428
11832743
11832913
11833012
11904523
11904745
11904757
11904770
11905430
11906126
11906878
11906955
11907090
11907132
11907270
11907325
11908387
11909181
11910345
11910654
11910678
11911080
11911279
11911654
11911673
11911841
11912198
11912483
11912735
11913441
11914060
11914225
11914227
11914362
11914571
11914652
11914930
11915015
11915802
11916289
11916634
11916986
11917077
11917475
11917498
11918158
11918264
11918356
11918602
11918652
11918683
11918827
11918860
11919174
11919506
11919569
11919796
11920003
11920263
11920494
11920876
11921565
11921914
11922331
11922345
11922522
11922548
11922847
11922895
11923234
11923500
11923903
11924141
11924230
11924332
11924564
11924575
11924685
11924799
11924860
11925149
11925308
11925424
11925435
11925459
11925906
11926052
11926253
11926738
11927006
11927442
11927487
11927607
11927699
11927753
11927811
11927858
11928408
11928862
11929186
11929212
11929503
11929813
11930309
11930486
11958858
11964388
12051050
12051423
12051887
12052279
12052364
12052484
12052719
12052782
12053000
12053010
12054073
12054262
12054424
12054428
12054481
12054539
12054765
12055047
12055143
12055715
12056864
12056972
12057015
12057142
12057266
12057278
12057334
12057342
12057740
12057908
12058091
12058281
12058411
12058689
12058833
12058992
12059140
12059572
12060284
12060842
12060845
12061505
12061967
12062060
12062501
12062857
12062941
12063089
12063393
12064131
12064281
12064300
12065133
12065341
12065624
12065985
12066250
12066482
12066869
12067537
12067818
12068055
12068873
12069099
12069406
12069455
12069975
12070658
12071261
12071631
12072164
12072331
12072511
12073088
12073611
12075178
12075389
12075780
12076639
12076924
12076932
12077046
12078252
12078264
12078426
12078431
12080615
12081074
12109298
12110181
12111849
12112506
12112527
12113047
12113991
12114877
12115811
12115977
12117683
12117960
12118390
12136211
12136280
12136306
12137227
12140247
12140524
12142862
12143891
12143927
12146065
12146686
12150962
12152490
12195345
12195355
12195788
12195889
12196070
12196611
12196683
12196927
12197818
12197951
12198388
12198451
12199035
12199067
12199398
12200053
12200116
12200233
12200739
12201224
12201358
12201606
12202029
12202117
12202206
12202297
12202382
12202502
12202632
12202806
12203140
12203537
12203582
12203902
12204526
12204914
12204927
12205004
12205172
12205791
12206009
12206157
12207758
12208078
12208125
12208149
12208393
12208472
12208531
12208685
12208801
12209015
12209068
12210291
12210382
12232099
12232601
12235148
12239215
12241635
12313836
12313959
12314177
12314613
12314656
12314939
12315252
12315703
12315735
12315890
12316038
12316118
12316322
12316562
12316668
12316680
12316707
12317063
12317864
12318272
12318643
12318794
12319378
12319571
12319776
12319790
12319879
12320278
12320568
12320622
12321071
12321324
12321662
12322309
12322544
12322677
12323179
12329999
12330574
12331006
12331331
12331811
12333114
12333442
12334227
12334963
12370006
12370100
12370242
12370480
12370543
12370558
12370693
12370810
12371338
12371466
12371843
12372174
12372311
12372533
12372661
12372875
12372990
12373042
12373047
12373454
12373577
12373699
12374107
12374136
12374588
12375412
12376446
12376843
12376950
12377101
12377116
12377162
12377983
12378105
12378121
12378685
12378838
12378953
12379182
12379202
12379349
12379795
12379948
12380190
12380584
12380600
12380694
12382916
12383094
12384565
12385034
12385531
12385886
12386181
12386968
12388244
12388584
12389413
12389503
12389518
12390853
12391477
12392253
12392378
12393757
12395673
12396930
12486049
12540684
12540853
12541629
12541716
12542010
12542589
12542910
12542942
12542960
12543242
12544928
12545361
12545427
12545483
12545550
12546016
12546125
12546484
12546872
12546916
12547293
12547704
12547863
12548966
12549651
12549753
12549792
12549976
12550386
12550420
12550590
12550625
12551221
12551734
12552034
12552107
12552223
12552784
12552796
12552878
12552908
12553150
12553300
12553850
12553897
12554040
12554514
12554639
12554935
12555149
12555818
12556279
12556722
12556976
12557268
12557503
12640429
12641495
12641908
12642344
12642545
12644564
12645358
12646874
12647658
12648079
12649605
12650057
12650083
12650857
12652855
12674312
12674472
12674789
12675645
12675753
12675956
12676272
12677534
12677992
12678349
12678405
12678462
12678501
12679096
12679099
12679143
12680081
12680379
12680672
12680899
12680984
12681346
12681682
12682126
12682362
12682397
12682883
12683060
12684048
12684150
12684329
12684500
12684501
12685907
12685993
12686438
12686501
12687895
12687943
12688146
12688215
12688334
12688787
12689182
12689204
12689381
12689876
12689996
12690287
12690373
12690699
12690846
12691003
12691296
12691571
12692191
12692479
12692570
12692835
12693036
12693132
12693808
12693984
12694625
12694628
12694838
12695223
12695320
12695538
12695558
12696052
12696177
12696487
12696699
12696812
12696925
12697086
12697185
12714198
12714374
12714588
12714888
12715071
12715137
12715868
12715973
12716088
12716266
12716459
12716502
12716997
12717457
12717557
12717610
12717657
12717848
12718019
12718498
12718714
12719053
12720337
12721501
12721512
12721535
12722263
12722430
12723198
12723640
12723763
12723837
12724389
12724836
12724836
12724950
12726129
12726305
12726360
12726672
12726757
12726881
12727029
12727111
12727320
12727825
12728178
12728423
12728945
12729232
12729311
12730074
12730881
12730926
12731122
12731357
12731449
12731569
12732187
12790107
12790957
12791276
12791406
12791681
12793630
12793717
12794916
12794996
12797706
12799428
12799563
12799635
12800042
12800873
12801661
12802687
12803361
12848960
12849274
12849610
12849939
12851235
12851512
12851597
12851851
12852140
12852347
12852714
12853004
12853062
12853225
12853433
12853859
12854100
12854194
12854239
12854325
12854453
12854743
12855328
12855802
12856234
12856412
12856608
12856701
12856753
12856791
12856853
12857089
12857536
12857874
12858269
12858306
12859064
12859275
12859426
12860326
12860676
12860792
12861020
12861834
12862037
12862210
12862490
12862758
12863074
12863283
12863650
12863721
12863762
12863768
12863963
12864182
12864265
12864317
12864377
12864439
12864604
12864808
12864873
12864993
12895797
12896120
12896482
12896847
12897274
12897723
12897873
12897992
12898008
12898410
12898724
12898818
12899352
12899381
12899885
12899956
12900251
12900443
12900874
12900954
12902190
12903163
12903354
12903954
12905013
12905234
12905525
12905528
12906097
12906817
12906919
12907217
12907270
12907615
12908443
12908974
12910030
12910069
12910306
12910424
12910553
12910711
12911499
12911923
12912267
12912467
12912590
12912821
12913000
12913079
12913361
12913445
12913519
12913921
12914111
12914132
12988402
12988549
12988912
12988924
12990019
12990307
12991186
12991909
12992015
12992345
12992727
12993231
12993851
12994192
12994250
12994833
12994941
12995078
12995578
12995932
12996035
12997255
12997892
12998218
12999060
12999464
12999954
13000894
13001062
13001241
13001532
13001749
13002127
13002565
13002706
13003244
13003978
13004285
13004325
13004720
13111545
13116682
13116737
13121716
13121936
13123116
13123119
13124099
13124251
13124264
13124512
13124670
13124904
13124946
13125439
13125506
13125911
13126161
13126316
13127108
13127302
13128202
13128780
13128902
13129082
13130192
13130295
13130422
13130553
13131014
13131178
13131548
13131724
13131989
13139795
13161216
13161580
13171860
13173703
13173916
13178173
13189264
13189583
13189797
13190214
13190378
13190383
13191587
13191912
13192488
13193816
13194307
13194456
13195195
13195435
13196098
13196471
13196836
13197523
13198159
13198302
13198894
13199460
13200099
13200231
13200985
13201037
13201181
13201219
13202330
13203045
13203386
13203667
13205124
13205264
13205300
13228742
13229537
13229970
13230248
13231280
13232713
13233702
13235018
13236122
13236375
13238106
13239237
13239925
13241219
13243508
13245174
13245829
13248820
13249343
13250089
13250619
13251245
13251719
13251811
13251909
13254133
13254988
13255483
13255751
13255795
13256185
13256869
13257794
13258523
13260157
13260907
13261801
13262052
13262068
13262723
13262934
13263584
13266136
13266743
13267084
13267487
13269061
13269128
13269476
13269653
13269716
13269732
13271145
13271396
13271921
13272180
13272289
13272558
13273090
13274006
13274320
13274493
13274666
13275252
13275383
13275430
13275693
13276105
13276399
13276915
13276971
13277548
13278158
13278233
13278845
13279165
13280637
13283466
13285384
13286653
13291556
13292746
13293938
13295738
13295955
13310708
13310786
13310788
13310833
13311396
13311975
13312407
13312415
13312483
13312562
13313775
13314033
13314095
13314168
13314275
13314838
13315213
13315422
13315564
13315785
13316187
13316328
13316816
13316825
13316874
13317172
13318072
13318076
13318171
13318331
13318358
13318817
13319698
13319797
13319967
13319986
13320342
13320661
13321125
13321261
13321319
13321328
13321369
13321772
13321990
13322430
13322710
13322800
13323574
13323828
13324135
13324162
13324602
13324634
13324640
13324864
13324955
13325078
13382483
13382916
13383278
13383386
13383399
13384111
13384614
13384694
13385229
13385261
13385587
13385961
13386214
13386854
13387011
13387087
13387121
13387399
13387833
13387899
13387910
13388261
13388633
13388946
13389124
13389745
13390055
13390098
13390224
13390564
13390660
13390856
13391499
13392190
13392205
13392568
13392778
13393254
13393325
13393431
13393767
13393780
13394055
13394235
13394463
13394830
13394862
13395043
13395215
13395518
13395619
13395838
13395993
13396006
13396429
13396751
13396922
13397001
13397086
13397308
13400178
13400890
13401417
13401585
13401919
13402205
13404625
13404628
13405975
13406082
13406310
13406954
13407865
13407989
13408307
13408714
13408902
13415915
13440603
13441016
13441969
13442079
13442316
13442948
13443432
13443545
13444637
13444999
13445306
13446144
13446483
13446505
13447187
13447304
13447388
13448155
13448166
13448323
13448763
13450540
13452954
13452959
13453555
13454788
13455085
13456132
13456280
13456994
13457047
13457849
13457916
13458147
13458155
13458379
13459123
13459157
13459405
13459841
13460741
13460989
13460998
13461179
13461419
13462181
13463136
13463386
13464270
13464323
13464623
13464658
13464723
13465193
13465318
13465549
13465690
13465725
13465771
13465774
13466368
13466560
13467006
13467083
13467170
13468083
13468268
13468602
13481215
13481636
13482343
13486446
13490342
13491271
13491427
13492135
13493082
13495518
13500940
13501657
13502471
13504342
13511074
13512318
13512466
13513605
13530358
13531581
13531969
13532040
13532690
13533094
13534102
13535385
13536811
13537324
13537391
13538060
13539321
13539906
13539906
13540185
13541129
13542947
13543659
13544297
13545304
13546132
13546263
13546801
13547833
13547859
13588019
13588075
13588161
13588947
13589292
13589442
13589972
13589985
13590478
13590573
13590638
13591986
13592419
13592561
13593763
13594885
13595133
13595140
13595242
13596157
13596318
13596440
13596581
13596607
13596760
13597532
13598039
13598094
13598224
13598979
13599543
13600363
13600624
13600716
13601029
13601162
13601301
13601316
13601325
13601701
13601986
13602088
13602209
13602276
13602391
13602438
13602700
13602837
13603044
13603323
13649459
13656699
13802514
13802937
13803476
13803714
13803790
13805121
13805780
13806661
13808225
13808275
13808973
13809414
13809426
13809923
13810467
13811659
13811703
13811803
13811891
13812851
13813387
13813589
13814680
13814900
13815154
13815329
13815488
13816438
13857165
13858189
13858630
13859014
13859035
13859271
13860300
13860807
13861254
13861519
13862457
13863028
13863294
13864396
13864923
13866015
13867489
13867578
13868113
13870137
13870700
13870978
13871230
13891511
13894879
13895256
13898204
13898997
13900443
13902483
13903855
13932645
13934959
13935341
13935467
13936143
13936539
13937677
13937866
13938592
13938788
13939013
13940593
13940677
13941231
13942283
13942562
13985414
13986111
13986151
13986180
13988067
13989773
13990118
13990491
13991393
13991568
13991762
13992345
13992484
13992608
13993338
13994360
13995552
13996322
13998007
13998661
13998739
13999307
13999747
14000133
14001389
14001828
14005529
14010541
14011874
14015093
14015411
14015578
14015660
14015672
14015760
14015787
14015861
14016016
14016187
14016237
14016634
14016969
14017056
14017177
14017700
14017777
14018052
14019270
14019347
14019551
14020283
14020455
14020631
14020915
14021116
14021224
14021458
14021920
14021972
14022006
14022086
14022839
14022933
14022991
14023003
14023085
14023156
14023206
14023302
14023552
14023853
14024330
14024540
14025180
14025323
14025550
14025859
14026092
14026116
14026857
14026939
14027026
14027074
14027194
14027337
14027426
14027585
14027965
14028770
14028834
14028931
14029259
14029584
14029903
14029930
14030207
14030221
14030373
14030556
14030771
14030953
14035459
14039446
14040695
14044268
14048326
14054121
14054754
14057703
14057713
14058272
14058399
14058441
14058457
14058507
14058908
14059027
14059340
14059500
14059911
14059919
14060453
14060872
14060961
14061598
14061640
14061760
14062335
14063330
14063376
14063676
14064318
14064596
14064774
14065619
14066264
14066893
14066944
14067121
14067190
14067348
14067356
14067476
14067485
14068156
14140260
14141499
14141640
14141952
14142982
14143073
14143224
14143303
14143844
14144014
14144185
14144566
14145070
14145158
14145511
14145749
14145812
14146104
14146758
14147018
14147460
14148003
14148153
14149369
14149481
14149749
14149964
14150001
14150088
14150549
14150862
14151308
14151472
14151805
14152140
14152542
14152611
14152958
14153721
14154044
14154136
14154465
14154799
14155249
14155605
14155842
14155963
14156191
14156495
14156603
14156634
14156912
14156959
14157029
14157965
14158062
14158135
14158161
14158647
14158882
14159639
14159728
14159945
14159951
14160047
14160905
14161073
14161447
14161577
14161883
14161959
14162406
14162527
14162635
14163076
14163077
14163202
14163383
14163975
14164173
14164328
14164398
14164881
14165625
14165747
14165889
14166096
14166206
14166957
14167483
14168068
14168238
14168276
14168818
14169405
14169423
14169562
14169603
14169648
14169693
14169814
14170709
14225236
14225299
14228759
14229705
14230702
14231798
14233244
14235448
14237620
14238422
14239893
14239924
14241286
14266805
14267151
14267225
14267338
14267484
14267506
14267589
14268395
14268906
14268973
14269820
14270059
14271791
14272065
14272440
14272464
14272764
14274151
14274568
14274752
14275021
14275093
14275286
14275393
14275917
14276453
14276513
14277384
14277626
14277653
14278365
14278473
14278509
14278854
14279512
14279817
14279865
14279881
14279919
14280186
14280629
14280661
14280750
14280757
14281023
14281887
14282042
14282119
14282673
14282700
14283003
14283047
14283053
14283110
14283377
14283838
14283842
14283884
14309058
14309168
14309566
14309641
14309887
14310065
14310106
14310235
14310264
14310511
14310731
14310898
14311058
14311184
14311304
14311618
14311907
14311982
14312148
14312302
14313012
14313179
14313600
14313979
14314063
14314081
14314404
14314547
14314574
14314822
14315233
14315286
14315814
14315884
14316232
14316302
14316352
14316642
14316729
14316878
14316897
14317041
14317079
14317208
14317217
14317282
14317283
14317436
14317490
14317502
14318435
14318565
14318717
14319148
14319335
14319443
14319572
14319857
14319974
14320101
14341000
14341518
14341652
14344233
14344426
14345220
14366050
14439268
14445761
14449704
14466114
14500252
14507453
14516373
14517561
14518456
14518865
14573537
14573577
14574277
14576199
14577758
14578016
14578475
14578863
14579854
14580113
14580119
14580483
14582548
14620854
14621031
14621262
14621605
14621630
14621826
14621995
14623218
14623334
14623336
14623396
14623569
14623701
14623714
14624494
14624809
14624946
14624990
14625293
14625871
14625930
14625975
14626090
14626315
14626377
14626385
14626531
14626830
14627012
14627075
14627274
14627343
14627461
14627539
14627595
14628070
14628240
14628293
14629126
14629245
14629621
14629957
14630355
14630690
14630902
14631211
14631727
14632325
14632861
14632998
14633182
14633613
14633726
14633969
14634076
14634110
14635103
14635468
14635651
14635697
14636062
14636476
14636617
14636695
14637123
14637277
14637404
14637732
14637899
14638057
14638233
14638421
14638855
14639913
14650999
14651365
14651998
14652120
14652794
14654685
14655184
14655638
14655914
14656391
14656765
14657551
14658228
14658324
14658528
14659636
14705461
14705592
14705685
14706107
14706354
14706361
14706364
14706859
14706986
14707075
14707121
14707643
14707758
14707807
14708247
14708716
14709046
14709507
14709727
14709768
14709848
14710123
14710389
14710394
14710623
14710746
14711020
14711196
14711425
14711587
14711602
14711823
14711834
14711877
14711958
14712204
14712419
14712572
14712730
14713436
14713757
14713803
14714148
14714244
14714308
14714489
14714540
14715219
14716215
14716454
14716806
14716937
14717184
14717934
14717965
14718332
14718426
14719240
14719382
14719557
14719626
14719823
14719867
14720154
14739753
14742267
14750220
14751010
14753258
14756346
14757356
14758232
14777053
14778145
14778605
14779356
14779962
14780586
14780987
14782341
14783240
14784137
14785922
14786218
14786295
14786347
14787249
14787646
14788174
14789040
14789198
14789496
14789561
14789571
14789737
14790833
14791216
14791226
14791373
14791531
14791538
14791990
14792378
14792631
14793042
14793228
14793375
14794230
14794295
14794774
14795172
14795380
14795798
14796058
14796204
14797662
14797808
14798076
14798124
14799552
14799738
14799816
14800286
14800411
14800732
14801014
14801809
14802800
14804563
14804904
14804970
14806018
14806685
14806977
14807306
14807358
14807684
14809381
14810560
14810778
14811098
14900973
14904509
14913040
14913876
14914346
14914922
14915058
14915240
14915782
14915809
14916103
14916105
14916282
14916905
14917103
14917560
14918115
14918179
14919195
14920084
14920210
14920383
14920437
14920799
14920934
14921136
14921428
14921430
14921500
14921629
14922288
14922903
14923010
14923053
14923660
14923872
14923940
14924091
14924983
14925147
14925943
14926009
14926045
14926102
14926497
14926998
14927255
14927295
14927637
14927672
14927954
14927966
14927970
14927977
14928380
14928865
14929007
14930043
14930086
14930458
14930730
14930844
14932083
14932214
14932619
14932825
14933483
14933682
14933796
14934216
14934562
14934785
14934794
14935244
14935484
14935516
14936578
14936789
14936808
14936862
14937118
14937213
14937350
14937680
14937979
14938082
14938274
14938786
14938797
14938873
14938892
14938894
14939429
14939818
14939846
14940086
14940174
14940439
14940512
14940610
14940635
14941265
14941298
14941406
14941712
14941787
14942438
14943339
14945525
14945616
14945937
14946024
14946541
14947404
14948002
14948643
14949588
14949648
14950003
14950656
14951332
14951795
14952028
14952637
14952661
14953218
14953519
14954170
14954253
14954772
14955944
14975159
14975431
14975467
14975582
14975915
14975964
14976334
14976718
14976925
14977876
14978826
14979181
14979481
14979663
14979669
14979677
14979799
14979829
14979879
14980527
14981338
14981992
14982078
14982101
14982122
14982285
14982354
14982661
14983076
14983117
14983651
14983777
14983827
14983941
14984021
14984826
14985928
14986161
14986291
14986300
14986449
14986463
14986684
14986759
14986934
14987178
14987362
14987718
14987748
14988016
14988116
14988996
14989090
14989173
14989459
14990042
14990398
14990424
14990551
14990922
14990992
14991213
14991410
14991421
14991553
14992157
14992389
14992645
14992728
14992800
15001547
15003071
15031843
15035512
15062594
15063190
15064088
15065368
15067863
15070315
15071859
15072676
15074328
15078425
15111340
15111807
15112109
15112700
15112992
15114708
15116836
15118221
15118480
15118708
15120689
15121017
15121259
15121340
15122268
15122304
15122349
15122691
15122991
15123337
15123602
15123739
15123860
15124267
15124409
15124617
15124799
15125165
15125296
15126136
15126269
15126587
15126738
15126872
15127037
15127360
15127699
15128188
15128786
15129310
15129654
15129771
15130226
15131433
15131470
15131748
15131792
15131910
15132775
15132912
15132956
15133295
15133326
15133700
15133981
15134009
15134379
15134418
15134432
15135321
15135371
15188964
15206153
15206397
15206782
15207165
15207382
15207736
15208449
15209216
15209245
15209343
15209934
15210586
15211323
15211380
15211506
15211574
15211734
15211946
15212071
15212086
15212296
15212659
15212803
15212988
15213237
15213579
15213913
15214440
15214998
15215356
15215755
15216511
15216803
15217204
15217331
15217717
15217723
15218340
15219358
15219399
15219470
15220203
15220792
15221580
15221673
15240371
15240779
15241113
15242234
15242878
15245226
15245246
15245353
15245890
15246689
15246801
15250490
15251669
15252069
15252875
15252903
15254466
15255806
15317161
15320148
15324035
15324589
15325518
15343701
15347479
15348224
15349109
15350035
15350348
15351456
15351856
15353853
15416930
15424471
15424673
15426079
15426666
15427700
15431015
15431138
15431264
15432033
15432073
15432646
15433092
15433855
15434783
15435094
15436495
15436546
15436784
15437382
15438338
15438571
15439095
15439987
15440288
15440835
15441647
15442186
15442261
15442767
15447928
15453121
15459663
15459715
15460068
15460503
15461075
15461833
15462359
15463134
15463395
15463444
15463645
15464959
15465127
15465763
15465835
15465886
15465982
15466109
15466493
15468170
15468829
15470107
15470149
15470710
15471316
15472061
15472171
15472275
15472465
15472542
15473075
15473310
15518187
15518487
15522372
15522580
15522831
15523564
15525331
15526224
15526430
15530410
15531259
15531636
15585918
15586237
15586576
15586674
15586889
15587242
15587519
15588199
15588255
15589014
15589254
15589316
15589359
15589859
15590501
15590528
15590593
15590835
15590840
15591155
15591157
15591225
15592134
15592436
15592756
15592768
15592969
15593111
15593363
15593444
15594748
15595203
15595624
15595777
15596042
15596189
15596299
15596601
15597936
15598720
15598932
15599920
15600715
15600868
15601732
15602452
15604470
15604921
15608407
15660562
15660679
15660981
15661212
15662212
15662380
15662411
15662771
15663177
15663540
15663548
15663582
15664004
15664033
15664099
15664285
15665850
15666175
15666184
15666567
15666994
15667043
15668570
15669286
15670457
15670804
15671856
15672081
15672530
15672634
15672711
15672763
15673522
15673534
15673719
15673819
15673873
15674367
15674847
15675918
15676105
15676396
15676788
15676799
15676926
15677104
15677156
15677311
15677562
15677584
15677591
15678001
15678017
15678027
15678200
15678230
15678626
15679036
15679105
15679439
15679581
15679739
15680082
15680145
15680256
15680941
15682072
15682343
15683341
15683611
15684039
15684154
15684852
15684941
15684999
15685095
15685739
15705364
15707163
15707237
15708348
15709097
15713197
15713936
15714853
15714872
15717159
15753751
15754596
15754597
15755259
15756005
15756156
15757300
15757914
15758412
15759751
15760185
15760299
15760656
15762130
15766638
15768511
15770773
15771131
15771481
15859745
15859907
15860394
15860587
15861439
15861970
15862463
15863047
15863453
15863607
15863668
15863751
15864185
15864658
15865212
15865228
15865379
15865390
15866847
15867232
15867696
15867971
15867996
15868676
15868979
15913644
15914755
15916505
15938632
15951062
15951254
15951313
15951491
15951791
15951888
15951926
15952187
15952196
15953019
15953073
15953489
15954105
15954357
15954649
15954848
15955035
15955382
15956200
15957450
15957786
15958119
15958999
15959285
15959904
15960277
15960623
15960872
15961013
15961216
15961308
15962664
15962813
15963700
15963717
15963995
15964471
15964614
15964666
15965393
15965885
15966091
15966459
15967392
15967501
15967560
16019493
16046712
16047148
16047219
16047996
16049468
16051885
16052130
16052152
16052842
16053254
16053941
16056041
16056362
16057365
16057597
16058108
16058923
16059135
16059524
16059588
16060258
16060340
16060657
16060915
16061073
16061144
16061622
16061765
16062439
16062836
16062894
16063123
16063390
16063409
16064394
16064545
16064584
16064746
16065299
16065326
16065328
16065416
16065483
16066196
16066413
16066671
16067103
16067119
16067337
16067415
16067457
16067807
16067917
16068014
16068070
16068573
16068728
16069217
16069385
16069489
16069644
16069738
16070002
16070264
16070265
16070381
16070912
16071242
16071514
16071675
16071849
16071869
16157471
16225534
16225694
16225725
16226483
16226531
16226633
16226668
16227071
16227087
16227267
16227287
16227684
16227898
16228224
16228252
16228434
16228609
16229012
16229035
16229164
16229436
16229652
16230639
16230809
16230810
16230983
16231019
16231201
16231386
16231545
16231605
16231624
16231773
16232622
16232690
16232837
16232844
16233017
16233342
16233404
16233471
16233790
16233876
16234210
16234356
16235021
16237086
16238580
16238752
16238928
16239255
16239323
16239522
16239607
16239675
16239708
16248221
16308853
16309906
16310192
16310245
16310519
16310736
16310910
16311190
16311419
16311706
16311914
16311958
16312163
16312419
16312572
16312833
16312926
16313025
16313282
16313306
16313728
16313836
16313957
16314213
16315102
16315746
16315799
16315822
16315918
16316240
16316430
16316652
16316862
16317191
16317269
16317426
16317691
16318212
16318695
16319007
16319196
16319341
16319486
16319562
16320086
16320823
16337371
16342716
16343658
16343723
16344122
16344277
16344704
16345252
16346850
16347119
16347121
16347664
16348310
16395063
16395081
16396840
16402520
16403035
16405549
16406170
16406556
16406995
16407443
16407716
16408549
16409328
16409397
16409843
16409849
16410908
16411130
16411143
16411382
16411641
16412201
16412263
16412462
16412534
16412844
16412871
16413274
16413402
16413517
16414334
16415770
16416313
16416595
16417120
16417435
16417508
16417565
16417669
16417849
16418132
16418438
16418536
16453838
16454523
16457079
16459875
16461891
16463563
16463748
16464563
16465935
16467165
16468114
16471504
16472549
16473038
16473420
16473667
16477647
16477747
16478594
16478599
16478706
16480119
16480377
16481408
16481829
16482240
16482362
16482511
16483441
16483558
16484003
16484029
16484370
16485226
16486114
16487740
16582106
16583497
16584365
16585831
16586509
16588553
16588642
16589780
16590059
16590831
16591153
16592377
16593118
16593252
16594001
16596210
16599167
16600889
16603268
16612853
16615835
16619355
16650982
16651279
16651489
16651782
16652803
16652856
16653001
16653065
16653697
16653850
16654002
16654217
16654678
16654773
16654961
16655556
16655682
16655722
16656137
16656213
16656281
16656792
16657360
16658307
16658477
16658496
16658538
16658651
16658881
16658992
16659038
16660160
16660883
16661669
16661803
16661834
16661854
16661947
16662036
16662317
16662369
16662437
16662657
16663345
16663401
16663490
16663745
16663865
16664183
16664199
16664465
16664510
16664644
16664786
16664799
16665303
16665413
16665529
16665730
16665925
16666121
16666136
16666159
16666398
16666667
16667179
16667222
16667242
16667351
16667441
16667474
16668199
16668246
16668552
16668892
16669738
16669810
16669849
16669862
16670212
16670502
16671045
16671115
16671257
16671458
16671604
16672085
16672492
16673700
16674256
16674305
16674618
16675087
16675425
16675757
16675959
16675993
16676159
16676382
16677721
16678101
16678135
16678206
16695162
16787337
16918552
16919195
16920018
16920045
16920052
16920300
16920433
16920492
16920855
16920960
16921067
16921818
16922008
16922671
16922938
16923488
16923518
16923568
16923604
16923790
16924314
16924611
16924630
16924689
16924845
16924896
16924917
16925217
16925476
16925772
16925809
16925843
16925990
16926186
16926227
16926239
16926428
16926472
16926915
16927386
16927724
16928481
16928489
16928654
16928964
16929188
16929526
16930149
16930177
16930490
16930873
16930934
16993941
16994645
16994677
16994765
16994797
16995542
16996238
16996290
16996749
16996885
16997110
16998539
16998896
16998963
16999101
16999262
16999510
16999670
16999907
16999939
17000035
17000084
17000605
17000628
17000846
17001129
17001335
17001351
17001965
17002812
17002836
17003082
17004266
17004365
17004389
17004550
17004869
17005476
17005708
17005879
17006430
17006469
17006595
17006865
17007128
17007178
17007282
17007760
17007862
17008718
17009159
17021592
17028899
17175400
17176412
17181762
17187982
17188908
17212109
17216996
17219141
17220665
17279760
17282876
17289980
17346545
17346988
17347380
17347883
17348062
17348218
17348964
17349011
17349412
17350176
17350290
17351234
17351279
17351514
17351691
17351969
17352175
17354318
17354928
17356124
17356557
17357633
17357919
17358185
17358355
17387047
17387182
17387484
17387622
17387752
17388367
17389675
17390102
17390227
17390261
17390332
17390535
17390770
17390861
17391839
17392572
17393093
17393485
17393606
17393634
17393753
17393867
17394401
17394814
17394914
17395422
17395459
17395583
17395995
17396080
17396099
17396591
17396723
17397183
17397822
17398159
17398656
17399150
17399987
17400450
17400522
17400968
17401173
17401241
17401307
17401473
17402374
17402903
17403075
17403124
17404035
17404160
17404649
17404819
17405299
17405416
17405706
17406166
17406472
17406919
17408223
17408294
17408312
17408655
17408874
17409118
17409253
17409584
17410331
17410505
17410732
17410888
17411097
17411517
17411518
17411527
17412441
17412770
17413043
17413426
17413437
17413442
17414265
17414314
17415523
17415666
17416667
17417218
17417361
17417569
17418433
17418444
17419003
17419181
17420438
17420638
17420794
17420873
17420915
17422730
17424431
17424635
17424771
17426776
17428210
17428735
17429715
17431468
17432786
17433417
17434470
17439879
17440476
17443736
17444435
17446842
17447677
17447869
17448116
17475521
17476248
17477183
17477574
17477723
17477798
17477818
17477846
17477890
17477896
17477919
17478522
17478616
17478617
17478916
17479019
17479052
17479533
17479569
17479597
17479623
17479634
17480045
17480070
17480290
17480616
17480662
17480712
17480962
17481019
17481073
17481311
17481474
17481509
17482053
17482174
17482273
17482487
17482555
17483243
17483527
17483795
17484040
17484192
17484685
17485005
17485169
17485764
17485785
17485832
17485869
17485945
17485978
17486273
17486430
17486464
17486640
17486760
17487642
17488133
17488270
17488319
17630240
17631687
17637797
17638506
17640707
17640820
17640926
17641578
17641700
17642260
17642327
17642791
17642946
17643377
17643383
17643948
17644100
17645573
17646344
17646436
17646694
17647559
17647937
17648194
17648945
17649204
17649888
17650280
17650961
17651028
17651029
17651233
17651902
17652124
17652223
17652342
17652896
17652913
17654891
17655184
17655327
17656693
17657182
17657514
17657638
17658098
17658299
17658344
17690167
17690651
17690769
17690881
17691358
17691515
17691809
17692122
17692638
17692688
17692839
17693179
17693382
17693383
17694255
17694345
17694647
17694659
17694668
17694786
17695050
17695492
17695533
17695816
17696193
17696374
17696411
17696474
17696822
17697662
17698317
17699383
17699432
17699542
17699740
17699987
17700568
17700784
17700808
17700911
17701254
17701575
17701615
17701840
17701945
17702067
17702156
17702426
17702437
17702449
17702479
17702501
17702558
17702651
17702830
17758670
17758945
17760020
17761843
17762800
17763580
17763916
17764355
17764798
17764840
17765105
17765422
17765590
17767166
17768327
17768504
17769079
17769126
17781686
17781776
17781854
17782699
17782786
17782827
17783128
17783228
17783333
17783511
17783781
17784027
17784220
17784377
17785199
17785225
17785610
17785711
17785714
17785934
17786015
17786144
17786800
17786895
17786912
17787663
17787772
17788569
17788582
17789977
17790220
17791326
17791406
17791945
17792007
17792941
17792992
17793146
17793603
17793755
17794914
17795918
17796361
17796681
17797385
17797675
17797905
17800052
17800146
17800676
17801151
17802313
17802373
17802996
17803058
17803307
17805430
17805483
17805989
17806365
17806895
17807096
17808540
17808698
17810036
17810646
17810957
17811507
17811943
17812817
17813008
17814282
17814487
17815163
17815274
17815821
17815823
17815845
17815922
17816281
17816841
17818220
17818686
17819480
17819536
17819756
17819967
17820485
17820623
17820679
17820827
17821212
17821237
17821669
17822332
17822551
17822803
17822939
17822977
17823076
17823482
17823703
17823773
17823854
17824078
17824308
17824728
17824746
17826340
17826486
17826562
17826563
17826751
17827423
17827530
17827721
17827832
17828637
17828998
17829203
17829571
17829914
17830179
17830340
17830499
17830646
17831994
17832170
17832297
17834147
17834692
17834918
17835177
17835677
17836478
17836501
17837199
17837932
17838342
17838626
17838748
17839113
17839428
17839854
17840386
17840689
17841118
17841231
17841408
17841409
17841708
17841962
17842609
17843204
17845908
17847039
17848531
17849413
17859143
17859220
17864686
17868743
17868859
17874124
17875744
17878984
17879184
17879935
17883803
17887030
17887957
17888680
17889208
17889232
17899292
17908866
17909061
17909901
17910879
17911070
17911236
17911556
17911616
17912183
17912444
17912890
17914668
17915575
17915630
17915831
17915927
17916004
17916110
17916394
17916510
17916953
17917131
17918032
17918243
17918521
17918720
17919546
17919748
17919794
17920935
17921379
17922681
17923064
17923321
17923622
17925000
17926833
17927377
17927625
17928652
17929246
17929602
17929630
17929649
17929761
17930038
17930282
17930407
17930702
17931175
17931763
17933039
17933413
17933513
17933564
17934382
17934832
17934867
17934891
17934964
17935134
17935161
17935241
17935283
17935563
17935731
17936427
17937153
17937465
17937719
17938635
17938825
17939035
17939507
17939530
17939630
17940025
17940055
17940065
17941742
17941802
17942020
17942036
17942729
17942830
17942891
17943115
17943993
17944044
17944204
17944317
17945056
17945510
17945525
17945709
17945767
17946131
17947136
17947336
17947472
17947609
17966755
17967307
17967553
17967916
17968553
17968997
17969029
17969156
17969296
17969533
17969538
17969954
17970706
17970836
17971128
17971359
17971613
17971826
17971961
17972107
17972117
17972737
17972777
17973597
17973799
17973923
17974747
17974962
17975229
17975389
17975425
17976889
17977911
17978099
17978335
17979365
17979374
17979931
17980196
17981058
17981066
17981164
17981314
17981387
17981607
17981953
17982095
17982150
17983029
17983150
17983337
17983443
17983802
17983937
17985133
17986167
17986581
17986617
17986991
17987149
17988399
17988658
17989436
17989869
17990137
17990267
17991579
17993153
17993460
17995176
17995692
17998005
18000685
18000739
18001584
18001880
18002001
18002297
18002591
18002713
18003427
18003702
18003713
18003870
18003936
18004565
18004825
18004924
18005065
18005693
18005717
18005871
18005890
18005915
18005972
18006147
18006714
18007445
18007765
18008431
18008483
18008584
18008650
18008681
18008729
18009618
18009723
18009851
18009944
18010033
18010202
18010593
18010862
18011034
18011052
18011431
18012664
18013426
18013981
18014305
18014616
18014641
18015490
18015903
18016196
18016440
18016759
18017101
18017181
18017206
18017520
18018088
18022912
18023705
18025172
18029143
18029440
18041467
18074063
18078488
18079834
18082633
18084000
18085577
18117483
18138326
18138648
18138677
18138769
18138821
18139092
18139651
18140220
18140364
18140489
18140665
18140749
18140792
18140905
18141235
18141435
18141438
18142075
18142214
18142669
18142678
18143243
18143670
18143696
18143925
18144032
18144058
18144400
18145604
18145612
18145762
18146452
18147379
18148270
18148359
18148386
18148468
18148698
18148868
18148898
18148906
18149161
18149230
18149455
18149655
18149845
18151156
18151382
18151608
18152383
18152440
18152990
18153652
18154346
18154615
18154627
18154794
18154816
18154965
18155331
18155931
18156180
18156427
18156684
18186722
18186988
18187260
18187509
18187671
18187847
18187920
18188236
18188336
18188661
18188971
18189450
18189746
18189816
18190382
18190525
18191172
18191262
18191553
18191814
18192242
18192380
18192397
18193091
18193173
18194460
18194529
18194792
18196395
18196771
18196818
18197348
18198687
18198922
18199651
18199657
18199827
18200449
18200812
18200869
18200896
18200966
18201146
18201507
18201533
18201559
18203046
18203111
18203336
18203525
18278615
18283852
18294019
18314592
18314674
18315452
18316264
18316687
18317012
18317483
18318146
18318360
18319156
18319723
18319769
18320159
18321330
18321364
18321914
18322036
18322138
18323203
18324132
18325144
18325687
18326446
18326613
18381567
18382502
18385748
18387509
18388761
18390081
18408137
18408710
18408858
18409596
18412179
18413015
18413908
18414319
18415092
18415122
18417003
18418442
18419908
18420250
18549479
18552473
18554117
18555116
18556387
18556825
18558285
18559573
18560812
18565512
18566086
18566217
18567483
18567666
18567777
18568153
18568565
18568567
18568971
18570890
18571305
18571314
18571790
18572935
18573930
18574043
18574067
18574893
18575153
18575176
18575376
18576232
18576676
18577968
18578096
18578847
18579388
18579424
18579878
18580110
18580310
18580464
18581025
18581458
18581591
18581612
18582074
18582178
18582650
18582690
18583360
18583786
18584302
