35
756
4420
5219
6817
6905
10382
10724
11913
14110
18320
19459
19638
22845
23345
23392
29596
30088
30167
33095
36392
103308
105727
108460
109114
225282
227086
228133
240082
240505
241044
241282
241358
242689
243348
244229
245793
245843
246541
246982
246994
247491
248035
249227
249271
249371
249459
250419
250955
251157
252248
252468
252722
252897
253056
254006
311798
312297
312729
313127
313363
313466
313483
315221
315305
315397
317452
318494
320152
320272
321028
401408
401536
401567
401700
401911
401948
402089
402153
402550
402689
402713
402736
402955
403019
403134
403335
403523
403558
403646
403740
403819
403975
404110
404429
404538
404595
404884
406138
406205
406438
406582
406894
407005
407232
408002
408045
408326
408752
408811
409022
409074
409106
409155
409976
410097
410213
411230
411289
411561
411693
411823
411864
412252
412387
412764
413198
413346
413389
413741
413742
413829
413930
414508
414536
414561
414860
414923
414949
415019
415042
415043
415086
415318
415429
415722
415758
416461
416500
416974
417548
417722
418541
418618
419029
419470
419556
488986
489946
489994
490216
490233
490292
490438
491177
491666
492304
492364
492799
492843
493203
494192
494507
494615
494625
494924
495192
495549
495774
496223
496296
496353
496578
497321
497676
497910
497971
498249
498272
498564
498803
499811
500584
500618
502004
557532
582307
585149
609049
679625
684637
685970
752795
759803
760146
761643
768970
769015
803665
803841
803968
805818
806363
806589
806848
807348
808149
808172
808870
809603
810013
810297
810419
810784
811099
811525
812057
812360
812789
812902
813079
813080
813379
813633
814280
814582
814807
815335
815420
815658
815702
815724
817370
817771
818237
818718
818748
818929
819143
819305
819576
821728
821769
822046
823117
823194
823941
823946
825009
825187
825563
826786
828236
828711
828804
829315
829868
830336
830374
831849
834585
838528
844658
845146
845976
845981
845995
846144
846290
846474
846490
846528
847269
847727
847847
848237
848247
848318
848479
848597
849102
849563
849835
850047
850195
850439
850486
850494
851438
852686
852999
853517
854146
854184
854310
854473
854499
855516
855877
856033
856643
856748
857710
858889
859000
859106
860808
861319
861549
862006
862136
862419
862456
862877
863825
933912
936900
937640
938695
940684
941385
941841
1024232
1028657
1030003
1032802
1034169
1035746
1130303
1143097
1143429
1146054
1147471
1147581
1147979
1148054
1148300
1148478
1148519
1148648
1148677
1148924
1149144
1149311
1149471
1149597
1149717
1150031
1150320
1150395
1150561
1150715
1151425
1151592
1152013
1152392
1152476
1152494
1152817
1152960
1152987
1153235
1153646
1153699
1154227
1154297
1154645
1154715
1154765
1155055
1155142
1155291
1155310
1155454
1155492
1155621
1155630
1155695
1155696
1155849
1155903
1155915
1156848
1156978
1157130
1157561
1157748
1157856
1157985
1158270
1158387
1158514
1159549
1160572
1160739
1160795
1161247
1161670
1161794
1161823
1161973
1162184
1162340
1162543
1162549
1163506
1163620
1164171
1164287
1164406
1164729
1164819
1165211
1165365
1165613
1165629
1165804
1165831
1165881
1165919
1167214
1167346
1167567
1168037
1168270
1168354
1168565
1168656
1169011
1169036
1169243
1169497
1169505
1169588
1169653
1170598
1171248
1171381
1171631
1172155
1172258
1172651
1172901
1173005
1173034
1287458
1287537
1287610
1287717
1287822
1288565
1288978
1289016
1289143
1289676
1289818
1290206
1290275
1290382
1291024
1291042
1291134
1291399
1291816
1292275
1292325
1293125
1293301
1293478
1293553
1293628
1294182
1294364
1294639
1294761
1294902
1295453
1296223
1296609
1297179
1297269
1297789
1297831
1297862
1297912
1298041
1298639
1299267
1299738
1299995
1300209
1300322
1300378
1300442
1300551
1301716
1301881
1302014
1302102
1303187
1303827
1304278
1304289
1304922
1304951
1305436
1306375
1307489
1307606
1308387
1308462
1308474
1308750
1308816
1308871
1309037
1309500
1310133
1310876
1311379
1311596
1311746
1311891
1312126
1312137
1312566
1312593
1312721
1312941
1313252
1314202
1314344
1314444
1314608
1314850
1315252
1315259
1315336
1315598
1316248
1316278
1316666
1321903
1332070
1352638
1356625
1357874
1374913
1377485
1380585
1383780
1385501
1385896
1390008
1391042
1391456
1391492
1391866
1392024
1393274
1393533
1394311
1394744
1395012
1395142
1396454
1398028
1398335
1400051
1400567
1402880
1405591
1406615
1407056
1407440
1407461
1407697
1408726
1409233
1409680
1409945
1410883
1411454
1411720
1412822
1413349
1414441
1415915
1416004
1416539
1418563
1419126
1419404
1419656
1458908
1494024
1494042
1494297
1494371
1494537
1496736
1496885
1496973
1497908
1498113
1498488
1498525
1498719
1499016
1499100
1499202
1499400
1499458
1499548
1499678
1499804
1499881
1500387
1500523
1500648
1501180
1501412
1501776
1501982
1502006
1502184
1502743
1503216
1503984
1504174
1505035
1505446
1505468
1505676
1506648
1506904
1507196
1507286
1508152
1508373
1508484
1508888
1509394
1510434
1510764
1510795
1511699
1511853
1512018
1512076
1512664
1512716
1512949
1513362
1550114
1553075
1553342
1555566
1556816
1557564
1558046
1559236
1560731
1561847
1584506
1592386
1638079
1638133
1638978
1639274
1639395
1639691
1639985
1640107
1640821
1641096
1641107
1641264
1641330
1641959
1642219
1642318
1642459
1643087
1643111
1643265
1643284
1643309
1643366
1643541
1644108
1644839
1645159
1645825
1645877
1645978
1646044
1646075
1646123
1647012
1647117
1647245
1647338
1647427
1647596
1647987
1648256
1648428
1648446
1648825
1650058
1650820
1651375
1651699
1652010
1652035
1652884
1653297
1653590
1653834
1654153
1654495
1654575
1654600
1654914
1655482
1657094
1657150
1657236
1658022
1658367
1658517
1659047
1659060
1659553
1659648
1659713
1661061
1661494
1661636
1662838
1663960
1664208
1664215
1664317
1665232
1665393
1665515
1665656
1665682
1665835
1666607
1667114
1667169
1667299
1668054
1668618
1669438
1669699
1669791
1670104
1670237
1670376
1670391
1670400
1670776
1671061
1671163
1671284
1671351
1671466
1671513
1671775
1671912
1672119
1672398
1759734
1763102
1763479
1766427
1767220
1768666
1770706
1772078
1773070
1774884
1774934
1776813
1777859
1779258
1779950
1782487
1828574
1828874
1832759
1832967
1833218
1833951
1835718
1836611
1836817
1840797
1841646
1842023
1894565
1894946
1894978
1895158
1895251
1895260
1895338
1895343
1895434
1895871
1895928
1896401
1896404
1896745
1897161
1897265
1897477
1898493
1898684
1898863
1899524
1900183
1900348
1900845
1900931
1901185
1901274
1901279
1901321
1901456
1901538
1902186
1902633
1902701
1903232
1903488
1903552
1903571
1903856
1904285
1904385
1904423
1904565
1904731
1904825
1905056
1905182
1905296
1905442
1905637
1905694
1905844
1906105
1906291
1906327
1906331
1906344
1906489
1906589
1906686
1906742
1906839
1907166
1907185
1907247
1907914
1908171
1908522
1908527
1908566
1908735
1909190
1909253
1910440
1910577
1911366
1911744
1911833
1911834
1912076
1912254
1912396
1912846
1913047
1913157
1913203
1914253
1914580
1914594
1914716
1914828
1915301
1915680
1916019
1916335
1916632
1916712
1917220
1917305
1917692
1917767
1917930
1918274
1918548
1918881
1919159
1919440
1919484
1920049
1920059
1920563
1920760
1922065
1922113
1922276
1922504
1922527
1922601
1923278
1923440
1923580
1923683
1924085
1924141
1924189
1924255
1924273
1924394
1924819
1924878
1924987
1924991
1952299
1961873
1962068
1991021
1991325
1991531
1991779
1991979
1993138
1993473
1993517
1993659
1994010
1994261
1994470
1995285
1995512
1995815
1996095
1996442
1996759
1996893
1996916
1997009
1997322
1997517
1998293
1998491
1998760
1999495
1999626
1999745
1999879
2000024
2000042
2000183
2000349
2001061
2001226
2001346
2001443
2001578
2001658
2002215
2003122
2003218
2003227
2003319
2003791
2003834
2003897
2004322
2005022
2005139
2005429
2005700
2005944
2005958
2028533
2028633
2028703
2028823
2028877
2028903
2029394
2029501
2029505
2030859
2031220
2031258
2031296
2031443
2032183
2032733
2033150
2033529
2033568
2033800
2034465
2034734
2034914
2035081
2035090
2035349
2036217
2036220
2036258
2036463
2036925
2037110
2037216
2037582
2038042
2038076
2038923
2040000
2043778
2044523
2045408
2046334
2046647
2047755
2048155
2050152
2065498
2066313
2066755
2067387
2069917
2070618
2072431
2073336
2073971
2075027
2075039
2075343
2075387
2076339
2077469
2077756
2077790
2086477
2088001
2104721
2105002
2105220
2106523
2106783
2109076
2110838
2111040
2113348
2119247
2119816
2120004
2121391
2122541
2124093
2126194
2126434
2127906
2127926
2130054
2132957
2135630
2154141
2154264
2154482
2154918
2154961
2155244
2155557
2156008
2156040
2156195
2156343
2156423
2156627
2156867
2156973
2156985
2157012
2157368
2158169
2158577
2158948
2159099
2159683
2159876
2160081
2160095
2160184
2160583
2160873
2160927
2161376
2161629
2161967
2162614
2162849
2162982
2163484
2412664
2412716
2413069
2413504
2414076
2414834
2415360
2416135
2416396
2416445
2416646
2417960
2418128
2418764
2418836
2418887
2418983
2419110
2419494
2421171
2421830
2423108
2423150
2423711
2424317
2425062
2425172
2425276
2425466
2425543
2426076
2426311
2472191
2479351
2498626
2498778
2498880
2498882
2498955
2499121
2499231
2499609
2500609
2500787
2501007
2501054
2501094
2501099
2501183
2501408
2502174
2502518
2503317
2503356
2503629
2503997
2504403
2504597
2504677
2505232
2505298
2505926
2505997
2506158
2506396
2506504
2506937
2506945
2507264
2507432
2507747
2508060
2508265
2508386
2508519
2508538
2508652
2508790
2508994
2509285
2509678
2509785
2509849
2510290
2510584
2511062
2511281
2511290
2511413
2512030
2512196
2512367
2513197
2513470
2513986
2514252
2514524
2514773
2514935
2515111
2515184
2515500
2515600
2515925
2516235
2516714
2517010
2517080
2517646
2517789
2518436
2518526
2518817
2519078
2519506
2519644
2519661
2520355
2520437
2521724
2521793
2522056
2523659
2524035
2524082
2524612
2525951
2526186
2526915
2526921
2527091
2527713
2528076
2528133
2528160
2528230
2528410
2528771
2528797
2528823
2530310
2530375
2530600
2530789
2613518
2614530
2619880
2626100
2627026
2663449
2666601
2670510
2693082
2693248
2693596
2694041
2694072
2694182
2694214
2694535
2694741
2694782
2695223
2695420
2695486
2696114
2696192
2696239
2696357
2696949
2696970
2697841
2698075
2698310
2698785
2699298
2699366
2700197
2700708
2700799
2700819
2701032
2701299
2701341
2701479
2701482
2701937
2703128
2708069
2708069
2708446
2710801
2711308
2711680
2712042
2713973
2714725
2715680
2716072
2786227
2788741
2796694
2797484
2799732
2802820
2803830
2804706
2807403
2816077
2832985
2838122
2838177
2905054
2908590
2917121
2963660
2964054
2965003
2965072
2966036
2967886
2968319
2968712
2970377
2971025
2971310
2971467
2972782
2972952
2973051
3012088
3038069
3043384
3046433
3046532
3048501
3079913
3082224
3082252
3082545
3082747
3083101
3083497
3083503
3083622
3083828
3084560
3084620
3084693
3084748
3084963
3085313
3085386
3085587
3085779
3085963
3086374
3086826
3086988
3087063
3087278
3087556
3088029
3088163
3088216
3088279
3088334
3088702
3089558
3089640
3089663
3089897
3090364
3091329
3091452
3091676
3091696
3091888
3092709
3092735
3092941
3093320
3093711
3093819
3093829
3093889
3094402
3094602
3094950
3095301
3095361
3095446
3095857
3095941
3096005
3096014
3096203
3096285
3096462
3096717
3097110
3097516
3097902
3097966
3098050
3098337
3098440
3192732
3192909
3193140
3193483
3193508
3193704
3193873
3195096
3195212
3195214
3195274
3195447
3195579
3195592
3196372
3196687
3196824
3196868
3197171
3197749
3197808
3197853
3197968
3198193
3198255
3198263
3198409
3198708
3198890
3198953
3199152
3199221
3199339
3199417
3199473
3199948
3200118
3200171
3201004
3201123
3201499
3201835
3202233
3202568
3202780
3203089
3203605
3204203
3204739
3204876
3205060
3205491
3205604
3205847
3205954
3205988
3206981
3207346
3207529
3207575
3207940
3208354
3208495
3208573
3209001
3209155
3209282
3209610
3209777
3209935
3210111
3210299
3210733
3211791
3224159
3224450
3224698
3224758
3225138
3225238
3225918
3226502
3226953
3227933
3228063
3228102
3228114
3228177
3228638
3228861
3228938
3229247
3229574
3230132
3230205
3230524
3231258
3232093
3232372
3232539
3232567
3232617
3233113
3233269
3233317
3233479
3233816
3234209
3234654
3234724
3234772
3234901
3247490
3250397
3252643
3253668
3254570
3256771
3259211
3261324
3298535
3298622
3298757
3299216
3299323
3299424
3300535
3300604
3300646
3300837
3301501
3301533
3302105
3302168
3302385
3302760
3302807
3302856
3302887
3303279
3303467
3303797
3303928
3303952
3304171
3304205
3304703
3304785
3304846
3305231
3305256
3305287
3305613
3305903
3305947
3306290
3306335
3306588
3306756
3307449
3307561
3307657
3307736
3307809
3308029
3308217
3308977
3309456
3309811
3309867
3404370
3404689
3405028
3405126
3405341
3405694
3405971
3406651
3406707
3407466
3407706
3407768
3407811
3408311
3408953
3408980
3409045
3409287
3409292
3409607
3409609
3409677
3410586
3410888
3411208
3411220
3411421
3411563
3411815
3411896
3413200
3413655
3414076
3414229
3415532
3415896
3426176
3428019
3428232
3432489
3522103
3522746
3523569
3523596
3523603
3523851
3523984
3524043
3524406
3524511
3524618
3525369
3525559
3526222
3526489
3527039
3527069
3527119
3527155
3527341
3527865
3528162
3528181
3528240
3528396
3528447
3528468
3528768
3529027
3529323
3529360
3529394
3529541
3529737
3529778
3529790
3529979
3530023
3530466
3530937
3531275
3532032
3532040
3532205
3532515
3532739
3533077
3533700
3533728
3534041
3534424
3534485
3614982
3615415
3615777
3615885
3615898
3616610
3617113
3617193
3617728
3617760
3618086
3618460
3618713
3619353
3619510
3619586
3619620
3619898
3620332
3620398
3620409
3620760
3621132
3621445
3621623
3622244
3622554
3622597
3622723
3623063
3623159
3623355
3623998
3624689
3624704
3625067
3625277
3625753
3625824
3625930
3626266
3626279
3626554
3626734
3626962
3627329
3627361
3627542
3627714
3628017
3628118
3628337
3628492
3628505
3628928
3629250
3629421
3629500
3629585
3629807
3668635
3686101
3690006
3695640
3697313
3697679
3698312
3698434
3699108
3700999
3701498
3701952
3702228
3702705
3703079
3703865
3704542
3704638
3704842
3705950
3707997
3710311
3710693
3710819
3711495
3711891
3713029
3713218
3713944
3714140
3714365
3715945
3716029
3716583
3717635
3717914
4069913
4108851
4237288
4240275
4244162
4244716
4245645
4248145
4248484
4250854
4252839
4253234
4254505
4255923
4256143
4257086
4257130
4258125
4259323
4262317
4262963
4263079
4264351
4264782
4265010
4265244
4265710
4265874
4266011
4267369
4267707
4268340
4268762
4268883
4269021
4269634
4270522
4271019
4271174
4271284
4272130
4272200
4272259
4272531
4273056
4273138
4274276
4274496
4274717
4274868
4275114
4275397
4275473
4276359
4276462
4276558
4276624
4276972
4277278
4277645
4277698
4278037
4278288
4279694
4357923
4359570
4359900
4361005
4363188
4364784
4365212
4365428
4367320
4367990
4368940
4369555
4370146
4370553
4371087
4372966
4404940
4405215
4406290
4408113
4409070
4409850
4410186
4410625
4411068
4411110
4411375
4411692
4411860
4413436
4414597
4414774
4415349
4415396
4416984
4417146
4417633
4417826
4418678
4419209
4419702
4420286
4420692
4420846
4420907
4420990
4421424
4421897
4422451
4422467
4422618
4422629
4424086
4424471
4424935
4425210
4425235
4425915
4426218
4428894
4433641
4444519
4445196
4445690
4451577
4452590
4472897
4472932
4472995
4473343
4473464
4473626
4474103
4474178
4474666
4475170
4475204
4476054
4476078
4476353
4476619
4476708
4476776
4477268
4477718
4477791
4477833
4478071
4478234
4478636
4478690
4478764
4479568
4479967
4479982
4480039
4480145
4480247
4480549
4480915
4481443
4481818
4481902
4482078
4482153
4482731
4482754
4482775
4482881
4482893
4483140
4483217
4483707
4484064
4484075
4484515
4484979
4485176
4485235
4485467
4485686
4485737
4485875
4503822
4503822
4504593
4506026
4506303
4506446
4506468
4506730
4507586
4507720
4508033
4508259
4508462
4508492
4508521
4508640
4509543
4509630
4509652
4509737
4509872
4510472
4511473
4511644
4512253
4512660
4512802
4512928
4513056
4513234
4513349
4513966
4514159
4514449
4514960
4515823
4516980
4517815
4518244
4518815
4518820
4519140
4519170
4519537
4520130
4520353
4520487
4520743
4520862
4521377
4521702
4521744
4522444
4522492
4522578
4522800
4523445
4523668
4523824
4524414
4524425
4524637
4524858
4525166
4525606
4525708
4526123
4526338
4526401
4526452
4526476
4526590
4526796
4527139
4527901
4528062
4528579
4528648
4528762
4528971
4529514
4529550
4529612
4529690
4529901
4530666
4530788
4530897
4530929
4531162
4531357
4531552
4531651
4531681
4531687
4531949
4532409
4534013
4534085
4534244
4534790
4534799
4534820
4535551
4536156
4536330
4536680
4589908
4590098
4590264
4590422
4590722
4591118
4592748
4593032
4593382
4593518
4593551
4593590
4593827
4594387
4594831
4594839
4595246
4596348
4597051
4597067
4597666
4597729
4597834
4599371
4599592
4599753
4599975
4600189
4600894
4601918
4602024
4602281
4602468
4602825
4602897
4605015
4605045
4605209
4605563
4605590
4605730
4606342
4606572
4606630
4606754
4607085
4607252
4607746
4608533
4658438
4662306
4690872
4691500
4691923
4692430
4692920
4692984
4693003
4693084
4693628
4693731
4693930
4695201
4695487
4695621
4695681
4695787
4695948
4696005
4696645
4696692
4698131
4698684
4699522
4700054
4700566
4700581
4701160
4701227
4701249
4701680
4701840
4702351
4702414
4702578
4702586
4712005
4745508
4746355
4746360
4746467
4747880
4748138
4749169
4749590
4750001
4750123
4750272
4751202
4751319
4751764
4751790
4752131
4752987
4753875
4755501
4773183
4773246
4773473
4773680
4773940
4774171
4774553
4775242
4775591
4776008
4776022
4776199
4776225
4776524
4776572
4776911
4777177
4777580
4777818
4777907
4778009
4778241
4778252
4778362
4778476
4778537
4778826
4778985
4779101
4779112
4779136
4779583
4779729
4779930
4780415
4780683
4781119
4781164
4781284
4781376
4781430
4781488
4781535
4782085
4782539
4782863
4782889
4783180
4783490
4783986
4784163
4793939
4954164
4954945
4955000
4956318
4957669
4961580
4963217
4963395
4964312
4964506
4966358
4966771
5023268
5023495
5025533
5027568
5028160
5030579
5033406
5034715
5037242
5037457
5038032
5038336
5038349
5038745
5073547
5074070
5074816
5075346
5075972
5076446
5076538
5076636
5078860
5079715
5080210
5080478
5080522
5080912
5081596
5082521
5083250
5084884
5085634
5086528
5086779
5086795
5087450
5087661
5088311
5090863
5091470
5091811
5230966
5308434
5309463
5362922
5364311
5366052
5366705
5368237
5368285
5368841
5369590
5369746
5369923
5369998
5370004
5370688
5370697
5371643
5371784
5372936
5374245
5375019
5376147
5376171
5377075
5377492
5377572
5377999
5378185
5378972
5379979
5380320
5381300
5381515
5382082
5382094
5382417
5383381
5383568
5384020
5384253
5384628
5385814
5386261
5386346
5386574
5387130
5387420
5387857
5388152
5388712
5388770
5388879
5390050
5391038
5391089
5391187
5391363
5391627
5392135
5392198
5393180
5393749
5394154
5394427
5394739
5395073
5395251
5395285
5395585
5396220
5396236
5396750
5396894
5397271
5397323
5397369
5397535
5397826
5398079
5398159
5398497
5399130
5399922
5400141
5400300
5403222
5404023
5404918
5405787
5405931
5406027
5406896
5407485
5407799
5408114
5408262
5408487
5410294
5410826
5411388
5412296
5412599
5412648
5414047
5414674
5414766
5414820
5415802
5436451
5437674
5438062
5438133
5438783
5439187
5440195
5441478
5442904
5443417
5443484
5444153
5445414
5445999
5445999
5446278
5447222
5449040
5449752
5450390
5451397
5452225
5452356
5452894
5453926
5453952
5510063
5514720
5521764
5535910
5536992
5537201
5537572
5538179
5538304
5538487
5538793
5538903
5539389
5539466
5539827
5540090
5540675
5540907
5541284
5541536
5541615
5541785
5541906
5541961
5542162
5543080
5543151
5543229
5543354
5543615
5543994
5544190
5544346
5544445
5544755
5545235
5545777
5546114
5565256
5565677
5566384
5570487
5574383
5575312
5575468
5576176
5577123
5579559
5597193
5600068
5605710
5608423
5664007
5664252
5664310
5664379
5664537
5664926
5665409
5665488
5665599
5665921
5666545
5666578
5666829
5666889
5666920
5667476
5667717
5667834
5668116
5668272
5668282
5668991
5669081
5669646
5669719
5670192
5670242
5670321
5670455
5670632
5671118
5671689
5671984
5672015
5672152
5672800
5672804
5673286
5673342
5673982
5674566
5674926
5675000
5675768
5676233
5676238
5676759
5677566
5677858
5678075
5678213
5678262
5678383
5678396
5679113
5679890
5679967
5681737
5683193
5684480
5684627
5686081
5686944
5687131
5687203
5689639
5690304
5691307
5691597
5691630
5691735
5692703
5692860
5693038
5693133
5693759
5693788
5694944
5695779
5695917
5696925
5769748
5772894
5799983
5800446
5801959
5802459
5803093
5803421
5804590
5806087
5807014
5808860
5808950
5810291
5811291
5811600
5811643
5813488
5815110
5815767
5817770
5818496
5819633
5820772
5821031
5821223
5822547
5822708
5822744
5823514
5824150
5824276
5824382
5828090
5828177
5833529
5834031
5836578
5840645
5843065
5901667
5987389
5989496
5989910
5990338
5994746
5996533
5996896
5997352
5999194
6002265
6003342
6024703
6024746
6025118
6025390
6025504
6026743
6026874
6027279
6027485
6028143
6028342
6028456
6028876
6029222
6029445
6029454
6029904
6030144
6030176
6031238
6031449
6031468
6031522
6031778
6031873
6032010
6032340
6032639
6032742
6032934
6033446
6033457
6033533
6033552
6033554
6034089
6034478
6034506
6034746
6034834
6035099
6035172
6035270
6035295
6035925
6035958
6036066
6036805
6037271
6037382
6037513
6038131
6038202
6038674
6038877
6038992
6039615
6040103
6040886
6041231
6042082
6043340
6043673
6043878
6044298
6044554
6044816
6045084
6045773
6047029
6047039
6047220
6047317
6047838
6048027
6048609
6048947
6049023
6049533
6049666
6049902
6050271
6050559
6050961
6052264
6057465
6058059
6058343
6063615
6063692
6064274
6065233
6065646
6066246
6264349
6264472
6264598
6265367
6265407
6265980
6266426
6267189
6268117
6268428
6269829
6269880
6270118
6270716
6271672
6271905
6272429
6273321
6273622
6274169
6274981
6275520
6275595
6276101
6279740
6281062
6282998
6322277
6322669
6322898
6323028
6323097
6323497
6323815
6323835
6324312
6324606
6324639
6324703
6324791
6324849
6324966
6325034
6325050
6325207
6325788
6325951
6326317
6326352
6326616
6327411
6327578
6327842
6328339
6328493
6328707
6329055
6329190
6329223
6329275
6329413
6329494
6329560
6329624
6329659
6329942
6330116
6330334
6330364
6331019
6331594
6331977
6332084
6332179
6332239
6333154
6333179
6333455
6333539
6333899
6333936
6334384
6334540
6334811
6335084
6335188
6335211
6335393
6335504
6335695
6335897
6335963
6336261
6336424
6336743
6336829
6336881
6337588
6337707
6337966
6338050
6338084
6338117
6338227
6338608
6338705
6338884
6339080
6444075
6444076
6444887
6444971
6445069
6445267
6446265
6447478
6449548
6449947
6450047
6450203
6450947
6451424
6452323
6452597
6452630
6452645
6453257
6453688
6453765
6453999
6454093
6454529
6526239
6527686
6533796
6534505
6536614
6538188
6538255
6538603
6538780
6538843
6538859
6540272
6540523
6541048
6541307
6541416
6541685
6542217
6543133
6543447
6543620
6543793
6544379
6544510
6544557
6544820
6545232
6545526
6546042
6546098
6546675
6547285
6547360
6547972
6548292
6562902
6564224
6564236
6564588
6564804
6564835
6565053
6565074
6565723
6565948
6566201
6566456
6566794
6567222
6568416
6568761
6568777
6569125
6569155
6569261
6569430
6569438
6570058
6570146
6571162
6571208
6571223
6571793
6571946
6571993
6572021
6572251
6572319
6572477
6572536
6572563
6572694
6572893
6573183
6573493
6573622
6573705
6574022
6574502
6574566
6574838
6574949
6575135
6575695
6576106
6576817
6576964
6577327
6577339
6578434
6578722
6579601
6580324
6580430
6580760
6581142
6581646
6582266
6582607
6582665
6583248
6583356
6583493
6583993
6584347
6584450
6585670
6586307
6586633
6587475
6587879
6588369
6589309
6589477
6589656
6589947
6590164
6590542
6590980
6591121
6591659
6592393
6592700
6592740
6593135
6639958
6640533
6640965
6641290
6641770
6643073
6643401
6644186
6644922
6647513
6648644
6649701
6654356
6654363
6654684
6657890
6658146
6661324
6664837
6664838
6741954
6742321
6742463
6743414
6743536
6743675
6744401
6744616
6745348
6745378
6745476
6745531
6746058
6746723
6747322
6747987
6748384
6749141
6749947
6750567
6750590
6750766
6751222
6751999
6755136
6756957
6757171
6757362
6758636
6758841
6759517
6759628
6760175
6760177
6760199
6760276
6760635
6761195
6762574
6763040
6763834
6763890
6764110
6764321
6764839
6764977
6765033
6765181
6765566
6765591
6766023
6766686
6766905
6767157
6767293
6767331
6767430
6767836
6768057
6768127
6768208
6768432
6768662
6769082
6769100
6770694
6770840
6770916
6770917
6771105
6771777
6771884
6772075
6772186
6772991
6773352
6773557
6773925
6774268
6774533
6774694
6774853
6775000
6827289
6828224
6831470
6833231
6834483
6835803
6838137
6838451
6838689
6838801
6838830
6838994
6839384
6839432
6839693
6839744
6839750
6840303
6840439
6840838
6840879
6841068
6841101
6841700
6842232
6842641
6842804
6842847
6843156
6843561
6843854
6844653
6844880
6845732
6846201
6846368
6846392
6846465
6847320
6847510
6847597
6847791
6939873
6940984
6941713
6941737
6944061
6945089
6945400
6946019
6946649
6946756
6947229
6947261
6947332
6948280
6948390
6952750
6953525
6953527
6953626
6971409
6971530
6971672
6971871
6972495
6972578
6972991
6973125
6973373
6973578
6974050
6974160
6974736
6974766
6974979
6975010
6975069
6975372
6975450
6975755
6976313
6976400
6976440
6976517
6976672
6976878
6976904
6976925
6977171
6977309
6977511
6978076
6978869
6979233
6979395
6979481
6979559
6979994
6980190
6980819
6981351
6981354
6982368
6986426
6992221
6992854
6995762
6995884
6995895
6995966
6996334
6996353
6996560
6996613
6996915
6997196
6998079
6998422
6998583
6998797
6999285
6999391
7000031
7000118
7000239
7000358
7000745
7000843
7000957
7002007
7002421
7003000
7003043
7004281
7004573
7004728
7004921
7005008
7005276
7005494
7005930
7006120
7061204
7061612
7061946
7063067
7063711
7066059
7066079
7066186
7066723
7067522
7067634
7071323
7072502
7072902
7073708
7073736
7075299
7076639
7196847
7196867
7197284
7197580
7197901
7198062
7198171
7198432
7198872
7198997
7199106
7199518
7199611
7199653
7199965
7200036
7201081
7201118
7201563
7202082
7202534
7202660
7202670
7202725
7202853
7203599
7203973
7204212
7204704
7205115
7205221
7205505
7205983
7206166
7206199
7206273
7206519
7206993
7207366
7207451
7207530
7208451
7208479
7208504
7208867
7209010
7210138
7210278
7210336
7211064
7211509
7212214
7213785
7213977
7215004
7215893
7235957
7236639
7236671
7236867
7236999
7238835
7239331
7241170
7280437
7281001
7281589
7281759
7281986
7282218
7283425
7284225
7284261
7284331
7285314
7285397
7285768
7286040
7286804
7287593
7288429
7291004
7293190
7293674
7293792
7293904
7294381
7294538
7294832
7295145
7295661
7295711
7295862
7296202
7296405
7296406
7297278
7297368
7297670
7297682
7297691
7297809
7298073
7298515
7298556
7298839
7299216
7299397
7299434
7299497
7299845
7300685
7301340
7302406
7302455
7302565
7302763
7303010
7303591
7303807
7303831
7303934
7304277
7304598
7304638
7304863
7304968
7305090
7305179
7305449
7305460
7305472
7305502
7305524
7305581
7305674
7305853
7306520
7307315
7307748
7308026
7309058
7310491
7311480
7312796
7313900
7314153
7315884
7317015
7317703
7318997
7321286
7322952
7323607
7468047
7468363
7468799
7469057
7469149
7469271
7471022
7471903
7471970
7472555
7472679
7472791
7472875
7473758
7474140
7474173
7474419
7474512
7474523
7474750
7475140
7475219
7475825
7476167
7476197
7476567
7476597
7476643
7477111
7477239
7477753
7478183
7478312
7478481
7478559
7478710
7479016
7479288
7479557
7479864
7480092
7480273
7482106
7482718
7482957
7483862
7484382
7484384
7484425
7484576
7484670
7485123
7485360
7485412
7485521
7499320
7499872
7500118
7500481
7501118
7501562
7501594
7501721
7501861
7502098
7502103
7502519
7503271
7503401
7503693
7503924
7504178
7504391
7504526
7504672
7504682
7505302
7505342
7506162
7506364
7506488
7507312
7507527
7507794
7507954
7507990
7509454
7510476
7510664
7510900
7511930
7511939
7512496
7512761
7513623
7513631
7513729
7513879
7513952
7514172
7514518
7514660
7514715
7515594
7515715
7515902
7516008
7516367
7516502
7537819
7561134
7563149
7563732
7563908
7564701
7564809
7564978
7565669
7566134
7566695
7568836
7569508
7570308
7571524
7571563
7571814
7572590
7573751
7573783
7573954
7574336
7576255
7576670
7576722
7576768
7576937
7576994
7577261
7577398
7577747
7577827
7577922
7579655
7579707
7580104
7580462
7580550
7580670
7580817
7635438
7635632
7638283
7639534
7640754
7642473
7643237
7644013
7644727
7645513
7645706
7646034
7646860
7646874
7646889
7647422
7649451
7649586
7651470
7651471
7651759
7703996
7704006
7704565
7704692
7704734
7704750
7704800
7705201
7705320
7705633
7705793
7706204
7706212
7706746
7707165
7707254
7707891
7707933
7708053
7708628
7709623
7709669
7709969
7710611
7710889
7711067
7711912
7712557
7713186
7713237
7713414
7713483
7713641
7713649
7713769
7713778
7714449
7744527
7744842
7744902
7745288
7745776
7746389
7746499
7746709
7746869
7746891
7747241
7747287
7748164
7748416
7748536
7748678
7749116
7749219
7749410
7749501
7749615
7750135
7750368
7750376
7750777
7751226
7751690
7751749
7751880
7752226
7752397
7752867
7753052
7753282
7753316
7753524
7753593
7753681
7753997
7754044
7754051
7754184
7754195
7754279
7754433
7755015
7755415
7755421
7756130
7756151
7756734
7757216
7757495
7757621
7757733
7757745
7757778
7758291
7758397
7758425
7758675
7758816
7758903
7758928
7759222
7759271
7759456
7759598
7759733
7773394
7773645
7774624
7774948
7777461
7777596
7777843
7778229
7778580
7779175
7779615
7779776
7779790
7780177
7781507
7781958
7782148
7782759
7782902
7783311
7783490
7783526
7783989
7784069
7784122
7784180
7784190
7785061
7785421
7786425
7786632
7786867
7870285
7870297
7870482
7870582
7870636
7871130
7871610
7872681
7872868
7873159
7873551
7873562
7873689
7873867
7873919
7874074
7874325
7874347
7874354
7874764
7874780
7874790
7874963
7874993
7875389
7875799
7875868
7876202
7876344
7876502
7876845
7876908
7877019
7877704
7878835
7879106
7880104
7880374
7880802
7880917
7881615
7881704
7881762
7881858
7882502
7911448
7911608
7911639
7912397
7912445
7912547
7912582
7912985
7913001
7913181
7913201
7913598
7913812
7914138
7914166
7914348
7914523
7914926
7914949
7915078
7915350
7915566
7916553
7916723
7916724
7916897
7916933
7917115
7917300
7917459
7917519
7917538
7917687
7918536
7918604
7918751
7918758
7918931
7919256
7919318
7919385
7919704
7919790
7920124
7920270
7920935
7923000
7924494
7924666
7924842
7925169
7925237
7925436
7925521
7925589
7925622
8044054
8044112
8044595
8044709
8045819
8046047
8046532
8046722
8047469
8047476
8047667
8047917
8049135
8049493
8049676
8049877
8050703
8051662
8051877
8052872
8052920
8053043
8053767
8054094
8054273
8054339
8054833
8055118
8055174
8055227
8055511
8055757
8055840
8055946
8056137
8056420
8057063
8057663
8057822
8058158
8058327
8059103
8059190
8059484
8060063
8060384
8060416
8060434
8060716
8062402
8062835
8062901
8062957
8063024
8063490
8063599
8063958
8064346
8064390
8064767
8065178
8065337
8066440
8067125
8067227
8067266
8067450
8067860
8067894
8068064
8068099
8068695
8069208
8069508
8069581
8069697
8070258
8070270
8070352
8070382
8070624
8070774
8071324
8071371
8071514
8071988
8072113
8072409
8072623
8073292
8073753
8074196
8074450
8074742
8074977
8198730
8198827
8198842
8199155
8199444
8199878
8200112
8200457
8200944
8200988
8201065
8201547
8201762
8201819
8201847
8202378
8202709
8202974
8203338
8203339
8203637
8203920
8204230
8204454
8204461
8204586
8204619
8204743
8205329
8205581
8206090
8206121
8206149
8206204
8206393
8207117
8207126
8207834
8207839
8208226
8208659
8208793
8208873
8209162
8209466
8210135
8210209
8210768
8211297
8211469
8211518
8212429
8212554
8213043
8213213
8213693
8213810
8214100
8214560
8214866
8215313
8216617
8216688
8216706
8217049
8217268
8217512
8217647
8217978
8218725
8218899
8219126
8219282
8219491
8219911
8219912
8219921
8220835
8221164
8221437
8221820
8221831
8221836
8222659
8222708
8223917
8224060
8260825
8260980
8267849
8269264
8269385
8270885
8275187
8277687
8383100
8383163
8386623
8387569
8388566
8389662
8391108
8393312
8395484
8396286
8397757
8397788
8399150
8407920
8520487
8523826
8524391
8525512
8539569
8539644
8540295
8541196
8543382
8543473
8543794
8543881
8544398
8545261
8545859
8546500
8547445
8547505
8547860
8548513
8549189
8549652
8549885
8550494
8550518
8551075
8551376
8552027
8552110
8552629
8553801
8574994
8575125
8575375
8575497
8575754
8575763
8577108
8577295
8577671
8577993
8578857
8579194
8579435
8579445
8579492
8579500
8579843
8579916
8579930
8580144
8580410
8581038
8581174
8582017
8582082
8582126
8582200
8582789
8582999
8583748
8584821
8584943
8585599
8585903
8587051
8587057
8587079
8587406
8587870
8588193
8588719
8589209
8589836
8589949
8590752
8591407
8591664
8592502
8592733
8592913
8593001
8593139
8593459
8593672
8593865
8593946
8594037
8640691
8641112
8641975
8642175
8642666
8642690
8643517
8643855
8644234
8645300
8645940
8646145
8646671
8646764
8647074
8648445
8649760
8649832
8650391
8651246
8651888
8652507
8652705
8653102
8653445
8654029
8655667
8655740
8655843
8659595
8664287
8667000
8682987
8686816
8687864
8689338
8691349
8691760
8692429
8692626
8694604
8696722
8697789
8698247
8725855
8726078
8726133
8726645
8726914
8727600
8728426
8728618
8729709
8730346
8730936
8731284
8731334
8731412
8731627
8731912
8732289
8732400
8732723
8734187
8735609
8736270
8737155
8737287
8737444
8737639
8737663
8738313
8739250
8739710
8739947
8740106
8741337
8742048
8742237
8742325
8742480
8743942
8743973
8744633
8746361
8756592
8857614
8857928
8858264
8858593
8859889
8860166
8860251
8860505
8860794
8861001
8861368
8861658
8861716
8861879
8862087
8862513
8862754
8862848
8862893
8862979
8863107
8863397
8863982
8864456
8864888
8865066
8865262
8865355
8865407
8865445
8865507
8865743
8866190
8866528
8866923
8866960
8867718
8867929
8868080
8868980
8869330
8869446
8869674
8870488
8870691
8870864
8871144
8871412
8871728
8871937
8872304
8872375
8872416
8872422
8872617
8872836
8872919
8872971
8873031
8873093
8873258
8873462
8873527
8873647
8887478
8887649
8887897
8888227
8888450
8889075
8889091
8889423
8890137
8890533
8890970
8891424
8891498
8892499
8892992
8893786
8894004
8895563
8897154
8915668
8915796
8916683
8917067
8917110
8917149
8917186
8917317
8918286
8918589
8919039
8919425
8919944
8919956
8920297
8920925
8921316
8921426
8922148
8923909
8924345
8924579
8925018
8925334
8925664
8925763
8926170
8927473
8944599
8944931
8945618
8945624
8945794
8946165
8946339
8946581
8946796
8947032
8948552
8948953
8949582
8949729
8950641
8950653
8951085
8951435
8951500
8951855
8952005
8952271
8953007
8953613
8954274
8954635
8954698
8954708
8955560
8956029
8956640
8957327
8957636
8957781
8957840
8958309
8958584
8958721
8959566
8960801
8961013
8961336
8962308
8962770
8963014
8963399
8963782
8963999
8964353
8965066
8965833
8965862
8965960
8966551
8967203
8967940
8967997
8968123
8968191
8968351
8968563
8968688
8968703
8968913
8969276
8969420
8969605
8969854
8970196
8970530
8971057
8971615
8971973
8972372
8973128
8973420
8973821
8973948
8974334
8974340
8974957
8975975
8976016
8976087
8976820
8977409
8978197
8978290
8979216
8979226
8979659
8979760
8979941
8980482
8980554
8980798
8981689
8981822
8982259
8982322
8982906
8982938
8983269
8983924
8983987
8984104
8984610
8985095
8985229
8985477
8985900
8985988
8986077
8986168
8986253
8986373
8986503
8986677
8987011
8987408
8987453
8987773
8988397
8988785
8988798
8988875
8989043
8989662
8989880
8990028
8991629
8991949
8991996
8992020
8992264
8992343
8992402
8992556
8992672
8992886
8992939
8994162
8994253
9067632
9070741
9073528
9073898
9203757
9204773
9204790
9205059
9205333
9205701
9206205
9206432
9207249
9208129
9209111
9209365
9209784
9210087
9210874
9211107
9211474
9211521
9211746
9212484
9213175
9213224
9213332
9213518
9213785
9214055
9214143
9214905
9214953
9215282
9215917
9216219
9216376
9217266
9218720
9218734
9218775
9218968
9219612
9219640
9219711
9219828
9219938
9220413
9220565
9221204
9482216
9482294
9482296
9482341
9482904
9483483
9483915
9483923
9483991
9484070
9485283
9485541
9485603
9485676
9485783
9486346
9486721
9486930
9487072
9487293
9487695
9487836
9488324
9488333
9488382
9488680
9489580
9489584
9489679
9489839
9489866
9490325
9491206
9491305
9491475
9491494
9491850
9492169
9492633
9492769
9492827
9492836
9492877
9493280
9493498
9493938
9494218
9494308
9495082
9495336
9495643
9495670
9496110
9496142
9496148
9496372
9496463
9496586
9580175
9593125
9628749
9629109
9632217
9633222
9633267
9633390
9635955
9636908
9651296
9658218
9658255
9658713
9658792
9659159
9659535
9659817
9660614
9660808
9660923
9661064
9661199
9661339
9661341
9661835
9662963
9663656
9663790
9664114
9664443
9664709
9665242
9665467
9666158
9666336
9667408
9668268
9670236
9689400
9689756
9689784
9689803
9689915
9690192
9690436
9690561
9690856
9691329
9691917
9693193
9693567
9693667
9693718
9694536
9694986
9695021
9695045
9695118
9695288
9695315
9695395
9695437
9695717
9695885
9696581
9697307
9697619
9697873
9698789
9698979
9699189
9699661
9699684
9699784
9700179
9700209
9700219
9701896
9701956
9702174
9702190
9702883
9702984
9703045
9703269
9704147
9704198
9704358
9704471
9705210
9705664
9705679
9705863
9705921
9706285
9707290
9707490
9707626
9707763
9727586
9727997
9733902
9735508
9736384
9738417
9739865
9760130
9760452
9760481
9760573
9760625
9760896
9761455
9762024
9762168
9762293
9762469
9762553
9762596
9762709
9763039
9763239
9763242
9763879
9764018
9764473
9764482
9765047
9765474
9765500
9765729
9765836
9765862
9766204
9767408
9767416
9767566
9768256
9769183
9770074
9770163
9770190
9770272
9770502
9770672
9770702
9770710
9770965
9771034
9771259
9771459
9771649
9772960
9773186
9773412
9774187
9774244
9774794
9775456
9776150
9776419
9776431
9776598
9776620
9776769
9777135
9777735
9777984
9778231
9778488
9778680
9779388
9779608
9779613
9779988
9780000
9780064
9780384
9780623
9780833
9781363
9781435
9781570
9781870
9781966
9781978
9782020
9782364
9782666
9782729
9783157
9783189
9783477
9783907
9783947
9784031
9784493
9785061
9785160
9785395
9785399
9786099
9786275
9786311
9786352
9786502
9786718
9787161
9787487
9787494
9788192
9789743
9790282
9790372
9790389
9790470
9790525
9790767
9791376
9791566
9791858
9792393
9792735
9792809
9792810
9793107
9793179
9793573
9793590
9793631
9793672
9793927
9793953
9794166
9794445
9795034
9795328
9795365
9795387
9838794
9838883
9839100
9839106
9839202
9840060
9840228
9840602
9840732
9841038
9841114
9841561
9841682
9841790
9842231
9842232
9842357
9842538
9843130
9843328
9843483
9843553
9844036
9844780
9844902
9845044
9845251
9845361
9846112
9846638
9847223
9847393
9847431
9847973
9848560
9848578
9848717
9848758
9848803
9848848
9848969
9849864
9853774
9861315
9861517
9862923
9863510
9864544
9868125
9868495
9868885
9869272
9869702
9870564
9871058
9871192
9871568
9871970
9872029
9872940
9872982
9873391
9873717
9874681
9875583
9875771
9875857
9876044
9876505
9876506
9876697
9877116
9877500
9877523
9877603
9878188
9878308
9878612
9879212
9879222
9879281
9879549
9880081
9880806
9880829
9880843
9880895
9880955
9881263
9881405
9881431
9881722
9881875
9882195
9882583
9883258
9883402
9883599
9883688
9917048
9917320
9917356
9917471
9917804
9917853
9918223
9918607
9918814
9919765
9920715
9921070
9921370
9921552
9921558
9921566
9921688
9921718
9921768
9922416
9923227
9923881
9923967
9923990
9924011
9924174
9924243
9924550
9924965
9925006
9925540
9925666
9925716
9925830
9925910
9926715
9927817
9928050
9928180
9928189
9928338
9928352
9928573
9928648
9928823
9929067
9929251
9929607
9929637
9929905
9930005
9930885
9930979
9931062
9931348
9931931
9932287
9932313
9932440
9932811
9932881
9933102
9933299
9933310
9933442
9934046
9934278
9934534
9934617
9934689
9934849
9935557
9936345
9936552
9936682
9936822
9936862
9937359
9938048
9938295
9938500
9938895
9938961
9938984
9939571
9940185
9940228
9940831
9941834
9941869
9942264
9943142
9943268
9943333
9943609
9943797
9944105
9944936
9946074
9946192
9946214
9946345
9946758
9947064
9947122
9947129
9947130
9947390
9947431
9947479
9948119
9948338
9948342
9948645
9948714
9948798
9948967
9950091
9950450
9950478
9950487
9950618
9951146
9951550
9951668
9951898
9951901
9952297
9952334
9952961
9953059
9953452
9953623
9956431
9985152
9985995
9986255
9986485
9987589
9990439
9994149
9994742
9995613
10045829
10045989
10046306
10047162
10047270
10047473
10047789
10049051
10049509
10049866
10049922
10049979
10050018
10050613
10050616
10050660
10051598
10051896
10052189
10052416
10052501
10052863
10053199
10053643
10053879
10053914
10054400
10054577
10055565
10055667
10055846
10056017
10056018
10057424
10057510
10057955
10058018
10058974
10059057
10059352
10059826
10059974
10059999
10061104
10062092
10062355
10062558
10063394
10063676
10064097
10064439
10064450
10064519
10064551
10064675
10065045
10065387
10065468
10066035
10066665
10066986
10067363
10067951
10068450
10068542
10068770
10069072
10069580
10069682
10069753
10069776
10069975
10071133
10071554
10071703
10073922
10074135
10074907
10086622
10086844
10086856
10086869
10087529
10088225
10088977
10089054
10089189
10089231
10089369
10089424
10090486
10091280
10092444
10092753
10092777
10093179
10093378
10093753
10093772
10093940
10094297
10094582
10094834
10095540
10096159
10096324
10096326
10096461
10096670
10096751
10097029
10097114
10097901
10098388
10098733
10099085
10099176
10099574
10099597
10100257
10100363
10100455
10100701
10100751
10100782
10100926
10100959
10101273
10110772
10112566
10148240
10148280
10148980
10150902
10152461
10152719
10153178
10153566
10154557
10154816
10154822
10155186
10157251
10180269
10187588
10206677
10232022
10232867
10232868
10233530
10234276
10234427
10235571
10236185
10236683
10238022
10238456
10238570
10238927
10240401
10244909
10246782
10249044
10249402
10249752
10265968
10266144
10266358
10266658
10266841
10266907
10267638
10267743
10267858
10268036
10268229
10268272
10268767
10269227
10269327
10269380
10269427
10269618
10269789
10270268
10270484
10270823
10272107
10273271
10273282
10273305
10274033
10274200
10274968
10275410
10275533
10275607
10276159
10276606
10276606
10276720
10277899
10278075
10278130
10278442
10278527
10278651
10278799
10278881
10279090
10279595
10279948
10280193
10280715
10281002
10281081
10281844
10282651
10282696
10282892
10283127
10283219
10283339
10283957
10285275
10285680
10285821
10285943
10286316
10286556
10286573
10286764
10287249
10287966
10288117
10288402
10288441
10288583
10288962
10289165
10289472
10289735
10289765
10290296
10290386
10290438
10290662
10290812
10291675
10291794
10292573
10292616
10292659
10293511
10293756
10294179
10294264
10294883
10295138
10295180
10295206
10295723
10296290
10296400
10296512
10296554
10296608
10296872
10297018
10297544
10297820
10298083
10298203
10298455
10298641
10298700
10299805
10299816
10300897
10301624
10302559
10302950
10303099
10303174
10303194
10303222
10303266
10303272
10303295
10303898
10303992
10303993
10304292
10304395
10304428
10304909
10304945
10304973
10304999
10305010
10305421
10305446
10305666
10305992
10306038
10306088
10306338
10306395
10306449
10306687
10306850
10306885
10307429
10307550
10307649
10307863
10307931
10308619
10308903
10309171
10309416
10309568
10310061
10310381
10310545
10311140
10311161
10311208
10311245
10311321
10311354
10311649
10311806
10311840
10312016
10312136
10313018
10313509
10313646
10313695
10330536
10330589
10331391
10331458
10331689
10331697
10331921
10332665
10332699
10332947
10333383
10334283
10334531
10334540
10334721
10334961
10335723
10336678
10336928
10337812
10337865
10338165
10338200
10338265
10338735
10338860
10339091
10339232
10339267
10339313
10339316
10339910
10340102
10340548
10340625
10340712
10341625
10341810
10342144
10349483
10368315
10368417
10394720
10395603
10397271
10397928
10397949
10398469
10399413
10400299
10401233
10401399
10403105
10403382
10403812
10435796
10435906
10436022
10436223
10436418
10436614
10436629
10436652
10436891
10437160
10437672
10437715
10437735
10437844
10437934
10437967
10438692
10438739
10439045
10439385
10440231
10440303
10440342
10440355
10440705
10440995
10441538
10441608
10441750
10441951
10442097
10442578
10442985
10444193
10444749
10444798
10445111
10445580
10445918
10446250
10446452
10446486
10446652
10446875
10448214
10448594
10448628
10448699
10487858
10516248
10517359
10519109
10530380
10533539
10535260
10535393
10536529
10536631
10537097
10537178
10537496
10537763
10538148
10538502
10547978
10548663
10551219
10554015
10556031
10556525
10557983
10558129
10558397
10558445
10559873
10560059
10560137
10560607
10560732
10561053
10561335
10562130
10563121
10564884
10565225
10565291
10566339
10567006
10567298
10567627
10567679
10568005
10569702
10570881
10571099
10571419
10571930
10572022
10572124
10572269
10572325
10573523
10574001
10574593
10574745
10574764
10574794
10575142
10575351
10575588
10575833
10575899
10576108
10576448
10576449
10576453
10576458
10576552
10576609
10576804
10577212
10577340
10577419
10577439
10577704
10578586
10578682
10579237
10579575
10579811
10579825
10579900
10579941
10580019
10580074
10580160
10580197
10580215
10580283
10580400
10580504
10580684
10580875
10580998
10581002
10581109
10581628
10581695
10582068
10622388
10624146
10625540
10625953
10630866
10633704
10639717
10640510
10641977
10645948
10646245
10661620
10662324
10665651
10668018
10668644
10668687
10668767
10669385
10669482
10669689
10669733
10669891
10670017
10670104
10670841
10672046
10672229
10672379
10673010
10673305
10673652
10674464
10674990
10675530
10675805
10677266
10677293
10677678
10677891
10678066
10678104
10678182
10678385
10679148
10679187
10679394
10679932
10680757
10680941
10681614
10682610
10683641
10683710
10684396
10686595
10686735
10687394
10687602
10688477
10688616
10688857
10690353
10691021
10691544
10691956
10692914
10694150
10697326
10698229
10699025
10699647
10700132
10700561
10701776
10701983
10760076
10765421
10766363
10766428
10766827
10766982
10767409
10767957
10769555
10769824
10769826
10770369
10771015
10834655
10834671
10834765
10836987
10837165
10838636
10839105
10839602
10839957
10840252
10841039
10842315
10842655
10843484
10843574
10843589
10844924
10845548
10846324
10846449
10847828
10849744
10851001
10853728
10854820
10855280
10856031
10856637
10857261
10857662
10859016
10859915
10860812
10862597
10862893
10862970
10863022
10863924
10864321
10864849
10865715
10865873
10866171
10866236
10866246
10866412
10867508
10867891
10867901
10868048
10868206
10868213
10868665
10869053
10869306
10869717
10869903
10870050
10870905
10870970
10871449
10871847
10872055
10872473
10872733
10904079
10904155
10904385
10905128
10905547
10905594
10905597
10905855
10906704
10906819
10907282
10908292
10908991
10909097
10909268
10909745
10909891
10910274
10911269
10911302
10911777
10911904
10911986
10912319
10912646
10913249
10913386
10913569
10913741
10913800
10913818
10915041
10915241
10915644
10915712
10916584
10916906
10917665
10917865
10917938
10918765
10919035
10919270
10919618
10919918
10919920
11020560
11020642
11021420
11022232
11022655
11022980
11023451
11024114
11024328
11025124
11025691
11025737
11026127
11027298
11027332
11027882
11028004
11028106
11029171
11030100
11031112
11031655
11032414
11032581
11050348
11050721
11051185
11051577
11051662
11051782
11052017
11052080
11052298
11052308
11053371
11053560
11053722
11053726
11053779
11053837
11054063
11054345
11054441
11055013
11056162
11056270
11056313
11056440
11056564
11056576
11056632
11056640
11057038
11057206
11057389
11057579
11057709
11057987
11058131
11058290
11058438
11058870
11059582
11060140
11060143
11060803
11061265
11061358
11061799
11062155
11062239
11062387
11062691
11063429
11063579
11063598
11063723
11064051
11064293
11064374
11065302
11065338
11065383
11065725
11066025
11066371
11066636
11066773
11066894
11067301
11067443
11067651
11067833
11068199
11068330
11069170
11069303
11069621
11069772
11069906
11070071
11070394
11070733
11071222
11071820
11072344
11072688
11072805
11073260
11074467
11074504
11074782
11074826
11074944
11075809
11075946
11075990
11076329
11076360
11076734
11077015
11077043
11077413
11077452
11077466
11078355
11078405
11128598
11130239
11130510
11130949
11130972
11131057
11131113
11132264
11132307
11133148
11134633
11135107
11135163
11135939
11137190
11138263
11138415
11140317
11158462
11159701
11159842
11160154
11161184
11161275
11161426
11161505
11162046
11162216
11162387
11162768
11163272
11163360
11163713
11163951
11164014
11164306
11164960
11165220
11165662
11166205
11166355
11167571
11167683
11167951
11168166
11168203
11168290
11168751
11169064
11169510
11169674
11170007
11170342
11170744
11170813
11171160
11171923
11172246
11172338
11172667
11173001
11173451
11173807
11174044
11174165
11174393
11174697
11174805
11174836
11175114
11175161
11175231
11176167
11176264
11176337
11176363
11176849
11177084
11195601
11196197
11197095
11198375
11200870
11203322
11204866
11205683
11207335
11211432
11260260
11260611
11261108
11261448
11261897
11262077
11262082
11262548
11262830
11263588
11263639
11264164
11264542
11264686
11264930
11265444
11265714
11265775
11266027
11266055
11266173
11266362
11266816
11267043
11267328
11267468
11267470
11267501
11267891
11268099
11268189
11269734
11269787
11269952
11270021
11270113
11270655
11270676
11271072
11271435
11271665
11272150
11272168
11272404
11272693
11273024
11273073
11273183
11273354
11273603
11273853
11273987
11274281
11274702
11274774
11276204
11276506
11276839
11276853
11277018
11277430
11277477
11277876
11278331
11278414
11278591
11278931
11280805
11280920
11281102
11281129
11281343
11281716
11282051
11283161
11283460
11283576
11284084
11284196
11284451
11285157
11285340
11285824
11285965
11286008
11286161
11286363
11286723
11286980
11287075
11287170
11288083
11288303
11288400
11288418
11288468
11288524
11288537
11289264
11289430
11316311
11316496
11317311
11318683
11319913
11320862
11324252
11325297
11325786
11326168
11326415
11330395
11346126
11346502
11347938
11348376
11349580
11349933
11349995
11350317
11350373
11351269
11351540
11351707
11351743
11351892
11351897
11352195
11352460
11352486
11352604
11352780
11352799
11352867
11353074
11353483
11353923
11354375
11354536
11354601
11354935
11354960
11355260
11355298
11355676
11355939
11355999
11356175
11356926
11435069
11435831
11436230
11438913
11440269
11441686
11443416
11444233
11445295
11446610
11476805
11476955
11477453
11477537
11477773
11478029
11478255
11478423
11478528
11478684
11478806
11479495
11479897
11480267
11480345
11480452
11480735
11481309
11481671
11481792
11482360
11482497
11482865
11483171
11483494
11483994
11484257
11484367
11484436
11484565
11484590
11485691
11486246
11486683
11486733
11487012
11487092
11487228
11487341
11491852
11497045
11541939
11544308
11548365
11548378
11549919
11551032
11551827
11553341
11556567
11557549
11557652
11557697
11557727
11558036
11558178
11558588
11559318
11559489
11559776
11559809
11560726
11560792
11561262
11561499
11561553
11561757
11561878
11562159
11562657
11563017
11563953
11564435
11564569
11564833
11565027
11565027
11565148
11565318
11565774
11565956
11566623
11566653
11566786
11566955
11567001
11567699
11567753
11567928
11568011
11568202
11568465
11568485
11568634
11569278
11570287
11570861
11570992
11572258
11572441
11572552
11572928
11573340
11573342
11573746
11575665
11576080
11576089
11576565
11577710
11578705
11578818
11578842
11579668
11579928
11579951
11580151
11581007
11581451
11582743
11582871
11583622
11584163
11584199
11584653
11584885
11585085
11585239
11585800
11586233
11586366
11586387
11586849
11586953
11587425
11587465
11588135
11588561
11589077
11608156
11608164
11608535
11608880
11608964
11609115
11609188
11609516
11609536
11609566
11609630
11610443
11610553
11611019
11611027
11611170
11611243
11611379
11611585
11611861
11612063
11612581
11612717
11613251
11613719
11613838
11614452
11615238
11615636
11616111
11616472
11616545
11616835
11616858
11616933
11617255
11617421
11617657
11618071
11618875
11619267
11619352
11619448
11619787
11619830
11619879
11619902
11620114
11620467
11669207
11674094
11676239
11677763
11693927
11693983
11694595
11694722
11694850
11695355
11695707
11696677
11696702
11696740
11696782
11696801
11698178
11698539
11698566
11698840
11699220
11699458
11699761
11700155
11700846
11701796
11702549
11702677
11703213
11704772
11704828
11705377
11705560
11705965
11706230
11706239
11706248
11706258
11706335
11706804
11706811
11706882
11707488
11707759
11727828
11735135
11754878
11755686
11756843
11757098
11757250
11757720
11758301
11758450
11758582
11759026
11759107
11759985
11760890
11761381
11762774
11763851
11763894
11763966
11763972
11764108
11764403
11764556
11765431
11766287
11767357
11767464
11767787
11768030
11768379
11768797
11768890
11768996
11769012
11770375
11771179
11771764
11772028
11772325
11772549
11772811
11772834
11772903
11773673
11774257
11774408
11774538
11774738
11774867
11775117
11775499
11775598
11776376
11776432
11776510
11776520
11777112
11778064
11778124
11778179
11778275
11779166
11779332
11779612
11780370
11780689
11780845
11781676
11782157
11782646
11782699
11784433
11784547
11784675
11784721
11784821
11785459
11785611
11785696
11785813
11786162
11786182
11786332
11786693
11786943
11787591
11788717
11788910
11789632
11790170
11790397
11791058
11791070
11791417
11791428
11791528
11791850
11792093
11792360
11792746
11793436
11793589
11793779
11794075
11794285
11794421
11794438
11795486
11795517
11795912
11796261
11796615
11796625
11796631
11796661
11797280
11797609
11797931
11798105
11798141
11798155
11798254
11798624
11799244
11799439
11799473
11800227
11800233
11800246
11800497
11800726
11800891
11801404
11801940
11802014
11806776
11865127
11867088
11868380
11973430
11983014
11983469
11988683
11995010
12047956
12052874
12055995
12093192
12094170
12094361
12094527
12094847
12094907
12095474
12095735
12096181
12097959
12098866
12098921
12099122
12099218
12099295
12099401
12099685
12099801
12100244
12100422
12101323
12101534
12101812
12102011
12102837
12103039
12103085
12104226
12104670
12105972
12106355
12106612
12106913
12108291
12110124
12110668
12110916
12111943
12134179
12135368
12135525
12136436
12138343
12139328
12141890
12143422
12144335
12144560
12145964
12146789
12147176
12147465
12149853
12150641
12151707
12152120
12152556
12152757
12154776
12155570
12157086
12157870
12158291
12159817
12160269
12160295
12161069
12163067
12174269
12175841
12193785
12194104
12194318
12194735
12194899
12194904
12196108
12196433
12197009
12198337
12198828
12198977
12199716
12199956
12200619
12200992
12201357
12202044
12202680
12202823
12203415
12203981
12204620
12204752
12205506
12205558
12205702
12205740
12206851
12207566
12207907
12208188
12209645
12209785
12209821
12248229
12248432
12249232
12250246
12250584
12250879
12251369
12251605
12251808
12251832
12251944
12252864
12253789
12253804
12254263
12254696
12255055
12255990
12256513
12256711
12256948
12256955
12257277
12257435
12257527
12257946
12258310
12260754
12262354
12263498
12263773
12263825
12264203
12306371
12307075
12307107
12307195
12307227
12307972
12308668
12308720
12309179
12309315
12309540
12310969
12311326
12311393
12311531
12311692
12311940
12312100
12312337
12312369
12312465
12312514
12313035
12313058
12313276
12313559
12313765
12313781
12314395
12315242
12315266
12315512
12316696
12316795
12316819
12316980
12317299
12317906
12318138
12318309
12318860
12318899
12319025
12319295
12319558
12319608
12319712
12320190
12320292
12321148
12321589
12336758
12348775
12348793
12350552
12356232
12356747
12359261
12435477
12435624
12435734
12436036
12437371
12438155
12438367
12439355
12440150
12440303
12441167
12441887
12443905
12444356
12447842
12500775
12501492
12502306
12504177
12510909
12512153
12512301
12513440
12531811
12534414
12536595
12540027
12542863
12546807
12578641
12580261
12583501
12583701
12584452
12588320
12591547
12592474
12593197
12593725
12593749
12625151
12625669
12625803
12628384
12628577
12629371
12637587
12637719
12637833
12638231
12638516
12638650
12639227
12640789
12640895
12640916
12641540
12641845
12641893
12642720
12643623
12643777
12644131
12644960
12645003
12645495
12645592
12646220
12646449
12646769
12646803
12647081
12647197
12647280
12647621
12647680
12648039
12648317
12648505
12648616
12648620
12648736
12649215
12649461
12649639
12650501
12651195
12651297
12651686
12651809
12651975
12724682
12724881
12725605
12725810
12726153
12726971
12727239
12727606
12727701
12728573
12728632
12728743
12728781
12729301
12729304
12729332
12729733
12730112
12730188
12730584
12731128
12731369
12731390
12732294
12733387
12733621
12733986
12734069
12734142
12748662
12749359
12749399
12749428
12751315
12753021
12753366
12753739
12754641
12754816
12755010
12755593
12755732
12755856
12756586
12757608
12758800
12759570
12761255
12761909
12761987
12762555
12762995
12763381
12764637
12765076
12786005
12786013
12786332
12787817
12788258
12788446
12788725
12789827
12790050
12790110
12790344
12790462
12790633
12790703
12791095
12791242
12792088
12792306
12792447
12793009
12793085
12793169
12793208
12793257
12793385
12793643
12793811
12794105
12794823
12794840
12795493
12795936
12795947
12796362
12797441
12797745
12798911
12798933
12820492
12820515
12821631
12821909
12822034
12822081
12822559
12823075
12823347
12823755
12823824
12824505
12825238
12825553
12827300
12827649
12828128
12829035
12829176
12829814
12829830
12829936
12830878
12831336
12831454
12850511
12850639
12850898
12851045
12851610
12851615
12852115
12852437
12852467
12853111
12853374
12853628
12854361
12854880
12855039
12855211
12855230
12855595
12856074
12857832
12858132
12858852
12859474
12859716
12860135
12860676
12860765
12860816
12895959
12897695
12898074
12898337
12898429
12898431
12898910
12898985
12899179
12899990
12900268
12900410
12900748
12901112
12902084
12902788
12902881
12902968
12902982
12903114
12903151
12903499
12903628
12903819
12904619
12904859
12904974
12905318
12905460
12905651
12905780
12905786
12905926
12905968
12906183
12906495
12906716
12906906
12907146
12907605
12907764
12907983
12908079
12908439
12908566
12909151
12909217
12909746
12909952
12910005
12910052
12910090
12910639
12910665
12910904
12911089
12911328
12911339
12911447
12911621
12911839
12912140
12912160
12912309
12912386
12912401
12913479
12913713
12913838
12914600
12914778
12914980
12915147
12915490
12959615
12959709
12959851
12960089
12960152
12960167
12960302
12960419
12960947
12961075
12961452
12961783
12961920
12962142
12962270
12962484
12962599
12962651
12962656
12963063
12963186
12963308
12963716
12963745
12964197
12965021
12966055
12966452
12966559
12966710
12966725
12966771
12967592
12967714
12967730
12968294
12968447
12968562
12968791
12968811
12968958
12969404
12969557
12969799
13000410
13000653
13001607
13001610
13001898
13002176
13002339
13003432
13003983
13004523
13005654
13006424
13006508
13007282
13007794
13008457
13008505
13008557
13008626
13009118
13009581
13009646
13009861
13010162
13010317
13011274
13011465
13012463
13013051
13013149
13013300
13014388
13027134
13029091
13033143
13037230
13037594
13038207
13040624
13040668
13041878
13043970
13044085
13044199
13044444
13045492
13046644
13046697
13047731
13048159
13048389
13048920
13051289
13052189
13052463
13052535
13052692
13094371
13094632
13094877
13095189
13095472
13095516
13095613
13095626
13095732
13095763
13096243
13096333
13096532
13096711
13097019
13097142
13097621
13097749
13097874
13097933
13098140
13098250
13098725
13098976
13099035
13099112
13099748
13099894
13100088
13100141
13101641
13101874
13101901
13101960
13102034
13102303
13102483
13102584
13102999
13103046
13103113
13103499
13103545
13104260
13104371
13104664
13105333
13106570
13108119
13108310
13108515
13110059
13110262
13110324
13110331
13110447
13110697
13110759
13110888
13155652
13170200
13170254
13170305
13170386
13171512
13171812
13171880
13171939
13172075
13172176
13172468
13172824
13173235
13173300
13173463
13174573
13175144
13175232
13175583
13175857
13175926
13176339
13176522
13176633
13177053
13177321
13177682
13178339
13178667
13178669
13179000
13179073
13179545
13179794
13180208
13180270
13180370
13180911
13181165
13181273
13181474
13181818
13181903
13182055
13182056
13182101
13183105
13183453
13184143
13184147
13185194
13185288
13185337
13185512
13185869
13186099
13186222
13186545
13221321
13221921
13223966
13224666
13225136
13226063
13227821
13227928
13229047
13232000
13233822
13234906
13249496
13249548
13249870
13249926
13249954
13250133
13250398
13250412
13250469
13250478
13250614
13250673
13250732
13251714
13251761
13252165
13252384
13252437
13252515
13252810
13252823
13252973
13253332
13253688
13254473
13254606
13254807
13255559
13257116
13257150
13257198
13257216
13257783
13258025
13258122
13258432
13258500
13258575
13259253
13259363
13259562
13259584
13259687
13259963
13260064
13260223
13260237
13260534
13260720
13260750
13260936
13260937
13261493
13262738
13262957
13263012
13370807
13371220
13372173
13372283
13372520
13373152
13373636
13373749
13374841
13375203
13375510
13376348
13376687
13376709
13377391
13377508
13377592
13378359
13378370
13378527
13378967
13380744
13383158
13383163
13383759
13384992
13385289
13386336
13386484
13415228
13418227
13424663
13469711
13469868
13470508
13470718
13470864
13471756
13471852
13471864
13472015
13472068
13472183
13472676
13472947
13472970
13473226
13473318
13473348
13473667
13474100
13474151
13474265
13474430
13474471
13475086
13475463
13475596
13475805
13476796
13476979
13477175
13477859
13477923
13478259
13478577
13478675
13478758
13479087
13479134
13479242
13479674
13479722
13480103
13480151
13480279
13480349
13480687
13480810
13480956
13499703
13499795
13500379
13500730
13501044
13501220
13501418
13502803
13503049
13503409
13503456
13503784
13504488
13505218
13505491
13505929
13506404
13506601
13506781
13507896
13509014
13510658
13510740
13511370
13512281
13513095
13513157
13513773
13540173
13542236
13542395
13545552
13545845
13547668
13551332
13551867
13552472
13553337
13553446
13587625
13588819
13590407
13591425
13592002
13592071
13592336
13592373
13593087
13593196
13594498
13596602
13599915
13612485
13618015
13632766
13632913
13633034
13633044
13633142
13633944
13634252
13634838
13635706
13636396
13636807
13638043
13638371
13638560
13638923
13639377
13639706
13640834
13641145
13641157
13641305
13641398
13641613
13641913
13642505
13642802
13642955
13643539
13643801
13644244
13644807
13644992
13645136
13645218
13645251
13645447
13645850
13646330
13646724
13647175
13667217
13668598
13669118
13669155
13670590
13670994
13671153
13672081
13672182
13672452
13672597
13672817
13673127
13673292
13674525
13675179
13675670
13675903
13676078
13676466
13676802
13677055
13677194
13678488
13678614
13679216
13679533
13679664
13679836
13679878
13709010
13710063
13710349
13710402
13710676
13710893
13711067
13711347
13711576
13711863
13712071
13712115
13712320
13712576
13712729
13712990
13713083
13713182
13713439
13713463
13713885
13713993
13714114
13714370
13715259
13715903
13715956
13715979
13716075
13716397
13716587
13716809
13717019
13717348
13717426
13717583
13717848
13718369
13718852
13719164
13719353
13719498
13719643
13719719
13720243
13720980
13858459
13858827
13858963
13859630
13859782
13859917
13860547
13860710
13860739
13860817
13860861
13861687
13861750
13861905
13861980
13862022
13862056
13862306
13862783
13863186
13863251
13863701
13863842
13864015
13864102
13864309
13865876
13866609
13866617
13867548
13868210
13868366
13868392
13868446
13868623
13868632
13869471
13870131
13870721
13888895
13889241
13889315
13889428
13889574
13889596
13889679
13890485
13890996
13891063
13891910
13892149
13893881
13894155
13894530
13894554
13894854
13896241
13896658
13896842
13897111
13897183
13897376
13897483
13898007
13898543
13898603
13899474
13899716
13899743
13900455
13900563
13900599
13900944
13901602
13901907
13901955
13901971
13902009
13902276
13902719
13902751
13902840
13902847
13903113
13903977
13904132
13904209
13904763
13904790
13905093
13905137
13905143
13905200
13905467
13905928
13905932
13905974
13930520
13930678
13931034
13931299
13932383
13933241
13933521
13934043
13935794
13938375
13939903
13940841
13941728
13942702
13943493
13945189
13945665
13947751
13948875
13951467
13952634
13953722
14018066
14018258
14018317
14018495
14018795
14018892
14018930
14019191
14019200
14020023
14020077
14020493
14021109
14021361
14021653
14021852
14022039
14022386
14023204
14024454
14024790
14025123
14026003
14026289
14026908
14027281
14027627
14027876
14028017
14028220
14028312
14029668
14029817
14030704
14030721
14030999
14031475
14031618
14031670
14032397
14032889
14033095
14033463
14034396
14034505
14034564
14034883
14035004
14035139
14035426
14036066
14036737
14036823
14036908
14037004
14037104
14037340
14037479
14037845
14037988
14038690
14038966
14039506
14039558
14039569
14040672
14041137
14041602
14041615
14042211
14042301
14042365
14042749
14042755
14042865
14043514
14043658
14044392
14044606
14044992
14045468
14045565
14045767
14045866
14045895
14045947
14046226
14046259
14046346
14046398
14046619
14048212
14049091
14049186
14049197
14049473
14049534
14049684
14049965
14050356
14050429
14050674
14050719
14090941
14091011
14091033
14091111
14091773
14091815
14091888
14093008
14093870
14094556
14095086
14095834
14096750
14097267
14097923
14098021
14098046
14098393
14098451
14098642
14098938
14099163
14099182
14099305
14099358
14099473
14099506
14100080
14100633
14100636
14100760
14101129
14101888
14102147
14102159
14103062
14103202
14103464
14103877
14105515
14106124
14106164
14106209
14106717
14106810
14107763
14108224
14127434
14127534
14128052
14128233
14129439
14129458
14129655
14129931
14130059
14130430
14130448
14130580
14131712
14131922
14132071
14132737
14132761
14133133
14133772
14134443
14135840
14135951
14136104
14136167
14136305
14137349
14137439
14138490
14138526
14138761
14139383
14139853
14140167
14140638
14141012
14141331
14141697
14143077
14143628
14143771
14143979
14144843
14144854
14145413
14145591
14146848
14147048
14147204
14147283
14147325
14149140
14150841
14151045
14151181
14153186
14154620
14155145
14156125
14157878
14159196
14159827
14160880
14162840
14162973
14163030
14163129
14163476
14163825
14163845
14164321
14164691
14165157
14165399
14165642
14166157
14166299
14166639
14166825
14167001
14167065
14167151
14167194
14167228
14167709
14167916
14168137
14168347
14168349
14168771
14168953
14168978
14169287
14169525
14169600
14169648
14169765
14170587
14171454
14171567
14171587
14172775
14172968
14192545
14192614
14193244
14193286
14194089
14194718
14194742
14195475
14195560
14196554
14196609
14196681
14196710
14197374
14197385
14197659
14197679
14198129
14198351
14198403
14198418
14199081
14199160
14199386
14199719
14200943
14201676
14201821
14202633
14202910
14202955
14203307
14203315
14204072
14204188
14204635
14204752
14205383
14206396
14206552
14206607
14206865
14206921
14207432
14207690
14208005
14208528
14208994
14209391
14209441
14209885
14210003
14210246
14210278
14210463
14210537
14211712
14211850
14211889
14212126
14212250
14212482
14212800
14214082
14214155
14214246
14214277
14214937
14215246
14215603
14215665
14216903
14216969
14217212
14217293
14217364
14217463
14217673
14217956
14218294
14218878
14219011
14219611
14219638
14219874
14220441
14220704
14220815
14220942
14221007
14221243
14221576
14221680
14221750
14222532
14222665
14222809
14223024
14223069
14223077
14225336
14226509
14229410
14245246
14245305
14246415
14247751
14248661
14249505
14249763
14249790
14249811
14250316
14250420
14250450
14250547
14251248
14251367
14252198
14252350
14252589
14253635
14253653
14255202
14255857
14255967
14256025
14256155
14256260
14257135
14257694
14258618
14260526
14261053
14262632
14262640
14262956
14262963
14263320
14263429
14265029
14265564
14266314
14266608
14267181
14267846
14267967
14268642
14269705
14270469
14270525
14271111
14271970
14272827
14273270
14273662
14274165
14274344
14274500
14275246
14275293
14275694
14276458
14276572
14277516
14277561
14277796
14277973
14278251
14278457
14280600
14281210
14282406
14282839
14283915
14284201
14284467
14284637
14284984
14285097
14285346
14289250
14289874
14290392
14291052
14291071
14292080
14292891
14293016
14293318
14294085
14294793
14294906
14295117
14295293
14299377
14299382
14299401
14299439
14300557
14301560
14301782
14303628
14330743
14332168
14333287
14333704
14333713
14334057
14334231
14335122
14336494
14336562
14336863
14338036
14338159
14338252
14338598
14338759
14339114
14339716
14340342
14340493
14340509
14341004
14341582
14342644
14342927
14343066
14343188
14344533
14344582
14344860
14344979
14345027
14345521
14345669
14345679
14346189
14346836
14346915
14346927
14347290
14348161
14348482
14418589
14424644
14428085
14434028
14438795
14479897
14480283
14480722
14481170
14481443
14482276
14483055
14483124
14483570
14483576
14484635
14484857
14484870
14485109
14485368
14485928
14485990
14486189
14486261
14486571
14486598
14487001
14487129
14487244
14488061
14489497
14490040
14490322
14490847
14491162
14491235
14491292
14491396
14491576
14491859
14492165
14492263
14505546
14505899
14505913
14509854
14510257
14511634
14511659
14513464
14513859
14515011
14515704
14519980
14520574
14564868
14567910
14680542
14711520
14715189
14737508
14738383
14738394
14738409
14738502
14738598
14739208
14739565
14739758
14739984
14740137
14740152
14740217
14740331
14740888
14741195
14741234
14741337
14741342
14741685
14741911
14741978
14742316
14742333
14742365
14743639
14743691
14743694
14743733
14744211
14744461
14744556
14744592
14745003
14746262
14746353
14746537
14746724
14747083
14747257
14747329
14747755
14747940
14747960
14748005
14748725
14748794
14748820
14749741
14752761
14753038
14755376
14756405
14756441
14758579
14759200
14763476
14765004
14766288
14767952
14770313
14770407
14770824
14771966
14772320
14772917
14773083
14774986
14775403
14776417
14875391
14882592
14891644
14893443
14893517
14894628
14895377
14899477
14900216
14901133
14901152
14903439
14959707
14959928
14960439
14960499
14960669
14961097
14962118
14962250
14962531
14962926
14964279
14965155
14965683
14966792
14967283
14967389
14967768
14968184
14968221
14968673
14969011
14970021
14970154
14970173
14971145
14971175
14971249
14971735
14972088
14972297
14972326
14973352
14973353
14973430
14973768
14973818
14974229
14974562
14974588
14974632
15058010
15169519
15169567
15170149
15170173
15171091
15171949
15172042
15172638
15172715
15172926
15172958
15173031
15173086
15173721
15173925
15173971
15174112
15174242
15174292
15175080
15175290
15175321
15175415
15175750
15175771
15176274
15176807
15177592
15177825
15178204
15178570
15178970
15179237
15179602
15179618
15180036
15204766
15205073
15205076
15205086
15205275
15205369
15205732
15205810
15206250
15206514
15207006
15207173
15207492
15207579
15208290
15208367
15208542
15208636
15208862
15208936
15208957
15209030
15210088
15210330
15211485
15211620
15211910
15212478
15212555
15213238
15213586
15213618
15214386
15214610
15214650
15214704
15215166
15215210
15215271
15215312
15215711
15215734
15215932
15216033
15216069
15216536
15216611
15216985
15217130
15217267
15217305
15217409
15218293
15218321
15218416
15218615
15218654
15218772
15219065
15219495
15219713
15219953
15220078
15220130
15220248
15220598
15221409
15237770
15239634
15239934
15240576
15241337
15242034
15242215
15242416
15243313
15244358
15244796
15245404
15245868
15246704
15247044
15250014
15251042
15251483
15251561
15267438
15267471
15267476
15268568
15268757
15268822
15269315
15269429
15269854
15270183
15270399
15270401
15271936
15272299
15272633
15274247
15274552
15274954
15275343
15275606
15276312
15276581
15276698
15277323
15277472
15277576
15278165
15278304
15278487
15278673
15279516
15280118
15280332
15280926
15281064
15281412
15281654
15281721
15281887
15282950
15283407
15289604
15292866
15409239
15418896
15419116
15420296
15420299
15421279
15421431
15421444
15421692
15421850
15422084
15422126
15422619
15422686
15423091
15423341
15423496
15424288
15424482
15425382
15425960
15426082
15426262
15427372
15427475
15427602
15427733
15428194
15428358
15428728
15428904
15429169
15433550
15434887
15436539
15437842
15438492
15438663
15440317
15440965
15444639
15446158
15446778
15563081
15563181
15563244
15563276
15563468
15563926
15564298
15564460
15564516
15564557
15565694
15565752
15566030
15566475
15566510
15566759
15566892
15567122
15567315
15567461
15567772
15567801
15567906
15567956
15568092
15568201
15568591
15569013
15569037
15569761
15570033
15570595
15571007
15571319
15571327
15571423
15571751
15571854
15571915
15571970
15572613
15573928
15574091
15652618
15674833
15684418
15687400
15702791
15703346
15703402
15703659
15703750
15704010
15704238
15704775
15704874
15705722
15705758
15705905
15705938
15706356
15706585
15707222
15708626
15708807
15708870
15708992
15709237
15709261
15709429
15709461
15709522
15709579
15709632
15710180
15710397
15710402
15710411
15710700
15710885
15710913
15711043
15711198
15711280
15711647
15712361
15712540
15712635
15712650
15712834
15713020
15713419
15713829
15713947
15714133
15714227
15716551
15716987
15717058
15717835
15719307
15721724
15721969
15721991
15722681
15723093
15723780
15725880
15726201
15726662
15727821
15728825
15729268
15729588
15730292
15730582
15730812
15732959
15733053
15733583
15734058
15735220
15735280
15735903
15735965
15736214
15738337
15738390
15738896
15739272
15739802
15740003
15741447
15741605
15742943
15743553
15743864
15744414
15744850
15745888
15745944
15745964
15746431
15746758
15746822
15746999
15747538
15748409
15748500
15748699
15749412
15749715
15750008
15750094
15750240
15750473
15750731
15750775
15751027
15751282
15752205
15752343
15752684
15753182
15753274
15753296
15753691
15754212
15754919
15755408
15755532
15755690
15755896
15756052
15756148
15756548
15756637
15758349
15759051
15759560
15759727
15759932
15793261
15793666
15793802
15794761
15795411
15795686
15796125
15796390
15796696
15798973
15799115
15799757
15800046
15800905
15802104
15836765
15839881
15846985
15853959
15945727
15948721
15950365
15951364
15952635
15953073
15954533
15955821
15957060
16045191
16045326
16045628
16045766
16045896
16046511
16047819
16048246
16048371
16048405
16048476
16048679
16048914
16049005
16049983
16050716
16051237
16051629
16051750
16051778
16051897
16052011
16052545
16052958
16053058
16053566
16053603
16053727
16054139
16054224
16054243
16054735
16054867
16055327
16055966
16056303
16056800
16057294
16058131
16058594
16058666
16059112
16059317
16059385
16059451
16059617
16060719
16061256
16061623
16063036
16066671
16066947
16069009
16073837
16090652
16091564
16091639
16091729
16092079
16092295
16092515
16093186
16094103
16094590
16094868
16096136
16096381
16097056
16097470
16098051
16098425
16098676
16099292
16099561
16100064
16101217
16102181
16114628
16115204
16116396
16116630
16116895
16117378
16118277
16118287
16119576
16120053
16120417
16121091
16121345
16121368
16121673
16122148
16122632
16124158
16124764
16125006
16125721
16125765
16126034
16127793
16128072
16128860
16129185
16129231
16130202
16131142
16131350
16131633
16131994
16132259
16132491
16132878
16133546
16133827
16134064
16134882
16135108
16135415
16135464
16135984
16136667
16137270
16137640
16138173
16138340
16138520
16139097
16139620
16141187
16141398
16141789
16142648
16142933
16142941
16143055
16144261
16144273
16144435
16144440
16146624
16147083
16192322
16192399
16197865
16201922
16202038
16207267
16207286
16207440
16208009
16208119
16208422
16209035
16209158
16209223
16209255
16209566
16209640
16209728
16210274
16210384
16210616
16210669
16210678
16210795
16210938
16210997
16211054
16211365
16211767
16212740
16212933
16214401
16214546
16214818
16214939
16215016
16215297
16215364
16216198
16216286
16216534
16216671
16216933
16216962
16217234
16217459
16217974
16218050
16218515
16218594
16218707
16218766
16291510
16291528
16291823
16291914
16291931
16292372
16292468
16292995
16294929
16296336
16298447
16299946
16300029
16301618
16303552
16305344
16305466
16306412
16377442
16378015
16378163
16378901
16381484
16382320
16383213
16383624
16384397
16384427
16386308
16387747
16389213
16389555
16405496
16405613
16405915
16406146
16407146
16407314
16407345
16407705
16408111
16408474
16408482
16408516
16408938
16408967
16409033
16409219
16410784
16411109
16411118
16411501
16411928
16411977
16413504
16414220
16415391
16415738
16416790
16417015
16417464
16417568
16417645
16417697
16485848
16486445
16489705
16490404
16492811
16493646
16493838
16494085
16518679
16547222
16553410
16553733
16554095
16554460
16554887
16555336
16555486
16555605
16555621
16556023
16556337
16556431
16556965
16556994
16557498
16557569
16557864
16558056
16558487
16558567
16559803
16560776
16560967
16561567
16562626
16562847
16563138
16563141
16563710
16564430
16564532
16564830
16564883
16565228
16566056
16566587
16567643
16567682
16567919
16568037
16568166
16568324
16569112
16569536
16569880
16570080
16570203
16570434
16570613
16570692
16570974
16571058
16571132
16571534
16571724
16571745
16572492
16573883
16574751
16576217
16576895
16578939
16579028
16580166
16580445
16581217
16581539
16582763
16583504
16583638
16584387
16586596
16589553
16591275
16633308
16634703
16635311
16635669
16635813
16635977
16636192
16636672
16637458
16637806
16638032
16638561
16638653
16638770
16640194
16640764
16641072
16642146
16642622
16642750
16643918
16710858
16710953
16710974
16711251
16712068
16713064
16713140
16713506
16713631
16714373
16714381
16714609
16715088
16715511
16715934
16717218
16717563
16717784
16719057
16719752
16719878
16738970
16739018
16739221
16739290
16739409
16739862
16740257
16740279
16740456
16740951
16741071
16741362
16741448
16741774
16741921
16742078
16742371
16742646
16743266
16743554
16743645
16743910
16744111
16744207
16744883
16745059
16745700
16745703
16745913
16746298
16746395
16746613
16746633
16747127
16747252
16747562
16747774
16747887
16748000
16748161
16748260
16786419
16786452
16786657
16786775
16786781
16787711
16787809
16788634
16789054
16789192
16789735
16789839
16789853
16789862
16790163
16790211
16790388
16791160
16791443
16791711
16792365
16792443
16792582
16792829
16792937
16793162
16793673
16793975
16794062
16794093
16794116
16794159
16794639
16794683
16794941
16795502
16795777
16796132
16796442
16796688
16796705
16796868
16797538
16797696
16797734
16798446
16798447
16798523
16798628
16798936
16799072
16799284
16799365
16800057
16800527
16801103
16801239
16801421
16801963
16801990
16802284
16802286
16802463
16803086
16803284
16803741
16804296
16804360
16805376
16806265
16806391
16806564
16806618
16806980
16807115
16807317
16807609
16807611
16807681
16807810
16808469
16809084
16809191
16809234
16809841
16810053
16810121
16810272
16811164
16811328
16812124
16812190
16812226
16812283
16812678
16813179
16813436
16813476
16813818
16813853
16814135
16814147
16814151
16814158
16814561
16815046
16815188
16834739
16834747
16834800
16835115
16835636
16835976
16836011
16836236
16837418
16837724
16837841
16837931
16838081
16838200
16838223
16839090
16839371
16839399
16839418
16840187
16840276
16840347
16840513
16840597
16840605
16840794
16841290
16841658
16841771
16841979
16842263
16842384
16842538
16842881
16843679
16843842
16843856
16843880
16844666
16844817
16844869
16845221
16846686
16848171
16849655
16852002
16852102
16853321
16853349
16854540
16876243
16883483
16891132
16896221
16896918
16897138
16902317
16902398
16904730
16937832
16939589
16940299
16942260
16943746
16944998
16945292
16946482
16946746
16946952
16948198
16948909
16949776
16950354
16950735
16952059
16952677
16952974
16953184
16953477
16954498
16954551
16954696
16954760
16955392
16955545
16955697
16955912
16956373
16956468
16956656
16957251
16957377
16957417
16957832
16957908
16957976
16958487
16959055
16960002
16960172
16960191
16960233
16960346
16960576
16960687
16960733
16961855
16962578
16963364
16963498
16963529
16963549
16963642
16963731
16964012
16964064
16964132
16964352
16965040
16965096
16965185
16965440
16965560
16965878
16965894
16966160
16966205
16966339
16966481
16966494
17167742
17180240
17180558
17180725
17180807
17180819
17180907
17180934
17181008
17181163
17181334
17181384
17181781
17182116
17182203
17182324
17182847
17182924
17183199
17184417
17184494
17184698
17185430
17185602
17185778
17186062
17186263
17186371
17186605
17187067
17187119
17187153
17187233
17187986
17188080
17188138
17188150
17188232
17188303
17188353
17188449
17188699
17189000
17189477
17189687
17190327
17190470
17190697
17191006
17191239
17191263
17192004
17192086
17192173
17192221
17192341
17192484
17192573
17192732
17193112
17193917
17193981
17194078
17194406
17194731
17195050
17195077
17195354
17195368
17195520
17195703
17195918
17196100
17207424
17216833
17416832
17418020
17418915
17419324
17447591
17447704
17447810
17448462
17448584
17449144
17449211
17449675
17449830
17450261
17450267
17450832
17450984
17452457
17453228
17453320
17453578
17454443
17454821
17455078
17455829
17456088
17456772
17457164
17457845
17457912
17457913
17458117
17458786
17459008
17459107
17459226
17459780
17459797
17461775
17462068
17462211
17463577
17464066
17464398
17464522
17464982
17465183
17465228
17465478
17465860
17465921
17466421
17466503
17466528
17466729
17466843
17467507
17468519
17468760
17468925
17469531
17469814
17470016
17470056
17470938
17471473
17471599
17471616
17471667
17471981
17472396
17472969
17473128
17473293
17473374
17474000
17474076
17474414
17474466
17474588
17475346
17475392
17475805
17476595
17476616
17476709
17476928
17477096
17477108
17479524
17479603
17479664
17479889
17479967
17480095
17480116
17480254
17480261
17480461
17480624
17481035
17481151
17481426
17481854
17481975
17482268
17482440
17482477
17482555
17482901
17483625
17483640
17483842
17483915
17483984
17484231
17484786
17484917
17485010
17485432
17485679
17485686
17485689
17486184
17486311
17486400
17486446
17486968
17487083
17487132
17487572
17488041
17488371
17488832
17489052
17489093
17489173
17489448
17489714
17489719
17489948
17490071
17490345
17490521
17490750
17490912
17490927
17491148
17491159
17491202
17491283
17491529
17491744
17491897
17492055
17492761
17493082
17493128
17493473
17493569
17493633
17493814
17493865
17494544
17495540
17495779
17496131
17496262
17496509
17497259
17497290
17497657
17497751
17498565
17498707
17498882
17498951
17499148
17499192
17499479
17501053
17503906
17504269
17505542
17508977
17511345
17512251
17512783
17513652
17514068
17652432
17652566
17652595
17652815
17658589
17732924
17735753
17737671
17738940
17743843
17745033
17746225
17748025
17748242
17760058
17760525
17760827
17761418
17761710
17763426
17765554
17766939
17767198
17767426
17860442
17860532
17860610
17861455
17861542
17861583
17861884
17861984
17862089
17862267
17862537
17862783
17862976
17863133
17863955
17863981
17864366
17864467
17864470
17864690
17864771
17864900
17865556
17865651
17865668
17866419
17866528
17867325
17867338
17868733
17868976
17870082
17870162
17870701
17870763
17871697
17871748
17871902
17872359
17888893
17888905
17889394
17889648
17889925
17890070
17890450
17890838
17890864
17891397
17891496
17891620
17891692
17892438
17892669
17893052
17893133
17893325
17893367
17893373
17893597
17893607
17893743
17893792
17893796
17893947
17894143
17894233
17894307
17894647
17894986
17895138
17895211
17895643
17895740
17896086
17896559
17896577
17896606
17897387
17897442
17897750
17897964
17898076
17898137
17898351
17898383
17898593
17898880
17899055
17899776
17899974
17900385
17900648
17901192
17901277
17901485
17901956
17902179
17902378
17902472
17903181
17903233
17903533
17904033
17935788
17999795
18001403
18002609
18004817
18007498
18010518
18014001
18015893
18017736
18019792
18020816
18021246
18022334
18024632
18024805
18027980
18053955
18057904
18058754
18059073
18059203
18059478
18061427
18061514
18062713
18062793
18065503
18067225
18067360
18067432
18067839
18068670
18069458
18070484
18071158
18233512
18233567
18236433
18269006
18269217
18271679
18274483
18274684
18275059
18276131
18279227
18279413
18279420
18284101
18325622
18325854
18326365
18327180
18327392
18327781
18327845
18328515
18328597
18328914
18329172
18329330
18329401
18329879
18330022
18330696
18331093
18331151
18331380
18331647
18331666
18332651
18332802
18332841
18333003
18333556
18333583
18333585
18333673
18333740
18334453
18334670
18334928
18335360
18335376
18335594
18335672
18335714
18336064
18336174
18336271
18336327
18336830
18336985
18337474
18337642
18337746
18337901
18337995
18338259
18338521
18338522
18338638
18339169
18339499
18339771
18339932
18340106
18340126
18393739
18394088
18394185
18436422
18437134
18437661
18437829
18438163
18438449
18440869
18440872
18442219
18442326
18442554
18443198
18444109
18444233
18444551
18444958
18445146
18489856
18540248
18540966
18542536
18544235
18544572
18545998
18546828
18547986
18550425
18552185
18554217
18554438
18554601
18555024
18555121
18558231
18560174
18561151
18561902
18564606
18565737
18567229
18568111
