3423
4834
8706
16585
17968
18876
19020
21849
23936
24209
25342
31997
32249
36241
44620
45529
48357
48755
51188
52625
53538
55017
56063
56450
57945
59411
59414
60307
60570
61877
64160
64727
64868
65709
67374
69780
74830
76062
77004
77358
78408
78804
81163
83493
83588
84799
86559
86930
89427
90303
93086
93668
97903
99676
100316
101540
102829
103435
104570
105803
108177
108576
108600
108676
111800
112034
121165
123971
127096
129377
129950
130740
130969
131287
133166
134157
135075
136820
137778
139557
141651
142609
144573
146195
155844
158095
160809
166232
170649
171385
171715
177184
177930
178193
178339
179334
180127
182230
186562
186818
187466
187781
192725
193034
193390
196676
198242
199542
200287
200885
201194
202144
202916
214357
218885
219683
221096
225554
226956
227265
227295
227609
228686
231786
232047
232980
233590
235291
235470
236531
237671
240362
241662
243485
243666
248318
249082
252501
252680
253631
255427
258052
258495
259527
259946
260624
261984
272001
276883
277488
278202
282251
282606
285014
287053
290538
291256
292044
292939
296717
301000
301223
301515
304372
305969
307675
308740
309313
309842
313620
313888
316205
319281
323644
324461
324736
326970
328973
334191
338597
340562
343992
344386
346544
347329
351904
352440
356119
356862
356984
366963
369927
370476
374222
376693
377516
378518
378990
379202
380098
380365
386187
386344
390520
391874
392993
393372
393391
393788
394244
394434
394548
394904
395647
396612
408115
408667
410971
410975
413278
421417
426322
427194
427677
428234
429431
432194
435227
439936
439972
440333
441573
441781
443425
443957
444088
446568
447664
448579
449032
450063
453297
454045
454302
455912
456748
457202
457993
460160
461149
462824
463227
464336
471792
472844
473688
475539
479977
480782
481212
482668
483796
484211
487225
487397
492222
495877
500809
501851
504928
509555
510418
513444
514977
515712
518283
520075
520094
521753
522586
523703
525084
527254
527443
527652
528460
529167
532425
532690
533010
534529
536159
538383
541737
543319
545031
545071
545081
545178
545865
546677
550497
552179
554411
558826
561098
563694
565408
569241
572045
573433
576674
577306
581831
586346
587497
589348
589834
590086
592132
593649
595071
598413
598651
598934
600065
600088
600173
601811
603653
605339
607228
608106
608902
609226
611153
611963
615612
616929
619097
622676
623898
623983
625727
626823
627185
628649
629632
631539
634616
635832
636031
637160
638356
641411
645098
646842
647808
648231
648744
652758
655314
656273
657640
659120
663169
669563
669605
670041
671310
675482
680721
683308
684378
684414
684592
684993
687132
692109
692571
695023
700200
701203
702981
703582
704703
705230
706380
709300
710543
711246
713354
713378
716010
717964
722772
725768
725862
725950
727938
728609
728692
729133
731827
732989
734495
735428
736813
737006
739204
743326
745007
745266
746814
748596
751091
751554
754666
756849
758333
759108
761142
763354
768287
769909
770414
770855
772589
773977
774156
774547
776870
780813
783306
783439
784119
786802
792234
795496
796377
797708
799342
806864
808540
810902
811014
813913
814123
815013
817693
819430
820097
821501
821873
822351
825244
825366
826338
827040
835045
844931
846425
851216
851631
852713
852742
854284
859433
864757
875982
876695
878101
878872
879714
881997
883413
889167
889709
892177
892640
892656
892880
893735
894487
894896
896502
897706
900389
900686
907056
907604
908671
916982
920224
920428
924511
928421
934339
935608
936995
937306
938996
939121
939843
940708
941124
943393
946539
949278
950260
950359
950495
954281
959099
959708
960693
961355
963381
963901
966508
971136
972595
973008
975537
976879
984495
987367
989676
995013
998357
999600
1003513
1006280
1009663
1011379
1013402
1015660
1016446
1016639
1017340
1017552
1017968
1020413
1023154
1024180
1027195
1027263
1031054
1035206
1035515
1035715
1035753
1037016
1037063
1037699
1038569
1038757
1042585
1043130
1046844
1048190
1049976
1055171
1060619
1064223
1066883
1071729
1073829
1075040
1075136
1075340
1075469
1077861
1078750
1084997
1086670
1088313
1091851
1094482
1094791
1095547
1096830
1099185
1100383
1104970
1109940
1112756
1112895
1116891
1117811
1120173
1121137
1122966
1123052
1123142
1127670
1128456
1128859
1129444
1129485
1129851
1130416
1134078
1134532
1135073
1135126
1139120
1140346
1142533
1142614
1143754
1144346
1144360
1147824
1149481
1151130
1151436
1153548
1156276
1157460
1159106
1161313
1163902
1163972
1165160
1167376
1169446
1169499
1169616
1169869
1170099
1173997
1176342
1176511
1176568
1177217
1177459
1178135
1178165
1179418
1179612
1180876
1182981
1186466
1189268
1191240
1191839
1193507
1195777
1200344
1200790
1201251
1202945
1203657
1207041
1207785
1211195
1218906
1221525
1223209
1225509
1232079
1232745
1235440
1235836
1236920
1238326
1239359
1239647
1240453
1240748
1241889
1243383
1245329
1246291
1248008
1248963
1250152
1250170
1251281
1251498
1256308
1257167
1257555
1258879
1261789
1262253
1267681
1271671
1272250
1272340
1272789
1273279
1274519
1274880
1278025
1278467
1279165
1280809
1285562
1285827
1285927
1287632
1289285
1289652
1289894
1290264
1293019
1295790
1298682
1299238
1299483
1299747
1304997
1308042
1311874
1312383
1313191
1314747
1325801
1326711
1333346
1335235
1336402
1337627
1341595
1342809
1343580
1344857
1347998
1348234
1348931
1350772
1351581
1352406
1353315
1354568
1357435
1357516
1359231
1363572
1365763
1368157
1368602
1369031
1372435
1374929
1376407
1382789
1388630
1389768
1390970
1393423
1398092
1398275
1399037
1399151
1403659
1404862
1405378
1405800
1407163
1410021
1411111
1411338
1413375
1417591
1417693
1418947
1420051
1420942
1423856
1424382
1424464
1429245
1429681
1431843
1433017
1433183
1435187
1436642
1437230
1437276
1438814
1441857
1442770
1443312
1443541
1444855
1445453
1446353
1448051
1448453
1449176
1452302
1452308
1452782
1453639
1453737
1456089
1457534
1458299
1459956
1462584
1465226
1465623
1465829
1467344
1467566
1470003
1470230
1472051
1472641
1473969
1474360
1476936
1477767
1478688
1487431
1491860
1493350
1497730
1498245
1501609
1501860
1501983
1505265
1505323
1507946
1508284
1510278
1513500
1514723
1515018
1517222
1520087
1520171
1522566
1524474
1527547
1529715
1529916
1530981
1531263
1531591
1534473
1534842
1535913
1540638
1542281
1546398
1546414
1548260
1552121
1552851
1553406
1553595
1553633
1554260
1555042
1557219
1557281
1557590
1558543
1558754
1561051
1561811
1570504
1571147
1571446
1571958
1574578
1575410
1578924
1586380
1587718
1593983
1595215
1596300
1598018
1599279
1599411
1599463
1599536
1600123
1600943
1603307
1605966
1606850
1611467
1611514
1614550
1621948
1625645
1627692
1633325
1633926
1636611
1638537
1640799
1642059
1642290
1643565
1644133
1648733
1649958
1651135
1655231
1657038
1657161
1657184
1659447
1661523
1663717
1665500
1666459
1666845
1672112
1674563
1676077
1677250
1680195
1684926
1686790
1688548
1689317
1689813
1694299
1694846
1696612
1697754
1701282
1702432
1703714
1704827
1705948
1708260
1709547
1711119
1712466
1724194
1726840
1729350
1730277
1732367
1735010
1736443
1737777
1737853
1738726
1744285
1746102
1747208
1748132
1748238
1749496
1750266
1750955
1752872
1757439
1758233
1759859
1760241
1760770
1760899
1761496
1766938
1767655
1769207
1770119
1770300
1770997
1771872
1772403
1776656
1777272
1783525
1783741
1784931
1786436
1787656
1787911
1789775
1791366
1792524
1794989
1795280
1796099
1798340
1802768
1803129
1803152
1803305
1803450
1806286
1807427
1807798
1811089
1813977
1824076
1825698
1826203
1828907
1829409
1831090
1831943
1838295
1839600
1840110
1840691
1841668
1841957
1843870
1844305
1848181
1849711
1856106
1856551
1858580
1858820
1859295
1860040
1866461
1866524
1867192
1870705
1880504
1881699
1882610
1883772
1888516
1891106
1891663
1895972
1896299
1897341
1903309
1903428
1909824
1909889
1910225
1911024
1911084
1912678
1914206
1914860
1917668
1918333
1919023
1922788
1927265
1927828
1933743
1936517
1936704
1937632
1938147
1941438
1942850
1944880
1946956
1947684
1949072
1949743
1949974
1950922
1953083
1953626
1957650
1960757
1963583
1966491
1967683
1975259
1981029
1983495
1987362
1989636
1992048
1993407
1993682
1995616
1997116
1998107
1998598
2001513
2002301
2003870
2011882
2012312
2015205
2016212
2019748
2021395
2023882
2024237
2025248
2026438
2026738
2030846
2031539
2034192
2040897
2041549
2043428
2044133
2044339
2046972
2047025
2050735
2057785
2057882
2058100
2058241
2058647
2060269
2061836
2064914
2064974
2070033
2070430
2070887
2071812
2073606
2074247
2074890
2076600
2077107
2079782
2080684
2084348
2084424
2085014
2085473
2086253
2087548
2090188
2093299
2093446
2094118
2094841
2096821
2097112
2100028
2101636
2103987
2105291
2107510
2109845
2112678
2113499
2113545
2113854
2113969
2114114
2115528
2118348
2119259
2119893
2119924
2123060
2124308
2124425
2126513
2135252
2137860
2142856
2146913
2149310
2151651
2152225
2166168
2167062
2167837
2169712
2170453
2170754
2172363
2173306
2174181
2175568
2175873
2176208
2176950
2182834
2184485
2186184
2190441
2190960
2192050
2192788
2194532
2196274
2196914
2198862
2199080
2199704
2200708
2204335
2204666
2206785
2207462
2207831
2207920
2208810
2209327
2210208
2212025
2216385
2218364
2221477
2222288
2224434
2227207
2227953
2232097
2232283
2233534
2235100
2235420
2235532
2238686
2242723
2242951
2245183
2246628
2246684
2246728
2246731
2248144
2249686
2250962
2252048
2254424
2257629
2258169
2262918
2264200
2264572
2266375
2266828
2267959
2269570
2275918
2275984
2276739
2279512
2280174
2281114
2281989
2283284
2283326
2283883
2284152
2284448
2285089
2288845
2292450
2294038
2296530
2299855
2300387
2301119
2301751
2301932
2302976
2303124
2303563
2306740
2308434
2309135
2309634
2311019
2311387
2313313
2318521
2318914
2320679
2321274
2326418
2328502
2330541
2333800
2334452
2335153
2335991
2336382
2337990
2338469
2339728
2342108
2342232
2343116
2350476
2350602
2359502
2361021
2361284
2362910
2366693
2367932
2368661
2370090
2372232
2372235
2372451
2372725
2374734
2378756
2379094
2387425
2387782
2395497
2403598
2406530
2407069
2412532
2415504
2415813
2417513
2419389
2423873
2424986
2429722
2431237
2435091
2440063
2442509
2448531
2448567
2449075
2451704
2453307
2453890
2457225
2460914
2461575
2465571
2466067
2466182
2471145
2471361
2473698
2475008
2478326
2478710
2479346
2484730
2491482
2493108
2496085
2498332
2499957
2503290
2515004
2515686
2516571
2521047
2522961
2523016
2524183
2528489
2529189
2530804
2531606
2532546
2532697
2533318
2534166
2535458
2538302
2539436
2541524
2541754
2544237
2544813
2547831
2550957
2551189
2551307
2551655
2559413
2562345
2562652
2565798
2567745
2569059
2571117
2572036
2572354
2572372
2572927
2574295
2575084
2575104
2577132
2579177
2579605
2584305
2584773
2587036
2587796
2590844
2592176
2597655
2601415
2602849
2605769
2605965
2606560
2608107
2615594
2616287
2616720
2621235
2626606
2628839
2630327
2633460
2634079
2634671
2635776
2638242
2640292
2642567
2642782
2645045
2647579
2647809
2648808
2649700
2649731
2650463
2650782
2651371
2652616
2655169
2655296
2658331
2658527
2659579
2661054
2662367
2662512
2663527
2665495
2668527
2669753
2675096
2677069
2679112
2681937
2682541
2685877
2687294
2692725
2693357
2694154
2695072
2695462
2695622
2699113
2700217
2703204
2704856
2706055
2709223
2710381
2713574
2714434
2714771
2715035
2717338
2717692
2718781
2723659
2724974
2726370
2731070
2737663
2739350
2744268
2744949
2745799
2746164
2749046
2752467
2752992
2755046
2757611
2757722
2758034
2760772
2764466
2765195
2765215
2766513
2770351
2771379
2772764
2773907
2774419
2774759
2776556
2778352
2779561
2779572
2781710
2784754
2789251
2790401
2791625
2799518
2801066
2803010
2805076
2806850
2809553
2810614
2811992
2813761
2814496
2814931
2817046
2817690
2819042
2819770
2820147
2821028
2821327
2821468
2825965
2826636
2827016
2827189
2833270
2833378
2833552
2834624
2839991
2841356
2846037
2846206
2847202
2848129
2849863
2852999
2854575
2854604
2856854
2857176
2865371
2865406
2866786
2869248
2873286
2877400
2879964
2886173
2886254
2887914
2889070
2889338
2889409
2890666
2892026
2892952
2896481
2899383
2901384
2901774
2902759
2903320
2904176
2907899
2908928
2911384
2912782
2916040
2920628
2925921
2926040
2926209
2931941
2933035
2933673
2933877
2934629
2936137
2936338
2937964
2938384
2940046
2940551
2941578
2941587
2941892
2949187
2949757
2952099
2955656
2957770
2960780
2966093
2967772
2967902
2968692
2968882
2970052
2970124
2971652
2971663
2979747
2979884
2981569
2982598
2984588
2985121
2986661
2989861
2990528
3001039
3001692
3005814
3007333
3007337
3007885
3010942
3011192
3011546
3012513
3020851
3021775
3023546
3024863
3030283
3031725
3033395
3035516
3035701
3036758
3038011
3038190
3039168
3040031
3041899
3044978
3047314
3050289
3056064
3058281
3059291
3061465
3064188
3067803
3074639
3075767
3076827
3078187
3078439
3079331
3083283
3084048
3084111
3086879
3087271
3088691
3089742
3089904
3093048
3094881
3095228
3096520
3098851
3099732
3102852
3103379
3104616
3107896
3108192
3108516
3110124
3111243
3116761
3117625
3118838
3119642
3122609
3123268
3124384
3129014
3130052
3130135
3130703
3131947
3134034
3135034
3135148
3139118
3140142
3143256
3147071
3153362
3154739
3156455
3156504
3156970
3158612
3159108
3159669
3161076
3166384
3167316
3168147
3170541
3171756
3172682
3177516
3178117
3178227
3178927
3185061
3186522
3187035
3190961
3191642
3192169
3192400
3194040
3196503
3196533
3197939
3200095
3200824
3203901
3205376
3205879
3206870
3208622
3210634
3210879
3211046
3212395
3214899
3215499
3215551
3218264
3218542
3222048
3224353
3226476
3227537
3230772
3231835
3231888
3232531
3232784
3239261
3240008
3244548
3244887
3245213
3247674
3250345
3252334
3253052
3255027
3255266
3256269
3256674
3258345
3258856
3258978
3261169
3261338
3263021
3263457
3266287
3269695
3269945
3271034
3272651
3273785
3274642
3274844
3276825
3277679
3281211
3282071
3282585
3283614
3286689
3287582
3290075
3292141
3292469
3294652
3296524
3297341
3303175
3304824
3305367
3305587
3309688
3311285
3312825
3313205
3314520
3316477
3318162
3318989
3319496
3319939
3320000
3321692
3323052
3323198
3325872
3327430
3327874
3327889
3328156
3329124
3338767
3339388
3341175
3342018
3343061
3343781
3344484
3344638
3348504
3349178
3352109
3353259
3353463
3355666
3355977
3357352
3357399
3358038
3362624
3367191
3367700
3368247
3373176
3375441
3376252
3376430
3376471
3381953
3382710
3384457
3385515
3389346
3389535
3395509
3398251
3398929
3399786
3406334
3410715
3417621
3425131
3426973
3440184
3440471
3441822
3443531
3443696
3445434
3445532
3446161
3448686
3450837
3450951
3452140
3453611
3454677
3456254
3456517
3457996
3460269
3461853
3462029
3463601
3464988
3467432
3468101
3468795
3469032
3471816
3471837
3472196
3474642
3476493
3480333
3481382
3482593
3483478
3483999
3486802
3487042
3487984
3489660
3490571
3493531
3497477
3497625
3499739
3500201
3502769
3505306
3506214
3506885
3508188
3510234
3510277
3510924
3511067
3511214
3511584
3512229
3515440
3517441
3520971
3522790
3523554
3523781
3525392
3529123
3529742
3534900
3538888
3539318
3539970
3540150
3543256
3544405
3547040
3548256
3553214
3553616
3556087
3556833
3557499
3558702
3559014
3564632
3569386
3575164
3576959
3577263
3579165
3581871
3584805
3586322
3588806
3590784
3594898
3595533
3598051
3598216
3598311
3598832
3600739
3604693
3606431
3606501
3607760
3609604
3610943
3611146
3611242
3613727
3615155
3616234
3618964
3619546
3621233
3622020
3623347
3625169
3630416
3630974
3637525
3639246
3639278
3639773
3644287
3645309
3645436
3645508
3645896
3646141
3647145
3652901
3653573
3653741
3654237
3654375
3654464
3656057
3657016
3657691
3660597
3663162
3667663
3668696
3671601
3672705
3673031
3673920
3678793
3679682
3680484
3682418
3684860
3685712
3686620
3687608
3688563
3688934
3696312
3696361
3697378
3698196
3699516
3700811
3702235
3703237
3703819
3706757
3712787
3714592
3722381
3726915
3730222
3732401
3732959
3736468
3742604
3743837
3748873
3749096
3749500
3749679
3750034
3754194
3755620
3757520
3759942
3767499
3768812
3769082
3769805
3770028
3770509
3771799
3774535
3776464
3778451
3779890
3780453
3782434
3784958
3785132
3785555
3786735
3787694
3788950
3790605
3792438
3793474
3798899
3801727
3804494
3805209
3805475
3806886
3807433
3807445
3807593
3808741
3812285
3814180
3816889
3821652
3821741
3823115
3826470
3834123
3836300
3838733
3839921
3842275
3844723
3845079
3847427
3848658
3852575
3852820
3857812
3858219
3860041
3860186
3865871
3869569
3873578
3874955
3877643
3880799
3881871
3882231
3882943
3885579
3885770
3886202
3887155
3891186
3892075
3900043
3902512
3911210
3911810
3914546
3915103
3917662
3921378
3922877
3932415
3933354
3940603
3941998
3943815
3945538
3947612
3948510
3948990
3949499
3957112
3960371
3960804
3963193
3964452
3965414
3971924
3973601
3977502
3977644
3978119
3978830
3981092
3982641
3984545
3984747
3985959
3988100
3990395
3990577
3990664
3992278
3995110
3995599
3996952
3997331
3999673
4001524
4006731
4010186
4011449
4014393
4017649
4018158
4021667
4022380
4023350
4024888
4027798
4028431
4032435
4033400
4033529
4035553
4040911
4041093
4041693
4043555
4043905
4045344
4050200
4050643
4053320
4054078
4056708
4056920
4063200
4067124
4067358
4068479
4069071
4070122
4070498
4072781
4077346
4078827
4079301
4083444
4087127
4087475
4089436
4092793
4094904
4097060
4101495
4101798
4103972
4105197
4106273
4106855
4106889
4108046
4113938
4116215
4118132
4118483
4118950
4119413
4119954
4123051
4124068
4127121
4129739
4131420
4138549
4143883
4144267
4147283
4149350
4149592
4151524
4153565
4154514
4154538
4154545
4158878
4159767
4161035
4163404
4163826
4169131
4169260
4169486
4169701
4171171
4172578
4175359
4175605
4177900
4180170
4180544
4180871
4181514
4184019
4188047
4189589
4190988
4191860
4192122
4195828
4196863
4202058
4204794
4205770
4206696
4207671
4207872
4209895
4211253
4216298
4218388
4218463
4227817
4236244
4244849
4244998
4248256
4248853
4250013
4250462
4252910
4253811
4254566
4254773
4255232
4256896
4257843
4258163
4265598
4265685
4266689
4267397
4271732
4272426
4274255
4274407
4280206
4283126
4285088
4286649
4286884
4287473
4299892
4301811
4302640
4308729
4310063
4311241
4313613
4317008
4323044
4324238
4325930
4326361
4329002
4329319
4332963
4333829
4335518
4338158
4338386
4339878
4340726
4342711
4343780
4345327
4347368
4350454
4351280
4356613
4360046
4360743
4363817
4364514
4366315
4366993
4367931
4368324
4372377
4375096
4375345
4377103
4378825
4379751
4381945
4381965
4383298
4386392
4386442
4388588
4389350
4389696
4390805
4391636
4393493
4395938
4397141
4398741
4404011
4405434
4406592
4409006
4409568
4412224
4413274
4414507
4414609
4417041
4417469
4419433
4422073
4423312
4426235
4432014
4432330
4432726
4433743
4434136
4435237
4436702
4439325
4440905
4443765
4446638
4448657
4451622
4451890
4453305
4458609
4460900
4463517
4465762
4466687
4466774
4467063
4471023
4474095
4477682
4481855
4484507
4490276
4490588
4492704
4492824
4494193
4494918
4500335
4501759
4509602
4510193
4511749
4521831
4524435
4526343
4527606
4530382
4530818
4530843
4539580
4541992
4542499
4544842
4554108
4558971
4559302
4561785
4563562
4564848
4564939
4565985
4569393
4572659
4572833
4574233
4575656
4576865
4577711
4578711
4578851
4579801
4581931
4582244
4583990
4588527
4592326
4592348
4593059
4593975
4595579
4596342
4597087
4597954
4600850
4601911
4605234
4608771
4612855
4614626
4615019
4617682
4619192
4619422
4621188
4623092
4624145
4625436
4628090
4631081
4632444
4632844
4634864
4635405
4637824
4637931
4638882
4640305
4640676
4643319
4644535
4645510
4646321
4646616
4646827
4648650
4648780
4649308
4650324
4652112
4653083
4656877
4660036
4662520
4668005
4671001
4671173
4676453
4677863
4678114
4684971
4684988
4686920
4687008
4689086
4694172
4695399
4699516
4700945
4702705
4704545
4705072
4706442
4707847
4710254
4710332
4711320
4713345
4713577
4715070
4715432
4716116
4726736
4726953
4731136
4731281
4732946
4734380
4737529
4739204
4740088
4745863
4749718
4752587
4752669
4753900
4754733
4755537
4758873
4761368
4766728
4767583
4767845
4768391
4773087
4776038
4779777
4780824
4785255
4785450
4788445
4788475
4788660
4790542
4791367
4795198
4798231
4799232
4799460
4799714
4801511
4802201
4812064
4812309
4815617
4816072
4817165
4818944
4819079
4819097
4820401
4821752
4822401
4823978
4827887
4833244
4834012
4836243
4841275
4842542
4842846
4845713
4848245
4850150
4851920
4853856
4855274
4857305
4860979
4863545
4867293
4867425
4868159
4868228
4868289
4879812
4885031
4888109
4891590
4891803
4895446
4899146
4899254
4899935
4900528
4900911
4900937
4904649
4909783
4911278
4917980
4918686
4919963
4920459
4920935
4923784
4924101
4926401
4929124
4933511
4935993
4940763
4947160
4948058
4950659
4952685
4952938
4953792
4954561
4960890
4963311
4967930
4970628
4973679
4976022
4976463
4976508
4977033
4977887
4980355
4982349
4983770
4984118
4992008
4994056
4994092
4994547
4995305
5004211
5006462
5006514
5007295
5007730
5008999
5009703
5012426
5015932
5016732
5017240
5022579
5022589
5025750
5031169
5038266
5039692
5041065
5041456
5045014
5051460
5052931
5053602
5053904
5053918
5055376
5059574
5064563
5065615
5066600
5067687
5069035
5073987
5082038
5082936
5087176
5089802
5090911
5093018
5094713
5100032
5100941
5101220
5102769
5105709
5106719
5110021
5110300
5115356
5115444
5117126
5119979
5120149
5121664
5124223
5125833
5130042
5133565
5137036
5139677
5140446
5144099
5144240
5146658
5149284
5149781
5150783
5154080
5155678
5156733
5157000
5159211
5159439
5160841
5165248
5166055
5166252
5167412
5168908
5170823
5171468
5171642
5171841
5172928
5175157
5177101
5177243
5178199
5178972
5179107
5180974
5181291
5181765
5181838
5183213
5183600
5185542
5185710
5185960
5186090
5186307
5189306
5190099
5190512
5194034
5196518
5199058
5201978
5202692
5207157
5207255
5210093
5210575
5213912
5222125
5224891
5230152
5230516
5230828
5230957
5234231
5234459
5238883
5241798
5242718
5242831
5248672
5249396
5252367
5252520
5253073
5254987
5256807
5257840
5258988
5260966
5260976
5262252
5263445
5264624
5265342
5265370
5266332
5267277
5267502
5273152
5275157
5278542
5279858
5281338
5282564
5287112
5289983
5291357
5292132
5297567
5299848
5300300
5301977
5305789
5306557
5306573
5307880
5308177
5309606
5311323
5312816
5313629
5315088
5315595
5316025
5316845
5322105
5322373
5322782
5323474
5325318
5325522
5326061
5326344
5328720
5330722
5335243
5336830
5340902
5340908
5341048
5341413
5344800
5345849
5350238
5352399
5354020
5355561
5360956
5363956
5364728
5366556
5369667
5371096
5372707
5373483
5375180
5375682
5376035
5378309
5380075
5386451
5386657
5392567
5394043
5398612
5399870
5400665
5401401
5402714
5406165
5408763
5411987
5413449
5415302
5415988
5417955
5418217
5418876
5419582
5419991
5422409
5422997
5423035
5423672
5426751
5428156
5429247
5433819
5436365
5439527
5441778
5441907
5445834
5446378
5446381
5447394
5447776
5447972
5448544
5449253
5449790
5455416
5457921
5458905
5460830
5463182
5466441
5468526
5468935
5477401
5478584
5478856
5479501
5479517
5480295
5483141
5484340
5485070
5486826
5487241
5488809
5488871
5491053
5491270
5493747
5495050
5500377
5501627
5505669
5506037
5506487
5510839
5513052
5515379
5521078
5521499
5522455
5529626
5530983
5533478
5533894
5534095
5534212
5536421
5537177
5539021
5539077
5540233
5541257
5541532
5544063
5549069
5549644
5549897
5550712
5550760
5551254
5551509
5554116
5559078
5560814
5563578
5564693
5565484
5567538
5568257
5568735
5568759
5575781
5576168
5578618
5578831
5582853
5583756
5585864
5591821
5591900
5592763
5595775
5598348
5598823
5599254
5601657
5604387
5606254
5607665
5609169
5611081
5611531
5617797
5620234
5620794
5621397
5621625
5625494
5625586
5630396
5635426
5637457
5639094
5642437
5644652
5646648
5647480
5647597
5647619
5650140
5650679
5653799
5655821
5660164
5660619
5667082
5667547
5667667
5670829
5671168
5674150
5674592
5686665
5687026
5689726
5691838
5692662
5698115
5700906
5701347
5704084
5705296
5705571
5706223
5707028
5708284
5711252
5711700
5713866
5715743
5716269
5717084
5718184
5719388
5719669
5720470
5721594
5727186
5729559
5733365
5733800
5736085
5742186
5742518
5742986
5744040
5744497
5746986
5747684
5749033
5750793
5755215
5756560
5757680
5759929
5760441
5762786
5764189
5764354
5766747
5771535
5772877
5776659
5786160
5786469
5787449
5793646
5796074
5797391
5797438
5799831
5804575
5805522
5805927
5809745
5812842
5815446
5817344
5820213
5821641
5822064
5825009
5825103
5825254
5826367
5831317
5835097
5835155
5835840
5836527
5838494
5838842
5839036
5839578
5839806
5839828
5839976
5840048
5841561
5844387
5844549
5844629
5850685
5850818
5852213
5852314
5852590
5852838
5853003
5860236
5860540
5864976
5866383
5871589
5872844
5872891
5876884
5877667
5880310
5880584
5881380
5882328
5882547
5886731
5887254
5888460
5889749
5890462
5891789
5892016
5895353
5896896
5897404
5898298
5901789
5904995
5905239
5907324
5909436
5909857
5914487
5915386
5915749
5922208
5923021
5923915
5924674
5927514
5931774
5932029
5932709
5937271
5937960
5938191
5939043
5940565
5941705
5942586
5944803
5945139
5945287
5949111
5950083
5950486
5952296
5954266
5955566
5956559
5959442
5959636
5959640
5960760
5961391
5962762
5963170
5963543
5965771
5967598
5968406
5968585
5968866
5971991
5972989
5973565
5974466
5975408
5975888
5977452
5980537
5984020
5984993
5987654
5987989
5988523
5989854
5990728
5998066
6000610
6001183
6003103
6004418
6005018
6005021
6006016
6006893
6016048
6017154
6017758
6019168
6019690
6019851
6023767
6024211
6027442
6028184
6029199
6030221
6030546
6032887
6033644
6036744
6037148
6037793
6041764
6042418
6045020
6051816
6053216
6053284
6057016
6061205
6061572
6063315
6065211
6065248
6065760
6066564
6066987
6067439
6068317
6070680
6074631
6076549
6077466
6088173
6089202
6090591
6091080
6094171
6095550
6098516
6100855
6101854
6102768
6106385
6106559
6107007
6107455
6107592
6109643
6111289
6111325
6112337
6114633
6115808
6115820
6118166
6122112
6126847
6134001
6134446
6139728
6141503
6142476
6146318
6146827
6147423
6148455
6148810
6150167
6153267
6154580
6157268
6157733
6165836
6165881
6166032
6166533
6167113
6169513
6170451
6173248
6173914
6175604
6177657
6177936
6179918
6182350
6183649
6185043
6186490
6186867
6187033
6188988
6191810
6192569
6193845
6193935
6194764
6195231
6197139
6197327
6200416
6201344
6203022
6203986
6206791
6207560
6210372
6210901
6211221
6212065
6212947
6214283
6215177
6215298
6216731
6216864
6219765
6224381
6224703
6226254
6227346
6228438
6230099
6235247
6236105
6237863
6247291
6250284
6250454
6253615
6254991
6256794
6260273
6262468
6266294
6267347
6267521
6273338
6274577
6274925
6288070
6288223
6294804
6294966
6298636
6299466
6303135
6304113
6310970
6310985
6311343
6312536
6314043
6317553
6317861
6318363
6320454
6321098
6321842
6322029
6322431
6323880
6325191
6325726
6326622
6327925
6335912
6336191
6338700
6338944
6342105
6347425
6348088
6348356
6348679
6350014
6357742
6359179
6359420
6361061
6362614
6362865
6363560
6364372
6369136
6369145
6370156
6371245
6375138
6376826
6377553
6378470
6381020
6381263
6383574
6386840
6392324
6393751
6394520
6397931
6399981
6401115
6408435
6415047
6417025
6422423
6432931
6434085
6438174
6438725
6440125
6441804
6442175
6443824
6443915
6448341
6448390
6450267
6451310
6454367
6454795
6455491
6457486
6457502
6458591
6460211
6461496
6464090
6464299
6467125
6469482
6469788
6474410
6475577
6477859
6478102
6483964
6485810
6488072
6492700
6494980
6498511
6501072
6504018
6504357
6505494
6509587
6509814
6515377
6516854
6519110
6519780
6520300
6520587
6521876
6521936
6522199
6524243
6524784
6525276
6526969
6528586
6528852
6533073
6536885
6538553
6538854
6539495
6542769
6543158
6543266
6546598
6549873
6551226
6556106
6556633
6559434
6561810
6565622
6567270
6568123
6572485
6574952
6577183
6577977
6581369
6586621
6587546
6591784
6596946
6597044
6598297
6599026
6599142
6600343
6600424
6603767
6604138
6610150
6612957
6613412
6614498
6617493
6618498
6625199
6631151
6632844
6635808
6639274
6639513
6642474
6644252
6645027
6645674
6648455
6650905
6652765
6654678
6655131
6656466
6661294
6665362
6674637
6675073
6677475
6677514
6681747
6682701
6683120
6683531
6683886
6684695
6688813
6689718
6693159
6693298
6694158
6694694
6695327
6696731
6698315
6700417
6700905
6703287
6703724
6705306
6714127
6714368
6715796
6717450
6718221
6721568
6722311
6723302
6723530
6723662
6726401
6726964
6727647
6729480
6729969
6731811
6732896
6744872
6746787
6750938
6750982
6752551
6756389
6756817
6759533
6760250
6760657
6761154
6762617
6762859
6764610
6764821
6766046
6769179
6770084
6773061
6776772
6776877
6777619
6778035
6782359
6783487
6784035
6784363
6785788
6787844
6789066
6789842
6795837
6796079
6796332
6799416
6800566
6802260
6804090
6805301
6806465
6806636
6808677
6814571
6820287
6820307
6828627
6835975
6840019
6840186
6841533
6842069
6844737
6847508
6848767
6850672
6850826
6853161
6853171
6853204
6857812
6858831
6862855
6868787
6871168
6871341
6872056
6876792
6877765
6880154
6882593
6883218
6883495
6883512
6883980
6885845
6887819
6889823
6890976
6892029
6898002
6898281
6899802
6900874
6905081
6908338
6910757
6911153
6911290
6913043
6915565
6916173
6920314
6922424
6927536
6931503
6931838
6932566
6936457
6943946
6944187
6945628
6948612
6949339
6950696
6952529
6953365
6954218
6954334
6954492
6957219
6958086
6960890
6962805
6963802
6964644
6966057
6966687
6968851
6970894
6973891
6973914
6974246
6975164
6975849
6979073
6979810
6983135
6983611
6985818
6986754
6987802
6994186
6995579
7001420
7004023
7005088
7006776
7008450
7008864
7010806
7011427
7013058
7014448
7014688
7015303
7016184
7018313
7019263
7019976
7020344
7025616
7026187
7026512
7028070
7028246
7028483
7030472
7035066
7035851
7036810
7037494
7037960
7042960
7043050
7043211
7043274
7044583
7045157
7045257
7047406
7047685
7047909
7047979
7049253
7056052
7056248
7056405
7057474
7057785
7059650
7065712
7066455
7070897
7074510
7076160
7076393
7078548
7080826
7081317
7087757
7092470
7092491
7095345
7100363
7101549
7102756
7102876
7105654
7106015
7106206
7106416
7107435
7110531
7110950
7112183
7113917
7116537
7119059
7119220
7122501
7123217
7123836
7125461
7126843
7131820
7131935
7137101
7140306
7141336
7142838
7143079
7145927
7148425
7148541
7148576
7150403
7151761
7153724
7154513
7161845
7163395
7163726
7164135
7164659
7164729
7166541
7170156
7176582
7176586
7177354
7179606
7180364
7185418
7186502
7188065
7189539
7193303
7194860
7195918
7199532
7204485
7205579
7205928
7209311
7209804
7213781
7214947
7216060
7216363
7217436
7217678
7218832
7219554
7219737
7219970
7223016
7225842
7229995
7230786
7238203
7238820
7239286
7239749
7242103
7244738
7245609
7247240
7248043
7248797
7254934
7255819
7262699
7262817
7263283
7263566
7263682
7266202
7266635
7269611
7276140
7277537
7279058
7281297
7283733
7285252
7285857
7289295
7292687
7292909
7293591
7296166
7297442
7302456
7303653
7305313
7305982
7307992
7308102
7308235
7308381
7309216
7314106
7315088
7316830
7317825
7318271
7320525
7320815
7322463
7322472
7322922
7323721
7329188
7331657
7333828
7337661
7338494
7340596
7347338
7349330
7350159
7353448
7353897
7359042
7360418
7360941
7361572
7367644
7369385
7371071
7377791
7378685
7379896
7382697
7387182
7389160
7390917
7394544
7396436
7396669
7396987
7397538
7402250
7402329
7409882
7410084
7412342
7414480
7414505
7415925
7417717
7420936
7421254
7421606
7423417
7424133
7428385
7428895
7430906
7431273
7438203
7438291
7441126
7441191
7447783
7448201
7450335
7453875
7455964
7456173
7458107
7458924
7468135
7476586
7476623
7477211
7477556
7478418
7481226
7482608
7484245
7484729
7485970
7491808
7495759
7496160
7500221
7501178
7501378
7501752
7503527
7504972
7509935
7510713
7520262
7520876
7521089
7523313
7523488
7523812
7524566
7525341
7526442
7529404
7529483
7530169
7530687
7534201
7536985
7538782
7544097
7551035
7551267
7552144
7559474
7560350
7560713
7565013
7567134
7567883
7573274
7575364
7576984
7577933
7585028
7585711
7586170
7587455
7590419
7590854
7591277
7593136
7595962
7596465
7596901
7600024
7600040
7601317
7606390
7607421
7607735
7607761
7607851
7613633
7613932
7614115
7615630
7617516
7617629
7620748
7622110
7623374
7626033
7628920
7630886
7631152
7634967
7636156
7636678
7638959
7639440
7640549
7640991
7642965
7643644
7643724
7647608
7648142
7653831
7654226
7658989
7659379
7659487
7659618
7660287
7663330
7671220
7674648
7674797
7675003
7676758
7677529
7683642
7689256
7690695
7691256
7694454
7699715
7700406
7701669
7705510
7705798
7705946
7707674
7709836
7715299
7718672
7722189
7725764
7725769
7727036
7727628
7728267
7728411
7731306
7732788
7733047
7733403
7734821
7740604
7741900
7749413
7749751
7752690
7752786
7758617
7760737
7762070
7764661
7766402
7766957
7771100
7771446
7773072
7773310
7773715
7774247
7775320
7778348
7780215
7783689
7786152
7786360
7787689
7789980
7793098
7793633
7799325
7801062
7801777
7802010
7802307
7805427
7806804
7807490
7809574
7811948
7817044
7817987
7818404
7819934
7821083
7821184
7821393
7821634
7823080
7831214
7831892
7836088
7836674
7837252
7838574
7842020
7843965
7846488
7846749
7850269
7851891
7852119
7854575
7856212
7857318
7859347
7862819
7862869
7866891
7875510
7877615
7880149
7880931
7884931
7894399
7895855
7898479
7901909
7903273
7903627
7906558
7906948
7909488
7909501
7911187
7919333
7919711
7923682
7926050
7926432
7927421
7928544
7928625
7930423
7932267
7934517
7935884
7937730
7938379
7939220
7939667
7941092
7942748
7952718
7953919
7958552
7962863
7963352
7966774
7968095
7969405
7969964
7970878
7972567
7972814
7976022
7976730
7979664
7980137
7982969
7983080
7983797
7985584
7987727
7988369
7992928
7994262
7995154
7999406
8002822
8009022
8009690
8012022
8013437
8014241
8015366
8016065
8016221
8021979
8024597
8027173
8030584
8032776
8035983
8037335
8038773
8040792
8041751
8041795
8042156
8043780
8044124
8045109
8045746
8046759
8049188
8052577
8059545
8061387
8066038
8066270
8066480
8067552
8067823
8067865
8069242
8069959
8072265
8074846
8075276
8077491
8080061
8082389
8082619
8082772
8082937
8082957
8084291
8086168
8088797
8091962
8091979
8095571
8097659
8100542
8100654
8101956
8102160
8105121
8105846
8106256
8106968
8107195
8107721
8111986
8112867
8115484
8120122
8124761
8124992
8127304
8129582
8130334
8131164
8133229
8136127
8137697
8139044
8140069
8142869
8146133
8152730
8156637
8157254
8162940
8163836
8167772
8172109
8174171
8174441
8175105
8175875
8176518
8176847
8178031
8179015
8181602
8181973
8187127
8190195
8190643
8193770
8196255
8200372
8201596
8202135
8202176
8202629
8203246
8203938
8204858
8210324
8215840
8216498
8216665
8218087
8221045
8222678
8224012
8225050
8225565
8225831
8227329
8227866
8229343
8229439
8234311
8234796
8236925
8237374
8237672
8238005
8238462
8242543
8243652
8246174
8252278
8252778
8253426
8253733
8258379
8260186
8262424
8265403
8267460
8268129
8268223
8268627
8269432
8270511
8271204
8271736
8273366
8273981
8275184
8277990
8278008
8278315
8281224
8281839
8282493
8283473
8283755
8284367
8285146
8285523
8285801
8289754
8290091
8298199
8301688
8302474
8305632
8309283
8310177
8311390
8312657
8314886
8316998
8318209
8318799
8318892
8322646
8323553
8323887
8324038
8324044
8326610
8327726
8328056
8330103
8331941
8332207
8333579
8333685
8333870
8336026
8338506
8339525
8341117
8341169
8341193
8341554
8343720
8344182
8346046
8347306
8347414
8347464
8347849
8349256
8353674
8355277
8355396
8356117
8356793
8361853
8363340
8364813
8368343
8369616
8369935
8370856
8373771
8374004
8376487
8378908
8379263
8384114
8384825
8387546
8391235
8393887
8397851
8397890
8398685
8401657
8404787
8404871
8405087
8406130
8407083
8407647
8407879
8408207
8408806
8409491
8413084
8416138
8418437
8420597
8422211
8423585
8423646
8424018
8424751
8426191
8430451
8431909
8432314
8432346
8433084
8433819
8434127
8434826
8438339
8438535
8438805
8440750
8442390
8443881
8444702
8445475
8447681
8449614
8450354
8450742
8453118
8453482
8453741
8454369
8455283
8466678
8469604
8473693
8479368
8480024
8480869
8485380
8485449
8485532
8491773
8492548
8498738
8499507
8500171
8501082
8501514
8502232
8503199
8504839
8506463
8507799
8514013
8514137
8515139
8518182
8519098
8519666
8519692
8523747
8528765
8529977
8534360
8534818
8535180
8535575
8535934
8538244
8542603
8545784
8546521
8546939
8547168
8549260
8552939
8553327
8554758
8559458
8559834
8560565
8560651
8563930
8569167
8569388
8572189
8572860
8574718
8576164
8581601
8583287
8585792
8586189
8591402
8591519
8594107
8595391
8602931
8603191
8609955
8610059
8611501
8612537
8613866
8620929
8622399
8624342
8625231
8625651
8626840
8629599
8631081
8632168
8637830
8642021
8642140
8642745
8644763
8647396
8648636
8652392
8652503
8655047
8655811
8658419
8660415
8661606
8663313
8663357
8663432
8669717
8671376
8671431
8673622
8674960
8675164
8675924
8677338
8680270
8680690
8681830
8684204
8693270
8693939
8694807
8696383
8701485
8701796
8703807
8708098
8708492
8709220
8713836
8714324
8714415
8716316
8716732
8719645
8720128
8720592
8721180
8721401
8722103
8722137
8722738
8723483
8724693
8731038
8734077
8735705
8737505
8738671
8739446
8739788
8740432
8747248
8747314
8749682
8750852
8753909
8755663
8756311
8756995
8758156
8758840
8759642
8761727
8763247
8765139
8768206
8769028
8769461
8770297
8771467
8774004
8778703
8782338
8783165
8783641
8784426
8785110
8788472
8790416
8791583
8793440
8798869
8803065
8803266
8804016
8804334
8806088
8807000
8812123
8816469
8819242
8823636
8824779
8834982
8835652
8835981
8837907
8838902
8842420
8842437
8843324
8843850
8844184
8844234
8847497
8850411
8850722
8852497
8853279
8857812
8858392
8859346
8859509
8859831
8859833
8866798
8869065
8871702
8874667
8874675
8875984
8881898
8886103
8886356
8887025
8887692
8890327
8890543
8891952
8892305
8892431
8895762
8896157
8898939
8900764
8901776
8902976
8904536
8905817
8906653
8907881
8907972
8908208
8908289
8912214
8912346
8913058
8916188
8918368
8919844
8922604
8927052
8930815
8931223
8931383
8934424
8935060
8935388
8935550
8937321
8937664
8939898
8940051
8940139
8944941
8945231
8952465
8955714
8957150
8959162
8959832
8959967
8960066
8961218
8962048
8962514
8962575
8966494
8973670
8974713
8981531
8981648
8982138
8982817
8987111
8988691
8990135
8990381
8991832
8992039
8999861
9001644
9003933
9004721
9005072
9007384
9008012
9008828
9011019
9012853
9016077
9017735
9017907
9020374
9023016
9025098
9025904
9026629
9027030
9030434
9031251
9032359
9032430
9034162
9035562
9038991
9040264
9042238
9042553
9043778
9044592
9045787
9046289
9047286
9049404
9050791
9053437
9054156
9058213
9062913
9068858
9070455
9071256
9071503
9076644
9076693
9080790
9081062
9081147
9083114
9084976
9086416
9086444
9090517
9093143
9094886
9095808
9096816
9098146
9098679
9098878
9102528
9102669
9104446
9107929
9110120
9111400
9112754
9112929
9113733
9116815
9116899
9117319
9122264
9123328
9123836
9124428
9124513
9126506
9128560
9130601
9143061
9143347
9150476
9152524
9155247
9155914
9160543
9163959
9166272
9166392
9168711
9169649
9171156
9172372
9173012
9176718
9177056
9179786
9180105
9180331
9182282
9185313
9185503
9187615
9188177
9188962
9191139
9191541
9192952
9193421
9201333
9205863
9207404
9213637
9214210
9214448
9215300
9216890
9219305
9221618
9223976
9224538
9228722
9230366
9231000
9232071
9232548
9233493
9237686
9237868
9238164
9238253
9241514
9241558
9241952
9241985
9242464
9243381
9243976
9246269
9249837
9251270
9251800
9253049
9255338
9256592
9258602
9260242
9261527
9262759
9264557
9264885
9267952
9270973
9272560
9274728
9281878
9282129
9282604
9282983
9283514
9291540
9297247
9298396
9299294
9299932
9300058
9301169
9304248
9304994
9306765
9307207
9309700
9310234
9311923
9313157
9313871
9314629
9314933
9315977
9320027
9325411
9325774
9326194
9330074
9330163
9330422
9331218
9335675
9338193
9339028
9342731
9343506
9344893
9345290
9346009
9346824
9347102
9347114
9354459
9356062
9360111
9361210
9369920
9370011
9371913
9373245
9377715
9379078
9379910
9381515
9381778
9383975
9384250
9384988
9386174
9388464
9390930
9393322
9395796
9402367
9405905
9408068
9409632
9410208
9411388
9411560
9411612
9412291
9415515
9416966
9419453
9420678
9421268
9422740
9428701
9431569
9433321
9433326
9435314
9436756
9438130
9439421
9440029
9440158
9442802
9445067
9445852
9445985
9451114
9451790
9452063
9453173
9454190
9457545
9458501
9461554
9461979
9464044
9465461
9468391
9469306
9471905
9473471
9475247
9478844
9479124
9479126
9482698
9482897
9484816
9486968
9487115
9488383
9491927
9492555
9492801
9493076
9494082
9494312
9496688
9497646
9498142
9498224
9500066
9502085
9504506
9506449
9510957
9512724
9514849
9517810
9518561
9521299
9526280
9526392
9527179
9527534
9530458
9531350
9531518
9535054
9542276
9542573
9543260
9545011
9546872
9548720
9548959
9550091
9554688
9555510
9557219
9560462
9563787
9564583
9567690
9569178
9569996
9575803
9576383
9576413
9585272
9585696
9585911
9590757
9591025
9591707
9593106
9593361
9594484
9594853
9596516
9598162
9602545
9604432
9607032
9610340
9613618
9614040
9615013
9615805
9616488
9624451
9626037
9626718
9627716
9627975
9629940
9630143
9632047
9634951
9637818
9640012
9642151
9643414
9646387
9647842
9650193
9651861
9652106
9653604
9654053
9654471
9655796
9658258
9661489
9661581
9667094
9670145
9671192
9671787
9674950
9676682
9678398
9682313
9686957
9691116
9692651
9693037
9696315
9698745
9701883
9702519
9706896
9708799
9710865
9712136
9714602
9718978
9719887
9720754
9721830
9723450
9723660
9730009
9730080
9734569
9735649
9735735
9738122
9739393
9740313
9748155
9749704
9750308
9751123
9751158
9754666
9759662
9761911
9762491
9763815
9771085
9772027
9773531
9776212
9776225
9777274
9778130
9778971
9782786
9783498
9790034
9790487
9794059
9795183
9795285
9795755
9798270
9798559
9802157
9802217
9804703
9805675
9809994
9810163
9813457
9817755
9818625
9818751
9819675
9820138
9820965
9822710
9823000
9828968
9831456
9833348
9835537
9836076
9840953
9847803
9848170
9848626
9849344
9851295
9851459
9852625
9861519
9862511
9867121
9867212
9867598
9873120
9873646
9874426
9877469
9878543
9883530
9884155
9884854
9893017
9893880
9898014
9899828
9899951
9901927
9902254
9902634
9903830
9913320
9913996
9916482
9922998
9926089
9927557
9930226
9931564
9932268
9932989
9933479
9935564
9940260
9942165
9943998
9944030
9945650
9945868
9948698
9948824
9949056
9951180
9952647
9956876
9959650
9960121
9964952
9965684
9966117
9968951
9970036
9976071
9982828
9984360
9985651
9986274
9990277
10002672
10007436
10007628
10009117
10010540
10012551
10016342
10017629
10019020
10021549
10022013
10024683
10026026
10026893
10027429
10027705
10030469
10031489
10031828
10031868
10032530
10033016
10034269
10035350
10036836
10037672
10038024
10040300
10046498
10048609
10049012
10055636
10057314
10059123
10061328
10062452
10062742
10064258
10065805
10066601
10068503
10070189
10078384
10078970
10080862
10080889
10081890
10082116
10084090
10084256
10086606
10090243
10094573
10094812
10097071
10098149
10099879
10102761
10105342
10105530
10110036
10110402
10111154
10111371
10112452
10114863
10120667
10121866
10122028
10122953
10123526
10126940
10128553
10129339
10130104
10138756
10143404
10145114
10145203
10146059
10146892
10147445
10148917
10154473
10155637
10157659
10159347
10166415
10168613
10169104
10170810
10171430
10171821
10173739
10174573
10176297
10184640
10190922
10190993
10192355
10193398
10194357
10195720
10200744
10205141
10211101
10214038
10217423
10218773
10220409
10220777
10221620
10225238
10226200
10230163
10232027
10238071
10239136
10243200
10248491
10250052
10250271
10253787
10256191
10257302
10257733
10258127
10261531
10263108
10263587
10264408
10265068
10266045
10267027
10269230
10271007
10272451
10275971
10281666
10281752
10281975
10283150
10284883
10287239
10287761
10291406
10293042
10295600
10296541
10301509
10301868
10303654
10304957
10306590
10313051
10313544
10314781
10315562
10323248
10323766
10324664
10325282
10325629
10327204
10328842
10330043
10331875
10332008
10332574
10333878
10334406
10335679
10336585
10338112
10339238
10340875
10341717
10342921
10343515
10344553
10345905
10350273
10350812
10351837
10354671
10357832
10362366
10362767
10366833
10368479
10369202
10374805
10377091
10377190
10380151
10381108
10383293
10386169
10390120
10390878
10392475
10393313
10395233
10398632
10399289
10399828
10400107
10400599
10401115
10402252
10407750
10416553
10418331
10420168
10421799
10422878
10424469
10424846
10426346
10428672
10429702
10432044
10433424
10434905
10436232
10436407
10436749
10439093
10439434
10440020
10440276
10441844
10443559
10445059
10454033
10454654
10458818
10459651
10460165
10460588
10462650
10463646
10463712
10463720
10464455
10468535
10471620
10471670
10473173
10477993
10483957
10485670
10486994
10492359
10492934
10495424
10496469
10497100
10498604
10499501
10500055
10509866
10513696
10515268
10519937
10522739
10524620
10526309
10526417
10532316
10538006
10538521
10539167
10540159
10545635
10548512
10551987
10552670
10553869
10555606
10556739
10557284
10557705
10566160
10568727
10571375
10573084
10574935
10575963
10577201
10580263
10583707
10584955
10586745
10591654
10592232
10593345
10593554
10595617
10597143
10600312
10601808
10602966
10603953
10605294
10605514
10607643
10608234
10608755
10612577
10614165
10616084
10616683
10617947
10619380
10622130
10624203
10624237
10626162
10629369
10630843
10631943
10632846
10634717
10635577
10638150
10638903
10639752
10640123
10643446
10644693
10645292
10652190
10655913
10656303
10660610
10662499
10666261
10667025
10668329
10669924
10670763
10671574
10676656
10680800
10681173
10681253
10682941
10684546
10685976
10690886
10694450
10697366
10697925
10700650
10701066
10703808
10706630
10709384
10716567
10718699
10719224
10720571
10721208
10721315
10722101
10723291
10725782
10726494
10729513
10729839
10730983
10732518
10737342
10738734
10738819
10739448
10744103
10748992
10755512
10756020
10756997
10757146
10757974
10762012
10762581
10763432
10767848
10767920
10767958
10775233
10778679
10778718
10779178
10785290
10786823
10787775
10787975
10792305
10792871
10793765
10799332
10802637
10805138
10806469
10812257
10812465
10812773
10813077
10813408
10813975
10814974
10817764
10819497
10821293
10821574
10822316
10828999
10831100
10833757
10834987
10836461
10838757
10842586
10842755
10843936
10845491
10846126
10846458
10847324
10850045
10856166
10856720
10860335
10861467
10863018
10863453
10863993
10864398
10866506
10870648
10872116
10873400
10878672
10879696
10881452
10889908
10890375
10891450
10892622
10892687
10893191
10897407
10899749
10899871
10900151
10900387
10901447
10902087
10904359
10906315
10907129
10907230
10907718
10907755
10910143
10910166
10913220
10917590
10919474
10921634
10926241
10927067
10928414
10928769
10928860
10932167
10932190
10933395
10935464
10936804
10939625
10939835
10939852
10940283
10943102
10945061
10945168
10951271
10951556
10952611
10952619
10954072
10954997
10959224
10960597
10962254
10964586
10965210
10966112
10967293
10971613
10974326
10976971
10977576
10983571
10984693
10989110
10989249
10989602
10989914
10991082
10994936
11001502
11003522
11004967
11009875
11016655
11016808
11020827
11021597
11028574
11033312
11034571
11038802
11039124
11040726
11043126
11045507
11045686
11047990
11050093
11051866
11052931
11053166
11053682
11054959
11055992
11057208
11059301
11061583
11066208
11067273
11067330
11067818
11068500
11071543
11072868
11074769
11076337
11081786
11083130
11083335
11085790
11086361
11086803
11089150
11089851
11090482
11090537
11090774
11092308
11092560
11093672
11095574
11097908
11098146
11099345
11099413
11102452
11104110
11105077
11105382
11106467
11110029
11110361
11110382
11111669
11111977
11113672
11113851
11115736
11119034
11120310
11120431
11124097
11126550
11127842
11128714
11129655
11130965
11131049
11132181
11134064
11134157
11134613
11135556
11138520
11139433
11139609
11141372
11141599
11141607
11142031
11143223
11147792
11151766
11156190
11158018
11161452
11162059
11163702
11167968
11168943
11169352
11170768
11174187
11178760
11184865
11185391
11185899
11186025
11188262
11188320
11189798
11190905
11192331
11194219
11197098
11198768
11207629
11208893
11210785
11212430
11213597
11215466
11216511
11216590
11216961
11221610
11223970
11224063
11224818
11226117
11226743
11227590
11227624
11227867
11232348
11232490
11234449
11235039
11235630
11236138
11237683
11239104
11241277
11245446
11248078
11251989
11252492
11252534
11253523
11255123
11256235
11258110
11258484
11258790
11259806
11261647
11262382
11264885
11265770
11267265
11269333
11271645
11272781
11273048
11273201
11273847
11274180
11275426
11276081
11276780
11278693
11279037
11281933
11283374
11288019
11290769
11292362
11295653
11297816
11298367
11298502
11298726
11302288
11302807
11302855
11306802
11308778
11312589
11313879
11314133
11315621
11318022
11318802
11319653
11321240
11321728
11325496
11326563
11326864
11328640
11331317
11331768
11332176
11334010
11334384
11335921
11337087
11337429
11341125
11341325
11343897
11346743
11348589
11351213
11353402
11355584
11358985
11365351
11365780
11373574
11373658
11374529
11374903
11376600
11378221
11378616
11380471
11382723
11383163
11383891
11391595
11393799
11395503
11397753
11405633
11409407
11409728
11414026
11415584
11421853
11423801
11426366
11428124
11432330
11434938
11437377
11438534
11438737
11441422
11444487
11447956
11451666
11453770
11454161
11455091
11455410
11455963
11457325
11457659
11459108
11461780
11463227
11463931
11468553
11468991
11469705
11469892
11470571
11471343
11471965
11472751
11473970
11479816
11480045
11482957
11485140
11486431
11486575
11487379
11488640
11491808
11492112
11498173
11499968
11508011
11508058
11508633
11513885
11514109
11514760
11515531
11515961
11517562
11517862
11518279
11518874
11519852
11521064
11522198
11522938
11523781
11531100
11535124
11538280
11540407
11541755
11545598
11547098
11547212
11550347
11552095
11553305
11556660
11559647
11562751
11562938
11564190
11565179
11567014
11570265
11570764
11573004
11574703
11574908
11576898
11577560
11582208
11583344
11584541
11587452
11587534
11587970
11588153
11588534
11589355
11591934
11592579
11599434
11601287
11601942
11605505
11605718
11608636
11612435
11612527
11612566
11616298
11617176
11617629
11618891
11618967
11620458
11621725
11623267
11626452
11628588
11628787
11629643
11633554
11633846
11637292
11639016
11639317
11641024
11642596
11643198
11647385
11648941
11651016
11653904
11657748
11659254
11662349
11663395
11665924
11666663
11669565
11670975
11674987
11677954
11682420
11683201
11684193
11685454
11685600
11687934
11689313
11697050
11702233
11704191
11704573
11707069
11710497
11711513
11713911
11715418
11716588
11719774
11720321
11723855
11726207
11728082
11729192
11730429
11731114
11732043
11733823
11734975
11735130
11735547
11735740
11737161
11738897
11738999
11739674
11740607
11740954
11742490
11746633
11747914
11748834
11749729
11752628
11756331
11762180
11766211
11768710
11770521
11774092
11774269
11776977
11777396
11779076
11781595
11784111
11787485
11787718
11788726
11790247
11790291
11796550
11796941
11797983
11799422
11800994
11806491
11807194
11811585
11814171
11815508
11816385
11816676
11818312
11819193
11821571
11825358
11827388
11828522
11832265
11832616
11833463
11835821
11839008
11839788
11840955
11842404
11844012
11844316
11845173
11845458
11846181
11848164
11848701
11851274
11855621
11857983
11858763
11861424
11869489
11869704
11871066
11873162
11873823
11874363
11876078
11876744
11879300
11879335
11879708
11882175
11882511
11882756
11889847
11894579
11895061
11896521
11896815
11897924
11899555
11899744
11900366
11902308
11904212
11905514
11905632
11913570
11915636
11917239
11919140
11924621
11925732
11927067
11928564
11928858
11935319
11936521
11938920
11940937
11945348
11947390
11947529
11949099
11950451
11952465
11957899
11965115
11966522
11967590
11969534
11971227
11974846
11975247
11977965
11978895
11981683
11981810
11985288
11985619
11988312
11988471
11991065
11993637
11994190
11996483
11996975
11999069
12000361
12001018
12001727
12003362
12003456
12003710
12006277
12006365
12008836
12010702
12012651
12014371
12015310
12018640
12025770
12026316
12029465
12030418
12031376
12032485
12034814
12035377
12041187
12044844
12048919
12049807
12050327
12053613
12053667
12054816
12055487
12062641
12066703
12073501
12074845
12077232
12078281
12080423
12087678
12089143
12089932
12090066
12091166
12091218
12094446
12094710
12095924
12096905
12098755
12103484
12104753
12104769
12104815
12107539
12107680
12109016
12110609
12112815
12114487
12122022
12122082
12123086
12124579
12128132
12128711
12129160
12129906
12134842
12137623
12142079
12142396
12143801
12144844
12148103
12148495
12149065
12149348
12149426
12150552
12155198
12155912
12157819
12158687
12159037
12160676
12161776
12163303
12167261
12168251
12168771
12170116
12172652
12177669
12177988
12178205
12179637
12180008
12184099
12188925
12192209
12193589
12195692
12197053
12197504
12198156
12199020
12200134
12200255
12200650
12201315
12201367
12205068
12210251
12210708
12212632
12212743
12214343
12214851
12216968
12220447
12222334
12222902
12223285
12224972
12228003
12230184
12230459
12233491
12235999
12240068
12241149
12241851
12241940
12243448
12246959
12247553
12247676
12248129
12250355
12252682
12257059
12257089
12259578
12265367
12272124
12273026
12274756
12279649
12281849
12295548
12297351
12297702
12298947
12299457
12300054
12304599
12308703
12315119
12317862
12319286
12319307
12320078
12320529
12321588
12324252
12326284
12328097
12328678
12329165
12329238
12329549
12329635
12329758
12331756
12331923
12332469
12332776
12333836
12334805
12337706
12339173
12339487
12340588
12341857
12342697
12344094
12345284
12346047
12346222
12346562
12349884
12350345
12350459
12351888
12353273
12354062
12357599
12357996
12358183
12358434
12358805
12359212
12359565
12360643
12361743
12361893
12363719
12364773
12366420
12367085
12369564
12369819
12371286
12371745
12374683
12376273
12378143
12378271
12379336
12384619
12385108
12393230
12394697
12395234
12396759
12398168
12398408
12399593
12400181
12400395
12400405
12401528
12402795
12403756
12406062
12406097
12408207
12411299
12412788
12414067
12414213
12419464
12426377
12429136
12430864
12432368
12432492
12433403
12434276
12440792
12440946
12442375
12444086
12444159
12444257
12445095
12445618
12448172
12452516
12454538
12455585
12456475
12456979
12459053
12461391
12461579
12462155
12468907
12479449
12480276
12480752
12481262
12482524
12485673
12486345
12487623
12493080
12498421
12499087
12501613
12505045
12505207
12506664
12509983
12512556
12513564
12514548
12515371
12517677
12518092
12518906
12520736
12521203
12523263
12523541
12525181
12525999
12526241
12527038
12527317
12528520
12529510
12531183
12531261
12532475
12533959
12536618
12536996
12539849
12540743
12541815
12543311
12544641
12546737
12549445
12550485
12556279
12556311
12561467
12561958
12562079
12562573
12562889
12562898
12563908
12568072
12572147
12577701
12578279
12580729
12582474
12582481
12582647
12585255
12587429
12588521
12591552
12592537
12593146
12594083
12596509
12598931
12600434
12603578
12604207
12604213
12607279
12611254
12612935
12615129
12616078
12616545
12618189
12618706
12623119
12624529
12625214
12625329
12625340
12626153
12630332
12634979
12635135
12635397
12637738
12637777
12640484
12641485
12641517
12651459
12652896
12654773
12656218
12657706
12660357
12660835
12662811
12670841
12671739
12673642
12673699
12684322
12684826
12686177
12687044
12689336
12693013
12693376
12697167
12699312
12699661
12701664
12702765
12703229
12703773
12703938
12704085
12704483
12707156
12711654
12712580
12713247
12714613
12716635
12716878
12718907
12720644
12727381
12728461
12731574
12732432
12732831
12735524
12736193
12737151
12739575
12739587
12743909
12745711
12746008
12748632
12749857
12759634
12760321
12765730
12771715
12772345
12775476
12775947
12779754
12784988
12785208
12786344
12786563
12786947
12787518
12791278
12797825
12799346
12799856
12801682
12802688
12804767
12807857
12810963
12811857
12816475
12818114
12819714
12821091
12822024
12822758
12824489
12824684
12827405
12828301
12828925
12831305
12832171
12833775
12836875
12837336
12838407
12840814
12841448
12841944
12844539
12845766
12845931
12846409
12848789
12849190
12850217
12850706
12852949
12856917
12857429
12858054
12861501
12862160
12863294
12864105
12864266
12869420
12870898
12873784
12875259
12878091
12878806
12879039
12879789
12880314
12881809
12883713
12883981
12885196
12886357
12888978
12889382
12889748
12890644
12891155
12892088
12901075
12901750
12903518
12904889
12905860
12905895
12910154
12910402
12910848
12911396
12911635
12913996
12918270
12921964
12925614
12925740
12926146
12927249
12930404
12930958
12939193
12939818
12939840
12939951
12943022
12943185
12944129
12944382
12948532
12948764
12950628
12954169
12956199
12960557
12965129
12969216
12971032
12971420
12972076
12972580
12973756
12974158
12976307
12976879
12980795
12983227
12984850
12985920
12986834
12989326
12990516
12992666
12996982
12997182
12998748
13000873
13002089
13003238
13004828
13006520
13008689
13010575
13014294
13015992
13018355
13019478
13019822
13022277
13022305
13025274
13025408
13026804
13032708
13032891
13033017
13035168
13035941
13041970
13043803
13046218
13046967
13047890
13048513
13048695
13057338
13058139
13061387
13062888
13064310
13066504
13067264
13077918
13078853
13079640
13080438
13081395
13088327
13088392
13089365
13090913
13090983
13091327
13093717
13096140
13099136
13099655
13100907
13102002
13104956
13108478
13109360
13114620
13116137
13116265
13116564
13120069
13122912
13126674
13126815
13129195
13129465
13131105
13132022
13132974
13134954
13136013
13141286
13144036
13144060
13144090
13146569
13147895
13149394
13150875
13151293
13151462
13152859
13155020
13155501
13155860
13156148
13157387
13158105
13158518
13160507
13160743
13161100
13161822
13162869
13167119
13167313
13167336
13171434
13171950
13173066
13173981
13174913
13181975
13182589
13185865
13185894
13186887
13187578
13189443
13189499
13191383
13192931
13193766
13194678
13195236
13195528
13195679
13197629
13198272
13200646
13201807
13202258
13203947
13204272
13206143
13208044
13209418
13210445
13213081
13214268
13214719
13216017
13218543
13218936
13219310
13219927
13226050
13228571
13229778
13229783
13234997
13235708
13236154
13242159
13242393
13242666
13245666
13246497
13247924
13250684
13252228
13252387
13254390
13254757
13254835
13254913
13255306
13257697
13260265
13263195
13263849
13263952
13265346
13265389
13266982
13268321
13270813
13270940
13273294
13275610
13275953
13276389
13277015
13277145
13278357
13282089
13284322
13285002
13287115
13289347
13290187
13290897
13291439
13291582
13295845
13297246
13298133
13299308
13299903
13299941
13300888
13301348
13301596
13301961
13310315
13311660
13311663
13313246
13313733
13315693
13320168
13322902
13325086
13330212
13331826
13331987
13333830
13335047
13341331
13341859
13342377
13342726
13347068
13348440
13348689
13353108
13356847
13356885
13361399
13362576
13363040
13363741
13363764
13368814
13369679
13373158
13374226
13374385
13381642
13381824
13382509
13382626
13384170
13387380
13390403
13392494
13393432
13394614
13394641
13395182
13397378
13399853
13403143
13404073
13408468
13409424
13410395
13416497
13421005
13421706
13422885
13425202
13427435
13434339
13434394
13435495
13445946
13446814
13447780
13453641
13460876
13461730
13462302
13463810
13468056
13472594
13474596
13476864
13477920
13483008
13484368
13484805
13487835
13488979
13489499
13490162
13490440
13490999
13497048
13497377
13498232
13499680
13500794
13501046
13502181
13503315
13504471
13504824
13505242
13506847
13510766
13512963
13513354
13513472
13513608
13515733
13518920
13528155
13528460
13528595
13531094
13534337
13537280
13538610
13539199
13542302
13543155
13543913
13544324
13544844
13545740
13548007
13549640
13550775
13552272
13554166
13556220
13556522
13557504
13562094
13562711
13562713
13565331
13565435
13566567
13569349
13570624
13571189
13574205
13578274
13583739
13583944
13585020
13586700
13588260
13589598
13589956
13592031
13594206
13600059
13605329
13606290
13608425
13608801
13612716
13613270
13616885
13618528
13619930
13621581
13623391
13623918
13627020
13627299
13629486
13630127
13630297
13632764
13633042
13635030
13635321
13635338
13635846
13636057
13636622
13636772
13638014
13638363
13643802
13649925
13651351
13652774
13652796
13653338
13653844
13657698
13659783
13663597
13666116
13667141
13668509
13669150
13671703
13672984
13673142
13674556
13675091
13680201
13681318
13681884
13684151
13684158
13685731
13686922
13687369
13691382
13692519
13693588
13694263
13696535
13699534
13702161
13703279
13703519
13707334
13708114
13708344
13710653
13710878
13712984
13716173
13716439
13717047
13717457
13718860
13720271
13723955
13727583
13728920
13730911
13734865
13735350
13736859
13739500
13740303
13740476
13741164
13743458
13743497
13750680
13753053
13753112
13754755
13754825
13756047
13758141
13758326
13759896
13760083
13761395
13762402
13766168
13766911
13769160
13770957
13780610
13784508
13784993
13786389
13788603
13791139
13793542
13794657
13796362
13796964
13797642
13804596
13808679
13809755
13811269
13813652
13828297
13829970
13832964
13834107
13840218
13841088
13846320
13847092
13847333
13849351
13851311
13852225
13853972
13854898
13855874
13857148
13863594
13869029
13869636
13874607
13876981
13877494
13880507
13881825
13887312
13887683
13888748
13888915
13889886
13890028
13892800
13893418
13894674
13895010
13896822
13897803
13898006
13898512
13899980
13901087
13902819
13905579
13906762
13907438
13909254
13910518
13910984
13911495
13912496
13914996
13915873
13917360
13923071
13923501
13924118
13925630
13926756
13928581
13931163
13933300
13934819
13935120
13936407
13936758
13938052
13939338
13939378
13941659
13943149
13946317
13946568
13947489
13947545
13949685
13952975
13957800
13960079
13962333
13965320
13966679
13967919
13967941
13968450
13968510
13969933
13970531
13971736
13972145
13974918
13978590
13979262
13979833
13982437
13982867
13987561
13987866
13988080
13992154
13994046
13995023
13995395
13995875
13996377
13998896
14000051
14002617
14005079
14005320
14015734
14015849
14016619
14019414
14020336
14020669
14022389
14022904
14023028
14023711
14024216
14026075
14027822
14028649
14030333
14031604
14032001
14032061
14033480
14035963
14036469
14038095
14038484
14041840
14042892
14046493
14047533
14049008
14052110
14052543
14053607
14054460
14055531
14056236
14057804
14059265
14059376
14060586
14062860
14065350
14068313
14068630
14068875
14069308
14074018
14074413
14074728
14075413
14076324
14079116
14080020
14083510
14084536
14090289
14092556
14092607
14093665
14098012
14098434
14103009
14103315
14103619
14104018
14104046
14108966
14110956
14113570
14116232
14118226
14119998
14121472
14121584
14121812
14122721
14123294
14123575
14124627
14124667
14131695
14132704
14133179
14134976
14135202
14135450
14136330
14136799
14138126
14142056
14143560
14144432
14145610
14151783
14153393
14153511
14158305
14158691
14159668
14160922
14165827
14169131
14169663
14173282
14174553
14177455
14177875
14181286
14182462
14184184
14186239
14189607
14193682
14196095
14197322
14197561
14198022
14201304
14201368
14206541
14207350
14208799
14209538
14209916
14210615
14214031
14216020
14221161
14222770
14227532
14227591
14227838
14228329
14230700
14232146
14232243
14233295
14236471
14236888
14240822
14244512
14249486
14249990
14250058
14251124
14251261
14251993
14252154
14255460
14257916
14259719
14261485
14264435
14265896
14266713
14266962
14267172
14268598
14269830
14278100
14279829
14286144
14289309
14292393
14294452
14295327
14295824
14298494
14304602
14305788
14307181
14307693
14308338
14311603
14312592
14312879
14317383
14319563
14321991
14322271
14322461
14322747
14327328
14328742
14333437
14335319
14338417
14344567
14348062
14352749
14353111
14358347
14366598
14366750
14368286
14370709
14371197
14372177
14374056
14375441
14377249
14379648
14380452
14383847
14384222
14386098
14386394
14386414
14391423
14392131
14393738
14399098
14400209
14400973
14403691
14404166
14408470
14409461
14409756
14417034
14418269
14418911
14419525
14422002
14427482
14431085
14433064
14435120
14436230
14437276
14438198
14438820
14440293
14443065
14443477
14449130
14452102
14455660
14456298
14458995
14460359
14462055
14466136
14466424
14470496
14470687
14473960
14476230
14478093
14480427
14482477
14484140
14487748
14488474
14491062
14492240
14493859
14494138
14494784
14495302
14495752
14497527
14497608
14497976
14498475
14505739
14511343
14513626
14513922
14514277
14514337
14514535
14515677
14515869
14517429
14520255
14520684
14521425
14522489
14525247
14526361
14533756
14535286
14535767
14538440
14539466
14539501
14540164
14540710
14543570
14545127
14549401
14551375
14551548
14554867
14557766
14561389
14562524
14563062
14565139
14565797
14568423
14568432
14568911
14571857
14572464
14573235
14575720
14576635
14577135
14578100
14579540
14581236
14586188
14592549
14593132
14596670
14597528
14598607
14601348
14602022
14603098
14604574
14604687
14607634
14607728
14608984
14609204
14612432
14612986
14614452
14615106
14615717
14619149
14623165
14623419
14625446
14629648
14631331
14631479
14633449
14633943
14639347
14639455
14644661
14648271
14648746
14649390
14649983
14651720
14652813
14653388
14654184
14654325
14655611
14660952
14667272
14667559
14667757
14669660
14671387
14674366
14674669
14676772
14676778
14677004
14677918
14679562
14686267
14686456
14688176
14688384
14690862
14691009
14695985
14696263
14696875
14699466
14699672
14703813
14706880
14707695
14707884
14710950
14719367
14722286
14723656
14724805
14725948
14726252
14729925
14731433
14733766
14734141
14735822
14736894
14737707
14738950
14740347
14742147
14742945
14744326
14744714
14744987
14748085
14748805
14749763
14754473
14761339
14761882
14761940
14763308
14763329
14764551
14765619
14768566
14770050
14770697
14770701
14771478
14777911
14778635
14779314
14785513
14791247
14793936
14796131
14799828
14801471
14801805
14804202
14806206
14809232
14811031
14812596
14812993
14813595
14814191
14817242
14817813
14820192
14834699
14835271
14838485
14841512
14843281
14845237
14846686
14847098
14848262
14850532
14855474
14855575
14857760
14857945
14857980
14859385
14861954
14862137
14863395
14863772
14863784
14866663
14866932
14870028
14871149
14872917
14873430
14874958
14876095
14877092
14877889
14878260
14879299
14884716
14885564
14890179
14890402
14891818
14894189
14897199
14898033
14904562
14905696
14907387
14907650
14910787
14912029
14914519
14914944
14916478
14916511
14918384
14920538
14920753
14921218
14924624
14925076
14925735
14926100
14931662
14935265
14942655
14945711
14946552
14947050
14951048
14951691
14952176
14952872
14956588
14956970
14957947
14959210
14959806
14964795
14969371
14971025
14974358
14975962
14976744
14977266
14977702
14984525
14984657
14984798
14988444
14989369
14989691
14989725
14990857
14993204
14994737
14998847
15000540
15001056
15001823
15004662
15005421
15006745
15008140
15010532
15011033
15011849
15017405
15018371
15020804
15021942
15022843
15023371
15023826
15028222
15033322
15035021
15038401
15042433
15042849
15043295
15045407
15050078
15050734
15052942
15054263
15054551
15056321
15057813
15058252
15059098
15059759
15060232
15060576
15061918
15064951
15066835
15067463
15069849
15070543
15073628
15080675
15085392
15085802
15087748
15090974
15091435
15095960
15098307
15098563
15105625
15109665
15111289
15112784
15119759
15121573
15121944
15122150
15122196
15124137
15127077
15127938
15130538
15132131
15132366
15133998
15134707
15137124
15137641
15138537
15147409
15148262
15148950
15149911
15153772
15154295
15154460
15155683
15158462
15158627
15159661
15159947
15163076
15163664
15164431
15168453
15168896
15169250
15171355
15172612
15173150
15173467
15173789
15175641
15175656
15181065
15181359
15184920
15185784
15186516
15188514
15194084
15194398
15194460
15195510
15198616
15200143
15206333
15207181
15215828
15217032
15217587
15218998
15220903
15221267
15223585
15223879
15225673
15226764
15227019
15227831
15228259
15233078
15233904
15235082
15241324
15242039
15242835
15244011
15244833
15245511
15245847
15245916
15253184
15253703
15255435
15256531
15256894
15257452
15257603
15257781
15258874
15259073
15260176
15265630
15267182
15269125
15272354
15276392
15280900
15281151
15281292
15286188
15286217
15287166
15287954
15288333
15289214
15290260
15291124
15293356
15296598
15297979
15301462
15302962
15304186
15306518
15306695
15310866
15312526
15314209
15314394
15314587
15315503
15315561
15317225
15325563
15326903
15330141
15335184
15335299
15335748
15337905
15338508
15340429
15342968
15343086
15349835
15352828
15356986
15359143
15360098
15363229
15365927
15366329
15366944
15368004
15368824
15369777
15371186
15371561
15372047
15373952
15374244
15376755
15381162
15381817
15387829
15389773
15395869
15396315
15396419
15397960
15398354
15398378
15402000
15403338
15403440
15409439
15409441
15410482
15411329
15420135
15426208
15434644
15435031
15435913
15436612
15436623
15436816
15437278
15441613
15442568
15442875
15442911
15445200
15447579
15457109
15460760
15462922
15463898
15466093
15467681
15468539
15471644
15474001
15476023
15477033
15477376
15480128
15481104
15481954
15483341
15486504
15490911
15492918
15497764
15500870
15504609
15505956
15506181
15506854
15508375
15509449
15514486
15519414
15523387
15524073
15524836
15526434
15527228
15527489
15530142
15530213
15532538
15534800
15539066
15543087
15546474
15546536
15550510
15555332
15555336
15559936
15560722
15561830
15566661
15567853
15570193
15571560
15574835
15575797
15584739
15587098
15590572
15590573
15591977
15596147
15597580
15597809
15599246
15600007
15600847
15600938
15601323
15604093
15605895
15608326
15609672
15609685
15611948
15613258
15614652
15616794
15620413
15622641
15622727
15622741
15624520
15628279
15639367
15645536
15650587
15652492
15655248
15655337
15655906
15656214
15656788
15657079
15660252
15663968
15666131
15669562
15674088
15674699
15675402
15675569
15676460
15676913
15682024
15682245
15683856
15685125
15687212
15687782
15688827
15690066
15690985
15693986
15696575
15696812
15701941
15702866
15704574
15706429
15709091
15710231
15710720
15711903
15711954
15718613
15720652
15720870
15723266
15724763
15725136
15725160
15725435
15728704
15734943
15743199
15743899
15747747
15748961
15749854
15753227
15753733
15755703
15757484
15760658
15761206
15765171
15765881
15766603
15769012
15770083
15770220
15772341
15774272
15775668
15778255
15778868
15779130
15780471
15781671
15782674
15783534
15785033
15789522
15789584
15789740
15793429
15793641
15796142
15798979
15801680
15802606
15804141
15804537
15808204
15808446
15810687
15810709
15811026
15811732
15812755
15813879
15817595
15817792
15818014
15822715
15824761
15825554
15829487
15830196
15832883
15836176
15838162
15840270
15841352
15846274
15849345
15849615
15849773
15852264
15853722
15853793
15854255
15854436
15856736
15858527
15859471
15860241
15861356
15861919
15862225
15862351
15863694
15863774
15865929
15868266
15870871
15871570
15873746
15873804
15875344
15875453
15876230
15878743
15882768
15883654
15884408
15887957
15890155
15892476
15892635
15895432
15898575
15899147
15899543
15900646
15904972
15905426
15906530
15907780
15918404
15921134
15921167
15923994
15924333
15924606
15924772
15925043
15925499
15928536
15931403
15932808
15934911
15939963
15940867
15942711
15945341
15947153
15947562
15947882
15949186
15950001
15950931
15951287
15952017
15952148
15954703
15954759
15956826
15957621
15957784
15963094
15965921
15968808
15968869
15970195
15970434
15970505
15970772
15970877
15971262
15971583
15972732
15973253
15982546
15983787
15985006
15985176
15987521
15990136
15990647
15991908
15992810
15995990
15999556
16001274
16006465
16007506
16010322
16010709
16012109
16012186
16012481
16018283
16020231
16021321
16023573
16025621
16026642
16030050
16031665
16036507
16039697
16044993
16046992
16049396
16049462
16051578
16052982
16054933
16057749
16060485
16063160
16065031
16069048
16071207
16071435
16073568
16076128
16077315
16079743
16081564
16082202
16084480
16086957
16090923
16093239
16095480
16103263
16104402
16104665
16105088
16105755
16108967
16109928
16110230
16110323
16113546
16114273
16114529
16114934
16117471
16118155
16118488
16120355
16121743
16122616
16127065
16127665
16127771
16128915
16128936
16131102
16132648
16142805
16144316
16147512
16148115
16149807
16150559
16151650
16152082
16152587
16154805
16154825
16155781
16156031
16157521
16157985
16159309
16160412
16162267
16163478
16163645
16165836
16173128
16175103
16179429
16181850
16183107
16184068
16184189
16187529
16188837
16190281
16196372
16199244
16199814
16200498
16201249
16203686
16203886
16204120
16206293
16206340
16206786
16207361
16213194
16213631
16213710
16215509
16216517
16218540
16219590
16219797
16223027
16226274
16227323
16229663
16230140
16230141
16231189
16231677
16233098
16233795
16233934
16239830
16241244
16242974
16246658
16253882
16255700
16257631
16266578
16268281
16269040
16270373
16270417
16272383
16274865
16276434
16282176
16285412
16285500
16286917
16290591
16291885
16292295
16295284
16299363
16299635
16300912
16301721
16303504
16304702
16310812
16314089
16315568
16317821
16318895
16319025
16320894
16322710
16322818
16322911
16324595
16326471
16328298
16328907
16329242
16330450
16336836
16337421
16338155
16338678
16338888
16340092
16340966
16341656
16345148
16346055
16346835
16347699
16351990
16355318
16355345
16356880
16358292
16358303
16360741
16363579
16365847
16367786
16369663
16369928
16371622
16372503
16373073
16373255
16377354
16381844
16382181
16387379
16388809
16389442
16389499
16393132
16393344
16394334
16395954
16399547
16399679
16401695
16404740
16404907
16406016
16408207
16408617
16419696
16420778
16422997
16424400
16427726
16429332
16430406
16431349
16431602
16432418
16433608
16434566
16436405
16438171
16440805
16441899
16447915
16448415
16449971
16451551
16451801
16452229
16452460
16453353
16457458
16457846
16459823
16459967
16460615
16462365
16462596
16462608
16464021
16465560
16465807
16465961
16468619
16470931
16472659
16473584
16480397
16487101
16492357
16495005
16499167
16499898
16501540
16503393
16504558
16505601
16508327
16510123
16510503
16510711
16511796
16514659
16515341
16519127
16520648
16520689
16524237
16526097
16528494
16529366
16533815
16535026
16535250
16535294
16535772
16536035
16537770
16537987
16538576
16546170
16548717
16549236
16555444
16558594
16558720
16565633
16566154
16566414
16567798
16567854
16569413
16572477
16574138
16574774
16578195
16578568
16580965
16582154
16583863
16586187
16587978
16588873
16589908
16591867
16592346
16595898
16597859
16598769
16600901
16602253
16602874
16602941
16603378
16603431
16606112
16606871
16609662
16610500
16610678
16612644
16616247
16617170
16619947
16620082
16621913
16624334
16624639
16624980
16626237
16633690
16635441
16636575
16637450
16640006
16642244
16645737
16646608
16648376
16652489
16660199
16660654
16661626
16664173
16667864
16668479
16671560
16672798
16675036
16675292
16675643
16676251
16677120
16678173
16678532
16679147
16679792
16679982
16680364
16684778
16686236
16686519
16687334
16689498
16689934
16690888
16693729
16693744
16696351
16700127
16702234
16702930
16704725
16706392
16708876
16710384
16710396
16711670
16712135
16713311
16722882
16723511
16724795
16728771
16735828
16737585
16737921
16739789
16742017
16743548
16744510
16744743
16747224
16747647
16748517
16749240
16754825
16755407
16755549
16757063
16757614
16757834
16764916
16765247
16769752
16770622
16771789
16773646
16776786
16777026
16778181
16781027
16781105
16781668
16781786
16783364
16783974
16785254
16787176
16787361
16791725
16794314
16795061
16796327
16798381
16800225
16800299
16801194
16801670
16801877
16803697
16804684
16805337
16807765
16808440
16811413
16814145
16819441
16819839
16823519
16829640
16829927
16834048
16836157
16839945
16842535
16843674
16844755
16844986
16847351
16850937
16851308
16854328
16854531
16856300
16860840
16863145
16867581
16868086
16868809
16869397
16871441
16871806
16872127
16879291
16881258
16883492
16889544
16889662
16891961
16892643
16893650
16895028
16895666
16898332
16900430
16904553
16905792
16908848
16908923
16909229
16910579
16911049
16913163
16913273
16913617
16914660
16914960
16915670
16918737
16923773
16924677
16924821
16925942
16926049
16926343
16926923
16927235
16928559
16932125
16933009
16935606
16938934
16939603
16940773
16940906
16947046
16947278
16950669
16953692
16954258
16959440
16962426
16962604
16963701
16966002
16967363
16967643
16969216
16969723
16973320
16975602
16976101
16978954
16979175
16981077
16982561
16983502
16983718
16985435
16987948
16993617
16995377
16995418
16998533
17003517
17005274
17005278
17007965
17008464
17008672
17010432
17011340
17013250
17015603
17015965
17017806
17019391
17022975
17025156
17028478
17043095
17043809
17044085
17047103
17048367
17048540
17062033
17064041
17066269
17066591
17066879
17070148
17072141
17074359
17074604
17076522
17078833
17079911
17080312
17082123
17083033
17084087
17085479
17085911
17087582
17087789
17089639
17089792
17091086
17093338
17094452
17096772
17097528
17100717
17102186
17102369
17103037
17106584
17107140
17107333
17107846
17109633
17112055
17113735
17114106
17114314
17116334
17119838
17121024
17121830
17123528
17125141
17127657
17130530
17131445
17134502
17135761
17136593
17137099
17138249
17138704
17140239
17145929
17147654
17148816
17149652
17151919
17154662
17154951
17156200
17157322
17158787
17159872
17161956
17162927
17165590
17170765
17170846
17174741
17180734
17180954
17183780
17185619
17191231
17194077
17196265
17197860
17197940
17200528
17201742
17202273
17202588
17203249
17203449
17205580
17205763
17209066
17215425
17215950
17219624
17219648
17219941
17220975
17221402
17221637
17223219
17223407
17223521
17224156
17225899
17231820
17234168
17234420
17234515
17235978
17236207
17236716
17239176
17246360
17250152
17253795
17256936
17259623
17260110
17260403
17260506
17261208
17262943
17266435
17266748
17269319
17278454
17281059
17283157
17285404
17287498
17290492
17293219
17298234
17298738
17299142
17299900
17306890
17307176
17308560
17311790
17312197
17314621
17314880
17317740
17321727
17324420
17326077
17327948
17329116
17329394
17330638
17331726
17332507
17333571
17335192
17335688
17336302
17336534
17337861
17341852
17342925
17346014
17349994
17351841
17352102
17352470
17355727
17356134
17356164
17356752
17360402
17362475
17367177
17367879
17369164
17374631
17375007
17376764
17378375
17378976
17386994
17391326
17392247
17392674
17393152
17394384
17395482
17397539
17399855
17400023
17402651
17403495
17404649
17405353
17405891
17407271
17407399
17407520
17407967
17410090
17410733
17410890
17411185
17411281
17412801
17413675
17414410
17417042
17418383
17418496
17421103
17421631
17422062
17423355
17423865
17427499
17430221
17431265
17431510
17433040
17434885
17437234
17441608
17442205
17443284
17446836
17450241
17451769
17452186
17457162
17458200
17459095
17459688
17466056
17466344
17469364
17473350
17475350
17476865
17480221
17481735
17482271
17482833
17485391
17487866
17490092
17493840
17495337
17497121
17497135
17499262
17503693
17506754
17509767
17510004
17510859
17510977
17517466
17517642
17518596
17519560
17522862
17524669
17524870
17533536
17533581
17534184
17534738
17534874
17536849
17537867
17539797
17551708
17553383
17554515
17558671
17560772
17561213
17562206
17562754
17563012
17563796
17563817
17569491
17570144
17570852
17571693
17573613
17574082
17574165
17574352
17575932
17578473
17579169
17579967
17580599
17581082
17581251
17581514
17582121
17584272
17587317
17587785
17588459
17588737
17589117
17596292
17603510
17605203
17605398
17606412
17606689
17607502
17609246
17610293
17610628
17616858
17617242
17618668
17619450
17620212
17621007
17621451
17621969
17622362
17623394
17627349
17629572
17636582
17637097
17637215
17638099
17638219
17638766
17639009
17639776
17640076
17642621
17643368
17647610
17651084
17651300
17651503
17654022
17654172
17654795
17655371
17656057
17657406
17657528
17658925
17660125
17661511
17663091
17665604
17667434
17668784
17669441
17669585
17680141
17684084
17686607
17686695
17686877
17690287
17690904
17690985
17692252
17694917
17697231
17697705
17700423
17706276
17707830
17711125
17711679
17712004
17712277
17713754
17715493
17715842
17717288
17718785
17719340
17720449
17723734
17724447
17724853
17726399
17729331
17729912
17733949
17739825
17741774
17743733
17745388
17746277
17746452
17746541
17749231
17750314
17751435
17752411
17752613
17757151
17758494
17759273
17759544
17762346
17764015
17764305
17765982
17770006
17771054
17772006
17775679
17777895
17779193
17781982
17788438
17788847
17790518
17794022
17794774
17796580
17798781
17799731
17800406
17800486
17804687
17805646
17808839
17808867
17809663
17809969
17811771
17816728
17817729
17819515
17819895
17826549
17827674
17829178
17830380
17831262
17833258
17835177
17835319
17835464
17836932
17841356
17843622
17844947
17845742
17848029
17848337
17854812
17855733
17861769
17862950
17863645
17866278
17867106
17867194
17867930
17872725
17872925
17876695
17880299
17880362
17881929
17882298
17882650
17882917
17883491
17883537
17886588
17887827
17888017
17889114
17891567
17891992
17895320
17899804
17901208
17903173
17909170
17914220
17914826
17920985
17923102
17928439
17935461
17936996
17938231
17940938
17941691
17942823
17943125
17944544
17947341
17949126
17954733
17957814
17959230
17961236
17962364
17962946
17963134
17964748
17968250
17971487
17972855
17973066
17973626
17974226
17974996
17979637
17980419
17983949
17986648
17987573
17988656
17989320
17992589
17993137
17993184
17993375
17993456
17993668
17996090
17996294
17997507
17997697
17998140
17999591
18000243
18000893
18007182
18010006
18010653
18016126
18018242
18019335
18023124
18026777
18029959
18031063
18032394
18034321
18037622
18037800
18041400
18041821
18042021
18045707
18047049
18048047
18050448
18050815
18053470
18058003
18060708
18061916
18064265
18065217
18067305
18068438
18069201
18069573
18071299
18073335
18075524
18079127
18084016
18089347
18092143
18092290
18094503
18096041
18096680
18101295
18105927
18106282
18109979
18111477
18112492
18113766
18115486
18115942
18117094
18117829
18118278
18122651
18122722
18123837
18124346
18126897
18129641
18130733
18130933
18135712
18136315
18137235
18139643
18140977
18144269
18145270
18146334
18147299
18147621
18149368
18149369
18150412
18153636
18156969
18158734
18173427
18175857
18176742
18177568
18178038
18181049
18181123
18187107
18188554
18189377
18192586
18192776
18193117
18195388
18202730
18207643
18210436
18217406
18219060
18219428
18220565
18220783
18221387
18221677
18222890
18225073
18227482
18231980
18235035
18236673
18237064
18237211
18239017
18241423
18242833
18246999
18250027
18251070
18254190
18254971
18257145
18259475
18260709
18261909
18263226
18263256
18264609
18266751
18268331
18275919
18276798
18279966
18280114
18280876
18281443
18283362
18283842
18285388
18286674
18289416
18293504
18294102
18295956
18296815
18297802
18298445
18300498
18300839
18300877
18301221
18301275
18302840
18308521
18308736
18309308
18309483
18310411
18312284
18315049
18315588
18317892
18323266
18323560
18325354
18326425
18326698
18333030
18333632
18335420
18339161
18339471
18340193
18340604
18340932
18342681
18346406
18347888
18352832
18352926
18353051
18356434
18357680
18358234
18358945
18361831
18368284
18370743
18371958
18372730
18373291
18374193
18378229
18378593
18379991
18380622
18389079
18390102
18390447
18390731
18390815
18391587
18392718
18396209
18397195
18397233
18401354
18404619
18406582
18409095
18410390
18414137
18416482
18417384
18418506
18420795
18421972
18423452
18424058
18425884
18427111
18427660
18428423
18430120
18431606
18431899
18437397
18441849
18442367
18442845
18443690
18443922
18445780
18448203
18449302
18449592
18449593
18451008
18452555
18454458
18455461
18456880
18457791
18458162
18458328
18459113
18465453
18465699
18466938
18467624
18467934
18468160
18468162
18469236
18474215
18477198
18477265
18477288
18477758
18478618
18480819
18483628
18488378
18490404
18491214
18493468
18494957
18495373
18496077
18498119
18498277
18498744
18502648
18504286
18504514
18510429
18511604
18517067
18520787
18522184
18522341
18522907
18527536
18527649
18527919
18528355
18529868
18532604
18532682
18533964
18536106
18536223
18536697
18537201
18538261
18541137
18544317
18545188
18548553
18551019
18551562
18552900
18553083
18557282
18564633
18566763
18567913
18572514
18576328
18576551
18576719
18580398
18580581
18581608
18582534
18582946
18584363
