108505
109297
109516
109675
112597
113398
114293
115162
115306
115402
116271
116860
117174
117489
117637
117862
119669
120201
120763
121671
121974
122023
123422
124049
124141
124195
125177
126573
126834
127079
127391
127674
127718
127815
127828
127934
127965
128445
128535
128734
128913
129221
129344
129823
129951
130076
130135
130342
130452
130927
131178
131237
131314
131950
132096
132290
132343
133843
134076
134103
134162
134236
134505
134685
134786
135201
135248
135315
135701
135747
136462
136573
136866
137535
138772
140321
140512
140717
142261
142464
142526
142533
142649
142899
142961
143090
146454
147648
149236
150254
150831
150900
151165
151202
151916
152025
153327
155431
158744
202226
202425
203149
203354
203697
204515
204783
205150
205245
206117
206176
206287
206325
206845
206848
206876
207277
207656
207732
208128
208672
208913
208934
209838
210931
211165
211530
211613
211686
212664
212945
213163
214466
214726
217019
218781
218983
221291
227190
227759
293204
296079
301721
304434
305607
305683
305913
306656
307075
307122
307125
307383
308232
308347
308810
309820
310519
310625
310796
311273
311419
311802
312797
312830
313305
313432
313514
313847
314174
314777
314914
315097
315269
315328
315346
316569
316769
317172
317240
318112
318434
319193
319393
319466
320293
320563
320798
321146
321446
321448
436789
438126
439778
441081
441731
441902
443556
444204
447878
449397
450017
451982
452387
452528
452650
453023
453263
453280
453471
453956
454673
454824
455109
455148
455290
455669
455872
456179
456442
456472
457003
457093
457145
457369
457519
458382
458501
459280
459323
459366
460218
460463
460886
460971
461590
461845
461887
461913
462430
462997
463107
463219
463261
463315
463579
463725
464251
464527
464790
464910
465162
465348
465407
466512
466523
467794
468215
469078
469278
469769
469793
470620
470958
471337
472403
473043
473248
473774
473867
474177
475548
476863
476935
477494
478349
478991
479610
479808
480205
480548
481132
482770
482843
482946
484107
494338
498428
498916
499746
499751
499765
499914
500060
500244
500260
500298
501039
501497
501617
502007
502017
502088
502249
502367
502872
503333
503605
503817
503965
504209
504256
504264
505208
506456
506769
507287
507916
507954
508080
508243
508269
509286
509647
509803
510413
510518
511480
512659
512770
512876
514578
515089
515319
515776
515906
516189
516226
516647
517595
553805
554255
554456
554566
554612
555662
555989
556003
556125
556237
556710
557089
557428
557744
558041
558121
558629
558714
559101
559176
559339
559683
559957
560290
560568
560849
560893
561458
561468
561972
562169
563474
563522
563685
563913
563936
564010
564687
564849
564989
565092
565494
565550
565598
565664
565682
565803
566228
566287
566396
566400
566665
568422
569132
571093
572579
573831
574125
575315
575579
575785
577031
577742
578609
579187
579568
580892
647591
647691
647761
647881
647935
647961
648452
648559
648563
649917
650278
650316
650354
650501
651241
651791
652208
652587
652626
652858
653523
653792
653972
654139
654148
654407
655275
655278
655316
655521
655983
656168
656274
656640
657100
657134
657981
812364
813434
813541
813864
814107
814456
814874
814967
815073
815089
816452
817256
817841
818105
818402
818626
818888
818911
818980
819750
820334
820485
820615
820815
820944
821194
821576
821675
822453
822509
822587
822597
823189
824141
824201
824256
824352
825243
825409
825689
826447
826766
826922
827753
828234
828723
828776
855527
855698
855946
856276
856499
857124
857140
857472
858186
858582
859019
859473
859547
860548
861041
861835
862053
863612
865203
894415
894807
895036
895166
895235
895635
895953
895973
896450
896744
896777
896841
896929
896987
897104
897172
897188
897345
897926
898089
898455
898490
898754
899549
899716
899980
900477
900631
900845
901193
901328
901361
901413
901551
901632
901698
901762
901797
902080
902254
902472
902502
903157
903732
904115
904222
904317
904377
905292
905317
905593
905677
906037
906074
906522
906678
906949
907222
907326
907349
907531
907642
907833
908035
908101
908399
908562
908881
908967
909019
909726
909845
910104
910188
910222
910255
910365
910746
910843
911022
911218
1000826
1013776
1046418
1046778
1049886
1050891
1050936
1051059
1053624
1054577
1068981
1232762
1232807
1232837
1233146
1233288
1233698
1234428
1234599
1234886
1234919
1235836
1235902
1236372
1236609
1236663
1236867
1236988
1237269
1237767
1238127
1239063
1239545
1239679
1239943
1240137
1240137
1240258
1240428
1240884
1241066
1241733
1241763
1241896
1242065
1242111
1242809
1242863
1243038
1243121
1243312
1243575
1243595
1243744
1244388
1278984
1279450
1279561
1279692
1280310
1280381
1280853
1281056
1281171
1281794
1282282
1283065
1283410
1284261
1285519
1285852
1286057
1286477
1286733
1286995
1287263
1287952
1289208
1289218
1289399
1289496
1290017
1290206
1290788
1291126
1291202
1291712
1291845
1292081
1292450
1292738
1293595
1293653
1294136
1294250
1295360
1295588
1296073
1296263
1297010
1297017
1297208
1297458
1298676
1299034
1299217
1299418
1300244
1301203
1301418
1302413
1302461
1302584
1303308
1303635
1303814
1303880
1304374
1304659
1304715
1304768
1305052
1305298
1305381
1305487
1305678
1305961
1306604
1307204
1307363
1310718
1312781
1312940
1316097
1316390
1318213
1321877
1322412
1323017
1323882
1323991
1368935
1369004
1369690
1371889
1372029
1372688
1372896
1373771
1373910
1374151
1375647
1376315
1376838
1377250
1378208
1379444
1382620
1383523
1384319
1384941
1385426
1385855
1387070
1387277
1404125
1405883
1407277
1407690
1412603
1415441
1417218
1417310
1417412
1417557
1417613
1418811
1419289
1419881
1420033
1420052
1420082
1420430
1420639
1420876
1421121
1421187
1421396
1421736
1421737
1421741
1421746
1421840
1421897
1422092
1422500
1422628
1422707
1422727
1422992
1423874
1423970
1424525
1424863
1425099
1425113
1425188
1425229
1425307
1425362
1425448
1425485
1425503
1425571
1425688
1425792
1425972
1426163
1426286
1426290
1426397
1426916
1426983
1427356
1431328
1437383
1440824
1455519
1457091
1461308
1461413
1462288
1462847
1463771
1465679
1466206
1467785
1467793
1468109
1468116
1468473
1468582
1470182
1470717
1471467
1471761
1472334
1472999
1473120
1473795
1474858
1475622
1475678
1476264
1477123
1478259
1478387
1478646
1478793
1479358
1479363
1479863
1480185
1480215
1480859
1481122
1481376
1482109
1482628
1482787
1482959
1482978
1483343
1483822
1485580
1485880
1486600
1487222
1487464
1487883
1488424
1488513
1488564
1628735
1632074
1632639
1633760
1678040
1678040
1678811
1680244
1680521
1680664
1680686
1680948
1681804
1681938
1682251
1682477
1682680
1682710
1682739
1682858
1683761
1683848
1683870
1683955
1684090
1684690
1685691
1685862
1686471
1686878
1687020
1687146
1687274
1687452
1687567
1688184
1688377
1688667
1689178
1690041
1691198
1692033
1692462
1693033
1693038
1693358
1693388
1693755
1735331
1750376
1750603
1752641
1754676
1755268
1757687
1760514
1761823
1764350
1764565
1765140
1765444
1765457
1765853
1803881
1805545
1807906
1808000
1808417
1809559
1809913
1810510
1810676
1812579
1812996
1814010
1879101
1880965
1881265
1881907
1882668
1883365
1883546
1883747
1884644
1885689
1886127
1886735
1887199
1888035
1888375
1891345
1892373
1892814
1892892
1893821
1897689
1907027
1907119
1907703
1908054
1908368
1908544
1908742
1910127
1910373
1910733
1910780
1911108
1911812
1912542
1912815
1913253
1913728
1913925
1914105
1915220
1916338
1917982
1918064
1918694
1919605
1920419
1920481
1921097
1939369
1939774
1939910
1940869
1941519
1941794
1942233
1942498
1942804
1945081
1945223
1945865
1946154
1947013
1948212
1950303
1953462
1955183
1955316
1956452
1956554
1957020
1957101
1957419
1957686
1958071
1958425
1978471
1980118
1980448
1981553
1983736
1985332
1985760
1985976
1987868
1988538
1989488
1990103
1990694
1991101
1991635
1993514
2040912
2042023
2042752
2042776
2045100
2046128
2046439
2047058
2047688
2047795
2048268
2048300
2048371
2049319
2049429
2053789
2054564
2054566
2054665
2082759
2084720
2086012
2122965
2136083
2140140
2140153
2141694
2142807
2143602
2145116
2148342
2149324
2149710
2149955
2150013
2150082
2150240
2150629
2151112
2151191
2151302
2151624
2152248
2152281
2152532
2152592
2152623
2153179
2153420
2153537
2153819
2153975
2153985
2154694
2154784
2155349
2155422
2155895
2155945
2156024
2156158
2156335
2156821
2157392
2157687
2157718
2157855
2158503
2158507
2158989
2159045
2159685
2160269
2160629
2160703
2161471
2161936
2161941
2162462
2163269
2163561
2163778
2163916
2163965
2164086
2164099
2164816
2165593
2165670
2165896
2166263
2166405
2167356
2167478
2167617
2168343
2168558
2169290
2169320
2169418
2169473
2170000
2170665
2171264
2171929
2172326
2173083
2173889
2174509
2174532
2174708
2175164
2175941
2179078
2180899
2199881
2199933
2200285
2201750
2203235
2204719
2207066
2207166
2208385
2208413
2209604
2228217
2228235
2228530
2228621
2228638
2229079
2229175
2229702
2231636
2233043
2235154
2236653
2236736
2238325
2240259
2242051
2242173
2243119
2260811
2261287
2263373
2264497
2267089
2268256
2269344
2291774
2293510
2293889
2294152
2294244
2294246
2294725
2294800
2294994
2295805
2296083
2296225
2296563
2296927
2297899
2298603
2298696
2298783
2298797
2298929
2298966
2299314
2299443
2299634
2300434
2300674
2300789
2301133
2301275
2301466
2301595
2301601
2301741
2301783
2301998
2302310
2302531
2302721
2302961
2303420
2303579
2303798
2303894
2304254
2304381
2304966
2305032
2305561
2305767
2305820
2305867
2305905
2306454
2306480
2306719
2306904
2307143
2307154
2307262
2307436
2307654
2307955
2307975
2308124
2308201
2308216
2309294
2309528
2309653
2310415
2310593
2310795
2310962
2311305
2327215
2327522
2327525
2327535
2327724
2327818
2328181
2328259
2328699
2328963
2329455
2329622
2329941
2330028
2330739
2330816
2330991
2331085
2331311
2331385
2331406
2331479
2332537
2332779
2333934
2334069
2334359
2334927
2335004
2335687
2336035
2336067
2336835
2337059
2337099
2337153
2337615
2337659
2337720
2337761
2338160
2338183
2338381
2338482
2338518
2338985
2339060
2339434
2339579
2339716
2339754
2339858
2340742
2340770
2340865
2341064
2341103
2341221
2341514
2341944
2342162
2342402
2342527
2342579
2342697
2343047
2343858
2345743
2345857
2345985
2346031
2346131
2346769
2346921
2347006
2347123
2347472
2347492
2347642
2348003
2348253
2348901
2350027
2350220
2350942
2351480
2351707
2352368
2352380
2352727
2352738
2352838
2353160
2353403
2353670
2354056
2354746
2354899
2355089
2355385
2355595
2355731
2355748
2356796
2356827
2357222
2357571
2357925
2357935
2357941
2357971
2358590
2358919
2359241
2359415
2359451
2359465
2359564
2359934
2360554
2360749
2360783
2361537
2361543
2361556
2361807
2362036
2362201
2362714
2363250
2363324
2375039
2379884
2382456
2385556
2388751
2390472
2390867
2418841
2424525
2424829
2425035
2425283
2425483
2426642
2426977
2427021
2427163
2427514
2427765
2427974
2428789
2429016
2429319
2429599
2429946
2430263
2430397
2430420
2430513
2430826
2431021
2431797
2431995
2432264
2432999
2433130
2433249
2433383
2433528
2433546
2433687
2433853
2434565
2434730
2434850
2434947
2435082
2435162
2435719
2436626
2436722
2436731
2436823
2437295
2437338
2437401
2437826
2438526
2438643
2438933
2439204
2439448
2439462
2461889
2465794
2471428
2501288
2503891
2506072
2509504
2512340
2516284
2516639
2517203
2517791
2517961
2518188
2518420
2519627
2520427
2520463
2520533
2521516
2521599
2521970
2522242
2523006
2523795
2524631
2527206
2558165
2620812
2620860
2621442
2621466
2622384
2623242
2623335
2623931
2624008
2624219
2624251
2624324
2624379
2625014
2625218
2625264
2625405
2625535
2625585
2626373
2626583
2626614
2626708
2627043
2627064
2627567
2628100
2628885
2629118
2629497
2629863
2630263
2630530
2630895
2630911
2631329
2668420
2668975
2669031
2669288
2669379
2669639
2669867
2670404
2670503
2671351
2671387
2671534
2671567
2671985
2672214
2672851
2674255
2674436
2674499
2674621
2674866
2674890
2675058
2675090
2675151
2675208
2675261
2675809
2676026
2676031
2676040
2676329
2676514
2676542
2676672
2676827
2676909
2677276
2677990
2678169
2678264
2678279
2678463
2678649
2679048
2679458
2679576
2679762
2679856
2703145
2710464
2711799
2711827
2712120
2712322
2712676
2713072
2713078
2713197
2713403
2714135
2714195
2714268
2714323
2714538
2714888
2714961
2715162
2715354
2715538
2715949
2716401
2716563
2716638
2716853
2717131
2717604
2717738
2717791
2717854
2717909
2718277
2719133
2719215
2719238
2719472
2719939
2720904
2721027
2721251
2721271
2721463
2722284
2722310
2722516
2722895
2723286
2723394
2723404
2723464
2723977
2724177
2724525
2724876
2724936
2725021
2725432
2725516
2725580
2725589
2725778
2725860
2726037
2726292
2726685
2727091
2727477
2727541
2727625
2727912
2728015
2922477
2923616
2923795
2927002
2927502
2927549
2933753
2934245
2934324
2937252
2940549
2942435
2942625
2942791
2942949
2943249
2943645
2945275
2945559
2945909
2946045
2946078
2946117
2946354
2946914
2947358
2947366
2947773
2948875
2949578
2949594
2950193
2950256
2950361
2951898
2952119
2952280
2952502
2952716
2953421
2954445
2954551
2954808
2954995
2955352
2955424
2957542
2957572
2957736
2958090
2958117
2958257
2958869
2959099
2959157
2959281
2959612
2959779
2960273
2961060
2961419
2962435
2962452
2962721
2962995
2963363
2963867
2964094
2964911
2965791
2966773
2967027
2967446
2967749
2968536
2968769
2969136
2969183
2969408
2970146
2970837
2970886
2970994
2971180
2971447
2971717
2971805
2972567
2972615
2972944
2973579
2973881
2974038
2974928
2976382
2976396
2976437
2976630
2977274
2977302
2977373
2977490
2977600
2978075
2978227
2978866
2980223
2980231
2980602
2980947
2981031
2981182
2981255
2981583
2981603
2981633
2981697
2982510
2982620
2983086
2983094
2983237
2983310
2983446
2983652
2983928
2984130
2984648
2984784
2985318
2985786
2985905
2986519
2987305
2987703
2988178
2988539
2988612
2988902
2988925
2989000
2989322
2989488
2989724
2990138
2990942
2991334
2991419
2991515
2991854
2991897
2991946
2991969
2992181
2992534
3024015
3024591
3025783
3026017
3026282
3026765
3027664
3027674
3028963
3029440
3029804
3030478
3030732
3030755
3031060
3031535
3032019
3033545
3034151
3034393
3035108
3035152
3035421
3037180
3037459
3038247
3038572
3038618
3039589
3080734
3099496
3101104
3102310
3104518
3107199
3110219
3113702
3115594
3117437
3144057
3144212
3151081
3152496
3152617
3154117
3158419
3160919
3198023
3200876
3201239
3202512
3205947
3208315
3209221
3209753
3210622
3211038
3211565
3214472
3216718
3217743
3218645
3220846
3223286
3225399
3291657
3293113
3294400
3294547
3296001
3296864
3297051
3297123
3299559
3300224
3301227
3301517
3301550
3301655
3302623
3302780
3302958
3303053
3303679
3303708
3304864
3305699
3305837
3306845
3368728
3368825
3368840
3369153
3369442
3369876
3370110
3370455
3370942
3370986
3371063
3371545
3371760
3371817
3371845
3372376
3372707
3372972
3373336
3373337
3373635
3373918
3374228
3374452
3374459
3374584
3374617
3374741
3375327
3375579
3376088
3376119
3376147
3376202
3376391
3377115
3377124
3377832
3377837
3378224
3378657
3378791
3378871
3379160
3379464
3380133
3380207
3413140
3413822
3413854
3414050
3414182
3416018
3416514
3418353
3455556
3456184
3456607
3457114
3457604
3457668
3457687
3457768
3458312
3458415
3458614
3459885
3460171
3460305
3460365
3460471
3460632
3460689
3461329
3461376
3462815
3463368
3464206
3464738
3465250
3465265
3465844
3465911
3465933
3466364
3466524
3467035
3467098
3467262
3467270
3665172
3674756
3675211
3733834
3733962
3733993
3734126
3734337
3734374
3734515
3734579
3734976
3735115
3735139
3735162
3735381
3735445
3735560
3735761
3735949
3735984
3736072
3736166
3736245
3736401
3736536
3736855
3736964
3737021
3737310
3738564
3738631
3738864
3739008
3739320
3739431
3739658
3740428
3740471
3740752
3741178
3741237
3741448
3741500
3741532
3741581
3742402
3742523
3742639
3743656
3743715
3743987
3744119
3744249
3744290
3744678
3744813
3745190
3745624
3745772
3745815
3746167
3746168
3746255
3746356
3746934
3746962
3746987
3747286
3747349
3747375
3747445
3747468
3747469
3747512
3747744
3747855
3748148
3748184
3748887
3748926
3749400
3749974
3750148
3750967
3751044
3751455
3751896
3751982
3805052
3834389
3834517
3835404
3835788
3835831
3835870
3835907
3836038
3837007
3837310
3837760
3838146
3838665
3838677
3839018
3839646
3840037
3840147
3840869
3842630
3843066
3843300
3843739
3844055
3844385
3844484
3844891
3846194
3859855
3860563
3861351
3861558
3861688
3861828
3861868
3862365
3863054
3863301
3863506
3863901
3863967
3863990
3864577
3865191
3865234
3865837
3866840
3866875
3867270
3868148
3868274
3868339
3868615
3868803
3869111
3869942
3871080
3871198
3871220
3871351
3871764
3872070
3872128
3872135
3872136
3872396
3872437
3872485
3873125
3873344
3873348
3873651
3873720
3873804
3873973
3875097
3875456
3875484
3875493
3875624
3876152
3876556
3876674
3876904
3876907
3877303
3877340
3877967
3878065
3878458
3878629
3897480
3897632
3897734
3897736
3897809
3897975
3898085
3898463
3899463
3899641
3899861
3899908
3899948
3899953
3900037
3900262
3901028
3901372
3902171
3902210
3902483
3902851
3903257
3903451
3903531
3904086
3904152
3904780
3904851
3905012
3905250
3905358
3905791
3905799
3906118
3906286
3906601
3906914
3907119
3907240
3907373
3907392
3907506
3907644
3907848
3908139
3908532
3908639
3908703
3909144
3909438
3909916
3910135
3910144
3910267
3910884
3911050
3911221
3912051
3912324
3932385
3932441
3933053
3933180
3933308
3933813
3934165
3935135
3935160
3935198
3935240
3935259
3936636
3936997
3937024
3937298
3937678
3937916
3938219
3938613
3939304
3940254
3941007
3941135
3941671
3943230
3943286
3943835
3944018
3944423
3944688
3944697
3944706
3944716
3944793
3945262
3945269
3945340
3945946
3946217
3946968
3948271
3953472
3954066
3954350
3959622
3959699
3960281
3961240
3961653
3962253
3977757
3978072
3978132
3978518
3979006
3979619
3979729
3979939
3980099
3980121
3980471
3980517
3981394
3981646
3981766
3981908
3982346
3982449
3982640
3982731
3982845
3983365
3983598
3983606
3984007
3984456
3984920
3984979
3985110
3985456
3985627
3986097
3986282
3986512
3986546
3986754
3986823
3986911
3987227
3987274
3987281
3987414
3987425
3987509
3987663
3988245
3988645
3988651
3989360
3989381
3989964
3990446
3990725
3990851
3990963
3990975
3991008
3991521
3991627
3991655
3991905
3992046
3992133
3992158
3992452
3992501
3992686
3992828
3992963
4019342
4024089
4044576
4044799
4044854
4045366
4045635
4046321
4047147
4047339
4048430
4049067
4049657
4050005
4050055
4050133
4050348
4050633
4051010
4051121
4051444
4052908
4054330
4054991
4055876
4056008
4056165
4056360
4056384
4057034
4057971
4058431
4058668
4058827
4060058
4060769
4060958
4061046
4061201
4062663
4062694
4063354
4076691
4076714
4077830
4078108
4078233
4078280
4078758
4079274
4079546
4079954
4080023
4080704
4081437
4081752
4083499
4083848
4084327
4085234
4085375
4086013
4086029
4086135
4087077
4087535
4087653
4203651
4203772
4203907
4204194
4204834
4205505
4205591
4205676
4205772
4205872
4206108
4206247
4206613
4206756
4207458
4207734
4208274
4208326
4208337
4209440
4209905
4210370
4210383
4210979
4211069
4211133
4211517
4211523
4211633
4212282
4212426
4213160
4213374
4213760
4214236
4214333
4214535
4214634
4214663
4214715
4214994
4215027
4215114
4215166
4215387
4216980
4217859
4217954
4217965
4218241
4218302
4218452
4218733
4219124
4219197
4219442
4219487
4258841
4261950
4264737
4265107
4278373
4278705
4279392
4279398
4279568
4279939
4280113
4280355
4280570
4280806
4282326
4282727
4283356
4283503
4284415
4284427
4284859
4285209
4285274
4285629
4285779
4286045
4286781
4287387
4288048
4288409
4288472
4288482
4289334
4289803
4290414
4291101
4291410
4291555
4291614
4292083
4292358
4292495
4293340
4294575
4294787
4295110
4296082
4314928
4315085
4315725
4315935
4316081
4316973
4317069
4317081
4317232
4317285
4317400
4317893
4318164
4318187
4318443
4318535
4318565
4318884
4319317
4319368
4319482
4319647
4319688
4320303
4320680
4320813
4321022
4322013
4322196
4322392
4323076
4323140
4323476
4323794
4323892
4323975
4324304
4324351
4324459
4324891
4324939
4325320
4325368
4325496
4325566
4325904
4326027
4326173
4342258
4342574
4343010
4343268
4343360
4343482
4345233
4346114
4346181
4346766
4346890
4347002
4347086
4347969
4348351
4348384
4348630
4348723
4348734
4348961
4349351
4349430
4350036
4350378
4350408
4350778
4350808
4350854
4351322
4351450
4351964
4352394
4352523
4352692
4352770
4352921
4353227
4353499
4353768
4354075
4354303
4354484
4356317
4356929
4357168
4358073
4358593
4358595
4358636
4358787
4358881
4359334
4359571
4359623
4359732
4360323
4360637
4360875
4360987
4361016
4361180
4361570
4361618
4361879
4361930
4361936
4362489
4362625
4363024
4363065
4363254
4363287
4363886
4364418
4364827
4364990
4365033
4365342
4365747
4366040
4366839
4367066
4367918
4368387
4368554
4368578
4368651
4369506
4369696
4369783
4369977
4388742
4388829
4388964
4389423
4389530
4389631
4390742
4390811
4390853
4391044
4391708
4391740
4392312
4392375
4392592
4392967
4393014
4393063
4393094
4393486
4393674
4394004
4394135
4394159
4394378
4394412
4394910
4394992
4395053
4395438
4395463
4395494
4395820
4396110
4396154
4396497
4396542
4396795
4396963
4397656
4397768
4397864
4397943
4398016
4398236
4398424
4399184
4399663
4400018
4400074
4405375
4408637
4446500
4446876
4448312
4448750
4449954
4450307
4450369
4450691
4450747
4451643
4451914
4452081
4452117
4452266
4452271
4452569
4452834
4452860
4452978
4453154
4453173
4453241
4453448
4453857
4454297
4454749
4454910
4454975
4455309
4455334
4455634
4455672
4456050
4456313
4456373
4456549
4457300
4462794
4463823
4469234
4470365
4471422
4476077
4476084
4476405
4479611
4479867
4483045
4486558
4486559
4487313
4487372
4488482
4489818
4490728
4491572
4491830
4491857
4491878
4492383
4492487
4492517
4492614
4493315
4493434
4494265
4494417
4494656
4495702
4495720
4497269
4497924
4498034
4498092
4544836
4794876
4794955
4795028
4795135
4795240
4795983
4796396
4796434
4796561
4797094
4797236
4797624
4797693
4797800
4798442
4798460
4798552
4798817
4799234
4799693
4799743
4800543
4800719
4800896
4800971
4801046
4801600
4801782
4802057
4802179
4802320
4802871
4803641
4804027
4804597
4804687
4805207
4805249
4805280
4805330
4805459
4806057
4806685
4807156
4807413
4841790
4842552
4842951
4845634
4846990
4848407
4850137
4850954
4852016
4853331
4983660
4984503
4984763
4984993
4986097
4988947
4992657
4993250
4994121
4995556
4995576
4995993
4996289
4996610
4996771
4996880
4997141
4997581
4997706
4997815
4998227
4998320
4998362
4998674
4998745
4999790
4999827
5000272
5000791
5001243
5001369
5001379
5001434
5001562
5002308
5002682
5002921
5003413
5003824
5003930
5004214
5004692
5004875
5004908
5004982
5005228
5005702
5006075
5006160
5006239
5007160
5007188
5007213
5007576
5007719
5008847
5008987
5009045
5009773
5010218
5010923
5012494
5012686
5013713
5014602
5016399
5017117
5018687
5020386
5020723
5022149
5022979
5024137
5039491
5039694
5040494
5041508
5041846
5042141
5042631
5042867
5043070
5043094
5043206
5044126
5045051
5045066
5045525
5045958
5046317
5047252
5047775
5047973
5048210
5048217
5048539
5048697
5048789
5049208
5049572
5052016
5053616
5054760
5055035
5055087
5055465
5056056
5056403
5057215
5057741
5058281
5058556
5060017
5060044
5060429
5060642
5060817
5060855
5060933
5061136
5061899
5061938
5062145
5062683
5063508
5063692
5064365
5065361
5140756
5146071
5149120
5149219
5151188
5154474
5155200
5156337
5157476
5157735
5157927
5159251
5159412
5159448
5160218
5160854
5160980
5161086
5164794
5164881
5248873
5256033
5318011
5318422
5324327
5325933
5326809
5328842
5330290
5349909
5359318
5366314
5366914
5368959
5369659
5370129
5371056
5372814
5372921
5374040
5376993
5378815
5379899
5463901
5463934
5463939
5465031
5465220
5465285
5465778
5465892
5466317
5466646
5466862
5466864
5468399
5468762
5469096
5470710
5471015
5471417
5471806
5472069
5472775
5473044
5473161
5473786
5473935
5474039
5474628
5474767
5474950
5475136
5475979
5476581
5476795
5477389
5477527
5477875
5478117
5478184
5478350
5479413
5479870
5509970
5510319
5510416
5543249
5545668
5548401
5549055
5679036
5679417
5679449
5679629
5679722
5679731
5679809
5679814
5679905
5680342
5680399
5680872
5680875
5681216
5681632
5681736
5681948
5682964
5683155
5683334
5683995
5684654
5684819
5685316
5685402
5685656
5685745
5685750
5685792
5685927
5686009
5686657
5687104
5687172
5687703
5687959
5688023
5688042
5688327
5688756
5688856
5688894
5689036
5689202
5689296
5689527
5689653
5689767
5689913
5690108
5690165
5690315
5690576
5690762
5690798
5690802
5690815
5690960
5691060
5691157
5691213
5691310
5691637
5691656
5691718
5692385
5692642
5692993
5692998
5693037
5693206
5693661
5693724
5694911
5695048
5695837
5696215
5696304
5696305
5696547
5696725
5697923
5697992
5698622
5698664
5699467
5700096
5700120
5700853
5700938
5701932
5701987
5702059
5702088
5702752
5702763
5703037
5703057
5703507
5703729
5703781
5703796
5704459
5704538
5704764
5705097
5706321
5707054
5707199
5708011
5708288
5708333
5708685
5708693
5709943
5717823
5803162
5806204
5821604
5821726
5821737
5821808
5822176
5822195
5822402
5822455
5822757
5823038
5823921
5824264
5824425
5824639
5825127
5825233
5825873
5825960
5826081
5826200
5826587
5826685
5826799
5827849
5828263
5828842
5828885
5830123
5830415
5830570
5830763
5830850
5831118
5831336
5831772
5831962
5846180
5846293
5846542
5850446
5851070
5851588
5852248
5852267
5853276
5854087
5854212
5854514
5855281
5855989
5856102
5856313
5856489
5860573
5860578
5860597
5860635
5861753
5862756
5862978
5864824
5898658
5898873
5899440
5899452
5899775
5900739
5900926
5901378
5901611
5901986
5903172
5903619
5903704
5903932
5904488
5904778
5905215
5905510
5906070
5906128
5906237
5907408
5908396
5908447
5908545
5908721
5908985
5909493
5909556
5910538
5911107
5911512
5911785
5912097
5912431
5912609
5912643
5912943
5913578
5913594
5914108
5914252
5914629
5914681
5914727
5914893
5915184
5915437
5915517
5915855
5916427
5917131
5920458
5922825
5923451
5923494
5923574
5924192
5924289
5924496
5924540
5924698
5924824
5924911
5925648
5926853
5927036
5927186
5927817
5971653
6010517
6017525
6017868
6019365
6026692
6026737
6060460
6060703
6061657
6061660
6061948
6062226
6062389
6063482
6064033
6064573
6065704
6066474
6066558
6067332
6067844
6068507
6068555
6068607
6068676
6069168
6069631
6069696
6069911
6070212
6070367
6071324
6071515
6072513
6073101
6073199
6073350
6074438
6074798
6075089
6075337
6075397
6075777
6075877
6076557
6077141
6077592
6078572
6078702
6078741
6078753
6078816
6079277
6079500
6079577
6079886
6080213
6080771
6080844
6081163
6081897
6082732
6083011
6083178
6083206
6083256
6083752
6083908
6083956
6084118
6084455
6084848
6085293
6085363
6085411
6085540
6119107
6122253
6149225
6149564
6151934
6153919
6154314
6155585
6157003
6157223
6158166
6158210
6159205
6160403
6163397
6164043
6164159
6165431
6165862
6166090
6170599
6171276
6171770
6177657
6178670
6233876
6234099
6234233
6234489
6234608
6235123
6235448
6235490
6236190
6236238
6236324
6236546
6237191
6237414
6237570
6238160
6238171
6238383
6238604
6238912
6239352
6239454
6239869
6240084
6240147
6240198
6240222
6240336
6240542
6240885
6241647
6241808
6242325
6242394
6242508
6242717
6243260
6243296
6243358
6243436
6243647
6244412
6244534
6244643
6244675
6244908
6245103
6245298
6245397
6245427
6245433
6245695
6246155
6247759
6247831
6247990
6248536
6248545
6248566
6249297
6249902
6250076
6250426
6251037
6251153
6251600
6251717
6252348
6253361
6253517
6253572
6253830
6253886
6254397
6254655
6254970
6255493
6255959
6256356
6256406
6256850
6256968
6257211
6257243
6257428
6257502
6258677
6258815
6258854
6259091
6259215
6259447
6259765
6261047
6261120
6261211
6261242
6261902
6262211
6262568
6262630
6263868
6263934
6264177
6264258
6264329
6264428
6264638
6264921
6265259
6265843
6265976
6266576
6266603
6266839
6267406
6267669
6267780
6267907
6267972
6268208
6268541
6268645
6268715
6269497
6269630
6269774
6269989
6270034
6270042
6270243
6271118
6271129
6271144
6271237
6271333
6271943
6272300
6272493
6272719
6272872
6272887
6272952
6273066
6273623
6273930
6273969
6274072
6274077
6274420
6274646
6274713
6275051
6275068
6275100
6276374
6276426
6276429
6276468
6276946
6277196
6277291
6277327
6277738
6278997
6279088
6279272
6279459
6279818
6279992
6280064
6280490
6280675
6280695
6280740
6320964
6322359
6322967
6323325
6323469
6323633
6323848
6324328
6325114
6325462
6325688
6326217
6326309
6326426
6327850
6328420
6328728
6329802
6330278
6330406
6331574
6379429
6456502
6461420
6464541
6480526
6481334
6482491
6482746
6482898
6483368
6483949
6484098
6484230
6484674
6484755
6485633
6486538
6487029
6488422
6489499
6489542
6489614
6489620
6489756
6490051
6490204
6491079
6555158
6559850
6562563
6564528
6566945
6566989
6568199
6570291
6570406
6570520
6570765
6571813
6572965
6573018
6574052
6574480
6574710
6575241
6577610
6578510
6578784
6578856
6579013
6635605
6635826
6636337
6636397
6636567
6636995
6638016
6638148
6638429
6638824
6640177
6641053
6641581
6642690
6643181
6643287
6643666
6644082
6644119
6644571
6644909
6645919
6646052
6646071
6647043
6647073
6647147
6647633
6647986
6648195
6648224
6649250
6649251
6649328
6649666
6649716
6650127
6650460
6650486
6650530
6688972
6690766
6711857
6711989
6712103
6712501
6712786
6712920
6713497
6715059
6715165
6715186
6715810
6716115
6716163
6716990
6717893
6718047
6718401
6719230
6719273
6719765
6719862
6720490
6720719
6721039
6721073
6721351
6721467
6721550
6721891
6721950
6722309
6722587
6722775
6722886
6722890
6723006
6723485
6723731
6723909
6724771
6725465
6725567
6725956
6726079
6726245
6726877
6727837
6727885
6728107
6728124
6728183
6728329
6729068
6729557
6730195
6730255
6730690
6730734
6731094
6732083
6732398
6732506
6732516
6732815
6733083
6733440
6733665
6734114
6734187
6734244
6734469
6735212
6735567
6735801
6735862
6736140
6736163
6736455
6736694
6737702
6738475
6738509
6753292
6753304
6753793
6754047
6754324
6754469
6754849
6755237
6755263
6755796
6755895
6756019
6756091
6756837
6757068
6757451
6757532
6757724
6757766
6757772
6757996
6758006
6758142
6758191
6758195
6758346
6758542
6758632
6758706
6759046
6759385
6759537
6759610
6760042
6760139
6760485
6760958
6760976
6761005
6761786
6761841
6762149
6762363
6762475
6762536
6762750
6762782
6762992
6763279
6763454
6764175
6764373
6764784
6765047
6765591
6765676
6765884
6766355
6766578
6766777
6766871
6767580
6767632
6767932
6768432
6786188
6908087
6909847
6911879
6912100
6912263
6912686
6912783
6915893
6917836
6918813
6936152
6937474
6937486
6937838
6938054
6938085
6938303
6938324
6938973
6939198
6939451
6939706
6940044
6940472
6941666
6942011
6942027
6942375
6942405
6942511
6942680
6942688
6943308
6943396
6944412
6944458
6944473
6945043
6945196
6945243
6945271
6945501
6945569
6945727
6945786
6945813
6945944
6946143
6946433
6946743
6946872
6946955
6947272
6947752
6947816
6948088
6948199
6948385
6948945
6949356
7154970
7155022
7155344
7155400
7155428
7155607
7155872
7155886
7155943
7155952
7156088
7156147
7156206
7157188
7157235
7157639
7157858
7157911
7157989
7158284
7158297
7158447
7158806
7159162
7159947
7160080
7160281
7161033
7162590
7162624
7162672
7162690
7163257
7163499
7163596
7163906
7163974
7164049
7164727
7164837
7165036
7165058
7165161
7165437
7165538
7165697
7165711
7166008
7166194
7166224
7166410
7166411
7166967
7168212
7168431
7168486
7184144
7184395
7185374
7185698
7188211
7188346
7188593
7188979
7189330
7189925
7190365
7190526
7190540
7190927
7192257
7192708
7192898
7193509
7193652
7194061
7194240
7194276
7194739
7194819
7194872
7194930
7194940
7195811
7196171
7197175
7197382
7197617
7289396
7292357
7292624
7306341
7307982
7308253
7308692
7308715
7308800
7308856
7310007
7310050
7310891
7312376
7312850
7312906
7313682
7314933
7316006
7316158
7318060
7318753
7318771
7319026
7319100
7319266
7321465
7321614
7321702
7322637
7322842
7323217
7323254
7323448
7323745
7323829
7323931
7324129
7324187
7324277
7324407
7324533
7324610
7325116
7325252
7325377
7325909
7326141
7326505
7326711
7326735
7326913
7327472
7327945
7328713
7328903
7329764
7330175
7330197
7330405
7331377
7331633
7331925
7332015
7332881
7333102
7333213
7333617
7334123
7335163
7335493
7335524
7336428
7336582
7336747
7336805
7337393
7337445
7337678
7338091
7350498
7351687
7351844
7352755
7354662
7355647
7358209
7359741
7360654
7360879
7362283
7363108
7363495
7363784
7366172
7386082
7386293
7388755
7391559
7391760
7392135
7393207
7396303
7396489
7396496
7401177
7403012
7403511
7403943
7404341
7404577
7404680
7404697
7406435
7406519
7406611
7408666
7409708
7411366
7411486
7412242
7448829
7449199
7449589
7449976
7450406
7451268
7451762
7451896
7452272
7452674
7452733
7453644
7453686
7454095
7454421
7455385
7456287
7456475
7456561
7456748
7457209
7457210
7457401
7457820
7458204
7458227
7458307
7458892
7459012
7459316
7459916
7459926
7459985
7460253
7460785
7461510
7461533
7461547
7461599
7461659
7461967
7462109
7462135
7462426
7462579
7462899
7463287
7463962
7464106
7464303
7464392
7477229
7477582
7477596
7481537
7481940
7483317
7483342
7485147
7485542
7486694
7487387
7491663
7492257
7519853
7528527
7630820
7630986
7631334
7631779
7631810
7631920
7631952
7632273
7632479
7632520
7632961
7633158
7633224
7633852
7633930
7633977
7634095
7634687
7634708
7635579
7635813
7636048
7636523
7637036
7637104
7637935
7638446
7638537
7638557
7638770
7639037
7639079
7639217
7639220
7639675
7640866
7642238
7643019
7643074
7644392
7645743
7649654
7651291
7651469
7652386
7652580
7654432
7654845
7662480
7665468
7666208
7667263
7669252
7669953
7670409
7757190
7757415
7757943
7758028
7758266
7758310
7758332
7759978
7760379
7760845
7761326
7761356
7761537
7761751
7761913
7762184
7764336
7764377
7764654
7765725
7765802
7766549
7766554
7767617
7767795
7768171
7769394
7770844
7771319
7771412
7771923
7772476
7772944
7772982
7774457
7830557
7831580
7831747
7831803
7832255
7832678
7832802
7832831
7832981
7833192
7833348
7833551
7833557
7834514
7834628
7835179
7835295
7835414
7835737
7835827
7836219
7836373
7836621
7836637
7836812
7836839
7836889
7836927
7838222
7838354
7838575
7839045
7839278
7839362
7839573
7839664
7840019
7840044
7840251
7840505
7840513
7840596
7840661
7841606
7842256
7842389
7842639
7843163
7843266
7843659
7843909
7844013
7844042
7918444
7918452
7918505
7918820
7919341
7919681
7919716
7919941
7921123
7921429
7921546
7921636
7921786
7921905
7921928
7922795
7923076
7923104
7923123
7923892
7923981
7924052
7924218
7924302
7924310
7924499
7924995
7925363
7925476
7925684
7925968
7926089
7926243
7926586
7927384
7927547
7927561
7927585
7928371
7945316
7946489
7949390
8003980
8008637
8015681
8021711
8031822
8032016
8034667
8035918
8037138
8038857
8039621
8040397
8041111
8041897
8042090
8042418
8043244
8043258
8043273
8043806
8045835
8045970
8047854
8047855
8048143
8244173
8244294
8244436
8244635
8245259
8245342
8245755
8245889
8246137
8246342
8246814
8246924
8247500
8247530
8247743
8247774
8247833
8248136
8248214
8248519
8249077
8249164
8249204
8249281
8249436
8249642
8249668
8249689
8249935
8250073
8250275
8250840
8251633
8251997
8252159
8252245
8252323
8252758
8252954
8253583
8254115
8254118
8255080
8255136
8255156
8255623
8255950
8256014
8256191
8256730
8257601
8257692
8257891
8258604
8258907
8259200
8259286
8259432
8259665
8259923
8259967
8260219
8260474
8261397
8261535
8261876
8262374
8262466
8262488
8262883
8263404
8264111
8264600
8264724
8264882
8265088
8265244
8265340
8265740
8265829
8267541
8268243
8268752
8268919
8269124
8297663
8297663
8298040
8300395
8300902
8301274
8301636
8303567
8304319
8305274
8305666
8417457
8419271
8419321
8421200
8422246
8423645
8424337
8426874
8500434
8500816
8500877
8501377
8501459
8501484
8501685
8501799
8502463
8503475
8503716
8503881
8504487
8504770
8504972
8505012
8505894
8506429
8506555
8506572
8506623
8506937
8507352
8507925
8508084
8508249
8508330
8508956
8509032
8509370
8509422
8509544
8510302
8510348
8510761
8511551
8511572
8511665
8511884
8512052
8512064
8514480
8514559
8514620
8514845
8514923
8515051
8515072
8515210
8515217
8515417
8515580
8515991
8516107
8516382
8516810
8516931
8517224
8517396
8517433
8517511
8517857
8518581
8518596
8518798
8518871
8518940
8519187
8519427
8520135
8520355
8520360
8520735
8520747
8520811
8521131
8521370
8521580
8522110
8522182
8522317
8522617
8522713
8522725
8522767
8523111
8523413
8523476
8523904
8523936
8524224
8524654
8524694
8524778
8525240
8525808
8525907
8526142
8526146
8526846
8527022
8527058
8527099
8527249
8527465
8527908
8528234
8528241
8528939
8530490
8531029
8531119
8531136
8531217
8531272
8531514
8532123
8532313
8532605
8533140
8533482
8533556
8533557
8533854
8533926
8534320
8534337
8534378
8534419
8534674
8534700
8534913
8535192
8535781
8536075
8536112
8536134
8584613
8584744
8584994
8585116
8585373
8585382
8586727
8586914
8587290
8587612
8588476
8588813
8589054
8589064
8589111
8589119
8589462
8589535
8589549
8589763
8590029
8590657
8590793
8591636
8591701
8591745
8591819
8592408
8592618
8593367
8594440
8594562
8595218
8595522
8596670
8596676
8596698
8597025
8597489
8597812
8598338
8598828
8599455
8599568
8600371
8601026
8601283
8602121
8602352
8602532
8602620
8602758
8603078
8603291
8603484
8603565
8603656
8643352
8643815
8645328
8645828
8646462
8646790
8647959
8649456
8650383
8652229
8652319
8653660
8654660
8654969
8655012
8656857
8658479
8659136
8660898
8661249
8661746
8662086
8662535
8662715
8662720
8663186
8663468
8664226
8664277
8664802
8665180
8665324
8665568
8666082
8666352
8666413
8666665
8666693
8666811
8667000
8667454
8667681
8667966
8668106
8668108
8668139
8668529
8668737
8668827
8670372
8670425
8670590
8670659
8670751
8671293
8671314
8671710
8672073
8672303
8672788
8672806
8673042
8673331
8673662
8673711
8673821
8673992
8674241
8674491
8674625
8674919
8675340
8675412
8676842
8677144
8677477
8677491
8694460
8696264
8697311
8814502
8814597
8814618
8814895
8815712
8816708
8816784
8817150
8817275
8818017
8818025
8818253
8818732
8819155
8819578
8820862
8821207
8821428
8822701
8823396
8823522
8857533
8858445
8858520
8858610
8858960
8859176
8859396
8860067
8860984
8861471
8861749
8863017
8863262
8863937
8864351
8864932
8865306
8865557
8866173
8866442
8866945
8868098
8869062
8904708
8907550
8966489
8967072
8967248
8968041
8968149
8968318
8969009
8969474
8970035
8972176
8972848
8973648
8974864
8974903
8975154
8975930
8977091
8977123
8977294
8977676
8979595
8980010
8980062
8980108
8980277
8980334
8980601
8980738
8981087
8981167
8981262
8982995
8983047
8983444
8983802
8983890
8984010
8984157
9026323
9027748
9028867
9029284
9029293
9029637
9029811
9030702
9032074
9032142
9032443
9033616
9033739
9033832
9034178
9034339
9034694
9035296
9035922
9036073
9036089
9036584
9037162
9038224
9038507
9038646
9038768
9040113
9040162
9040440
9040559
9040607
9041101
9041249
9041259
9041769
9042416
9042495
9042507
9042870
9043741
9044062
9044756
9044906
9045404
9045488
9045724
9045980
9046206
9046374
9046479
9046635
9046757
9047446
9047848
9048218
9048296
9048403
9048686
9049260
9049622
9049743
9050311
9050448
9050816
9051122
9051445
9051945
9052208
9052318
9052387
9052516
9052541
9053642
9054197
9054634
9054684
9054963
9055043
9055179
9055292
9152059
9152192
9152249
9152348
9152695
9153044
9153064
9153540
9153910
9154376
9154618
9154861
9155376
9155518
9155858
9156044
9156220
9156284
9156370
9156413
9156447
9156928
9157135
9157356
9157566
9157568
9157990
9158172
9158197
9158506
9158744
9158819
9158867
9158984
9159806
9160673
9160786
9160806
9161994
9162187
9162305
9163026
9166690
9167489
9169087
9169175
9172652
9172994
9174183
9176380
9238360
9239175
9239617
9240249
9242779
9243480
9245293
9246198
9246833
9247889
9247901
9248205
9248249
9249201
9250331
9250618
9250652
9355072
9355440
9355576
9356243
9356395
9356530
9357160
9357323
9357352
9357430
9357474
9358300
9358363
9358518
9358593
9358635
9358669
9358919
9359396
9359799
9359864
9360314
9360455
9360628
9360715
9360922
9362489
9363222
9363230
9364161
9364823
9364979
9365005
9365059
9365236
9365245
9366084
9366744
9367334
9367752
9367789
9368247
9368326
9368693
9369069
9369351
9370148
9370342
9370457
9370598
9370733
9370873
9370875
9371369
9372497
9373190
9373324
9373648
9373977
9374243
9374776
9375001
9375692
9375870
9376942
9377802
9379770
9385041
9399430
9411896
9517423
9561998
9562098
9562161
9562193
9562385
9562843
9563215
9563377
9563433
9563474
9564611
9564669
9564947
9565392
9565427
9565676
9565809
9566039
9566232
9566378
9566689
9566718
9566823
9566873
9567009
9567118
9567508
9567930
9567954
9568678
9568950
9569512
9569924
9570236
9570244
9570340
9570668
9570771
9570832
9570887
9571530
9572845
9573008
9604431
9607430
9613866
9651880
9652014
9652043
9652263
9658037
9853258
9853277
9853431
9854000
9854110
9854413
9855026
9855149
9855214
9855246
9855557
9855631
9855719
9856265
9856375
9856607
9856660
9856669
9856786
9856929
9856988
9857045
9857356
9857758
9858731
9858924
9860392
9860537
9860809
9860930
9861007
9861288
9861355
9862189
9862277
9862525
9862662
9862924
9862953
9863225
9863450
9863965
9864041
9864506
9864585
9864698
9864757
9944364
9944399
9944462
9944810
9944931
9945093
9945570
9945645
9946133
9946637
9946671
9947521
9947545
9947820
9948086
9948175
9948243
9948735
9949185
9949258
9949300
9949538
9949701
9950103
9950157
9950231
9951035
9951434
9951449
9951506
9951612
9951714
9952016
9952382
9952910
9953285
9953369
9953545
9953620
9954198
9954221
9954242
9954348
9954360
9954607
9954684
9955174
9955531
9955542
9955982
9956446
9956643
9956702
9956934
9957153
9957204
9957342
10065453
10078247
10078579
10081204
10147996
10148050
10148101
10148182
10149308
10149608
10149676
10149735
10149871
10149972
10150264
10150620
10151031
10151096
10151259
10152369
10152940
10153028
10153379
10153653
10153722
10154135
10154318
10154429
10154849
10155117
10155478
10156135
10156463
10156465
10156796
10156869
10157341
10157590
10158004
10158066
10158166
10158707
10158961
10159069
10159270
10159614
10159699
10159851
10159852
10159897
10160901
10161249
10161939
10161943
10162990
10163084
10163133
10163308
10163665
10163895
10164018
10164341
10165115
10166496
10167016
10167053
10168488
10168892
10169051
10169979
10170080
10170350
10170495
10170715
10171025
10171190
10172423
10173077
10173568
10173801
10173976
10174364
10174700
10174953
10175092
10176386
10176512
10177114
10177431
10177562
10177734
10177776
10204514
10206471
10210523
10214610
10214974
10264670
10270873
10272195
10274131
10315035
10316117
10316326
10316697
10317304
10317429
10317612
10317918
10318028
10318514
10318591
10318952
10319215
10319800
10320032
10320409
10320661
10320740
10320910
10321031
10321086
10321287
10322205
10322276
10322354
10322479
10322740
10323119
10323315
10323471
10323570
10323880
10324360
10324902
10325239
10355041
10355124
10355419
10355893
10356041
10356066
10357171
10358159
10358422
10358625
10359461
10359743
10360164
10360506
10360517
10360586
10360618
10360742
10361112
10361454
10361535
10362102
10362732
10363053
10363430
10364018
10364517
10364609
10364837
10365139
10365647
10365749
10365820
10365843
10366042
10367200
10367621
10367770
10369989
10370202
10370974
10394337
10394749
10394796
10395195
10395650
10395733
10395910
10396250
10398124
10398239
10398421
10398448
10398662
10399035
10399370
10400480
10400779
10400895
10401403
10401515
10401770
10402476
10402659
10403143
10403284
10403327
10403480
10403682
10404042
10404299
10404394
10404489
10405402
10405622
10405719
10405737
10405787
10405843
10405856
10406583
10406749
10459805
10459813
10460132
10461617
10462058
10462246
10462525
10463627
10463850
10463910
10464144
10464262
10464433
10464503
10464895
10465042
10465888
10466106
10466247
10466809
10466885
10466969
10467008
10467057
10467185
10467443
10467611
10467905
10468623
10468640
10469293
10469736
10469747
10470162
10471241
10471545
10472711
10472733
10516588
10516690
10550416
10550516
10551034
10551215
10552421
10552440
10552637
10552913
10553041
10553412
10553430
10553562
10554694
10554904
10555053
10555719
10555743
10556115
10556754
10557425
10558822
10558933
10559086
10559149
10559287
10560331
10560421
10561472
10561508
10561743
10562365
10562835
10563149
10563620
10563994
10564313
10564679
10565806
10570573
10698040
10699064
10699494
10700582
10702880
10703053
10706228
10756375
10762702
10812405
10814512
10814926
10815354
10819762
10821549
10821912
10822368
10824210
10827281
10828358
10895276
10895813
10896180
10897593
10901228
10901504
10903566
10908394
10931908
10931963
10934829
10964637
10965418
10965576
10965932
10966197
10967281
10968139
10968419
10968941
10970692
10973273
10974801
10975739
10976626
10977600
10978391
11038756
11038869
11038925
11038989
11039098
11040263
11040428
11040561
11040649
11041734
11042374
11042825
11042836
11043469
11043498
11043983
11044922
11046036
11046153
11046934
11047009
11047021
11047297
11047363
11047418
11047584
11048047
11048680
11049423
11049926
11050143
11050293
11050438
11050673
11050684
11051113
11051140
11051268
11051488
11051799
11052749
11052891
11052991
11053155
11053397
11053799
11053806
11053883
11054145
11054795
11054825
11105783
11287720
11287721
11288532
11288616
11288714
11288912
11289910
11291123
11293193
11293592
11293692
11293848
11294592
11295069
11295968
11296242
11296275
11296290
11296902
11297333
11297410
11297644
11297738
11298174
11312942
11316094
11320003
11339223
11340612
11342353
11343006
11344538
11344586
11345142
11345891
11346047
11346224
11346299
11346305
11346989
11346998
11347944
11348085
11349237
11350546
11351320
11352448
11352472
11353376
11353793
11353873
11354300
11354486
11355273
11356280
11356621
11398746
11398816
11398838
11398916
11399578
11399620
11399693
11400813
11401675
11402361
11402891
11403639
11404555
11405072
11405728
11405826
11405851
11406198
11406256
11406447
11406743
11406968
11406987
11407110
11407163
11407278
11407311
11407885
11408438
11408441
11408565
11408934
11409693
11409952
11409964
11410867
11411007
11411269
11411682
11413320
11413929
11413969
11414014
11414522
11414615
11415568
11416029
11416829
11418216
11419366
11420918
11423019
11423259
11424731
11424751
11426879
11429782
11432455
11435231
11440320
11441017
11441237
11446416
11446497
11448829
11484653
11485119
11485283
11485420
11486778
11487116
11487749
11488171
11488292
11488430
11489043
11489931
11490428
11490583
11490693
11491539
11491609
11491668
11491940
11492465
11492547
11493685
11493905
11494126
11494277
11494523
11494806
11494882
11495768
11495871
11495967
11496033
11496381
11496687
11497054
11497107
11497446
11497697
11499103
11514542
11518371
11519419
11520893
11522904
11523315
11523984
11524181
11526159
11528277
11529344
11529802
11644991
11645138
11645259
11645269
11645367
11646169
11646477
11647063
11647931
11648621
11649032
11650268
11650596
11650785
11651148
11651602
11651931
11653059
11653370
11653382
11653530
11653623
11653838
11654138
11654730
11655027
11655180
11655764
11656026
11656469
11657032
11657217
11657361
11657443
11657476
11657672
11658075
11658555
11658949
11659400
11690486
11691736
11692484
11692966
11694156
11695651
11696767
11763445
11763478
11763683
11763801
11763807
11764737
11764835
11765660
11766080
11766218
11766761
11766865
11766879
11766888
11767189
11767237
11767414
11768186
11768469
11768737
11769391
11769469
11769608
11769855
11769963
11770188
11770699
11771001
11771088
11771119
11771142
11771185
11771665
11771709
11771967
11772528
11772803
11773158
11773468
11773714
11773731
11773894
11774564
11774722
11774760
11775472
11775473
11775549
11775654
11775962
11776098
11776310
11776391
11822755
11823149
11824098
11824167
11825131
11826981
11827414
11827807
11829472
11830120
11830405
11830562
11831877
11832047
11832146
11903657
11903879
11903891
11903904
11904564
11905260
11906012
11906089
11906224
11906266
11906404
11906459
11907521
11908315
11909479
11909788
11909812
11910214
11910413
11910788
11910807
11910975
11911332
11911617
11911869
11912575
11913194
11913359
11913361
11913496
11913705
11913786
11914064
11914149
11914936
11915423
11915768
11916120
11916211
11916609
11916632
11917292
11917398
11917490
11917736
11917786
11917817
11917961
11917994
11918308
11918640
11918703
11918930
11919137
11919397
11919628
11920010
11920699
11921048
11921465
11921479
11921656
11921682
11921981
11922029
11922368
11922634
11923037
11923275
11923364
11923466
11923698
11923709
11923819
11923933
11923994
11924283
11924442
11924558
11924569
11924593
11925040
11925186
11925387
11925872
11926140
11926576
11926621
11926741
11926833
11926887
11926945
11926992
11927542
11927996
11928320
11928346
11928637
11928947
11929443
11929620
11957992
11963522
12050184
12050557
12051021
12051413
12051498
12051618
12051853
12051916
12052134
12052144
12053207
12053396
12053558
12053562
12053615
12053673
12053899
12054181
12054277
12054849
12055998
12056106
12056149
12056276
12056400
12056412
12056468
12056476
12056874
12057042
12057225
12057415
12057545
12057823
12057967
12058126
12058274
12058706
12059418
12059976
12059979
12060639
12061101
12061194
12061635
12061991
12062075
12062223
12062527
12063265
12063415
12063434
12064267
12064475
12064758
12065119
12065384
12065616
12066003
12066671
12066952
12067189
12068007
12068233
12068540
12068589
12069109
12069792
12070395
12070765
12071298
12071465
12071645
12072222
12072745
12074312
12074523
12074914
12075773
12076058
12076066
12076180
12077386
12077398
12077560
12077565
12079749
12080208
12108432
12109315
12110983
12111640
12111661
12112181
12113125
12114011
12114945
12115111
12116817
12117094
12117524
12135345
12135414
12135440
12136361
12139381
12139658
12141996
12143025
12143061
12145199
12145820
12150096
12151624
12194479
12194489
12194922
12195023
12195204
12195745
12195817
12196061
12196952
12197085
12197522
12197585
12198169
12198201
12198532
12199187
12199250
12199367
12199873
12200358
12200492
12200740
12201163
12201251
12201340
12201431
12201516
12201636
12201766
12201940
12202274
12202671
12202716
12203036
12203660
12204048
12204061
12204138
12204306
12204925
12205143
12205291
12206892
12207212
12207259
12207283
12207527
12207606
12207665
12207819
12207935
12208149
12208202
12209425
12209516
12231233
12231735
12234282
12238349
12240769
12312970
12313093
12313311
12313747
12313790
12314073
12314386
12314837
12314869
12315024
12315172
12315252
12315456
12315696
12315802
12315814
12315841
12316197
12316998
12317406
12317777
12317928
12318512
12318705
12318910
12318924
12319013
12319412
12319702
12319756
12320205
12320458
12320796
12321443
12321678
12321811
12322313
12329133
12329708
12330140
12330465
12330945
12332248
12332576
12333361
12334097
12369140
12369234
12369376
12369614
12369677
12369692
12369827
12369944
12370472
12370600
12370977
12371308
12371445
12371667
12371795
12372009
12372124
12372176
12372181
12372588
12372711
12372833
12373241
12373270
12373722
12374546
12375580
12375977
12376084
12376235
12376250
12376296
12377117
12377239
12377255
12377819
12377972
12378087
12378316
12378336
12378483
12378929
12379082
12379324
12379718
12379734
12379828
12382050
12382228
12383699
12384168
12384665
12385020
12385315
12386102
12387378
12387718
12388547
12388637
12388652
12389987
12390611
12391387
12391512
12392891
12394807
12396064
12485183
12539818
12539987
12540763
12540850
12541144
12541723
12542044
12542076
12542094
12542376
12544062
12544495
12544561
12544617
12544684
12545150
12545259
12545618
12546006
12546050
12546427
12546838
12546997
12548100
12548785
12548887
12548926
12549110
12549520
12549554
12549724
12549759
12550355
12550868
12551168
12551241
12551357
12551918
12551930
12552012
12552042
12552284
12552434
12552984
12553031
12553174
12553648
12553773
12554069
12554283
12554952
12555413
12555856
12556110
12556402
12556637
12639563
12640629
12641042
12641478
12641679
12643698
12644492
12646008
12646792
12647213
12648739
12649191
12649217
12649991
12651989
12673446
12673606
12673923
12674779
12674887
12675090
12675406
12676668
12677126
12677483
12677539
12677596
12677635
12678230
12678233
12678277
12679215
12679513
12679806
12680033
12680118
12680480
12680816
12681260
12681496
12681531
12682017
12682194
12683182
12683284
12683463
12683634
12683635
12685041
12685127
12685572
12685635
12687029
12687077
12687280
12687349
12687468
12687921
12688316
12688338
12688515
12689010
12689130
12689421
12689507
12689833
12689980
12690137
12690430
12690705
12691325
12691613
12691704
12691969
12692170
12692266
12692942
12693118
12693759
12693762
12693972
12694357
12694454
12694672
12694692
12695186
12695311
12695621
12695833
12695946
12696059
12696220
12696319
12713332
12713508
12713722
12714022
12714205
12714271
12715002
12715107
12715222
12715400
12715593
12715636
12716131
12716591
12716691
12716744
12716791
12716982
12717153
12717632
12717848
12718187
12719471
12720635
12720646
12720669
12721397
12721564
12722332
12722774
12722897
12722971
12723523
12723970
12723970
12724084
12725263
12725439
12725494
12725806
12725891
12726015
12726163
12726245
12726454
12726959
12727312
12727557
12728079
12728366
12728445
12729208
12730015
12730060
12730256
12730491
12730583
12730703
12731321
12789241
12790091
12790410
12790540
12790815
12792764
12792851
12794050
12794130
12796840
12798562
12798697
12798769
12799176
12800007
12800795
12801821
12802495
12848094
12848408
12848744
12849073
12850369
12850646
12850731
12850985
12851274
12851481
12851848
12852138
12852196
12852359
12852567
12852993
12853234
12853328
12853373
12853459
12853587
12853877
12854462
12854936
12855368
12855546
12855742
12855835
12855887
12855925
12855987
12856223
12856670
12857008
12857403
12857440
12858198
12858409
12858560
12859460
12859810
12859926
12860154
12860968
12861171
12861344
12861624
12861892
12862208
12862417
12862784
12862855
12862896
12862902
12863097
12863316
12863399
12863451
12863511
12863573
12863738
12863942
12864007
12864127
12894931
12895254
12895616
12895981
12896408
12896857
12897007
12897126
12897142
12897544
12897858
12897952
12898486
12898515
12899019
12899090
12899385
12899577
12900008
12900088
12901324
12902297
12902488
12903088
12904147
12904368
12904659
12904662
12905231
12905951
12906053
12906351
12906404
12906749
12907577
12908108
12909164
12909203
12909440
12909558
12909687
12909845
12910633
12911057
12911401
12911601
12911724
12911955
12912134
12912213
12912495
12912579
12912653
12913055
12913245
12913266
12987536
12987683
12988046
12988058
12989153
12989441
12990320
12991043
12991149
12991479
12991861
12992365
12992985
12993326
12993384
12993967
12994075
12994212
12994712
12995066
12995169
12996389
12997026
12997352
12998194
12998598
12999088
13000028
13000196
13000375
13000666
13000883
13001261
13001699
13001840
13002378
13003112
13003419
13003459
13003854
13110679
13115816
13115871
13120850
13121070
13122250
13122253
13123233
13123385
13123398
13123646
13123804
13124038
13124080
13124573
13124640
13125045
13125295
13125450
13126242
13126436
13127336
13127914
13128036
13128216
13129326
13129429
13129556
13129687
13130148
13130312
13130682
13130858
13131123
13138929
13160350
13160714
13170994
13172837
13173050
13177307
13188398
13188717
13188931
13189348
13189512
13189517
13190721
13191046
13191622
13192950
13193441
13193590
13194329
13194569
13195232
13195605
13195970
13196657
13197293
13197436
13198028
13198594
13199233
13199365
13200119
13200171
13200315
13200353
13201464
13202179
13202520
13202801
13204258
13204398
13204434
13227876
13228671
13229104
13229382
13230414
13231847
13232836
13234152
13235256
13235509
13237240
13238371
13239059
13240353
13242642
13244308
13244963
13247954
13248477
13249223
13249753
13250379
13250853
13250945
13251043
13253267
13254122
13254617
13254885
13254929
13255319
13256003
13256928
13257657
13259291
13260041
13260935
13261186
13261202
13261857
13262068
13262718
13265270
13265877
13266218
13266621
13268195
13268262
13268610
13268787
13268850
13268866
13270279
13270530
13271055
13271314
13271423
13271692
13272224
13273140
13273454
13273627
13273800
13274386
13274517
13274564
13274827
13275239
13275533
13276049
13276105
13276682
13277292
13277367
13277979
13278299
13279771
13282600
13284518
13285787
13290690
13291880
13293072
13294872
13295089
13309842
13309920
13309922
13309967
13310530
13311109
13311541
13311549
13311617
13311696
13312909
13313167
13313229
13313302
13313409
13313972
13314347
13314556
13314698
13314919
13315321
13315462
13315950
13315959
13316008
13316306
13317206
13317210
13317305
13317465
13317492
13317951
13318832
13318931
13319101
13319120
13319476
13319795
13320259
13320395
13320453
13320462
13320503
13320906
13321124
13321564
13321844
13321934
13322708
13322962
13323269
13323296
13323736
13323768
13323774
13323998
13324089
13324212
13381617
13382050
13382412
13382520
13382533
13383245
13383748
13383828
13384363
13384395
13384721
13385095
13385348
13385988
13386145
13386221
13386255
13386533
13386967
13387033
13387044
13387395
13387767
13388080
13388258
13388879
13389189
13389232
13389358
13389698
13389794
13389990
13390633
13391324
13391339
13391702
13391912
13392388
13392459
13392565
13392901
13392914
13393189
13393369
13393597
13393964
13393996
13394177
13394349
13394652
13394753
13394972
13395127
13395140
13395563
13395885
13396056
13396135
13396220
13396442
13399312
13400024
13400551
13400719
13401053
13401339
13403759
13403762
13405109
13405216
13405444
13406088
13406999
13407123
13407441
13407848
13408036
13415049
13435972
13436385
13437338
13437448
13437685
13438317
13438801
13438914
13440006
13440368
13440675
13441513
13441852
13441874
13442556
13442673
13442757
13443524
13443535
13443692
13444132
13445909
13448323
13448328
13448924
13450157
13450454
13451501
13451649
13452363
13452416
13453218
13453285
13453516
13453524
13453748
13454492
13454526
13454774
13455210
13456110
13456358
13456367
13456548
13456788
13457550
13458505
13458755
13459639
13459692
13459992
13460027
13460092
13460562
13460687
13460918
13461059
13461094
13461140
13461143
13461737
13461929
13462375
13462452
13462539
13463452
13463637
13463971
13476584
13477005
13477712
13481815
13485711
13486640
13486796
13487504
13488451
13490887
13496309
13497026
13497840
13499711
13506443
13507687
13507835
13508974
13525727
13526950
13527338
13527409
13528059
13528463
13529471
13530754
13532180
13532693
13532760
13533429
13534690
13535275
13535275
13535554
13536498
13538316
13539028
13539666
13540673
13541501
13541632
13542170
13543202
13543228
13590906
13590962
13591048
13591834
13592179
13592329
13592859
13592872
13593365
13593460
13593525
13594873
13595306
13595448
13596650
13597772
13598020
13598027
13598129
13599044
13599205
13599327
13599468
13599494
13599647
13600419
13600926
13600981
13601111
13601866
13602430
13603250
13603511
13603603
13603916
13604049
13604188
13604203
13604212
13604588
13604873
13604975
13605096
13605163
13605278
13605325
13605587
13605724
13605931
13606210
13652346
13659586
13805401
13805824
13806363
13806601
13806677
13808008
13808667
13809548
13811112
13811162
13811860
13812301
13812313
13812810
13813354
13814546
13814590
13814690
13814778
13815738
13816274
13816476
13817567
13817787
13818041
13818216
13818375
13819325
13860052
13861076
13861517
13861901
13861922
13862158
13863187
13863694
13864141
13864406
13865344
13865915
13866181
13867283
13867810
13868902
13870376
13870465
13871000
13873024
13873587
13873865
13874117
13894398
13897766
13898143
13901091
13901884
13903330
13905370
13906742
13935532
13937846
13938228
13938354
13939030
13939426
13940564
13940753
13941479
13941675
13941900
13943480
13943564
13944118
13945170
13945449
13988301
13988998
13989038
13989067
13990954
13992660
13993005
13993378
13994280
13994455
13994649
13995232
13995371
13995495
13996225
13997247
13998439
13999209
14000894
14001548
14001626
14002194
14002634
14003020
14004276
14004715
14008416
14013428
14014761
14017980
14018298
14018465
14018547
14018559
14018647
14018674
14018748
14018903
14019074
14019124
14019521
14019856
14019943
14020064
14020587
14020664
14020939
14022157
14022234
14022438
14023170
14023342
14023518
14023802
14024003
14024111
14024345
14024807
14024859
14024893
14024973
14025726
14025820
14025878
14025890
14025972
14026043
14026093
14026189
14026439
14026740
14027217
14027427
14028067
14028210
14028437
14028746
14028979
14029003
14029744
14029826
14029913
14029961
14030081
14030224
14030313
14030472
14030852
14031657
14031721
14031818
14032146
14032471
14032790
14032817
14033094
14033108
14033260
14033443
14033658
14033840
14038346
14042333
14043582
14047155
14051213
14057008
14057641
14060590
14060600
14061159
14061286
14061328
14061344
14061394
14061795
14061914
14062227
14062387
14062798
14062806
14063340
14063759
14063848
14064485
14064527
14064647
14065222
14066217
14066263
14066563
14067205
14067483
14067661
14068506
14069151
14069780
14069831
14070008
14070077
14070235
14070243
14070363
14070372
14071043
14143147
14144386
14144527
14144839
14145869
14145960
14146111
14146190
14146731
14146901
14147072
14147453
14147957
14148045
14148398
14148636
14148699
14148991
14149645
14149905
14150347
14150890
14151040
14152256
14152368
14152636
14152851
14152888
14152975
14153436
14153749
14154195
14154359
14154692
14155027
14155429
14155498
14155845
14156608
14156931
14157023
14157352
14157686
14158136
14158492
14158729
14158850
14159078
14159382
14159490
14159521
14159799
14159846
14159916
14160852
14160949
14161022
14161048
14161534
14161769
14162526
14162615
14162832
14162838
14162934
14163792
14163960
14164334
14164464
14164770
14164846
14165293
14165414
14165522
14165963
14165964
14166089
14166270
14166862
14167060
14167215
14167285
14167768
14168512
14168634
14168776
14168983
14169093
14169844
14170370
14170955
14171125
14171163
14171705
14172292
14172310
14172449
14172490
14172535
14172580
14172701
14173596
14228123
14228186
14231646
14232592
14233589
14234685
14236131
14238335
14240507
14241309
14242780
14242811
14244173
14269692
14270038
14270112
14270225
14270371
14270393
14270476
14271282
14271793
14271860
14272707
14272946
14274678
14274952
14275327
14275351
14275651
14277038
14277455
14277639
14277908
14277980
14278173
14278280
14278804
14279340
14279400
14280271
14280513
14280540
14281252
14281360
14281396
14281741
14282399
14282704
14282752
14282768
14282806
14283073
14283516
14283548
14283637
14283644
14283910
14284774
14284929
14285006
14285560
14285587
14285890
14285934
14285940
14285997
14286264
14286725
14286729
14286771
14311945
14312055
14312453
14312528
14312774
14312952
14312993
14313122
14313151
14313398
14313618
14313785
14313945
14314071
14314191
14314505
14314794
14314869
14315035
14315189
14315899
14316066
14316487
14316866
14316950
14316968
14317291
14317434
14317461
14317709
14318120
14318173
14318701
14318771
14319119
14319189
14319239
14319529
14319616
14319765
14319784
14319928
14319966
14320095
14320104
14320169
14320170
14320323
14320377
14320389
14321322
14321452
14321604
14322035
14322222
14322330
14322459
14322744
14322861
14322988
14343887
14344405
14344539
14347120
14347313
14348107
14368937
14442155
14448648
14452591
14469001
14496690
14503891
14512811
14513999
14514894
14515303
14569975
14570015
14570715
14572637
14574196
14574454
14574913
14575301
14576292
14576551
14576557
14576921
14578986
14617292
14617469
14617700
14618043
14618068
14618264
14618433
14619656
14619772
14619774
14619834
14620007
14620139
14620152
14620932
14621247
14621384
14621428
14621731
14622309
14622368
14622413
14622528
14622753
14622815
14622823
14622969
14623268
14623450
14623513
14623712
14623781
14623899
14623977
14624033
14624508
14624678
14624731
14625564
14625683
14626059
14626395
14626793
14627128
14627340
14627649
14628165
14628763
14629299
14629436
14629620
14630051
14630164
14630407
14630514
14630548
14631541
14631906
14632089
14632135
14632500
14632914
14633055
14633133
14633561
14633715
14633842
14634170
14634337
14634495
14634671
14634859
14635293
14636351
14647437
14647803
14648436
14648558
14649232
14651123
14651622
14652076
14652352
14652829
14653203
14653989
14654666
14654762
14654966
14656074
14701899
14702030
14702123
14702545
14702792
14702799
14702802
14703297
14703424
14703513
14703559
14704081
14704196
14704245
14704685
14705154
14705484
14705945
14706165
14706206
14706286
14706561
14706827
14706832
14707061
14707184
14707458
14707634
14707863
14708025
14708040
14708261
14708272
14708315
14708396
14708642
14708857
14709010
14709168
14709874
14710195
14710241
14710586
14710682
14710746
14710927
14710978
14711657
14712653
14712892
14713244
14713375
14713622
14714372
14714403
14714770
14714864
14715678
14715820
14715995
14716064
14716261
14716305
14716592
14736191
14738705
14746658
14747448
14749696
14752784
14753794
14754670
14773491
14774583
14775043
14775794
14776400
14777024
14777425
14778779
14779678
14780575
14782360
14782656
14782733
14782785
14783687
14784084
14784612
14785478
14785636
14785934
14785999
14786009
14786175
14787271
14787654
14787664
14787811
14787969
14787976
14788428
14788816
14789069
14789480
14789666
14789813
14790668
14790733
14791212
14791610
14791818
14792236
14792496
14792642
14794100
14794246
14794514
14794562
14795990
14796176
14796254
14796724
14796849
14797170
14797452
14798247
14799238
14801001
14801342
14801408
14802456
14803123
14803415
14803744
14803796
14804122
14805819
14806998
14807216
14807536
14897411
14900947
14909478
14910314
14910784
14911360
14911496
14911678
14912220
14912247
14912541
14912543
14912720
14913343
14913541
14913998
14914553
14914617
14915633
14916522
14916648
14916821
14916875
14917237
14917372
14917574
14917866
14917868
14917938
14918067
14918726
14919341
14919448
14919491
14920098
14920310
14920378
14920529
14921421
14921585
14922381
14922447
14922483
14922540
14922935
14923436
14923693
14923733
14924075
14924110
14924392
14924404
14924408
14924415
14924818
14925303
14925445
14926481
14926524
14926896
14927168
14927282
14928521
14928652
14929057
14929263
14929921
14930120
14930234
14930654
14931000
14931223
14931232
14931682
14931922
14931954
14933016
14933227
14933246
14933300
14933556
14933651
14933788
14934118
14934417
14934520
14934712
14935224
14935235
14935311
14935330
14935332
14935867
14936256
14936284
14936524
14936612
14936877
14936950
14937048
14937073
14937703
14937736
14937844
14938150
14938225
14938876
14939777
14941963
14942054
14942375
14942462
14942979
14943842
14944440
14945081
14946026
14946086
14946441
14947094
14947770
14948233
14948466
14949075
14949099
14949656
14949957
14950608
14950691
14951210
14952382
14971597
14971869
14971905
14972020
14972353
14972402
14972772
14973156
14973363
14974314
14975264
14975619
14975919
14976101
14976107
14976115
14976237
14976267
14976317
14976965
14977776
14978430
14978516
14978539
14978560
14978723
14978792
14979099
14979514
14979555
14980089
14980215
14980265
14980379
14980459
14981264
14982366
14982599
14982729
14982738
14982887
14982901
14983122
14983197
14983372
14983616
14983800
14984156
14984186
14984454
14984554
14985434
14985528
14985611
14985897
14986480
14986836
14986862
14986989
14987360
14987430
14987651
14987848
14987859
14987991
14988595
14988827
14989083
14989166
14989238
14997985
14999509
15028281
15031950
15059032
15059628
15060526
15061806
15064301
15066753
15068297
15069114
15070766
15074863
15107778
15108245
15108547
15109138
15109430
15111146
15113274
15114659
15114918
15115146
15117127
15117455
15117697
15117778
15118706
15118742
15118787
15119129
15119429
15119775
15120040
15120177
15120298
15120705
15120847
15121055
15121237
15121603
15121734
15122574
15122707
15123025
15123176
15123310
15123475
15123798
15124137
15124626
15125224
15125748
15126092
15126209
15126664
15127871
15127908
15128186
15128230
15128348
15129213
15129350
15129394
15129733
15129764
15130138
15130419
15130447
15130817
15130856
15130870
15131759
15131809
15185402
15202591
15202835
15203220
15203603
15203820
15204174
15204887
15205654
15205683
15205781
15206372
15207024
15207761
15207818
15207944
15208012
15208172
15208384
15208509
15208524
15208734
15209097
15209241
15209426
15209675
15210017
15210351
15210878
15211436
15211794
15212193
15212949
15213241
15213642
15213769
15214155
15214161
15214778
15215796
15215837
15215908
15216641
15217230
15218018
15218111
15236809
15237217
15237551
15238672
15239316
15241664
15241684
15241791
15242328
15243127
15243239
15246928
15248107
15248507
15249313
15249341
15250904
15252244
15313599
15316586
15320473
15321027
15321956
15340139
15343917
15344662
15345547
15346473
15346786
15347894
15348294
15350291
15413368
15420909
15421111
15422517
15423104
15424138
15427453
15427576
15427702
15428471
15428511
15429084
15429530
15430293
15431221
15431532
15432933
15432984
15433222
15433820
15434776
15435009
15435533
15436425
15436726
15437273
15438085
15438624
15438699
15439205
15444366
15449559
15456101
15456153
15456506
15456941
15457513
15458271
15458797
15459572
15459833
15459882
15460083
15461397
15461565
15462201
15462273
15462324
15462420
15462547
15462931
15464608
15465267
15466545
15466587
15467148
15467754
15468499
15468609
15468713
15468903
15468980
15469513
15469748
15514625
15514925
15518810
15519018
15519269
15520002
15521769
15522662
15522868
15526848
15527697
15528074
15579469
15579788
15580127
15580225
15580440
15580793
15581070
15581750
15581806
15582565
15582805
15582867
15582910
15583410
15584052
15584079
15584144
15584386
15584391
15584706
15584708
15584776
15585685
15585987
15586307
15586319
15586520
15586662
15586914
15586995
15588299
15588754
15589175
15589328
15589593
15589740
15589850
15590152
15591487
15592271
15592483
15593471
15594266
15594419
15595283
15596003
15598021
15598472
15601958
15654113
15654230
15654532
15654763
15655763
15655931
15655962
15656322
15656728
15657091
15657099
15657133
15657555
15657584
15657650
15657836
15659401
15659726
15659735
15660118
15660545
15660594
15662121
15662837
15664008
15664355
15665407
15665632
15666081
15666185
15666262
15666314
15667073
15667085
15667270
15667370
15667424
15667918
15668398
15669469
15669656
15669947
15670339
15670350
15670477
15670655
15670707
15670862
15671113
15671135
15671142
15671552
15671568
15671578
15671751
15671781
15672177
15672587
15672656
15672990
15673132
15673290
15673633
15673696
15673807
15674492
15675623
15675894
15676892
15677162
15677590
15677705
15678403
15678492
15678550
15678646
15679290
15698915
15700714
15700788
15701899
15702648
15706748
15707487
15708404
15708423
15710710
15747302
15748147
15748148
15748810
15749556
15749707
15750851
15751465
15751963
15753302
15753736
15753850
15754207
15755681
15760189
15762062
15764324
15764682
15765032
15853296
15853458
15853945
15854138
15854990
15855521
15856014
15856598
15857004
15857158
15857219
15857302
15857736
15858209
15858763
15858779
15858930
15858941
15860398
15860783
15861247
15861522
15861547
15862227
15862530
15907195
15908306
15910056
15932183
15944613
15944805
15944864
15945042
15945342
15945439
15945477
15945738
15945747
15946570
15946624
15947040
15947656
15947908
15948200
15948399
15948586
15948933
15949751
15951001
15951337
15951670
15952550
15952836
15953455
15953828
15954174
15954423
15954564
15954767
15954859
15956215
15956364
15957251
15957268
15957546
15958022
15958165
15958217
15958944
15959436
15959642
15960010
15960943
15961052
15961111
16013044
16040263
16040699
16040770
16041547
16043019
16045436
16045681
16045703
16046393
16046805
16047492
16049592
16049913
16050916
16051148
16051659
16052474
16052686
16053075
16053139
16053809
16053891
16054208
16054466
16054624
16054695
16055173
16055316
16055990
16056387
16056445
16056674
16056941
16056960
16057945
16058096
16058135
16058297
16058850
16058877
16058879
16058967
16059034
16059747
16059964
16060222
16060654
16060670
16060888
16060966
16061008
16061358
16061468
16061565
16061621
16062124
16062279
16062768
16062936
16063040
16063195
16063289
16063553
16063815
16063816
16063932
16064463
16064793
16065065
16065226
16065400
16065420
16151022
16219085
16219245
16219276
16220034
16220082
16220184
16220219
16220622
16220638
16220818
16220838
16221235
16221449
16221775
16221803
16221985
16222160
16222563
16222586
16222715
16222987
16223203
16224190
16224360
16224361
16224534
16224570
16224752
16224937
16225096
16225156
16225175
16225324
16226173
16226241
16226388
16226395
16226568
16226893
16226955
16227022
16227341
16227427
16227761
16227907
16228572
16230637
16232131
16232303
16232479
16232806
16232874
16233073
16233158
16233226
16233259
16241772
16302404
16303457
16303743
16303796
16304070
16304287
16304461
16304741
16304970
16305257
16305465
16305509
16305714
16305970
16306123
16306384
16306477
16306576
16306833
16306857
16307279
16307387
16307508
16307764
16308653
16309297
16309350
16309373
16309469
16309791
16309981
16310203
16310413
16310742
16310820
16310977
16311242
16311763
16312246
16312558
16312747
16312892
16313037
16313113
16313637
16314374
16330922
16336267
16337209
16337274
16337673
16337828
16338255
16338803
16340401
16340670
16340672
16341215
16341861
16388614
16388632
16390391
16396071
16396586
16399100
16399721
16400107
16400546
16400994
16401267
16402100
16402879
16402948
16403394
16403400
16404459
16404681
16404694
16404933
16405192
16405752
16405814
16406013
16406085
16406395
16406422
16406825
16406953
16407068
16407885
16409321
16409864
16410146
16410671
16410986
16411059
16411116
16411220
16411400
16411683
16411989
16412087
16447389
16448074
16450630
16453426
16455442
16457114
16457299
16458114
16459486
16460716
16461665
16465055
16466100
16466589
16466971
16467218
16471198
16471298
16472145
16472150
16472257
16473670
16473928
16474959
16475380
16475791
16475913
16476062
16476992
16477109
16477554
16477580
16477921
16478777
16479665
16481291
16575657
16577048
16577916
16579382
16580060
16582104
16582193
16583331
16583610
16584382
16584704
16585928
16586669
16586803
16587552
16589761
16592718
16594440
16596819
16606404
16609386
16612906
16644533
16644830
16645040
16645333
16646354
16646407
16646552
16646616
16647248
16647401
16647553
16647768
16648229
16648324
16648512
16649107
16649233
16649273
16649688
16649764
16649832
16650343
16650911
16651858
16652028
16652047
16652089
16652202
16652432
16652543
16652589
16653711
16654434
16655220
16655354
16655385
16655405
16655498
16655587
16655868
16655920
16655988
16656208
16656896
16656952
16657041
16657296
16657416
16657734
16657750
16658016
16658061
16658195
16658337
16658350
16658854
16658964
16659080
16659281
16659476
16659672
16659687
16659710
16659949
16660218
16660730
16660773
16660793
16660902
16660992
16661025
16661750
16661797
16662103
16662443
16663289
16663361
16663400
16663413
16663763
16664053
16664596
16664666
16664808
16665009
16665155
16665636
16666043
16667251
16667807
16667856
16668169
16668638
16668976
16669308
16669510
16669544
16669710
16669933
16671272
16671652
16671686
16671757
16688713
16780888
16912103
16912746
16913569
16913596
16913603
16913851
16913984
16914043
16914406
16914511
16914618
16915369
16915559
16916222
16916489
16917039
16917069
16917119
16917155
16917341
16917865
16918162
16918181
16918240
16918396
16918447
16918468
16918768
16919027
16919323
16919360
16919394
16919541
16919737
16919778
16919790
16919979
16920023
16920466
16920937
16921275
16922032
16922040
16922205
16922515
16922739
16923077
16923700
16923728
16924041
16924424
16924485
16987492
16988196
16988228
16988316
16988348
16989093
16989789
16989841
16990300
16990436
16990661
16992090
16992447
16992514
16992652
16992813
16993061
16993221
16993458
16993490
16993586
16993635
16994156
16994179
16994397
16994680
16994886
16994902
16995516
16996363
16996387
16996633
16997817
16997916
16997940
16998101
16998420
16999027
16999259
16999430
16999981
17000020
17000146
17000416
17000679
17000729
17000833
17001311
17001413
17002269
17002710
17021592
17028899
17175400
17176412
17181762
17187982
17188908
17212109
17216996
17219141
17220665
17279760
17282876
17289980
17346545
17346988
17347380
17347883
17348062
17348218
17348964
17349011
17349412
17350176
17350290
17351234
17351279
17351514
17351691
17351969
17352175
17354318
17354928
17356124
17356557
17357633
17357919
17358185
17358355
17387047
17387182
17387484
17387622
17387752
17388367
17389675
17390102
17390227
17390261
17390332
17390535
17390770
17390861
17391839
17392572
17393093
17393485
17393606
17393634
17393753
17393867
17394401
17394814
17394914
17395422
17395459
17395583
17395995
17396080
17396099
17396591
17396723
17397183
17397822
17398159
17398656
17399150
17399987
17400450
17400522
17400968
17401173
17401241
17401307
17401473
17402374
17402903
17403075
17403124
17404035
17404160
17404649
17404819
17405299
17405416
17405706
17406166
17406472
17406919
17408223
17408294
17408312
17408655
17408874
17409118
17409253
17409584
17410331
17410505
17410732
17410888
17411097
17411517
17411518
17411527
17412441
17412770
17413043
17413426
17413437
17413442
17414265
17414314
17415523
17415666
17416667
17417218
17417361
17417569
17418433
17418444
17419003
17419181
17420438
17420638
17420794
17420873
17420915
17422730
17424431
17424635
17424771
17426776
17428210
17428735
17429715
17431468
17432786
17433417
17434470
17439879
17440476
17443736
17444435
17446842
17447677
17447869
17448116
17475521
17476248
17477183
17477574
17477723
17477798
17477818
17477846
17477890
17477896
17477919
17478522
17478616
17478617
17478916
17479019
17479052
17479533
17479569
17479597
17479623
17479634
17480045
17480070
17480290
17480616
17480662
17480712
17480962
17481019
17481073
17481311
17481474
17481509
17482053
17482174
17482273
17482487
17482555
17483243
17483527
17483795
17484040
17484192
17484685
17485005
17485169
17485764
17485785
17485832
17485869
17485945
17485978
17486273
17486430
17486464
17486640
17486760
17487642
17488133
17488270
17488319
17630240
17631687
17637797
17638506
17640707
17640820
17640926
17641578
17641700
17642260
17642327
17642791
17642946
17643377
17643383
17643948
17644100
17645573
17646344
17646436
17646694
17647559
17647937
17648194
17648945
17649204
17649888
17650280
17650961
17651028
17651029
17651233
17651902
17652124
17652223
17652342
17652896
17652913
17654891
17655184
17655327
17656693
17657182
17657514
17657638
17658098
17658299
17658344
17690167
17690651
17690769
17690881
17691358
17691515
17691809
17692122
17692638
17692688
17692839
17693179
17693382
17693383
17694255
17694345
17694647
17694659
17694668
17694786
17695050
17695492
17695533
17695816
17696193
17696374
17696411
17696474
17696822
17697662
17698317
17699383
17699432
17699542
17699740
17699987
17700568
17700784
17700808
17700911
17701254
17701575
17701615
17701840
17701945
17702067
17702156
17702426
17702437
17702449
17702479
17702501
17702558
17702651
17702830
17758670
17758945
17760020
17761843
17762800
17763580
17763916
17764355
17764798
17764840
17765105
17765422
17765590
17767166
17768327
17768504
17769079
17769126
17781686
17781776
17781854
17782699
17782786
17782827
17783128
17783228
17783333
17783511
17783781
17784027
17784220
17784377
17785199
17785225
17785610
17785711
17785714
17785934
17786015
17786144
17786800
17786895
17786912
17787663
17787772
17788569
17788582
17789977
17790220
17791326
17791406
17791945
17792007
17792941
17792992
17793146
17793603
17793755
17794914
17795918
17796361
17796681
17797385
17797675
17797905
17800052
17800146
17800676
17801151
17802313
17802373
17802996
17803058
17803307
17805430
17805483
17805989
17806365
17806895
17807096
17808540
17808698
17810036
17810646
17810957
17811507
17811943
17812817
17813008
17814282
17814487
17815163
17815274
17815821
17815823
17815845
17815922
17816281
17816841
17818220
17818686
17819480
17819536
17819756
17819967
17820485
17820623
17820679
17820827
17821212
17821237
17821669
17822332
17822551
17822803
17822939
17822977
17823076
17823482
17823703
17823773
17823854
17824078
17824308
17824728
17824746
17826340
17826486
17826562
17826563
17826751
17827423
17827530
17827721
17827832
17828637
17828998
17829203
17829571
17829914
17830179
17830340
17830499
17830646
17831994
17832170
17832297
17834147
17834692
17834918
17835177
17835677
17836478
17836501
17837199
17837932
17838342
17838626
17838748
17839113
17839428
17839854
17840386
17840689
17841118
17841231
17841408
17841409
17841708
17841962
17842609
17843204
17845908
17847039
17848531
17849413
17859143
17859220
17864686
17868743
17868859
17874124
17875744
17878984
17879184
17879935
17883803
17887030
17887957
17888680
17889208
17889232
17899292
17908866
17909061
17909901
17910879
17911070
17911236
17911556
17911616
17912183
17912444
17912890
17914668
17915575
17915630
17915831
17915927
17916004
17916110
17916394
17916510
17916953
17917131
17918032
17918243
17918521
17918720
17919546
17919748
17919794
17920935
17921379
17922681
17923064
17923321
17923622
17925000
17926833
17927377
17927625
17928652
17929246
17929602
17929630
17929649
17929761
17930038
17930282
17930407
17930702
17931175
17931763
17933039
17933413
17933513
17933564
17934382
17934832
17934867
17934891
17934964
17935134
17935161
17935241
17935283
17935563
17935731
17936427
17937153
17937465
17937719
17938635
17938825
17939035
17939507
17939530
17939630
17940025
17940055
17940065
17941742
17941802
17942020
17942036
17942729
17942830
17942891
17943115
17943993
17944044
17944204
17944317
17945056
17945510
17945525
17945709
17945767
17946131
17947136
17947336
17947472
17947609
17966755
17967307
17967553
17967916
17968553
17968997
17969029
17969156
17969296
17969533
17969538
17969954
17970706
17970836
17971128
17971359
17971613
17971826
17971961
17972107
17972117
17972737
17972777
17973597
17973799
17973923
17974747
17974962
17975229
17975389
17975425
17976889
17977911
17978099
17978335
17979365
17979374
17979931
17980196
17981058
17981066
17981164
17981314
17981387
17981607
17981953
17982095
17982150
17983029
17983150
17983337
17983443
17983802
17983937
17985133
17986167
17986581
17986617
17986991
17987149
17988399
17988658
17989436
17989869
17990137
17990267
17991579
17993153
17993460
17995176
17995692
17998005
18000685
18000739
18001584
18001880
18002001
18002297
18002591
18002713
18003427
18003702
18003713
18003870
18003936
18004565
18004825
18004924
18005065
18005693
18005717
18005871
18005890
18005915
18005972
18006147
18006714
18007445
18007765
18008431
18008483
18008584
18008650
18008681
18008729
18009618
18009723
18009851
18009944
18010033
18010202
18010593
18010862
18011034
18011052
18011431
18012664
18013426
18013981
18014305
18014616
18014641
18015490
18015903
18016196
18016440
18016759
18017101
18017181
18017206
18017520
18018088
18022912
18023705
18025172
18029143
18029440
18041467
18074063
18078488
18079834
18082633
18084000
18085577
18117483
18138326
18138648
18138677
18138769
18138821
18139092
18139651
18140220
18140364
18140489
18140665
18140749
18140792
18140905
18141235
18141435
18141438
18142075
18142214
18142669
18142678
18143243
18143670
18143696
18143925
18144032
18144058
18144400
18145604
18145612
18145762
18146452
18147379
18148270
18148359
18148386
18148468
18148698
18148868
18148898
18148906
18149161
18149230
18149455
18149655
18149845
18151156
18151382
18151608
18152383
18152440
18152990
18153652
18154346
18154615
18154627
18154794
18154816
18154965
18155331
18155931
18156180
18156427
18156684
18186722
18186988
18187260
18187509
18187671
18187847
18187920
18188236
18188336
18188661
18188971
18189450
18189746
18189816
18190382
18190525
18191172
18191262
18191553
18191814
18192242
18192380
18192397
18193091
18193173
18194460
18194529
18194792
18196395
18196771
18196818
18197348
18198687
18198922
18199651
18199657
18199827
18200449
18200812
18200869
18200896
18200966
18201146
18201507
18201533
18201559
18203046
18203111
18203336
18203525
18278615
18283852
18294019
18314592
18314674
18315452
18316264
18316687
18317012
18317483
18318146
18318360
18319156
18319723
18319769
18320159
18321330
18321364
18321914
18322036
18322138
18323203
18324132
18325144
18325687
18326446
18326613
18381567
18382502
18385748
18387509
18388761
18390081
18408137
18408710
18408858
18409596
18412179
18413015
18413908
18414319
18415092
18415122
18417003
18418442
18419908
18420250
18549479
18552473
18554117
18555116
18556387
18556825
18558285
18559573
18560812
18565512
18566086
18566217
18567483
18567666
18567777
18568153
18568565
18568567
18568971
18570890
18571305
18571314
18571790
18572935
18573930
18574043
18574067
18574893
18575153
18575176
18575376
18576232
18576676
18577968
18578096
18578847
18579388
18579424
18579878
18580110
18580310
18580464
18581025
18581458
18581591
18581612
18582074
18582178
18582650
18582690
18583360
18583786
18584302
